0 0.000000 25421.833984 26974.785156
1 0.007000 24284.322266 26974.785156
2 0.013000 24284.322266 29095.220703
3 0.020000 23857.908203 28853.035156
4 0.027000 23771.949219 28317.882813
5 0.034000 23157.328125 27857.380859
6 0.040000 22897.402344 27721.544922
7 0.045000 22653.449219 28126.302734
8 0.051000 22653.449219 29867.585938
9 0.057000 22553.072266 30318.832031
10 0.064000 22296.408203 30318.175781
11 0.072000 22158.597656 32899.375000
12 0.080000 22158.597656 32181.437500
13 0.086000 22158.597656 32070.255859
14 0.095000 22158.597656 31927.976563
15 0.103000 22041.757813 32773.875000
16 0.110000 22041.757813 32940.628906
17 0.116000 22041.757813 32358.009766
18 0.122000 22041.757813 32930.394531
19 0.129000 22041.757813 32794.921875
20 0.137000 21957.255859 32851.781250
21 0.144000 21957.255859 33680.921875
22 0.152000 21841.806641 32838.863281
23 0.158000 21841.806641 31804.626953
24 0.166000 21841.806641 32816.929688
25 0.171000 21841.806641 32412.664063
26 0.178000 21841.806641 32580.832031
27 0.184000 21841.806641 32094.904297
28 0.190000 21841.806641 34015.734375
29 0.198000 21841.806641 33030.925781
30 0.205000 21841.806641 32856.015625
31 0.213000 21841.806641 32479.664063
32 0.219000 21841.806641 32864.609375
33 0.229000 21841.806641 32756.943359
34 0.235000 21841.806641 33068.292969
35 0.242000 21841.806641 33254.738281
36 0.250000 21841.806641 33647.781250
37 0.256000 21841.806641 33038.949219
38 0.264000 21841.806641 33758.148438
39 0.270000 21841.806641 33833.144531
40 0.277000 21841.806641 33758.355469
41 0.284000 21841.806641 32887.156250
42 0.291000 21841.806641 32706.404297
43 0.298000 21665.833984 32805.332031
44 0.305000 21665.833984 33248.031250
45 0.312000 21665.833984 33217.203125
46 0.318000 21665.833984 33112.203125
47 0.324000 21665.833984 33018.593750
48 0.332000 21665.833984 33314.808594
49 0.338000 21665.833984 32977.386719
50 0.346000 21665.833984 33511.429688
51 0.353000 21665.833984 32796.515625
52 0.360000 21665.833984 32915.531250
53 0.368000 21665.833984 33481.019531
54 0.374000 21665.833984 34108.742188
55 0.381000 21665.833984 34522.613281
56 0.386000 21665.833984 34552.324219
57 0.394000 21665.833984 34156.734375
58 0.400000 21665.833984 34597.160156
59 0.406000 21665.833984 34475.476563
60 0.414000 21665.833984 34128.972656
61 0.421000 21665.833984 34721.476563
62 0.428000 21665.833984 34614.593750
63 0.435000 21665.833984 34864.101563
64 0.441000 21665.833984 33631.832031
65 0.446000 21665.833984 33643.921875
66 0.452000 21665.833984 34263.796875
67 0.458000 21665.833984 34210.449219
68 0.466000 21665.833984 34514.578125
69 0.472000 21665.833984 34324.113281
70 0.479000 21665.833984 33823.800781
71 0.486000 21665.833984 34125.300781
72 0.491000 21665.833984 33383.988281
73 0.502000 21665.833984 34232.542969
74 0.509000 21665.833984 34462.941406
75 0.517000 21665.833984 34459.171875
76 0.523000 21665.833984 34794.972656
77 0.533000 21665.833984 35349.953125
78 0.540000 21665.833984 34840.074219
79 0.550000 21665.833984 35418.296875
80 0.557000 21665.833984 34182.226563
81 0.565000 21665.833984 34364.855469
82 0.571000 21665.833984 34777.757813
83 0.580000 21665.833984 34670.875000
84 0.586000 21665.833984 34500.039063
85 0.595000 21665.833984 33924.703125
86 0.601000 21665.833984 33870.828125
87 0.608000 21665.833984 33422.261719
88 0.617000 21665.833984 34664.117188
89 0.623000 21665.833984 35306.617188
90 0.634000 21665.833984 35102.460938
91 0.641000 21665.833984 35587.664063
92 0.648000 21665.833984 36220.300781
93 0.655000 21665.833984 36026.648438
94 0.664000 21665.833984 36872.238281
95 0.671000 21665.833984 35630.218750
96 0.678000 21665.833984 34773.382813
97 0.684000 21665.833984 34726.324219
98 0.690000 21665.833984 35035.960938
99 0.697000 21665.833984 35438.210938
100 0.703000 21665.833984 34737.238281
101 0.710000 21665.833984 33616.261719
102 0.717000 21665.833984 33012.210938
103 0.723000 21665.833984 34020.996094
104 0.729000 21665.833984 35383.128906
105 0.736000 21665.833984 35319.734375
106 0.745000 21665.833984 35569.425781
107 0.753000 21665.833984 35038.605469
108 0.760000 21665.833984 34992.710938
109 0.768000 21665.833984 35310.562500
110 0.774000 21665.833984 36061.328125
111 0.782000 21665.833984 36099.156250
112 0.788000 21665.833984 36231.011719
113 0.798000 21665.833984 36991.718750
114 0.804000 21665.833984 37485.082031
115 0.810000 21665.833984 36860.058594
116 0.817000 21665.833984 36149.175781
117 0.824000 21665.833984 35985.324219
118 0.832000 21665.833984 36493.339844
119 0.838000 21665.833984 35995.378906
120 0.846000 21665.833984 36652.601563
121 0.853000 21665.833984 36305.597656
122 0.860000 21665.833984 35864.691406
123 0.867000 21665.833984 35888.343750
124 0.872000 21665.833984 36644.710938
125 0.879000 21665.833984 36631.601563
126 0.886000 21665.833984 36482.414063
127 0.893000 21665.833984 36594.589844
128 0.900000 21665.833984 35720.234375
129 0.906000 21665.833984 36214.984375
130 0.915000 21665.833984 36553.843750
131 0.922000 21665.833984 35020.898438
132 0.929000 21665.833984 34833.128906
133 0.935000 21665.833984 34722.488281
134 0.947000 21665.833984 34961.066406
135 0.956000 21665.833984 34909.371094
136 0.968000 21665.833984 35017.792969
137 0.975000 21665.833984 34781.921875
138 0.982000 21665.833984 34381.574219
139 0.989000 21665.833984 34440.734375
140 0.998000 21665.833984 34727.304688
141 1.006000 21665.833984 34613.074219
142 1.014000 21665.833984 33696.996094
143 1.021000 21665.833984 34327.882813
