0 0.000000 45718.808594 47241.460938
1 0.196000 43672.082031 47241.460938
2 0.414000 43230.773438 57128.023438
3 0.654000 42486.871094 59677.335938
4 0.854000 42008.867188 62707.089844
5 1.089000 41987.796875 67484.398438
6 1.320000 41961.542969 67236.398438
7 1.531000 41793.261719 66520.546875
8 1.714000 41377.273438 68461.281250
9 1.917000 41031.863281 71194.023438
10 2.112000 41031.863281 79907.312500
11 2.289000 41019.988281 81874.382813
12 2.486000 40896.484375 84975.468750
13 2.689000 40433.089844 78708.046875
14 2.891000 40433.089844 81066.625000
15 3.095000 40417.085938 83680.382813
16 3.290000 40403.980469 80673.671875
17 3.501000 40323.945313 82775.093750
18 3.702000 40070.636719 81016.734375
19 3.914000 40026.656250 79679.906250
20 4.100000 39855.808594 77350.679688
21 4.300000 39855.808594 76352.523438
22 4.489000 39855.808594 79768.312500
23 4.686000 39855.808594 78423.539063
24 4.875000 39855.808594 83908.726563
25 5.076000 39855.808594 82523.781250
26 5.296000 39855.808594 79451.078125
27 5.528000 39855.808594 81191.000000
28 5.741000 39855.808594 83486.257813
29 5.914000 39855.808594 84014.078125
30 6.117000 39855.808594 87926.507813
31 6.306000 39855.808594 84667.070313
32 6.508000 39855.808594 87319.468750
33 6.688000 39855.808594 83300.523438
34 6.873000 39855.808594 81059.031250
35 7.071000 39855.808594 86410.179688
36 7.270000 39785.773438 84599.382813
37 7.446000 39785.773438 82863.414063
38 7.645000 39741.667969 80641.437500
39 7.852000 39646.984375 82551.960938
40 8.064000 39646.984375 80091.757813
41 8.283000 39646.984375 79384.437500
42 8.486000 39646.984375 78463.796875
43 8.675000 39646.984375 84313.148438
44 8.879000 39646.984375 82235.968750
45 9.065000 39646.984375 82939.882813
46 9.265000 39646.984375 82948.101563
47 9.457000 39646.984375 87198.039063
48 9.643000 39646.984375 86150.218750
49 9.825000 39646.984375 88499.742188
50 10.015000 39646.984375 91646.156250
51 10.201000 39646.984375 95424.117188
52 10.390000 39646.984375 97059.007813
53 10.596000 39646.984375 94419.257813
54 10.773000 39646.984375 91752.460938
55 10.981000 39646.984375 93825.328125
56 11.156000 39646.984375 90984.687500
57 11.341000 39646.984375 91938.640625
58 11.535000 39646.984375 90917.226563
59 11.751000 39646.984375 86125.031250
60 11.958000 39646.984375 93044.296875
61 12.160000 39646.984375 92290.406250
62 12.370000 39646.984375 91428.828125
63 12.575000 39646.984375 89596.679688
64 12.780000 39646.984375 91916.562500
65 12.991000 39646.984375 88631.398438
66 13.186000 39646.984375 88576.523438
67 13.374000 39646.984375 88091.867188
68 13.585000 39646.984375 86974.171875
69 13.769000 39646.984375 90906.031250
70 13.983000 39646.984375 90004.351563
71 14.192000 39646.984375 87695.796875
72 14.374000 39646.984375 85873.007813
73 14.565000 39646.984375 86651.000000
74 14.754000 39646.984375 85000.937500
75 14.942000 39646.984375 86799.382813
76 15.147000 39646.984375 85006.382813
77 15.342000 39646.984375 84653.093750
78 15.542000 39646.984375 90662.679688
79 15.752000 39646.984375 86661.531250
80 15.963000 39646.984375 89269.890625
81 16.165000 39646.984375 86424.882813
82 16.369000 39646.984375 88218.781250
83 16.559000 39646.984375 86791.070313
84 16.735000 39646.984375 93933.789063
85 16.925000 39646.984375 92767.710938
86 17.105000 39646.984375 91585.218750
87 17.313000 39646.984375 93071.312500
88 17.518000 39646.984375 93667.476563
89 17.732000 39646.984375 96006.171875
90 17.940000 39646.984375 97072.281250
91 18.141000 39646.984375 90529.140625
92 18.336000 39646.984375 90272.703125
93 18.574000 39646.984375 88055.046875
94 18.768000 39646.984375 92471.500000
95 18.966000 39646.984375 93724.078125
96 19.161000 39646.984375 94619.890625
97 19.363000 39646.984375 92493.921875
98 19.543000 39646.984375 90364.367188
99 19.739000 39646.984375 93302.601563
100 19.939000 39646.984375 94303.179688
101 20.158000 39646.984375 94996.632813
102 20.361000 39646.984375 96586.843750
103 20.564000 39646.984375 97391.679688
104 20.745000 39646.984375 93245.523438
105 20.926000 39646.984375 94901.890625
106 21.120000 39646.984375 93025.226563
107 21.317000 39646.984375 96100.367188
108 21.515000 39646.984375 91285.632813
109 21.711000 39646.984375 95292.570313
110 21.923000 39646.984375 90738.382813
111 22.114000 39646.984375 91024.070313
112 22.308000 39646.984375 91287.976563
113 22.500000 39646.984375 89454.531250
114 22.690000 39646.984375 94725.757813
115 22.900000 39646.984375 97453.289063
116 23.104000 39646.984375 91627.242188
117 23.309000 39646.984375 91815.093750
118 23.509000 39646.984375 92192.937500
119 23.721000 39646.984375 91742.507813
120 23.899000 39646.984375 89263.750000
121 24.105000 39646.984375 90200.039063
122 24.280000 39646.984375 89734.148438
123 24.486000 39646.984375 93640.507813
124 24.659000 39646.984375 89071.976563
125 24.849000 39646.984375 89727.507813
126 25.048000 39646.984375 90654.937500
127 25.261000 39646.984375 89436.078125
128 25.444000 39646.984375 89711.578125
129 25.617000 39646.984375 87486.109375
130 25.813000 39646.984375 87464.976563
131 25.983000 39646.984375 88736.179688
132 26.178000 39646.984375 88698.812500
133 26.362000 39646.984375 92710.031250
134 26.559000 39646.984375 94741.710938
135 26.763000 39646.984375 96258.562500
136 26.964000 39646.984375 96876.031250
137 27.148000 39646.984375 97113.296875
138 27.350000 39646.984375 101087.179688
139 27.544000 39646.984375 102681.843750
