0 0.000000 25526.927734 27173.876953
1 0.008000 24189.148438 27173.876953
2 0.018000 23743.445313 26638.537109
3 0.025000 23743.445313 26208.277344
4 0.031000 23743.445313 25881.126953
5 0.038000 23723.306641 25611.609375
6 0.046000 23298.855469 25408.732422
7 0.052000 23298.855469 25163.908203
8 0.063000 22778.048828 24986.777344
9 0.069000 22626.298828 24765.519531
10 0.076000 22432.669922 24583.556641
11 0.082000 22290.080078 24448.181641
12 0.088000 22290.080078 24344.283203
13 0.094000 22290.080078 24204.357422
14 0.101000 22260.152344 24081.267578
15 0.110000 22189.701172 23964.773438
16 0.118000 21861.441406 23870.140625
17 0.122000 21861.441406 23790.898438
18 0.129000 21861.441406 23690.714844
19 0.135000 21861.441406 23608.455078
20 0.142000 21861.441406 23540.171875
21 0.147000 21800.246094 23495.564453
22 0.156000 21800.246094 23409.542969
23 0.163000 21800.246094 23334.738281
24 0.169000 21674.597656 23284.623047
25 0.175000 21674.597656 23201.382813
26 0.184000 21674.597656 23157.294922
27 0.193000 21674.597656 23117.310547
28 0.199000 21674.597656 23088.027344
29 0.208000 21554.378906 23053.017578
30 0.215000 21554.378906 23010.505859
31 0.221000 21554.378906 22978.693359
32 0.227000 21554.378906 22930.152344
33 0.233000 21554.378906 22904.314453
34 0.242000 21554.378906 22878.357422
35 0.248000 21554.378906 22868.017578
36 0.259000 21554.378906 22851.474609
37 0.266000 21554.378906 22835.320313
38 0.273000 21554.378906 22820.945313
39 0.279000 21554.378906 22791.044922
40 0.285000 21554.378906 22772.568359
41 0.295000 21554.378906 22757.898438
42 0.301000 21554.378906 22727.125000
43 0.307000 21554.378906 22719.039063
44 0.314000 21554.378906 22683.750000
45 0.322000 21554.378906 22670.642578
46 0.328000 21554.378906 22659.730469
47 0.334000 21554.378906 22633.375000
48 0.344000 21554.378906 22622.617188
49 0.350000 21554.378906 22606.498047
50 0.357000 21554.378906 22588.158203
51 0.362000 21554.378906 22579.726563
52 0.368000 21554.378906 22570.078125
53 0.376000 21554.378906 22567.494141
54 0.383000 21554.378906 22551.556641
55 0.390000 21554.378906 22536.126953
56 0.396000 21554.378906 22525.726563
57 0.402000 21554.378906 22514.880859
58 0.408000 21554.378906 22509.595703
59 0.414000 21554.378906 22500.509766
60 0.421000 21554.378906 22497.777344
61 0.429000 21554.378906 22489.255859
62 0.435000 21554.378906 22486.320313
63 0.445000 21554.378906 22476.992188
64 0.451000 21554.378906 22473.873047
65 0.457000 21554.378906 22467.216797
66 0.463000 21554.378906 22464.689453
67 0.470000 21554.378906 22458.554688
68 0.478000 21554.378906 22457.796875
69 0.484000 21554.378906 22446.634766
70 0.490000 21554.378906 22440.953125
71 0.496000 21554.378906 22431.269531
72 0.502000 21554.378906 22428.501953
73 0.510000 21554.378906 22423.757813
74 0.516000 21554.378906 22414.857422
75 0.526000 21554.378906 22408.884766
76 0.533000 21554.378906 22406.464844
77 0.541000 21554.378906 22404.892578
78 0.547000 21554.378906 22401.199219
79 0.558000 21554.378906 22397.529297
80 0.565000 21554.378906 22397.261719
81 0.577000 21554.378906 22394.994141
82 0.585000 21554.378906 22393.365234
83 0.592000 21554.378906 22386.966797
84 0.598000 21554.378906 22385.328125
85 0.610000 21554.378906 22374.384766
86 0.616000 21554.378906 22373.945313
87 0.628000 21554.378906 22372.931641
88 0.634000 21554.378906 22366.675781
89 0.642000 21554.378906 22357.097656
90 0.648000 21554.378906 22357.097656
91 0.657000 21554.378906 22354.542969
92 0.663000 21554.378906 22346.500000
93 0.672000 21554.378906 22345.824219
94 0.679000 21554.378906 22342.068359
95 0.684000 21554.378906 22340.912109
96 0.693000 21554.378906 22335.542969
97 0.698000 21554.378906 22330.609375
98 0.705000 21554.378906 22330.609375
99 0.711000 21554.378906 22326.359375
100 0.717000 21554.378906 22318.511719
101 0.727000 21554.378906 22318.289063
102 0.733000 21554.378906 22311.787109
103 0.739000 21554.378906 22306.910156
104 0.745000 21554.378906 22297.289063
105 0.751000 21554.378906 22295.472656
106 0.760000 21554.378906 22295.427734
107 0.766000 21554.378906 22294.814453
108 0.777000 21554.378906 22283.556641
109 0.783000 21554.378906 22281.175781
110 0.790000 21554.378906 22274.855469
111 0.797000 21554.378906 22274.841797
112 0.803000 21554.378906 22271.699219
113 0.810000 21554.378906 22268.773438
114 0.816000 21554.378906 22267.494141
115 0.822000 21554.378906 22265.171875
116 0.829000 21554.378906 22264.000000
117 0.836000 21554.378906 22261.304688
118 0.844000 21554.378906 22260.601563
119 0.850000 21554.378906 22254.630859
120 0.858000 21554.378906 22254.349609
121 0.864000 21554.378906 22254.349609
122 0.869000 21554.378906 22248.632813
123 0.880000 21554.378906 22248.597656
124 0.886000 21554.378906 22248.339844
125 0.893000 21554.378906 22243.273438
126 0.899000 21554.378906 22243.273438
127 0.909000 21554.378906 22239.035156
128 0.915000 21554.378906 22238.992188
129 0.930000 21554.378906 22238.351563
130 0.937000 21554.378906 22221.455078
131 0.944000 21554.378906 22221.457031
132 0.957000 21554.378906 22218.373047
133 0.963000 21554.378906 22218.373047
134 0.974000 21554.378906 22215.123047
135 0.980000 21554.378906 22212.466797
136 0.989000 21554.378906 22212.466797
137 0.995000 21554.378906 22212.087891
138 1.001000 21554.378906 22209.898438
139 1.008000 21554.378906 22209.898438
140 1.015000 21554.378906 22209.898438
141 1.024000 21554.378906 22206.037109
142 1.030000 21554.378906 22206.037109
143 1.037000 21554.378906 22206.037109
144 1.044000 21554.378906 22206.037109
145 1.052000 21554.378906 22206.037109
146 1.063000 21554.378906 22204.976563
147 1.069000 21554.378906 22199.097656
148 1.084000 21554.378906 22199.097656
149 1.092000 21554.378906 22199.097656
150 1.100000 21554.378906 22198.410156
151 1.111000 21554.378906 22197.595703
152 1.119000 21554.378906 22197.550781
153 1.127000 21554.378906 22193.341797
154 1.133000 21554.378906 22193.195313
155 1.142000 21554.378906 22193.195313
156 1.149000 21554.378906 22193.195313
157 1.155000 21554.378906 22193.195313
158 1.165000 21554.378906 22192.748047
159 1.178000 21554.378906 22189.429688
160 1.185000 21554.378906 22189.427734
161 1.193000 21554.378906 22187.250000
162 1.199000 21554.378906 22187.089844
163 1.213000 21554.378906 22187.060547
164 1.218000 21554.378906 22185.910156
165 1.232000 21554.378906 22180.597656
166 1.239000 21539.158203 22178.460938
167 1.246000 21539.158203 22167.794922
168 1.252000 21539.158203 22167.794922
169 1.261000 21539.158203 22166.835938
170 1.268000 21539.158203 22164.017578
171 1.278000 21539.158203 22160.687500
172 1.285000 21539.158203 22157.818359
173 1.294000 21539.158203 22152.707031
174 1.300000 21539.158203 22151.527344
175 1.307000 21539.158203 22147.927734
176 1.314000 21539.158203 22146.773438
177 1.324000 21539.158203 22141.154297
178 1.330000 21539.158203 22141.134766
179 1.337000 21539.158203 22136.761719
180 1.342000 21539.158203 22135.800781
181 1.349000 21539.158203 22132.544922
182 1.358000 21539.158203 22130.730469
183 1.367000 21539.158203 22130.730469
184 1.377000 21539.158203 22130.730469
185 1.383000 21539.158203 22130.357422
186 1.389000 21539.158203 22130.007813
187 1.396000 21539.158203 22126.314453
188 1.402000 21539.158203 22124.699219
189 1.411000 21539.158203 22124.699219
190 1.417000 21539.158203 22124.699219
191 1.429000 21539.158203 22124.197266
192 1.434000 21539.158203 22124.197266
193 1.445000 21539.158203 22124.197266
194 1.451000 21539.158203 22124.175781
195 1.459000 21539.158203 22124.175781
196 1.466000 21539.158203 22124.175781
197 1.477000 21539.158203 22124.175781
198 1.483000 21539.158203 22122.544922
199 1.490000 21539.158203 22121.488281
200 1.496000 21539.158203 22121.488281
201 1.506000 21539.158203 22120.210938
202 1.513000 21539.158203 22120.210938
203 1.523000 21539.158203 22118.613281
204 1.531000 21539.158203 22118.613281
205 1.539000 21539.158203 22118.613281
206 1.546000 21539.158203 22118.390625
207 1.556000 21539.158203 22118.269531
208 1.563000 21539.158203 22117.859375
209 1.573000 21539.158203 22117.863281
210 1.580000 21539.158203 22115.716797
211 1.587000 21539.158203 22114.007813
212 1.593000 21539.158203 22114.007813
213 1.600000 21539.158203 22112.949219
214 1.610000 21539.158203 22112.949219
215 1.616000 21539.158203 22112.796875
216 1.625000 21539.158203 22111.296875
217 1.632000 21539.158203 22109.652344
218 1.643000 21539.158203 22109.652344
219 1.649000 21539.158203 22109.652344
220 1.656000 21539.158203 22109.613281
221 1.664000 21539.158203 22109.613281
222 1.672000 21539.158203 22109.595703
223 1.682000 21539.158203 22109.595703
224 1.691000 21539.158203 22109.578125
225 1.697000 21539.158203 22107.449219
226 1.707000 21539.158203 22107.419922
227 1.714000 21539.158203 22102.619141
228 1.720000 21539.158203 22102.140625
229 1.729000 21539.158203 22102.068359
230 1.741000 21539.158203 22102.042969
231 1.748000 21539.158203 22100.738281
232 1.758000 21539.158203 22100.671875
233 1.764000 21539.158203 22100.671875
234 1.778000 21539.158203 22100.671875
235 1.785000 21539.158203 22100.310547
236 1.792000 21539.158203 22100.310547
237 1.798000 21539.158203 22100.310547
238 1.807000 21539.158203 22100.310547
239 1.813000 21539.158203 22099.796875
240 1.822000 21539.158203 22098.125000
241 1.828000 21539.158203 22098.125000
242 1.838000 21539.158203 22097.251953
243 1.844000 21539.158203 22097.251953
244 1.850000 21539.158203 22097.251953
245 1.857000 21539.158203 22097.251953
246 1.863000 21539.158203 22093.419922
247 1.871000 21539.158203 22093.417969
248 1.878000 21539.158203 22093.417969
249 1.884000 21539.158203 22093.417969
250 1.892000 21539.158203 22093.314453
251 1.899000 21539.158203 22090.796875
252 1.909000 21539.158203 22090.564453
253 1.916000 21539.158203 22090.505859
254 1.922000 21539.158203 22090.244141
255 1.928000 21539.158203 22089.859375
256 1.934000 21539.158203 22089.097656
257 1.942000 21539.158203 22089.097656
258 1.948000 21539.158203 22089.097656
259 1.956000 21539.158203 22087.695313
260 1.964000 21539.158203 22087.125000
261 1.971000 21539.158203 22085.892578
262 1.978000 21539.158203 22085.892578
263 1.984000 21539.158203 22085.892578
264 1.992000 21539.158203 22082.660156
265 1.998000 21539.158203 22082.560547
266 2.007000 21539.158203 22082.560547
267 2.013000 21539.158203 22081.564453
268 2.022000 21539.158203 22081.564453
269 2.029000 21539.158203 22080.927734
270 2.036000 21539.158203 22080.898438
271 2.047000 21539.158203 22080.898438
272 2.055000 21539.158203 22080.898438
273 2.060000 21539.158203 22080.382813
274 2.066000 21539.158203 22080.382813
275 2.076000 21539.158203 22080.181641
276 2.082000 21539.158203 22076.392578
277 2.091000 21539.158203 22076.302734
278 2.097000 21539.158203 22076.302734
279 2.105000 21539.158203 22076.302734
280 2.111000 21539.158203 22076.210938
281 2.117000 21539.158203 22074.925781
282 2.123000 21539.158203 22074.925781
283 2.129000 21539.158203 22069.275391
284 2.137000 21539.158203 22069.275391
285 2.144000 21539.158203 22067.230469
286 2.150000 21539.158203 22066.777344
287 2.159000 21539.158203 22066.695313
288 2.164000 21539.158203 22066.535156
289 2.172000 21539.158203 22065.533203
290 2.179000 21539.158203 22065.533203
291 2.186000 21539.158203 22061.267578
292 2.191000 21539.158203 22061.136719
293 2.198000 21539.158203 22061.119141
294 2.206000 21539.158203 22061.119141
295 2.212000 21539.158203 22061.025391
296 2.219000 21539.158203 22061.025391
297 2.226000 21539.158203 22061.025391
298 2.232000 21539.158203 22061.025391
299 2.239000 21539.158203 22060.988281
300 2.246000 21539.158203 22060.988281
301 2.252000 21539.158203 22060.988281
302 2.258000 21539.158203 22060.914063
303 2.264000 21539.158203 22060.806641
304 2.272000 21539.158203 22060.390625
305 2.279000 21539.158203 22059.988281
306 2.286000 21539.158203 22059.988281
307 2.294000 21539.158203 22059.988281
308 2.300000 21539.158203 22059.988281
309 2.311000 21539.158203 22059.705078
310 2.318000 21539.158203 22059.488281
311 2.324000 21539.158203 22059.488281
312 2.329000 21539.158203 22059.488281
313 2.336000 21539.158203 22059.488281
314 2.343000 21539.158203 22059.488281
315 2.349000 21539.158203 22059.488281
316 2.358000 21539.158203 22059.488281
317 2.364000 21539.158203 22058.390625
318 2.373000 21539.158203 22058.390625
319 2.378000 21539.158203 22058.390625
320 2.384000 21539.158203 22058.390625
321 2.390000 21539.158203 22056.189453
322 2.396000 21539.158203 22056.189453
323 2.405000 21539.158203 22056.162109
324 2.411000 21539.158203 22054.474609
325 2.417000 21539.158203 22053.855469
326 2.428000 21539.158203 22053.855469
327 2.435000 21539.158203 22053.652344
328 2.443000 21539.158203 22049.068359
329 2.449000 21539.158203 22049.064453
330 2.455000 21539.158203 22049.064453
331 2.462000 21539.158203 22049.015625
332 2.471000 21539.158203 22047.279297
333 2.477000 21539.158203 22046.962891
334 2.484000 21539.158203 22046.658203
335 2.492000 21539.158203 22044.001953
336 2.498000 21539.158203 22044.001953
337 2.506000 21539.158203 22044.001953
338 2.514000 21539.158203 22043.750000
339 2.520000 21539.158203 22043.750000
340 2.526000 21539.158203 22043.509766
341 2.532000 21539.158203 22043.509766
342 2.540000 21539.158203 22043.509766
343 2.545000 21539.158203 22043.484375
344 2.553000 21539.158203 22043.484375
345 2.560000 21539.158203 22043.484375
346 2.565000 21539.158203 22043.302734
347 2.576000 21539.158203 22043.292969
348 2.582000 21539.158203 22043.189453
349 2.589000 21539.158203 22041.792969
350 2.596000 21539.158203 22038.460938
351 2.603000 21539.158203 22038.193359
352 2.610000 21539.158203 22038.193359
353 2.617000 21539.158203 22038.193359
354 2.625000 21539.158203 22037.849609
355 2.630000 21539.158203 22037.849609
356 2.638000 21539.158203 22037.341797
357 2.645000 21539.158203 22037.082031
358 2.651000 21539.158203 22037.082031
359 2.661000 21539.158203 22037.054688
360 2.667000 21539.158203 22036.882813
361 2.675000 21539.158203 22036.882813
362 2.681000 21539.158203 22033.289063
363 2.689000 21539.158203 22033.250000
364 2.694000 21539.158203 22028.339844
365 2.700000 21539.158203 22027.285156
366 2.707000 21539.158203 22027.285156
367 2.714000 21539.158203 22027.060547
368 2.720000 21539.158203 22026.935547
369 2.727000 21539.158203 22022.205078
370 2.732000 21539.158203 22022.203125
371 2.739000 21539.158203 22022.203125
372 2.746000 21539.158203 22022.203125
373 2.753000 21539.158203 22022.203125
374 2.760000 21539.158203 22020.564453
375 2.767000 21539.158203 22020.564453
376 2.776000 21539.158203 22020.289063
377 2.783000 21539.158203 22017.722656
378 2.790000 21539.158203 22017.722656
379 2.797000 21539.158203 22017.722656
380 2.805000 21539.158203 22017.392578
381 2.811000 21539.158203 22017.392578
382 2.817000 21539.158203 22013.800781
383 2.825000 21539.158203 22013.800781
384 2.832000 21539.158203 22013.800781
385 2.843000 21539.158203 22011.199219
386 2.849000 21539.158203 22010.898438
387 2.857000 21539.158203 22010.898438
388 2.862000 21539.158203 22010.898438
389 2.870000 21539.158203 22010.824219
390 2.878000 21539.158203 22010.824219
391 2.886000 21539.158203 22010.306641
392 2.895000 21539.158203 22010.306641
393 2.902000 21539.158203 22008.912109
394 2.911000 21539.158203 22007.988281
395 2.917000 21539.158203 22007.988281
396 2.927000 21539.158203 22006.929688
397 2.934000 21539.158203 22006.929688
398 2.942000 21539.158203 22005.660156
399 2.948000 21539.158203 22005.402344
400 2.955000 21539.158203 22005.402344
401 2.961000 21539.158203 22004.980469
402 2.967000 21539.158203 22003.587891
403 2.974000 21539.158203 22003.585938
404 2.980000 21539.158203 22000.267578
405 2.989000 21539.158203 22000.267578
406 2.995000 21539.158203 21997.507813
407 3.001000 21539.158203 21997.507813
408 3.007000 21539.158203 21997.507813
409 3.013000 21539.158203 21997.507813
410 3.021000 21539.158203 21997.507813
411 3.027000 21539.158203 21997.507813
412 3.034000 21539.158203 21997.482422
413 3.043000 21539.158203 21997.482422
414 3.050000 21539.158203 21997.482422
415 3.056000 21539.158203 21997.482422
416 3.062000 21539.158203 21997.482422
417 3.068000 21539.158203 21997.367188
418 3.075000 21539.158203 21997.367188
419 3.082000 21539.158203 21997.367188
420 3.090000 21539.158203 21997.341797
421 3.096000 21539.158203 21997.046875
422 3.104000 21539.158203 21997.046875
423 3.110000 21539.158203 21993.134766
424 3.115000 21539.158203 21993.134766
425 3.125000 21539.158203 21992.386719
426 3.130000 21539.158203 21991.330078
427 3.138000 21539.158203 21991.330078
428 3.144000 21539.158203 21991.330078
429 3.151000 21539.158203 21991.167969
430 3.158000 21539.158203 21991.167969
431 3.164000 21539.158203 21991.167969
432 3.171000 21539.158203 21990.785156
433 3.178000 21539.158203 21989.820313
434 3.184000 21539.158203 21989.820313
435 3.192000 21539.158203 21989.820313
436 3.197000 21539.158203 21989.113281
437 3.204000 21539.158203 21989.113281
438 3.212000 21539.158203 21989.113281
439 3.217000 21539.158203 21989.113281
440 3.228000 21539.158203 21989.113281
441 3.233000 21539.158203 21988.238281
442 3.243000 21539.158203 21984.386719
443 3.249000 21539.158203 21981.017578
444 3.255000 21539.158203 21980.560547
445 3.261000 21539.158203 21967.142578
446 3.267000 21539.158203 21967.142578
447 3.275000 21539.158203 21967.142578
448 3.280000 21539.158203 21967.119141
449 3.287000 21539.158203 21965.609375
450 3.292000 21539.158203 21965.417969
451 3.298000 21539.158203 21965.285156
452 3.306000 21539.158203 21965.189453
453 3.313000 21539.158203 21964.130859
454 3.321000 21539.158203 21962.953125
455 3.326000 21539.158203 21962.953125
456 3.334000 21539.158203 21962.953125
457 3.341000 21539.158203 21962.363281
458 3.347000 21539.158203 21962.363281
459 3.356000 21539.158203 21962.363281
460 3.361000 21539.158203 21962.363281
461 3.368000 21539.158203 21962.363281
462 3.375000 21539.158203 21961.337891
463 3.382000 21539.158203 21961.337891
464 3.391000 21539.158203 21961.304688
465 3.397000 21539.158203 21958.130859
466 3.406000 21539.158203 21958.130859
467 3.411000 21539.158203 21956.925781
468 3.418000 21539.158203 21956.818359
469 3.425000 21539.158203 21956.818359
470 3.431000 21539.158203 21956.818359
471 3.440000 21539.158203 21956.730469
472 3.446000 21539.158203 21956.730469
473 3.454000 21539.158203 21954.455078
474 3.461000 21539.158203 21954.455078
475 3.466000 21539.158203 21954.367188
476 3.477000 21539.158203 21954.367188
477 3.483000 21539.158203 21954.367188
478 3.492000 21539.158203 21954.367188
479 3.498000 21539.158203 21953.464844
480 3.505000 21539.158203 21953.464844
481 3.511000 21539.158203 21951.394531
482 3.521000 21539.158203 21951.304688
483 3.527000 21539.158203 21951.304688
484 3.534000 21539.158203 21951.304688
485 3.540000 21539.158203 21951.304688
486 3.546000 21539.158203 21950.460938
487 3.554000 21539.158203 21950.460938
488 3.559000 21539.158203 21949.974609
489 3.566000 21539.158203 21946.050781
490 3.575000 21539.158203 21945.392578
491 3.582000 21539.158203 21945.392578
492 3.590000 21539.158203 21945.392578
493 3.597000 21539.158203 21945.367188
494 3.606000 21539.158203 21942.259766
495 3.613000 21539.158203 21942.224609
496 3.619000 21539.158203 21933.205078
497 3.625000 21539.158203 21930.023438
498 3.631000 21539.158203 21930.023438
499 3.640000 21539.158203 21929.988281
500 3.646000 21539.158203 21929.988281
501 3.654000 21539.158203 21929.839844
502 3.660000 21539.158203 21929.589844
503 3.667000 21539.158203 21929.589844
504 3.674000 21539.158203 21929.314453
505 3.680000 21539.158203 21929.193359
506 3.690000 21539.158203 21928.251953
507 3.696000 21539.158203 21928.251953
508 3.703000 21539.158203 21928.251953
509 3.709000 21539.158203 21928.068359
510 3.715000 21539.158203 21928.068359
511 3.724000 21539.158203 21928.062500
512 3.731000 21539.158203 21928.062500
513 3.741000 21539.158203 21925.929688
514 3.748000 21539.158203 21925.273438
515 3.754000 21539.158203 21925.273438
516 3.761000 21539.158203 21923.990234
517 3.769000 21539.158203 21921.167969
518 3.776000 21539.158203 21920.777344
519 3.782000 21539.158203 21918.337891
520 3.789000 21539.158203 21918.337891
521 3.795000 21539.158203 21916.339844
522 3.804000 21539.158203 21916.339844
523 3.810000 21539.158203 21916.197266
524 3.817000 21539.158203 21916.197266
525 3.827000 21539.158203 21915.480469
526 3.833000 21539.158203 21915.480469
527 3.845000 21539.158203 21915.091797
528 3.854000 21539.158203 21915.078125
529 3.860000 21539.158203 21914.732422
530 3.865000 21539.158203 21914.732422
531 3.872000 21539.158203 21914.695313
532 3.877000 21539.158203 21914.574219
533 3.886000 21539.158203 21910.847656
534 3.892000 21539.158203 21910.636719
535 3.898000 21539.158203 21909.382813
536 3.908000 21539.158203 21909.382813
537 3.914000 21539.158203 21907.535156
538 3.921000 21539.158203 21907.535156
539 3.927000 21539.158203 21907.535156
540 3.932000 21539.158203 21907.185547
541 3.940000 21539.158203 21907.185547
542 3.947000 21539.158203 21907.185547
543 3.953000 21539.158203 21907.185547
544 3.959000 21539.158203 21906.482422
545 3.965000 21539.158203 21905.904297
546 3.973000 21539.158203 21903.574219
547 3.981000 21539.158203 21903.574219
548 3.988000 21539.158203 21903.574219
549 3.995000 21539.158203 21903.330078
550 4.001000 21539.158203 21903.330078
551 4.006000 21539.158203 21903.330078
552 4.013000 21539.158203 21902.775391
553 4.020000 21539.158203 21902.369141
554 4.027000 21539.158203 21902.369141
555 4.033000 21539.158203 21902.369141
556 4.039000 21539.158203 21902.369141
557 4.046000 21539.158203 21898.777344
558 4.054000 21539.158203 21898.777344
559 4.061000 21539.158203 21895.240234
560 4.069000 21539.158203 21894.908203
561 4.079000 21539.158203 21894.544922
562 4.085000 21539.158203 21894.544922
563 4.093000 21539.158203 21894.544922
564 4.099000 21539.158203 21892.375000
565 4.108000 21539.158203 21892.345703
566 4.114000 21539.158203 21892.345703
567 4.122000 21539.158203 21891.742188
568 4.128000 21539.158203 21891.742188
569 4.137000 21539.158203 21891.742188
570 4.143000 21539.158203 21891.742188
571 4.150000 21539.158203 21891.742188
572 4.155000 21539.158203 21891.011719
573 4.162000 21539.158203 21891.011719
574 4.169000 21539.158203 21891.011719
575 4.176000 21539.158203 21890.947266
576 4.181000 21539.158203 21889.796875
577 4.190000 21539.158203 21889.796875
578 4.196000 21539.158203 21889.796875
579 4.205000 21539.158203 21889.796875
580 4.211000 21539.158203 21888.359375
581 4.217000 21539.158203 21888.359375
582 4.223000 21539.158203 21888.359375
583 4.229000 21539.158203 21887.945313
584 4.238000 21539.158203 21886.857422
585 4.243000 21539.158203 21886.070313
586 4.251000 21539.158203 21886.052734
587 4.257000 21539.158203 21885.935547
588 4.264000 21539.158203 21884.697266
589 4.272000 21539.158203 21884.447266
590 4.278000 21539.158203 21881.203125
591 4.284000 21539.158203 21881.068359
592 4.290000 21539.158203 21880.800781
593 4.297000 21539.158203 21879.660156
594 4.306000 21539.158203 21874.347656
595 4.313000 21539.158203 21874.347656
596 4.321000 21539.158203 21871.492188
597 4.329000 21539.158203 21871.449219
598 4.340000 21539.158203 21868.501953
599 4.346000 21539.158203 21867.464844
600 4.352000 21539.158203 21862.619141
601 4.358000 21539.158203 21862.619141
602 4.364000 21539.158203 21862.619141
603 4.372000 21539.158203 21862.613281
604 4.378000 21539.158203 21861.519531
605 4.386000 21539.158203 21861.519531
606 4.392000 21539.158203 21861.476563
607 4.398000 21539.158203 21861.476563
608 4.405000 21539.158203 21860.449219
609 4.410000 21539.158203 21860.449219
610 4.419000 21539.158203 21860.449219
611 4.425000 21539.158203 21860.408203
612 4.431000 21539.158203 21860.345703
613 4.440000 21539.158203 21860.345703
614 4.446000 21539.158203 21859.972656
615 4.454000 21539.158203 21859.972656
616 4.460000 21539.158203 21856.917969
617 4.467000 21539.158203 21856.533203
618 4.474000 21539.158203 21853.695313
619 4.481000 21539.158203 21852.876953
620 4.489000 21539.158203 21851.669922
621 4.495000 21539.158203 21851.669922
622 4.503000 21539.158203 21851.669922
623 4.509000 21539.158203 21851.164063
624 4.516000 21539.158203 21850.884766
625 4.524000 21539.158203 21850.867188
626 4.531000 21539.158203 21847.974609
627 4.537000 21539.158203 21847.216797
628 4.544000 21539.158203 21847.216797
629 4.552000 21539.158203 21847.216797
630 4.559000 21539.158203 21847.216797
631 4.565000 21539.158203 21847.216797
632 4.572000 21539.158203 21846.248047
633 4.579000 21539.158203 21846.248047
634 4.589000 21539.158203 21846.248047
635 4.594000 21539.158203 21845.595703
636 4.602000 21539.158203 21845.207031
637 4.611000 21539.158203 21845.207031
638 4.617000 21539.158203 21845.207031
639 4.626000 21539.158203 21845.052734
640 4.632000 21539.158203 21845.027344
641 4.641000 21539.158203 21845.027344
642 4.647000 21539.158203 21845.027344
643 4.656000 21539.158203 21844.984375
644 4.662000 21539.158203 21844.984375
645 4.670000 21539.158203 21844.984375
646 4.675000 21539.158203 21844.453125
647 4.681000 21539.158203 21844.425781
648 4.688000 21539.158203 21844.425781
649 4.694000 21539.158203 21843.367188
650 4.702000 21539.158203 21839.800781
651 4.708000 21539.158203 21839.800781
652 4.714000 21539.158203 21839.800781
653 4.721000 21539.158203 21839.591797
654 4.727000 21539.158203 21839.349609
655 4.737000 21539.158203 21837.625000
656 4.743000 21539.158203 21836.564453
657 4.749000 21539.158203 21834.761719
658 4.755000 21539.158203 21834.761719
659 4.763000 21539.158203 21834.720703
660 4.771000 21539.158203 21831.126953
661 4.777000 21539.158203 21829.160156
662 4.785000 21539.158203 21829.160156
663 4.792000 21539.158203 21829.160156
664 4.798000 21539.158203 21827.921875
665 4.806000 21539.158203 21827.109375
666 4.812000 21539.158203 21827.109375
667 4.818000 21539.158203 21827.019531
668 4.825000 21539.158203 21827.019531
669 4.830000 21539.158203 21827.019531
670 4.837000 21539.158203 21827.019531
671 4.843000 21539.158203 21827.019531
672 4.849000 21539.158203 21826.210938
673 4.859000 21539.158203 21826.210938
674 4.865000 21539.158203 21823.863281
675 4.876000 21539.158203 21823.863281
676 4.883000 21539.158203 21823.863281
677 4.889000 21539.158203 21823.429688
678 4.895000 21539.158203 21822.886719
679 4.903000 21539.158203 21821.830078
680 4.909000 21539.158203 21821.369141
681 4.918000 21539.158203 21821.369141
682 4.925000 21539.158203 21821.369141
683 4.931000 21539.158203 21820.865234
684 4.940000 21539.158203 21820.865234
685 4.945000 21539.158203 21820.767578
686 4.951000 21539.158203 21820.535156
687 4.957000 21539.158203 21820.535156
688 4.963000 21539.158203 21820.535156
689 4.971000 21539.158203 21820.419922
690 4.978000 21539.158203 21820.402344
691 4.985000 21539.158203 21820.402344
692 4.991000 21539.158203 21820.402344
693 4.997000 21539.158203 21820.402344
694 5.006000 21539.158203 21820.402344
695 5.013000 21539.158203 21820.402344
696 5.019000 21539.158203 21817.171875
697 5.026000 21539.158203 21817.171875
698 5.031000 21539.158203 21816.232422
699 5.041000 21539.158203 21816.232422
700 5.047000 21539.158203 21816.232422
701 5.054000 21505.457031 21815.328125
702 5.061000 21505.457031 21814.990234
703 5.068000 21505.457031 21814.402344
704 5.074000 21505.457031 21813.865234
705 5.080000 21505.457031 21813.085938
706 5.088000 21505.457031 21812.515625
707 5.094000 21505.457031 21812.515625
708 5.103000 21505.457031 21809.056641
709 5.110000 21505.457031 21809.056641
710 5.116000 21505.457031 21808.789063
711 5.126000 21505.457031 21808.748047
712 5.132000 21505.457031 21807.091797
713 5.144000 21505.457031 21806.482422
714 5.151000 21505.457031 21805.875000
715 5.157000 21505.457031 21805.875000
716 5.163000 21505.457031 21805.875000
717 5.171000 21505.457031 21805.636719
718 5.176000 21505.457031 21804.365234
719 5.182000 21505.457031 21803.607422
720 5.189000 21505.457031 21803.515625
721 5.196000 21505.457031 21802.730469
722 5.203000 21505.457031 21802.570313
723 5.210000 21505.457031 21798.671875
724 5.217000 21505.457031 21798.400391
725 5.224000 21505.457031 21797.699219
726 5.230000 21505.457031 21794.107422
727 5.239000 21505.457031 21794.107422
728 5.245000 21505.457031 21794.107422
729 5.250000 21505.457031 21793.818359
730 5.257000 21505.457031 21792.705078
731 5.264000 21505.457031 21792.699219
732 5.271000 21505.457031 21792.703125
733 5.277000 21505.457031 21792.687500
734 5.284000 21505.457031 21791.794922
735 5.291000 21505.457031 21791.734375
736 5.296000 21505.457031 21791.734375
737 5.301000 21505.457031 21791.068359
738 5.308000 21377.515625 21790.761719
739 5.314000 21377.515625 21788.910156
740 5.322000 21377.515625 21787.984375
741 5.329000 21377.515625 21786.927734
742 5.339000 21377.515625 21785.785156
743 5.345000 21377.515625 21785.785156
744 5.352000 21377.515625 21782.224609
745 5.359000 21377.515625 21781.167969
746 5.366000 21377.515625 21780.904297
747 5.373000 21377.515625 21780.904297
748 5.379000 21377.515625 21780.904297
749 5.386000 21377.515625 21780.904297
750 5.392000 21377.515625 21780.904297
751 5.399000 21377.515625 21779.142578
752 5.408000 21377.515625 21779.142578
753 5.415000 21377.515625 21779.142578
754 5.425000 21377.515625 21779.033203
755 5.431000 21377.507813 21776.064453
756 5.441000 21377.507813 21776.064453
757 5.446000 21377.507813 21774.392578
758 5.455000 21377.507813 21774.392578
759 5.461000 21377.507813 21774.392578
760 5.468000 21377.507813 21772.939453
761 5.473000 21377.507813 21772.939453
762 5.479000 21377.507813 21772.630859
763 5.487000 21377.507813 21772.515625
764 5.494000 21377.507813 21772.515625
765 5.501000 21377.507813 21772.255859
766 5.506000 21377.507813 21771.347656
767 5.512000 21377.507813 21771.347656
768 5.520000 21377.507813 21771.169922
769 5.526000 21377.507813 21771.169922
770 5.533000 21377.507813 21769.222656
771 5.543000 21377.507813 21769.177734
772 5.549000 21377.507813 21767.376953
773 5.556000 21377.507813 21767.376953
774 5.562000 21377.507813 21767.376953
775 5.570000 21377.507813 21767.376953
776 5.577000 21377.507813 21767.376953
777 5.584000 21377.507813 21765.681641
778 5.590000 21377.507813 21765.550781
779 5.596000 21377.507813 21763.363281
780 5.604000 21377.507813 21762.912109
781 5.610000 21377.507813 21762.912109
782 5.617000 21377.507813 21762.912109
783 5.626000 21377.507813 21762.912109
784 5.633000 21377.507813 21758.025391
785 5.642000 21377.507813 21757.994141
786 5.649000 21377.507813 21756.937500
787 5.659000 21377.507813 21756.937500
788 5.665000 21377.507813 21756.937500
789 5.676000 21377.507813 21756.431641
790 5.683000 21377.507813 21756.261719
791 5.691000 21377.507813 21756.261719
792 5.697000 21377.507813 21756.261719
793 5.705000 21377.507813 21756.261719
794 5.711000 21377.507813 21755.394531
795 5.719000 21377.507813 21755.394531
796 5.725000 21377.507813 21755.115234
797 5.731000 21377.507813 21753.974609
798 5.739000 21377.507813 21752.992188
799 5.745000 21377.507813 21752.992188
800 5.753000 21377.507813 21752.037109
801 5.758000 21377.507813 21751.849609
802 5.765000 21377.507813 21750.914063
803 5.774000 21377.507813 21750.876953
804 5.780000 21377.507813 21748.894531
805 5.788000 21377.507813 21748.894531
806 5.794000 21377.507813 21748.894531
807 5.804000 21377.507813 21745.707031
808 5.810000 21377.507813 21744.976563
809 5.816000 21377.507813 21744.976563
810 5.823000 21377.507813 21744.634766
811 5.830000 21377.507813 21743.759766
812 5.838000 21377.507813 21743.759766
813 5.844000 21377.507813 21743.759766
814 5.851000 21377.507813 21739.460938
815 5.857000 21377.507813 21739.460938
816 5.864000 21377.507813 21736.490234
817 5.872000 21377.507813 21734.421875
818 5.878000 21377.507813 21734.421875
819 5.885000 21377.507813 21733.365234
820 5.891000 21377.507813 21733.365234
821 5.897000 21377.507813 21732.222656
822 5.905000 21377.507813 21732.222656
823 5.911000 21377.507813 21731.273438
824 5.918000 21377.507813 21731.193359
825 5.925000 21377.507813 21729.939453
826 5.931000 21377.507813 21729.939453
827 5.941000 21377.507813 21729.939453
828 5.947000 21377.507813 21726.662109
829 5.954000 21377.507813 21726.232422
830 5.960000 21377.507813 21726.232422
831 5.968000 21377.507813 21725.501953
832 5.975000 21377.507813 21725.464844
833 5.981000 21377.507813 21725.464844
834 5.990000 21377.507813 21725.464844
835 5.996000 21377.507813 21725.464844
836 6.004000 21377.507813 21724.943359
837 6.010000 21377.507813 21724.943359
838 6.017000 21377.507813 21724.943359
839 6.023000 21377.507813 21724.917969
840 6.029000 21377.507813 21724.917969
841 6.038000 21377.507813 21724.591797
842 6.043000 21377.507813 21724.162109
843 6.051000 21377.507813 21724.105469
844 6.057000 21377.507813 21724.105469
845 6.062000 21377.507813 21724.068359
846 6.072000 21377.507813 21724.068359
847 6.079000 21377.507813 21724.068359
848 6.085000 21377.507813 21724.068359
849 6.091000 21377.507813 21724.068359
850 6.099000 21377.507813 21723.876953
851 6.106000 21377.507813 21723.417969
852 6.113000 21377.507813 21723.398438
853 6.121000 21377.507813 21722.937500
854 6.127000 21377.507813 21722.937500
855 6.135000 21377.507813 21722.937500
856 6.142000 21377.507813 21722.685547
857 6.148000 21377.507813 21722.648438
858 6.154000 21377.507813 21722.648438
859 6.160000 21377.507813 21722.648438
860 6.167000 21377.507813 21722.648438
861 6.174000 21377.507813 21722.648438
862 6.179000 21377.507813 21722.648438
863 6.186000 21377.507813 21722.648438
864 6.193000 21377.507813 21722.589844
865 6.202000 21377.507813 21722.046875
866 6.209000 21377.507813 21722.046875
867 6.215000 21377.507813 21721.332031
868 6.221000 21377.507813 21720.250000
869 6.227000 21377.507813 21720.250000
870 6.235000 21377.507813 21720.250000
871 6.241000 21377.507813 21720.220703
872 6.247000 21377.507813 21720.220703
873 6.254000 21377.507813 21719.167969
874 6.260000 21377.507813 21719.167969
875 6.268000 21377.507813 21719.029297
876 6.275000 21377.507813 21719.029297
877 6.282000 21377.507813 21718.533203
878 6.291000 21377.507813 21718.533203
879 6.297000 21377.507813 21718.533203
880 6.305000 21377.507813 21718.533203
881 6.312000 21377.507813 21718.455078
882 6.320000 21377.507813 21718.455078
883 6.326000 21377.507813 21718.417969
884 6.336000 21377.507813 21718.417969
885 6.342000 21377.507813 21718.398438
886 6.348000 21377.507813 21717.339844
887 6.354000 21377.507813 21715.722656
888 6.361000 21377.507813 21713.556641
889 6.369000 21377.507813 21713.554688
890 6.374000 21377.507813 21713.554688
891 6.380000 21377.507813 21713.095703
892 6.390000 21377.507813 21713.095703
893 6.396000 21377.507813 21713.095703
894 6.401000 21377.507813 21713.095703
895 6.407000 21377.507813 21711.261719
896 6.414000 21377.507813 21711.160156
897 6.420000 21377.507813 21711.160156
898 6.427000 21377.507813 21711.160156
899 6.434000 21377.507813 21710.222656
900 6.440000 21377.507813 21709.523438
901 6.448000 21377.507813 21709.033203
902 6.456000 21377.507813 21709.033203
903 6.463000 21377.507813 21708.234375
904 6.472000 21377.507813 21708.234375
905 6.479000 21377.507813 21707.113281
906 6.485000 21377.507813 21707.113281
907 6.492000 21377.507813 21706.679688
908 6.498000 21377.507813 21706.679688
909 6.505000 21377.507813 21706.679688
910 6.511000 21377.507813 21706.679688
911 6.518000 21377.507813 21706.679688
912 6.524000 21377.507813 21706.132813
913 6.530000 21377.507813 21706.113281
914 6.538000 21377.507813 21706.113281
915 6.543000 21377.507813 21706.113281
916 6.549000 21377.507813 21706.113281
917 6.556000 21377.507813 21706.113281
918 6.562000 21377.507813 21705.341797
919 6.570000 21377.507813 21705.324219
920 6.577000 21377.507813 21705.324219
921 6.584000 21377.507813 21705.324219
922 6.592000 21377.507813 21704.757813
923 6.598000 21377.507813 21704.757813
924 6.609000 21377.507813 21704.757813
925 6.615000 21377.507813 21704.757813
926 6.624000 21377.507813 21704.757813
927 6.629000 21377.507813 21704.675781
928 6.639000 21377.507813 21703.511719
929 6.645000 21377.507813 21703.511719
930 6.652000 21377.507813 21703.511719
931 6.658000 21377.507813 21703.511719
932 6.665000 21377.507813 21703.511719
933 6.672000 21377.507813 21703.511719
934 6.678000 21377.507813 21702.812500
935 6.686000 21377.507813 21702.812500
936 6.692000 21377.507813 21702.812500
937 6.698000 21377.507813 21702.738281
938 6.705000 21377.507813 21702.738281
939 6.710000 21377.507813 21702.738281
940 6.717000 21377.507813 21702.738281
941 6.723000 21377.507813 21702.380859
942 6.729000 21377.507813 21702.244141
943 6.737000 21377.507813 21702.244141
944 6.743000 21377.507813 21702.244141
945 6.752000 21377.507813 21702.244141
946 6.758000 21377.507813 21702.244141
947 6.764000 21377.507813 21702.001953
948 6.770000 21377.507813 21701.984375
949 6.776000 21377.507813 21700.789063
950 6.784000 21377.507813 21700.359375
951 6.790000 21377.507813 21700.359375
952 6.797000 21377.507813 21700.226563
953 6.804000 21377.507813 21700.226563
954 6.810000 21377.507813 21698.244141
955 6.819000 21377.507813 21698.244141
956 6.826000 21377.507813 21698.244141
957 6.832000 21377.507813 21698.244141
958 6.839000 21377.507813 21698.207031
959 6.844000 21377.507813 21698.207031
960 6.851000 21377.507813 21697.839844
961 6.859000 21377.507813 21697.839844
962 6.865000 21377.507813 21697.839844
963 6.872000 21377.507813 21697.839844
964 6.878000 21377.507813 21697.755859
965 6.885000 21377.507813 21697.716797
966 6.891000 21377.507813 21697.716797
967 6.896000 21377.507813 21696.554688
968 6.905000 21377.507813 21695.857422
969 6.911000 21377.507813 21695.857422
970 6.920000 21377.507813 21695.773438
971 6.926000 21377.507813 21695.773438
972 6.933000 21377.507813 21695.773438
973 6.942000 21377.507813 21695.773438
974 6.948000 21377.507813 21695.011719
975 6.956000 21377.507813 21694.966797
976 6.962000 21377.507813 21694.966797
977 6.970000 21377.507813 21694.966797
978 6.977000 21377.507813 21694.966797
979 6.985000 21377.507813 21692.039063
980 6.991000 21377.507813 21692.039063
981 6.997000 21377.507813 21691.748047
982 7.003000 21377.507813 21691.050781
983 7.009000 21377.507813 21690.617188
984 7.017000 21377.507813 21690.617188
985 7.022000 21377.507813 21690.617188
986 7.029000 21377.507813 21689.886719
987 7.036000 21377.507813 21689.886719
988 7.042000 21377.507813 21689.804688
989 7.050000 21377.507813 21689.375000
990 7.058000 21377.507813 21689.375000
991 7.064000 21377.507813 21689.375000
992 7.071000 21377.507813 21689.375000
993 7.077000 21377.507813 21689.375000
994 7.085000 21377.507813 21688.943359
995 7.091000 21377.507813 21688.943359
996 7.097000 21377.507813 21688.943359
997 7.104000 21377.507813 21688.250000
998 7.110000 21377.507813 21688.250000
999 7.117000 21377.507813 21688.250000
1000 7.123000 21377.507813 21688.250000
1001 7.130000 21377.507813 21688.250000
1002 7.138000 21377.507813 21688.250000
1003 7.144000 21377.507813 21688.250000
1004 7.152000 21377.507813 21687.578125
1005 7.160000 21377.507813 21687.578125
1006 7.167000 21377.507813 21687.578125
1007 7.173000 21377.507813 21686.904297
1008 7.178000 21377.507813 21686.904297
1009 7.187000 21377.507813 21686.904297
1010 7.193000 21377.507813 21686.867188
1011 7.200000 21377.507813 21686.199219
1012 7.209000 21377.507813 21686.142578
1013 7.214000 21377.507813 21686.142578
1014 7.221000 21377.507813 21686.142578
1015 7.226000 21377.507813 21686.142578
1016 7.235000 21377.507813 21686.025391
1017 7.242000 21377.507813 21686.025391
1018 7.251000 21377.507813 21686.025391
1019 7.258000 21377.507813 21686.025391
1020 7.264000 21377.507813 21685.349609
1021 7.273000 21377.507813 21685.265625
1022 7.279000 21377.507813 21685.265625
1023 7.285000 21377.507813 21685.226563
1024 7.291000 21377.507813 21683.990234
1025 7.297000 21377.507813 21683.990234
1026 7.304000 21377.507813 21683.990234
1027 7.310000 21377.507813 21683.029297
1028 7.317000 21377.507813 21682.357422
1029 7.323000 21377.507813 21682.357422
1030 7.329000 21377.507813 21682.357422
1031 7.336000 21377.507813 21682.357422
1032 7.342000 21377.507813 21682.167969
1033 7.348000 21377.507813 21682.167969
1034 7.356000 21377.507813 21682.167969
1035 7.361000 21377.507813 21682.167969
1036 7.370000 21377.507813 21681.734375
1037 7.376000 21377.507813 21681.734375
1038 7.382000 21377.507813 21681.734375
1039 7.388000 21377.507813 21681.734375
1040 7.395000 21377.507813 21681.734375
1041 7.402000 21377.507813 21681.734375
1042 7.407000 21377.507813 21681.585938
1043 7.415000 21377.507813 21681.585938
1044 7.422000 21377.507813 21681.017578
1045 7.428000 21377.507813 21681.017578
1046 7.435000 21377.507813 21681.017578
1047 7.442000 21377.507813 21681.017578
1048 7.450000 21377.507813 21679.960938
1049 7.458000 21377.507813 21679.960938
1050 7.463000 21377.507813 21679.140625
1051 7.472000 21377.507813 21678.427734
1052 7.478000 21377.507813 21677.232422
1053 7.490000 21377.507813 21676.250000
1054 7.495000 21377.507813 21676.250000
1055 7.502000 21377.507813 21675.886719
1056 7.508000 21377.507813 21675.886719
1057 7.517000 21377.507813 21675.849609
1058 7.523000 21377.507813 21675.849609
1059 7.529000 21377.507813 21675.175781
1060 7.538000 21377.507813 21675.175781
1061 7.545000 21377.507813 21674.894531
1062 7.552000 21377.507813 21673.595703
1063 7.557000 21377.507813 21673.595703
1064 7.565000 21377.507813 21672.812500
1065 7.571000 21377.507813 21672.792969
1066 7.577000 21377.507813 21671.447266
1067 7.586000 21377.507813 21671.447266
1068 7.592000 21377.507813 21671.447266
1069 7.599000 21377.507813 21671.447266
1070 7.606000 21377.507813 21671.447266
1071 7.612000 21377.507813 21670.775391
1072 7.619000 21377.507813 21669.976563
1073 7.626000 21377.507813 21669.976563
1074 7.633000 21377.507813 21669.976563
1075 7.639000 21377.507813 21669.957031
1076 7.646000 21377.507813 21669.957031
1077 7.654000 21377.507813 21669.957031
1078 7.660000 21377.507813 21669.285156
1079 7.670000 21377.507813 21667.880859
1080 7.677000 21377.507813 21667.880859
1081 7.684000 21377.507813 21667.539063
1082 7.689000 21377.507813 21667.419922
1083 7.695000 21377.507813 21667.400391
1084 7.704000 21377.507813 21667.400391
1085 7.711000 21377.507813 21667.400391
1086 7.720000 21377.507813 21667.390625
1087 7.726000 21377.507813 21666.226563
1088 7.736000 21377.507813 21664.857422
1089 7.742000 21377.507813 21664.857422
1090 7.748000 21377.507813 21664.185547
1091 7.755000 21377.507813 21664.185547
1092 7.761000 21377.507813 21663.509766
1093 7.768000 21377.507813 21663.509766
1094 7.775000 21377.507813 21663.472656
1095 7.783000 21377.507813 21663.472656
1096 7.790000 21377.507813 21662.490234
1097 7.797000 21377.507813 21662.490234
1098 7.804000 21377.507813 21661.777344
1099 7.810000 21377.507813 21661.777344
1100 7.817000 21377.507813 21661.777344
1101 7.823000 21377.507813 21661.777344
1102 7.829000 21377.507813 21661.740234
1103 7.836000 21377.507813 21661.740234
1104 7.842000 21377.507813 21661.382813
1105 7.853000 21377.507813 21661.300781
1106 7.859000 21377.507813 21661.300781
1107 7.866000 21377.507813 21661.300781
1108 7.872000 21377.507813 21661.277344
1109 7.878000 21377.507813 21660.847656
1110 7.886000 21377.507813 21660.117188
1111 7.892000 21377.507813 21659.982422
1112 7.901000 21377.507813 21659.982422
1113 7.906000 21377.507813 21659.617188
1114 7.912000 21377.507813 21659.617188
1115 7.920000 21377.507813 21659.617188
1116 7.926000 21377.507813 21659.617188
1117 7.932000 21377.507813 21658.886719
1118 7.938000 21377.507813 21658.214844
1119 7.945000 21377.507813 21657.039063
1120 7.953000 21377.507813 21657.039063
1121 7.959000 21377.505859 21657.039063
1122 7.968000 21377.505859 21657.039063
1123 7.974000 21377.505859 21657.039063
1124 7.980000 21377.505859 21657.039063
1125 7.989000 21377.505859 21657.039063
1126 7.995000 21377.505859 21657.039063
1127 8.001000 21377.505859 21656.367188
1128 8.007000 21377.505859 21654.982422
1129 8.016000 21377.505859 21654.980469
1130 8.023000 21377.505859 21654.886719
1131 8.032000 21377.505859 21654.306641
1132 8.039000 21377.505859 21654.306641
1133 8.046000 21377.505859 21654.306641
1134 8.053000 21377.505859 21653.634766
1135 8.060000 21377.505859 21653.634766
1136 8.067000 21377.505859 21653.615234
1137 8.073000 21377.505859 21653.615234
1138 8.079000 21377.505859 21653.615234
1139 8.087000 21377.505859 21652.421875
1140 8.093000 21377.505859 21652.421875
1141 8.100000 21377.505859 21650.568359
1142 8.106000 21377.505859 21650.568359
1143 8.113000 21377.505859 21650.251953
1144 8.119000 21377.505859 21650.251953
1145 8.126000 21377.505859 21649.542969
1146 8.135000 21377.505859 21649.431641
1147 8.140000 21377.505859 21649.431641
1148 8.147000 21377.505859 21649.431641
1149 8.154000 21377.505859 21649.431641
1150 8.159000 21377.505859 21649.070313
1151 8.168000 21377.505859 21649.070313
1152 8.173000 21377.505859 21647.300781
1153 8.179000 21377.505859 21646.589844
1154 8.188000 21377.505859 21646.589844
1155 8.194000 21377.505859 21646.589844
1156 8.204000 21377.505859 21646.589844
1157 8.211000 21377.505859 21646.589844
1158 8.218000 21377.505859 21646.589844
1159 8.224000 21377.505859 21644.820313
1160 8.230000 21377.505859 21644.455078
1161 8.237000 21377.505859 21644.455078
1162 8.243000 21377.505859 21644.107422
1163 8.251000 21377.505859 21644.107422
1164 8.256000 21377.505859 21644.107422
1165 8.263000 21377.505859 21642.587891
1166 8.270000 21377.505859 21642.587891
1167 8.277000 21377.505859 21642.587891
1168 8.287000 21377.505859 21642.587891
1169 8.293000 21377.505859 21642.359375
1170 8.299000 21377.505859 21641.287109
1171 8.305000 21377.505859 21640.556641
1172 8.311000 21377.505859 21640.556641
1173 8.319000 21377.505859 21640.556641
1174 8.325000 21377.505859 21640.123047
1175 8.332000 21377.505859 21640.123047
1176 8.338000 21377.505859 21640.123047
1177 8.344000 21377.505859 21640.123047
1178 8.351000 21377.505859 21640.123047
1179 8.358000 21377.505859 21639.849609
1180 8.365000 21377.505859 21638.845703
1181 8.371000 21377.505859 21637.837891
1182 8.377000 21377.505859 21637.837891
1183 8.384000 21377.505859 21635.007813
1184 8.390000 21377.505859 21634.335938
1185 8.397000 21377.505859 21634.335938
1186 8.404000 21377.505859 21634.335938
1187 8.410000 21377.505859 21634.335938
1188 8.419000 21377.505859 21633.625000
1189 8.426000 21377.505859 21633.625000
1190 8.433000 21377.505859 21633.625000
1191 8.439000 21377.505859 21633.625000
1192 8.446000 21377.505859 21633.185547
1193 8.452000 21377.505859 21629.289063
1194 8.459000 21377.505859 21626.912109
1195 8.467000 21377.505859 21626.912109
1196 8.474000 21377.505859 21626.240234
1197 8.481000 21377.505859 21624.537109
1198 8.490000 21377.505859 21624.537109
1199 8.496000 21377.505859 21622.160156
1200 8.503000 21377.505859 21620.322266
1201 8.510000 21377.505859 21617.947266
1202 8.520000 21377.505859 21617.947266
1203 8.526000 21377.505859 21617.947266
1204 8.535000 21377.505859 21617.947266
1205 8.540000 21377.505859 21617.947266
1206 8.551000 21377.505859 21615.988281
1207 8.559000 21377.505859 21615.988281
1208 8.565000 21377.505859 21613.613281
1209 8.572000 21377.505859 21613.613281
1210 8.577000 21377.505859 21611.234375
1211 8.587000 21377.505859 21611.234375
1212 8.594000 21377.505859 21611.234375
1213 8.601000 21377.505859 21611.234375
1214 8.607000 21377.505859 21608.859375
1215 8.615000 21377.505859 21606.482422
1216 8.621000 21377.505859 21604.107422
1217 8.627000 21377.505859 21604.107422
1218 8.635000 21377.505859 21604.107422
1219 8.641000 21377.505859 21604.107422
1220 8.650000 21377.505859 21604.007813
1221 8.655000 21377.505859 21603.068359
1222 8.662000 21377.505859 21603.068359
1223 8.671000 21377.505859 21603.068359
1224 8.678000 21377.505859 21603.068359
1225 8.684000 21377.505859 21600.693359
1226 8.690000 21377.505859 21595.500000
1227 8.696000 21377.505859 21591.785156
1228 8.704000 21377.505859 21591.687500
1229 8.710000 21377.505859 21591.687500
1230 8.720000 21377.505859 21589.310547
1231 8.725000 21377.505859 21585.097656
1232 8.732000 21377.505859 21585.097656
1233 8.739000 21377.505859 21582.720703
1234 8.745000 21377.505859 21582.720703
1235 8.752000 21377.505859 21582.720703
1236 8.758000 21377.505859 21582.720703
1237 8.765000 21377.505859 21582.720703
1238 8.772000 21377.505859 21580.345703
1239 8.778000 21377.505859 21577.966797
1240 8.786000 21377.505859 21577.966797
1241 8.791000 21377.505859 21577.966797
1242 8.800000 21377.505859 21577.966797
1243 8.806000 21377.505859 21568.880859
1244 8.812000 21377.505859 21566.505859
1245 8.818000 21377.505859 21566.505859
1246 8.824000 21377.505859 21564.126953
1247 8.835000 21377.505859 21561.751953
1248 8.841000 21377.505859 21559.375000
1249 8.849000 21377.505859 21557.000000
1250 8.855000 21377.505859 21557.000000
1251 8.861000 21377.505859 21554.625000
1252 8.870000 21377.505859 21553.945313
1253 8.876000 21377.505859 21553.945313
1254 8.887000 21377.505859 21553.945313
1255 8.893000 21377.505859 21553.945313
1256 8.900000 21377.505859 21551.570313
1257 8.906000 21377.505859 21549.195313
1258 8.912000 21377.505859 21548.517578
1259 8.920000 21377.505859 21548.517578
1260 8.927000 21377.505859 21548.517578
1261 8.935000 21377.505859 21548.517578
1262 8.940000 21377.505859 21548.517578
1263 8.947000 21377.505859 21548.517578
1264 8.954000 21377.505859 21548.517578
1265 8.960000 21377.505859 21547.238281
1266 8.968000 21377.505859 21547.238281
1267 8.974000 21377.505859 21547.238281
1268 8.983000 21377.505859 21547.238281
1269 8.989000 21377.505859 21547.238281
1270 8.996000 21377.505859 21547.238281
1271 9.003000 21377.505859 21547.238281
1272 9.010000 21377.505859 21547.238281
1273 9.019000 21377.505859 21547.238281
1274 9.026000 21377.505859 21547.238281
1275 9.035000 21377.505859 21547.238281
1276 9.041000 21377.505859 21547.238281
1277 9.047000 21377.505859 21547.238281
1278 9.054000 21377.505859 21547.238281
1279 9.060000 21377.505859 21547.238281
1280 9.069000 21377.505859 21547.238281
1281 9.075000 21377.505859 21547.238281
1282 9.086000 21377.505859 21547.238281
1283 9.092000 21377.505859 21547.234375
1284 9.099000 21377.505859 21547.234375
1285 9.105000 21377.505859 21547.234375
1286 9.111000 21377.505859 21547.234375
1287 9.122000 21377.505859 21547.234375
1288 9.128000 21377.505859 21547.234375
1289 9.136000 21377.505859 21547.234375
1290 9.142000 21377.505859 21547.234375
1291 9.150000 21377.505859 21547.234375
1292 9.156000 21377.505859 21547.234375
1293 9.162000 21377.505859 21547.234375
1294 9.170000 21377.505859 21547.234375
1295 9.175000 21377.505859 21547.234375
1296 9.182000 21377.505859 21547.234375
1297 9.188000 21377.505859 21547.234375
1298 9.194000 21377.505859 21547.234375
1299 9.202000 21377.505859 21547.234375
1300 9.208000 21377.505859 21547.234375
1301 9.217000 21377.505859 21547.234375
1302 9.222000 21377.505859 21547.234375
1303 9.230000 21377.505859 21547.234375
1304 9.237000 21377.505859 21547.234375
1305 9.243000 21377.505859 21547.234375
1306 9.252000 21377.505859 21547.234375
1307 9.258000 21377.505859 21547.234375
1308 9.267000 21377.505859 21547.234375
1309 9.274000 21377.505859 21547.234375
1310 9.280000 21377.505859 21547.234375
1311 9.286000 21377.505859 21545.955078
1312 9.292000 21377.505859 21545.955078
1313 9.301000 21377.505859 21545.955078
1314 9.308000 21377.505859 21545.955078
1315 9.314000 21377.505859 21545.955078
1316 9.321000 21377.505859 21545.955078
1317 9.327000 21377.505859 21545.955078
1318 9.336000 21377.505859 21545.955078
1319 9.341000 21377.505859 21545.955078
1320 9.350000 21377.505859 21545.955078
1321 9.357000 21377.505859 21545.955078
1322 9.364000 21377.505859 21545.955078
1323 9.370000 21377.505859 21545.955078
1324 9.376000 21377.505859 21545.955078
1325 9.384000 21377.505859 21545.955078
1326 9.390000 21377.505859 21545.955078
1327 9.397000 21377.505859 21545.955078
1328 9.404000 21377.505859 21545.955078
1329 9.409000 21377.505859 21545.955078
1330 9.415000 21377.505859 21545.955078
1331 9.422000 21377.505859 21545.955078
1332 9.428000 21377.505859 21545.955078
1333 9.438000 21377.505859 21545.955078
1334 9.444000 21377.505859 21545.955078
1335 9.456000 21377.505859 21545.955078
1336 9.461000 21377.505859 21544.000000
1337 9.468000 21377.505859 21544.000000
1338 9.474000 21377.505859 21544.000000
1339 9.482000 21377.505859 21544.000000
1340 9.488000 21377.505859 21544.000000
1341 9.495000 21377.505859 21544.000000
1342 9.502000 21377.505859 21544.000000
1343 9.508000 21377.505859 21544.000000
1344 9.517000 21377.505859 21544.000000
1345 9.523000 21377.505859 21544.000000
1346 9.529000 21377.505859 21544.000000
1347 9.536000 21377.505859 21544.000000
1348 9.543000 21377.505859 21542.039063
1349 9.550000 21377.505859 21542.039063
1350 9.556000 21377.505859 21542.039063
1351 9.562000 21377.505859 21542.039063
1352 9.570000 21377.505859 21540.080078
1353 9.577000 21377.505859 21540.080078
1354 9.585000 21377.505859 21540.080078
1355 9.591000 21377.505859 21540.080078
1356 9.597000 21377.505859 21540.080078
1357 9.604000 21377.505859 21540.080078
1358 9.609000 21377.505859 21540.080078
1359 9.617000 21377.505859 21540.080078
1360 9.623000 21377.505859 21540.080078
1361 9.631000 21377.505859 21540.080078
1362 9.638000 21377.505859 21540.080078
1363 9.644000 21377.505859 21540.080078
1364 9.652000 21377.505859 21540.080078
1365 9.659000 21377.505859 21540.080078
1366 9.667000 21377.505859 21540.080078
1367 9.673000 21377.505859 21540.080078
1368 9.679000 21377.505859 21540.080078
1369 9.687000 21377.505859 21540.080078
1370 9.692000 21377.505859 21540.080078
1371 9.700000 21377.505859 21540.080078
1372 9.706000 21377.505859 21540.080078
1373 9.716000 21377.505859 21540.080078
1374 9.724000 21377.505859 21538.119141
1375 9.730000 21377.505859 21538.119141
1376 9.737000 21377.505859 21538.119141
1377 9.743000 21377.505859 21538.119141
1378 9.751000 21377.505859 21538.119141
1379 9.758000 21377.505859 21538.119141
1380 9.767000 21377.505859 21538.119141
1381 9.774000 21377.505859 21538.119141
1382 9.783000 21377.505859 21538.119141
1383 9.789000 21377.505859 21538.119141
1384 9.796000 21377.505859 21538.119141
1385 9.804000 21377.505859 21538.119141
1386 9.810000 21377.505859 21538.119141
1387 9.819000 21377.505859 21538.119141
1388 9.824000 21377.505859 21538.119141
1389 9.832000 21377.505859 21538.119141
1390 9.838000 21377.505859 21538.119141
1391 9.844000 21377.505859 21538.119141
1392 9.853000 21377.505859 21538.119141
1393 9.859000 21377.505859 21538.119141
1394 9.866000 21377.505859 21538.119141
1395 9.871000 21377.505859 21538.119141
1396 9.880000 21377.505859 21538.119141
1397 9.887000 21377.505859 21538.119141
1398 9.893000 21377.505859 21536.160156
1399 9.900000 21377.505859 21536.160156
1400 9.906000 21377.505859 21536.160156
1401 9.911000 21377.505859 21534.205078
1402 9.919000 21377.505859 21534.205078
1403 9.925000 21377.505859 21534.205078
1404 9.932000 21377.505859 21534.205078
1405 9.938000 21377.505859 21534.205078
1406 9.944000 21377.505859 21532.244141
1407 9.951000 21377.505859 21532.244141
1408 9.957000 21377.505859 21532.244141
1409 9.965000 21377.505859 21532.244141
1410 9.971000 21377.505859 21532.244141
1411 9.977000 21377.505859 21532.244141
1412 9.988000 21377.505859 21530.285156
1413 9.994000 21377.505859 21530.285156
1414 10.002000 21377.505859 21530.285156
1415 10.007000 21377.505859 21530.285156
1416 10.016000 21377.505859 21530.285156
1417 10.023000 21377.505859 21530.285156
1418 10.032000 21377.505859 21528.324219
1419 10.038000 21377.505859 21528.324219
1420 10.048000 21377.505859 21528.324219
1421 10.055000 21377.505859 21528.324219
1422 10.062000 21377.505859 21528.324219
1423 10.071000 21377.505859 21526.369141
1424 10.077000 21377.505859 21526.369141
1425 10.088000 21377.505859 21526.369141
1426 10.094000 21377.505859 21526.369141
1427 10.102000 21377.505859 21526.369141
1428 10.108000 21377.505859 21526.369141
1429 10.119000 21377.505859 21526.369141
1430 10.125000 21377.505859 21526.369141
1431 10.132000 21377.505859 21526.369141
1432 10.138000 21377.505859 21526.369141
1433 10.145000 21377.505859 21526.369141
1434 10.153000 21377.505859 21526.369141
1435 10.159000 21377.505859 21526.369141
1436 10.168000 21377.505859 21526.369141
1437 10.174000 21377.505859 21526.369141
1438 10.182000 21377.505859 21524.410156
1439 10.187000 21377.505859 21524.410156
1440 10.196000 21377.505859 21524.410156
1441 10.201000 21377.505859 21524.410156
1442 10.207000 21377.505859 21524.410156
1443 10.214000 21377.505859 21524.410156
1444 10.220000 21377.505859 21522.449219
1445 10.226000 21377.505859 21522.449219
1446 10.234000 21377.505859 21522.449219
1447 10.239000 21377.505859 21522.449219
1448 10.246000 21377.505859 21522.449219
1449 10.255000 21377.505859 21520.490234
1450 10.262000 21377.505859 21520.490234
1451 10.268000 21377.505859 21520.490234
1452 10.274000 21377.505859 21520.490234
1453 10.280000 21377.505859 21520.490234
1454 10.287000 21377.505859 21520.490234
1455 10.293000 21377.505859 21520.490234
1456 10.300000 21377.505859 21520.490234
1457 10.306000 21377.505859 21520.490234
1458 10.313000 21377.505859 21520.490234
1459 10.319000 21377.505859 21520.490234
1460 10.325000 21377.505859 21520.490234
1461 10.333000 21377.505859 21518.535156
1462 10.339000 21377.505859 21516.574219
1463 10.347000 21377.505859 21516.574219
1464 10.356000 21377.505859 21516.574219
1465 10.361000 21377.505859 21516.574219
1466 10.369000 21377.505859 21516.574219
1467 10.375000 21377.505859 21516.574219
1468 10.384000 21377.505859 21516.574219
1469 10.390000 21377.505859 21516.574219
1470 10.397000 21377.505859 21516.574219
1471 10.404000 21377.505859 21516.574219
1472 10.410000 21377.505859 21516.574219
1473 10.420000 21377.505859 21516.574219
1474 10.426000 21377.505859 21514.615234
1475 10.435000 21377.505859 21514.615234
1476 10.440000 21377.503906 21514.615234
1477 10.448000 21377.503906 21514.615234
1478 10.454000 21377.503906 21514.615234
1479 10.460000 21377.503906 21514.615234
1480 10.467000 21377.503906 21514.615234
1481 10.473000 21377.503906 21514.615234
1482 10.481000 21377.503906 21512.654297
1483 10.487000 21377.503906 21512.654297
1484 10.494000 21377.503906 21508.740234
1485 10.502000 21377.503906 21508.740234
1486 10.508000 21377.503906 21508.740234
1487 10.518000 21377.503906 21506.779297
1488 10.524000 21377.503906 21504.820313
1489 10.531000 21377.503906 21504.820313
1490 10.537000 21377.503906 21504.820313
1491 10.543000 21377.503906 21504.820313
1492 10.552000 21377.503906 21504.820313
1493 10.558000 21377.503906 21504.820313
1494 10.566000 21377.503906 21504.820313
1495 10.573000 21377.503906 21504.820313
1496 10.581000 21377.503906 21504.820313
1497 10.586000 21377.503906 21504.820313
1498 10.593000 21377.503906 21504.820313
1499 10.600000 21377.503906 21504.820313
1500 10.607000 21377.503906 21504.820313
1501 10.615000 21377.503906 21504.820313
1502 10.621000 21377.503906 21504.820313
1503 10.627000 21377.503906 21504.820313
1504 10.636000 21377.503906 21504.820313
1505 10.642000 21377.503906 21504.820313
1506 10.651000 21377.503906 21504.820313
1507 10.657000 21377.503906 21502.859375
1508 10.669000 21377.503906 21502.859375
1509 10.675000 21377.503906 21502.859375
1510 10.682000 21377.503906 21500.904297
1511 10.688000 21377.503906 21500.904297
1512 10.694000 21377.503906 21500.904297
1513 10.703000 21377.503906 21498.945313
1514 10.709000 21377.503906 21496.984375
1515 10.719000 21377.503906 21495.025391
1516 10.725000 21377.503906 21495.025391
1517 10.735000 21377.503906 21495.025391
1518 10.741000 21377.503906 21495.025391
1519 10.748000 21377.503906 21495.025391
1520 10.753000 21377.503906 21495.025391
1521 10.759000 21377.503906 21495.025391
1522 10.768000 21377.503906 21495.025391
1523 10.774000 21377.503906 21495.025391
1524 10.782000 21377.503906 21495.025391
1525 10.789000 21377.503906 21495.025391
1526 10.797000 21377.503906 21495.025391
1527 10.803000 21377.503906 21495.025391
1528 10.809000 21377.503906 21493.070313
1529 10.820000 21377.503906 21491.109375
1530 10.827000 21377.503906 21491.109375
1531 10.833000 21377.503906 21491.109375
1532 10.840000 21377.503906 21491.109375
1533 10.847000 21377.503906 21491.109375
1534 10.853000 21377.503906 21491.109375
1535 10.860000 21377.503906 21491.109375
1536 10.868000 21377.503906 21491.109375
1537 10.874000 21377.503906 21489.150391
1538 10.882000 21377.503906 21489.150391
1539 10.888000 21377.503906 21489.150391
1540 10.895000 21377.503906 21489.150391
1541 10.902000 21377.503906 21489.150391
1542 10.908000 21377.503906 21489.150391
1543 10.915000 21377.503906 21487.189453
1544 10.923000 21377.503906 21487.189453
1545 10.931000 21377.503906 21486.705078
1546 10.939000 21377.503906 21486.705078
1547 10.947000 21377.503906 21486.705078
1548 10.956000 21377.503906 21485.234375
1549 10.962000 21377.503906 21485.234375
1550 10.971000 21377.503906 21485.234375
1551 10.977000 21377.503906 21485.234375
1552 10.986000 21377.503906 21485.234375
1553 10.993000 21377.503906 21485.234375
1554 11.002000 21377.503906 21483.275391
1555 11.009000 21377.503906 21483.275391
1556 11.017000 21377.503906 21481.314453
1557 11.024000 21377.503906 21481.314453
1558 11.030000 21377.503906 21479.355469
1559 11.037000 21377.503906 21479.355469
1560 11.043000 21377.503906 21479.355469
1561 11.051000 21377.503906 21479.355469
1562 11.057000 21377.503906 21479.355469
1563 11.065000 21377.503906 21479.355469
1564 11.071000 21377.503906 21477.400391
1565 11.078000 21377.503906 21477.400391
1566 11.085000 21377.503906 21477.400391
1567 11.091000 21377.503906 21477.400391
1568 11.097000 21377.503906 21477.400391
1569 11.103000 21377.503906 21477.400391
1570 11.110000 21377.503906 21477.400391
1571 11.117000 21377.503906 21477.400391
1572 11.122000 21377.503906 21477.400391
1573 11.130000 21377.503906 21477.400391
1574 11.136000 21377.503906 21477.400391
1575 11.143000 21377.503906 21475.439453
1576 11.151000 21377.503906 21473.480469
1577 11.157000 21377.503906 21473.480469
1578 11.164000 21377.503906 21471.525391
1579 11.171000 21377.503906 21469.564453
1580 11.177000 21377.503906 21469.564453
1581 11.185000 21377.503906 21467.605469
1582 11.191000 21377.503906 21467.605469
1583 11.199000 21377.503906 21467.605469
1584 11.204000 21377.503906 21467.605469
1585 11.212000 21377.503906 21467.605469
1586 11.219000 21377.503906 21467.605469
1587 11.225000 21377.503906 21467.605469
1588 11.234000 21377.503906 21467.605469
1589 11.239000 21377.503906 21467.605469
1590 11.247000 21377.503906 21467.605469
1591 11.254000 21377.503906 21467.605469
1592 11.260000 21377.503906 21467.605469
1593 11.267000 21377.503906 21467.605469
1594 11.273000 21377.503906 21467.605469
1595 11.281000 21377.503906 21465.644531
1596 11.287000 21377.503906 21463.689453
1597 11.294000 21377.503906 21463.689453
1598 11.302000 21377.503906 21463.689453
1599 11.308000 21377.503906 21463.689453
1600 11.317000 21377.503906 21461.730469
1601 11.324000 21377.503906 21461.240234
1602 11.333000 21377.503906 21459.279297
1603 11.338000 21377.503906 21459.279297
1604 11.347000 21377.503906 21459.279297
1605 11.353000 21377.503906 21457.810547
1606 11.359000 21377.503906 21457.810547
1607 11.365000 21377.503906 21457.810547
1608 11.371000 21377.503906 21455.855469
1609 11.378000 21377.503906 21455.855469
1610 11.385000 21377.503906 21455.855469
1611 11.391000 21377.503906 21455.855469
1612 11.399000 21377.503906 21455.855469
1613 11.404000 21377.503906 21455.855469
1614 11.412000 21377.503906 21455.855469
1615 11.419000 21377.503906 21453.894531
1616 11.425000 21377.503906 21453.894531
1617 11.431000 21377.503906 21453.894531
1618 11.438000 21377.503906 21453.894531
1619 11.445000 21377.503906 21453.894531
1620 11.451000 21377.503906 21453.894531
1621 11.457000 21377.503906 21451.935547
1622 11.465000 21377.503906 21451.935547
1623 11.471000 21377.503906 21451.935547
1624 11.480000 21377.503906 21449.974609
1625 11.486000 21377.503906 21449.974609
1626 11.491000 21377.503906 21449.974609
1627 11.497000 21377.503906 21449.974609
1628 11.504000 21377.503906 21448.019531
1629 11.510000 21377.503906 21448.019531
1630 11.516000 21377.503906 21448.019531
1631 11.523000 21377.503906 21448.019531
1632 11.529000 21377.503906 21448.019531
1633 11.536000 21377.503906 21448.019531
1634 11.542000 21377.503906 21448.019531
1635 11.549000 21377.503906 21448.019531
1636 11.555000 21377.503906 21448.019531
1637 11.562000 21377.503906 21446.060547
1638 11.568000 21377.503906 21444.099609
1639 11.574000 21377.503906 21444.099609
1640 11.582000 21377.503906 21444.099609
1641 11.588000 21377.503906 21444.099609
1642 11.593000 21377.503906 21444.099609
1643 11.601000 21377.503906 21444.099609
1644 11.606000 21377.503906 21442.140625
1645 11.615000 21377.503906 21442.140625
1646 11.620000 21377.503906 21442.140625
1647 11.628000 21377.503906 21442.140625
1648 11.636000 21377.503906 21440.185547
1649 11.642000 21377.503906 21440.185547
1650 11.651000 21377.503906 21440.185547
1651 11.657000 21377.503906 21440.185547
1652 11.665000 21377.503906 21440.185547
1653 11.671000 21377.503906 21440.185547
1654 11.680000 21377.503906 21440.185547
1655 11.685000 21377.503906 21438.224609
1656 11.691000 21377.503906 21438.224609
1657 11.699000 21377.503906 21438.224609
1658 11.705000 21377.503906 21438.224609
1659 11.713000 21377.503906 21436.265625
1660 11.719000 21377.503906 21434.304688
1661 11.726000 21377.503906 21434.304688
1662 11.733000 21377.503906 21432.349609
1663 11.739000 21377.503906 21432.349609
1664 11.748000 21377.503906 21432.349609
1665 11.754000 21377.503906 21432.349609
1666 11.761000 21377.503906 21430.390625
1667 11.768000 21377.503906 21430.390625
1668 11.774000 21377.503906 21426.470703
1669 11.782000 21377.503906 21426.470703
1670 11.788000 21377.503906 21424.515625
1671 11.795000 21377.503906 21424.515625
1672 11.802000 21377.503906 21424.515625
1673 11.809000 21377.503906 21424.515625
1674 11.817000 21377.503906 21422.554688
1675 11.825000 21377.503906 21422.554688
1676 11.831000 21377.503906 21422.554688
1677 11.838000 21377.503906 21422.554688
1678 11.845000 21377.503906 21422.554688
1679 11.851000 21377.503906 21422.554688
1680 11.857000 21377.503906 21422.554688
1681 11.865000 21377.503906 21422.554688
1682 11.873000 21377.503906 21420.595703
1683 11.881000 21377.503906 21420.595703
1684 11.888000 21377.503906 21420.595703
1685 11.895000 21377.503906 21420.595703
1686 11.902000 21377.503906 21420.595703
1687 11.908000 21377.503906 21420.595703
1688 11.916000 21377.503906 21420.595703
1689 11.922000 21377.503906 21420.595703
1690 11.929000 21377.503906 21420.595703
1691 11.937000 21377.503906 21420.595703
1692 11.943000 21377.503906 21414.720703
1693 11.950000 21377.503906 21414.720703
1694 11.956000 21377.503906 21412.759766
1695 11.964000 21377.503906 21412.759766
1696 11.970000 21377.503906 21410.800781
1697 11.976000 21377.503906 21410.800781
1698 11.984000 21377.503906 21410.800781
1699 11.990000 21377.503906 21410.800781
1700 11.998000 21377.503906 21408.845703
1701 12.004000 21377.503906 21408.845703
1702 12.012000 21377.503906 21408.845703
1703 12.019000 21377.503906 21408.845703
1704 12.025000 21377.503906 21408.845703
1705 12.031000 21377.503906 21408.845703
1706 12.038000 21377.503906 21408.845703
1707 12.048000 21377.503906 21406.884766
1708 12.053000 21377.503906 21406.884766
1709 12.059000 21377.503906 21406.884766
1710 12.066000 21377.503906 21406.884766
1711 12.072000 21377.503906 21406.884766
1712 12.080000 21377.503906 21406.884766
1713 12.085000 21377.503906 21406.884766
1714 12.092000 21377.503906 21406.884766
1715 12.099000 21377.503906 21406.884766
1716 12.106000 21377.503906 21406.884766
1717 12.113000 21377.503906 21406.884766
1718 12.120000 21377.503906 21406.884766
1719 12.126000 21377.503906 21406.884766
1720 12.134000 21377.503906 21406.884766
1721 12.139000 21377.503906 21406.884766
1722 12.150000 21377.503906 21406.884766
1723 12.156000 21377.503906 21406.884766
1724 12.163000 21377.503906 21406.884766
1725 12.170000 21377.503906 21404.925781
1726 12.177000 21377.503906 21402.964844
1727 12.187000 21377.503906 21399.050781
1728 12.195000 21377.503906 21399.050781
1729 12.204000 21377.503906 21399.050781
1730 12.212000 21377.503906 21399.050781
1731 12.218000 21377.503906 21395.130859
1732 12.223000 21377.503906 21393.169922
1733 12.231000 21377.503906 21393.169922
1734 12.237000 21377.503906 21389.255859
1735 12.243000 21377.503906 21389.255859
1736 12.251000 21377.503906 21389.255859
1737 12.257000 21377.503906 21389.255859
1738 12.265000 21377.503906 21389.255859
1739 12.271000 21377.503906 21389.255859
1740 12.283000 21377.503906 21389.255859
1741 12.289000 21377.503906 21389.255859
1742 12.296000 21377.503906 21387.294922
1743 12.303000 21377.503906 21385.335938
1744 12.309000 21377.503906 21385.335938
1745 12.316000 21377.503906 21385.335938
1746 12.323000 21377.503906 21385.335938
1747 12.330000 21377.503906 21381.419922
1748 12.337000 21377.503906 21381.419922
1749 12.343000 21377.503906 21381.419922
1750 12.351000 21377.503906 21381.419922
1751 12.357000 21377.503906 21379.460938
1752 12.363000 21377.503906 21379.460938
1753 12.370000 21377.503906 21379.460938
1754 12.375000 21377.503906 21379.460938
1755 12.383000 21377.503906 21377.501953
1756 12.390000 21377.503906 21377.501953
1757 12.398000 21377.503906 21377.501953
1758 12.404000 21377.503906 21377.501953
1759 12.411000 21377.503906 21377.501953
1760 12.421000 21377.503906 21377.501953
1761 12.427000 21377.503906 21377.501953
1762 12.436000 21377.503906 21377.501953
1763 12.442000 21377.503906 21377.501953
1764 12.450000 21377.503906 21377.501953
1765 12.456000 21377.503906 21377.501953
1766 12.465000 21377.503906 21377.501953
1767 12.471000 21377.503906 21377.501953
1768 12.479000 21377.503906 21377.501953
1769 12.486000 21377.503906 21377.501953
1770 12.492000 21377.503906 21377.501953
1771 12.499000 21377.503906 21377.501953
1772 12.506000 21377.503906 21377.501953
1773 12.515000 21377.503906 21377.501953
1774 12.521000 21377.503906 21377.501953
1775 12.530000 21377.503906 21377.501953
1776 12.536000 21377.503906 21377.501953
1777 12.548000 21377.503906 21377.501953
1778 12.555000 21377.503906 21377.501953
1779 12.561000 21377.503906 21377.501953
1780 12.568000 21377.503906 21377.501953
1781 12.574000 21377.503906 21377.501953
1782 12.581000 21377.503906 21377.501953
1783 12.588000 21377.503906 21377.501953
1784 12.596000 21377.503906 21377.501953
1785 12.603000 21377.503906 21377.501953
1786 12.609000 21377.503906 21377.501953
1787 12.616000 21377.503906 21377.501953
1788 12.622000 21377.503906 21377.501953
1789 12.629000 21377.503906 21377.501953
1790 12.635000 21377.503906 21377.501953
1791 12.641000 21377.503906 21377.501953
1792 12.648000 21377.503906 21377.501953
1793 12.654000 21377.503906 21377.501953
1794 12.661000 21377.503906 21377.501953
1795 12.670000 21377.503906 21377.501953
1796 12.676000 21377.503906 21377.501953
1797 12.685000 21377.503906 21377.501953
1798 12.691000 21377.503906 21377.501953
1799 12.698000 21377.503906 21377.501953
1800 12.704000 21377.503906 21377.501953
1801 12.711000 21377.503906 21377.501953
1802 12.718000 21377.503906 21377.501953
1803 12.724000 21377.503906 21377.501953
1804 12.734000 21377.503906 21377.501953
1805 12.741000 21377.503906 21377.501953
1806 12.750000 21377.503906 21377.501953
1807 12.755000 21377.503906 21377.501953
1808 12.762000 21377.503906 21377.501953
1809 12.769000 21377.503906 21377.501953
1810 12.775000 21377.503906 21377.501953
1811 12.782000 21377.503906 21377.501953
1812 12.788000 21377.503906 21377.501953
1813 12.797000 21377.503906 21377.501953
1814 12.803000 21377.503906 21377.501953
1815 12.813000 21377.503906 21377.501953
1816 12.819000 21377.503906 21377.501953
1817 12.826000 21377.503906 21377.501953
1818 12.832000 21377.503906 21377.501953
1819 12.839000 21377.503906 21377.501953
1820 12.847000 21377.503906 21377.501953
1821 12.852000 21377.503906 21377.501953
1822 12.858000 21377.503906 21377.501953
1823 12.866000 21377.503906 21377.501953
1824 12.872000 21377.503906 21377.501953
1825 12.880000 21377.503906 21377.501953
1826 12.886000 21377.503906 21377.501953
1827 12.891000 21377.503906 21377.501953
1828 12.897000 21377.503906 21377.501953
1829 12.904000 21377.503906 21377.501953
1830 12.911000 21377.503906 21377.501953
1831 12.917000 21377.503906 21377.501953
1832 12.923000 21377.503906 21377.501953
1833 12.931000 21377.503906 21377.501953
1834 12.937000 21377.503906 21377.501953
1835 12.945000 21377.503906 21377.501953
1836 12.951000 21377.503906 21377.501953
1837 12.958000 21377.503906 21377.501953
1838 12.965000 21377.503906 21377.501953
1839 12.972000 21377.503906 21377.501953
1840 12.980000 21377.503906 21377.501953
1841 12.986000 21377.503906 21377.501953
1842 12.992000 21377.503906 21377.501953
1843 13.001000 21377.503906 21377.501953
1844 13.006000 21377.503906 21377.501953
1845 13.014000 21377.503906 21377.501953
1846 13.020000 21377.503906 21377.501953
1847 13.027000 21377.503906 21377.501953
1848 13.035000 21377.503906 21377.501953
1849 13.041000 21377.503906 21377.501953
1850 13.051000 21377.503906 21377.501953
1851 13.058000 21377.503906 21377.501953
1852 13.069000 21377.503906 21377.501953
1853 13.075000 21377.503906 21377.501953
1854 13.086000 21377.503906 21377.501953
1855 13.092000 21377.503906 21377.501953
1856 13.129000 21377.503906 21377.501953
1857 13.141000 21377.503906 21377.501953
1858 13.149000 21377.503906 21377.501953
1859 13.155000 21377.503906 21377.501953
1860 13.163000 21377.503906 21377.501953
1861 13.168000 21377.503906 21377.501953
1862 13.178000 21377.503906 21377.501953
1863 13.185000 21377.503906 21377.501953
1864 13.191000 21377.503906 21377.501953
1865 13.200000 21377.503906 21377.501953
1866 13.207000 21377.503906 21377.501953
1867 13.216000 21377.503906 21377.501953
1868 13.223000 21377.503906 21377.501953
1869 13.230000 21377.503906 21377.501953
1870 13.237000 21377.503906 21377.501953
1871 13.245000 21377.503906 21377.501953
1872 13.251000 21377.503906 21377.501953
1873 13.258000 21377.503906 21377.501953
1874 13.266000 21377.503906 21377.501953
1875 13.273000 21377.503906 21377.501953
1876 13.281000 21377.503906 21377.501953
1877 13.288000 21377.503906 21377.501953
1878 13.295000 21377.503906 21377.501953
1879 13.303000 21377.503906 21377.501953
1880 13.309000 21377.503906 21377.501953
1881 13.317000 21377.503906 21377.501953
1882 13.324000 21377.503906 21377.501953
1883 13.333000 21377.503906 21377.501953
1884 13.339000 21377.503906 21377.501953
1885 13.353000 21377.503906 21377.501953
1886 13.359000 21377.503906 21377.501953
1887 13.369000 21377.503906 21377.501953
1888 13.374000 21377.503906 21377.501953
1889 13.384000 21377.503906 21377.501953
1890 13.390000 21377.503906 21377.501953
1891 13.398000 21377.503906 21377.501953
1892 13.404000 21377.503906 21377.501953
1893 13.411000 21377.503906 21377.501953
1894 13.418000 21377.503906 21377.501953
1895 13.423000 21377.503906 21377.501953
1896 13.431000 21377.503906 21377.501953
1897 13.437000 21377.503906 21377.501953
1898 13.447000 21377.503906 21377.501953
1899 13.453000 21377.503906 21377.501953
1900 13.462000 21377.503906 21377.501953
1901 13.469000 21377.503906 21377.501953
1902 13.477000 21377.503906 21377.501953
1903 13.483000 21377.503906 21377.501953
1904 13.490000 21377.503906 21377.501953
1905 13.498000 21377.503906 21377.501953
1906 13.505000 21377.503906 21377.501953
1907 13.513000 21377.503906 21377.501953
1908 13.520000 21377.503906 21377.501953
1909 13.527000 21377.503906 21377.501953
1910 13.533000 21377.503906 21377.501953
1911 13.539000 21377.503906 21377.501953
1912 13.546000 21377.503906 21377.501953
1913 13.551000 21377.503906 21377.501953
1914 13.557000 21377.503906 21377.501953
1915 13.567000 21377.503906 21377.501953
1916 13.572000 21377.503906 21377.501953
1917 13.580000 21377.503906 21377.501953
1918 13.587000 21377.503906 21377.501953
1919 13.599000 21377.503906 21377.501953
1920 13.605000 21377.503906 21377.501953
1921 13.612000 21377.503906 21377.501953
1922 13.618000 21377.503906 21377.501953
1923 13.625000 21377.503906 21377.501953
1924 13.633000 21377.503906 21377.501953
1925 13.639000 21377.503906 21377.501953
1926 13.648000 21377.503906 21377.501953
1927 13.655000 21377.503906 21377.501953
1928 13.662000 21377.503906 21377.501953
1929 13.669000 21377.503906 21377.501953
1930 13.676000 21377.503906 21377.501953
1931 13.684000 21377.503906 21377.501953
1932 13.690000 21377.503906 21377.501953
1933 13.698000 21377.503906 21377.501953
1934 13.704000 21377.503906 21377.501953
1935 13.714000 21377.503906 21377.501953
1936 13.720000 21377.503906 21377.501953
1937 13.727000 21377.503906 21377.501953
1938 13.733000 21377.503906 21377.501953
1939 13.740000 21377.503906 21377.501953
1940 13.748000 21377.503906 21377.501953
1941 13.755000 21377.503906 21377.501953
1942 13.763000 21377.503906 21377.501953
1943 13.769000 21377.503906 21377.501953
1944 13.776000 21377.503906 21377.501953
1945 13.783000 21377.503906 21377.501953
1946 13.788000 21377.503906 21377.501953
1947 13.795000 21377.503906 21377.501953
1948 13.803000 21377.503906 21377.501953
1949 13.810000 21377.503906 21377.501953
1950 13.817000 21377.503906 21377.501953
1951 13.822000 21377.503906 21377.501953
1952 13.831000 21377.503906 21377.501953
1953 13.837000 21377.503906 21377.501953
1954 13.849000 21377.503906 21377.501953
1955 13.855000 21377.503906 21377.501953
1956 13.863000 21377.503906 21377.501953
1957 13.869000 21377.503906 21377.501953
1958 13.878000 21377.503906 21377.501953
1959 13.885000 21377.503906 21377.501953
1960 13.891000 21377.503906 21377.501953
1961 13.899000 21377.503906 21377.501953
1962 13.906000 21377.503906 21377.501953
1963 13.914000 21377.503906 21377.501953
1964 13.920000 21377.503906 21377.501953
1965 13.928000 21377.503906 21377.501953
1966 13.935000 21377.503906 21377.501953
1967 13.940000 21377.503906 21377.501953
1968 13.949000 21377.503906 21377.501953
1969 13.954000 21377.503906 21377.501953
1970 13.963000 21377.503906 21377.501953
1971 13.969000 21377.503906 21377.501953
1972 13.976000 21377.503906 21377.501953
1973 13.982000 21377.503906 21377.501953
1974 13.988000 21377.503906 21377.501953
1975 13.996000 21377.503906 21377.501953
1976 14.002000 21377.503906 21377.501953
1977 14.008000 21377.503906 21377.501953
1978 14.015000 21377.503906 21377.501953
1979 14.022000 21377.503906 21377.501953
1980 14.029000 21377.503906 21377.501953
1981 14.035000 21377.503906 21377.501953
1982 14.041000 21377.503906 21377.501953
1983 14.051000 21377.503906 21377.501953
1984 14.057000 21377.503906 21377.501953
1985 14.063000 21377.503906 21377.501953
1986 14.069000 21377.503906 21377.501953
1987 14.077000 21377.503906 21377.501953
1988 14.084000 21377.503906 21377.501953
1989 14.090000 21377.503906 21377.501953
1990 14.098000 21377.503906 21377.501953
1991 14.104000 21377.503906 21377.501953
1992 14.112000 21377.503906 21377.501953
1993 14.119000 21377.503906 21377.501953
1994 14.128000 21377.503906 21377.501953
1995 14.135000 21377.503906 21377.501953
1996 14.141000 21377.503906 21377.501953
1997 14.150000 21377.503906 21377.501953
1998 14.156000 21377.503906 21377.501953
1999 14.164000 21377.503906 21377.501953
2000 14.170000 21377.503906 21377.501953
2001 14.178000 21377.503906 21377.501953
2002 14.185000 21377.503906 21377.501953
2003 14.190000 21377.503906 21377.501953
2004 14.199000 21377.503906 21377.501953
2005 14.205000 21377.503906 21377.501953
2006 14.213000 21377.503906 21377.501953
2007 14.218000 21377.503906 21377.501953
2008 14.227000 21377.503906 21377.501953
2009 14.233000 21377.503906 21377.501953
2010 14.239000 21377.503906 21377.501953
2011 14.251000 21377.503906 21377.501953
2012 14.257000 21377.503906 21377.501953
2013 14.264000 21377.503906 21377.501953
2014 14.270000 21377.503906 21377.501953
2015 14.279000 21377.503906 21377.501953
2016 14.285000 21377.503906 21377.501953
2017 14.291000 21377.503906 21377.501953
2018 14.299000 21377.503906 21377.501953
2019 14.305000 21377.503906 21377.501953
2020 14.313000 21377.503906 21377.501953
2021 14.319000 21377.503906 21377.501953
2022 14.325000 21377.503906 21377.501953
2023 14.331000 21377.503906 21377.501953
2024 14.339000 21377.503906 21377.501953
2025 14.348000 21377.503906 21377.501953
2026 14.355000 21377.503906 21377.501953
2027 14.362000 21377.503906 21377.501953
2028 14.369000 21377.503906 21377.501953
2029 14.375000 21377.503906 21377.501953
2030 14.382000 21377.503906 21377.501953
2031 14.388000 21377.503906 21377.501953
2032 14.397000 21377.503906 21377.501953
2033 14.403000 21377.503906 21377.501953
2034 14.410000 21377.503906 21377.501953
2035 14.418000 21377.503906 21377.501953
2036 14.427000 21377.503906 21377.501953
2037 14.434000 21377.503906 21377.501953
2038 14.440000 21377.503906 21377.501953
2039 14.448000 21377.503906 21377.501953
2040 14.455000 21377.503906 21377.501953
2041 14.462000 21377.503906 21377.501953
2042 14.469000 21377.503906 21377.501953
2043 14.476000 21377.503906 21377.501953
2044 14.483000 21377.503906 21377.501953
2045 14.490000 21377.503906 21377.501953
2046 14.499000 21377.503906 21377.501953
2047 14.504000 21377.503906 21377.501953
2048 14.512000 21377.503906 21377.501953
2049 14.521000 21377.503906 21377.501953
2050 14.571000 21377.503906 21377.501953
2051 14.584000 21377.503906 21377.501953
2052 14.597000 21377.503906 21377.501953
2053 14.605000 21377.503906 21377.501953
2054 14.614000 21377.503906 21377.501953
2055 14.620000 21377.503906 21377.501953
2056 14.628000 21377.503906 21377.501953
2057 14.637000 21377.503906 21377.501953
2058 14.644000 21377.503906 21377.501953
2059 14.652000 21377.503906 21377.501953
2060 14.660000 21377.503906 21377.501953
2061 14.671000 21377.503906 21377.501953
2062 14.678000 21377.503906 21377.501953
2063 14.688000 21377.503906 21377.501953
2064 14.694000 21377.503906 21377.501953
2065 14.700000 21377.503906 21377.501953
2066 14.707000 21377.503906 21377.501953
2067 14.714000 21377.503906 21377.501953
2068 14.720000 21377.503906 21377.501953
2069 14.728000 21377.503906 21377.501953
2070 14.735000 21377.503906 21377.501953
2071 14.744000 21377.503906 21377.501953
2072 14.751000 21377.503906 21377.501953
2073 14.756000 21377.503906 21377.501953
2074 14.763000 21377.503906 21377.501953
2075 14.768000 21377.503906 21377.501953
2076 14.774000 21377.503906 21377.501953
2077 14.780000 21377.503906 21377.501953
2078 14.786000 21377.503906 21377.501953
2079 14.796000 21377.503906 21377.501953
2080 14.802000 21377.503906 21377.501953
2081 14.808000 21377.503906 21377.501953
2082 14.815000 21377.503906 21377.501953
2083 14.821000 21377.503906 21377.501953
2084 14.826000 21377.503906 21377.501953
2085 14.833000 21377.503906 21377.501953
2086 14.839000 21377.503906 21377.501953
2087 14.859000 21377.503906 21377.501953
2088 14.865000 21377.503906 21377.501953
2089 14.871000 21377.503906 21377.501953
2090 14.878000 21377.503906 21377.501953
2091 14.883000 21377.503906 21377.501953
2092 14.890000 21377.503906 21377.501953
2093 14.896000 21377.503906 21377.501953
2094 14.903000 21377.503906 21377.501953
2095 14.908000 21377.503906 21377.501953
2096 14.913000 21377.503906 21377.501953
2097 14.921000 21377.503906 21377.501953
2098 14.927000 21377.503906 21377.501953
2099 14.934000 21377.503906 21377.501953
2100 14.940000 21377.503906 21377.501953
2101 14.946000 21377.503906 21377.501953
2102 14.953000 21377.503906 21377.501953
2103 14.959000 21377.503906 21377.501953
2104 14.966000 21377.503906 21377.501953
2105 14.972000 21377.503906 21377.501953
2106 14.979000 21377.503906 21377.501953
2107 14.985000 21377.503906 21377.501953
2108 14.991000 21377.503906 21377.501953
2109 14.997000 21377.503906 21377.501953
2110 15.003000 21377.503906 21377.501953
2111 15.010000 21377.503906 21377.501953
2112 15.017000 21377.503906 21377.501953
2113 15.023000 21377.503906 21377.501953
2114 15.029000 21377.503906 21377.501953
2115 15.036000 21377.503906 21377.501953
2116 15.043000 21377.503906 21377.501953
2117 15.048000 21377.503906 21377.501953
2118 15.055000 21377.503906 21377.501953
2119 15.060000 21377.503906 21377.501953
2120 15.067000 21377.503906 21377.501953
2121 15.075000 21377.503906 21377.501953
2122 15.081000 21377.503906 21377.501953
2123 15.088000 21377.503906 21377.501953
2124 15.099000 21377.503906 21377.501953
2125 15.109000 21377.503906 21377.501953
2126 15.115000 21377.503906 21377.501953
2127 15.121000 21377.503906 21377.501953
2128 15.127000 21377.503906 21377.501953
2129 15.133000 21377.503906 21377.501953
2130 15.139000 21377.503906 21377.501953
2131 15.145000 21377.503906 21377.501953
2132 15.151000 21377.503906 21377.501953
2133 15.159000 21377.503906 21377.501953
2134 15.165000 21377.503906 21377.501953
2135 15.171000 21377.503906 21377.501953
2136 15.177000 21377.503906 21377.501953
2137 15.183000 21377.503906 21377.501953
2138 15.190000 21377.503906 21377.501953
2139 15.197000 21377.503906 21377.501953
2140 15.203000 21377.503906 21377.501953
2141 15.208000 21377.503906 21377.501953
2142 15.214000 21377.503906 21377.501953
2143 15.220000 21377.503906 21377.501953
2144 15.226000 21377.503906 21377.501953
2145 15.232000 21377.503906 21377.501953
2146 15.238000 21377.503906 21377.501953
2147 15.244000 21377.503906 21377.501953
2148 15.250000 21377.503906 21377.501953
2149 15.256000 21377.503906 21377.501953
2150 15.263000 21377.503906 21377.501953
2151 15.271000 21377.503906 21377.501953
2152 15.278000 21377.503906 21377.501953
2153 15.284000 21377.503906 21377.501953
2154 15.289000 21377.503906 21377.501953
2155 15.295000 21377.503906 21377.501953
2156 15.301000 21377.503906 21377.501953
2157 15.307000 21377.503906 21377.501953
2158 15.312000 21377.503906 21377.501953
2159 15.318000 21377.503906 21377.501953
2160 15.324000 21377.503906 21377.501953
2161 15.331000 21377.503906 21377.501953
2162 15.336000 21377.503906 21377.501953
2163 15.344000 21377.503906 21377.501953
2164 15.360000 21377.503906 21377.501953
2165 15.366000 21377.503906 21377.501953
2166 15.372000 21377.503906 21377.501953
2167 15.378000 21377.503906 21377.501953
2168 15.384000 21377.503906 21377.501953
2169 15.391000 21377.503906 21377.501953
2170 15.397000 21377.503906 21377.501953
2171 15.403000 21377.503906 21377.501953
2172 15.410000 21377.503906 21377.501953
2173 15.415000 21377.503906 21377.501953
2174 15.421000 21377.503906 21377.501953
2175 15.427000 21377.503906 21377.501953
2176 15.433000 21377.503906 21377.501953
2177 15.439000 21377.503906 21377.501953
2178 15.446000 21377.503906 21377.501953
2179 15.452000 21377.503906 21377.501953
2180 15.458000 21377.503906 21377.501953
2181 15.464000 21377.503906 21377.501953
2182 15.470000 21377.503906 21377.501953
2183 15.476000 21377.503906 21377.501953
2184 15.482000 21377.503906 21377.501953
2185 15.488000 21377.503906 21377.501953
2186 15.494000 21377.503906 21377.501953
2187 15.500000 21377.503906 21377.501953
2188 15.508000 21377.503906 21377.501953
2189 15.514000 21377.503906 21377.501953
2190 15.520000 21377.503906 21377.501953
2191 15.526000 21377.503906 21377.501953
2192 15.532000 21377.503906 21377.501953
2193 15.539000 21377.503906 21377.501953
2194 15.545000 21377.503906 21377.501953
2195 15.551000 21377.503906 21377.501953
2196 15.557000 21377.503906 21377.501953
2197 15.563000 21377.503906 21377.501953
2198 15.569000 21377.503906 21377.501953
2199 15.576000 21377.503906 21377.501953
2200 15.582000 21377.503906 21377.501953
2201 15.588000 21377.503906 21377.501953
2202 15.598000 21377.503906 21377.501953
2203 15.610000 21377.503906 21377.501953
2204 15.616000 21377.503906 21377.501953
2205 15.622000 21377.503906 21377.501953
2206 15.628000 21377.503906 21377.501953
2207 15.635000 21377.503906 21377.501953
2208 15.641000 21377.503906 21377.501953
2209 15.647000 21377.503906 21377.501953
2210 15.653000 21377.503906 21377.501953
2211 15.659000 21377.503906 21377.501953
2212 15.666000 21377.503906 21377.501953
2213 15.673000 21377.503906 21377.501953
2214 15.679000 21377.503906 21377.501953
2215 15.685000 21377.503906 21377.501953
2216 15.692000 21377.503906 21377.501953
2217 15.698000 21377.503906 21377.501953
2218 15.704000 21377.503906 21377.501953
2219 15.711000 21377.503906 21377.501953
2220 15.717000 21377.503906 21377.501953
2221 15.724000 21377.503906 21377.501953
2222 15.729000 21377.503906 21377.501953
2223 15.736000 21377.503906 21377.501953
2224 15.742000 21377.503906 21377.501953
2225 15.748000 21377.503906 21377.501953
2226 15.754000 21377.503906 21377.501953
2227 15.762000 21377.503906 21377.501953
2228 15.770000 21377.503906 21377.501953
2229 15.777000 21377.503906 21377.501953
2230 15.783000 21377.503906 21377.501953
2231 15.789000 21377.503906 21377.501953
2232 15.795000 21377.503906 21377.501953
2233 15.802000 21377.503906 21377.501953
2234 15.809000 21377.503906 21377.501953
2235 15.814000 21377.503906 21377.501953
2236 15.820000 21377.503906 21377.501953
2237 15.826000 21377.503906 21377.501953
2238 15.832000 21377.503906 21377.501953
2239 15.838000 21377.503906 21377.501953
2240 15.845000 21377.503906 21377.501953
2241 15.860000 21377.503906 21377.501953
2242 15.866000 21377.503906 21377.501953
2243 15.873000 21377.503906 21377.501953
2244 15.879000 21377.503906 21377.501953
2245 15.885000 21377.503906 21377.501953
2246 15.891000 21377.503906 21377.501953
2247 15.897000 21377.503906 21377.501953
2248 15.903000 21377.503906 21377.501953
2249 15.910000 21377.503906 21377.501953
2250 15.916000 21377.503906 21377.501953
2251 15.922000 21377.503906 21377.501953
2252 15.927000 21377.503906 21377.501953
2253 15.934000 21377.503906 21377.501953
2254 15.940000 21377.503906 21377.501953
2255 15.946000 21377.503906 21377.501953
2256 15.952000 21377.503906 21377.501953
2257 15.959000 21377.503906 21377.501953
2258 15.966000 21377.503906 21377.501953
2259 15.971000 21377.503906 21377.501953
2260 15.978000 21377.503906 21377.501953
2261 15.984000 21377.503906 21377.501953
2262 15.990000 21377.503906 21377.501953
2263 15.997000 21377.503906 21377.501953
2264 16.004000 21377.503906 21377.501953
2265 16.010000 21377.503906 21377.501953
2266 16.016000 21377.503906 21377.501953
2267 16.022000 21377.503906 21377.501953
2268 16.029000 21377.503906 21377.501953
2269 16.035000 21377.503906 21377.501953
2270 16.041000 21377.503906 21377.501953
2271 16.048000 21377.503906 21377.501953
2272 16.054000 21377.503906 21377.501953
2273 16.060000 21377.503906 21377.501953
2274 16.066000 21377.503906 21377.501953
2275 16.072000 21377.503906 21377.501953
2276 16.078000 21377.503906 21377.501953
2277 16.084000 21377.503906 21377.501953
2278 16.091000 21377.503906 21377.501953
2279 16.106000 21377.503906 21377.501953
2280 16.113000 21377.503906 21377.501953
2281 16.119000 21377.503906 21377.501953
2282 16.126000 21377.503906 21377.501953
2283 16.131000 21377.503906 21377.501953
2284 16.137000 21377.503906 21377.501953
2285 16.144000 21377.503906 21377.501953
2286 16.149000 21377.503906 21377.501953
2287 16.155000 21377.503906 21377.501953
2288 16.161000 21377.503906 21377.501953
2289 16.167000 21377.503906 21377.501953
2290 16.173000 21377.503906 21377.501953
2291 16.179000 21377.503906 21377.501953
2292 16.186000 21377.503906 21377.501953
2293 16.192000 21377.503906 21377.501953
2294 16.198000 21377.503906 21377.501953
2295 16.204000 21377.503906 21377.501953
2296 16.210000 21377.503906 21377.501953
2297 16.216000 21377.503906 21377.501953
2298 16.222000 21377.503906 21377.501953
2299 16.228000 21377.503906 21377.501953
2300 16.235000 21377.503906 21377.501953
2301 16.241000 21377.503906 21377.501953
2302 16.248000 21377.503906 21377.501953
2303 16.254000 21377.503906 21377.501953
2304 16.260000 21377.503906 21377.501953
2305 16.266000 21377.503906 21377.501953
2306 16.272000 21377.503906 21377.501953
2307 16.278000 21377.503906 21377.501953
2308 16.284000 21377.503906 21377.501953
2309 16.291000 21377.503906 21377.501953
2310 16.297000 21377.503906 21377.501953
2311 16.303000 21377.503906 21377.501953
2312 16.309000 21377.503906 21377.501953
2313 16.316000 21377.503906 21377.501953
2314 16.321000 21377.503906 21377.501953
2315 16.329000 21377.503906 21377.501953
2316 16.334000 21377.503906 21377.501953
2317 16.340000 21377.503906 21377.501953
2318 16.354000 21377.503906 21377.501953
2319 16.365000 21377.503906 21377.501953
2320 16.370000 21377.503906 21377.501953
2321 16.377000 21377.503906 21377.501953
2322 16.384000 21377.503906 21377.501953
2323 16.391000 21377.503906 21377.501953
2324 16.397000 21377.503906 21377.501953
2325 16.403000 21377.503906 21377.501953
2326 16.409000 21377.503906 21377.501953
2327 16.415000 21377.503906 21377.501953
2328 16.421000 21377.503906 21377.501953
2329 16.427000 21377.503906 21377.501953
2330 16.433000 21377.503906 21377.501953
2331 16.439000 21377.503906 21377.501953
2332 16.446000 21377.503906 21377.501953
2333 16.454000 21377.503906 21377.501953
2334 16.462000 21377.503906 21377.501953
2335 16.471000 21377.503906 21377.501953
2336 16.477000 21377.503906 21377.501953
2337 16.483000 21377.503906 21377.501953
2338 16.488000 21377.503906 21377.501953
2339 16.494000 21377.503906 21377.501953
2340 16.501000 21377.503906 21377.501953
2341 16.507000 21377.503906 21377.501953
2342 16.513000 21377.503906 21377.501953
2343 16.518000 21377.503906 21377.501953
2344 16.523000 21377.503906 21377.501953
2345 16.530000 21377.503906 21377.501953
2346 16.537000 21377.503906 21377.501953
2347 16.544000 21377.503906 21377.501953
2348 16.551000 21377.503906 21377.501953
2349 16.558000 21377.503906 21377.501953
2350 16.565000 21377.503906 21377.501953
2351 16.571000 21377.503906 21377.501953
2352 16.576000 21377.503906 21377.501953
2353 16.582000 21377.503906 21377.501953
2354 16.589000 21377.503906 21377.501953
2355 16.596000 21377.503906 21377.501953
2356 16.601000 21377.503906 21377.501953
2357 16.621000 21377.503906 21377.501953
2358 16.627000 21377.503906 21377.501953
2359 16.633000 21377.503906 21377.501953
2360 16.639000 21377.503906 21377.501953
2361 16.644000 21377.503906 21377.501953
2362 16.650000 21377.503906 21377.501953
2363 16.656000 21377.503906 21377.501953
2364 16.662000 21377.503906 21377.501953
2365 16.668000 21377.503906 21377.501953
2366 16.676000 21377.503906 21377.501953
2367 16.682000 21377.503906 21377.501953
2368 16.688000 21377.503906 21377.501953
2369 16.694000 21377.503906 21377.501953
2370 16.700000 21377.503906 21377.501953
2371 16.708000 21377.503906 21377.501953
2372 16.714000 21377.503906 21377.501953
2373 16.720000 21377.503906 21377.501953
2374 16.726000 21377.503906 21377.501953
2375 16.732000 21377.503906 21377.501953
2376 16.738000 21377.503906 21377.501953
2377 16.744000 21377.503906 21377.501953
2378 16.751000 21377.503906 21377.501953
2379 16.756000 21377.503906 21377.501953
2380 16.763000 21377.503906 21377.501953
2381 16.769000 21377.503906 21377.501953
2382 16.776000 21377.503906 21377.501953
2383 16.782000 21377.503906 21377.501953
2384 16.788000 21377.503906 21377.501953
2385 16.794000 21377.503906 21377.501953
2386 16.800000 21377.503906 21377.501953
2387 16.807000 21377.503906 21377.501953
2388 16.813000 21377.503906 21377.501953
2389 16.819000 21377.503906 21377.501953
2390 16.824000 21377.503906 21377.501953
2391 16.830000 21377.503906 21377.501953
2392 16.837000 21377.503906 21377.501953
2393 16.843000 21377.503906 21377.501953
2394 16.850000 21377.503906 21377.501953
2395 16.864000 21377.503906 21377.501953
2396 16.873000 21377.503906 21377.501953
2397 16.880000 21377.503906 21377.501953
2398 16.886000 21377.503906 21377.501953
2399 16.892000 21377.503906 21377.501953
2400 16.898000 21377.503906 21377.501953
2401 16.904000 21377.503906 21377.501953
2402 16.911000 21377.503906 21377.501953
2403 16.917000 21377.503906 21377.501953
2404 16.923000 21377.503906 21377.501953
2405 16.930000 21377.503906 21377.501953
2406 16.936000 21377.503906 21377.501953
2407 16.942000 21377.503906 21377.501953
2408 16.949000 21377.503906 21377.501953
2409 16.956000 21377.503906 21377.501953
2410 16.962000 21377.503906 21377.501953
2411 16.967000 21377.503906 21377.501953
2412 16.974000 21377.503906 21377.501953
2413 16.979000 21377.503906 21377.501953
2414 16.985000 21377.503906 21377.501953
2415 16.991000 21377.503906 21377.501953
2416 16.997000 21377.503906 21377.501953
2417 17.003000 21377.503906 21377.501953
2418 17.009000 21377.503906 21377.501953
2419 17.015000 21377.503906 21377.501953
2420 17.021000 21377.503906 21377.501953
2421 17.027000 21377.503906 21377.501953
2422 17.033000 21377.503906 21377.501953
2423 17.039000 21377.503906 21377.501953
2424 17.045000 21377.503906 21377.501953
2425 17.051000 21377.503906 21377.501953
2426 17.057000 21377.503906 21377.501953
2427 17.064000 21377.503906 21377.501953
2428 17.070000 21377.503906 21377.501953
2429 17.076000 21377.503906 21377.501953
2430 17.082000 21377.503906 21377.501953
2431 17.089000 21377.503906 21377.501953
2432 17.095000 21377.503906 21377.501953
2433 17.101000 21377.503906 21377.501953
2434 17.109000 21377.503906 21377.501953
2435 17.124000 21377.503906 21377.501953
2436 17.130000 21377.503906 21377.501953
2437 17.136000 21377.503906 21377.501953
2438 17.142000 21377.503906 21377.501953
2439 17.148000 21377.503906 21377.501953
2440 17.154000 21377.503906 21377.501953
2441 17.160000 21377.503906 21377.501953
2442 17.166000 21377.503906 21377.501953
2443 17.172000 21377.503906 21377.501953
2444 17.178000 21377.503906 21377.501953
2445 17.186000 21377.503906 21377.501953
2446 17.192000 21377.503906 21377.501953
2447 17.198000 21377.503906 21377.501953
2448 17.204000 21377.503906 21377.501953
2449 17.210000 21377.503906 21377.501953
2450 17.216000 21377.503906 21377.501953
2451 17.223000 21377.503906 21377.501953
2452 17.229000 21377.503906 21377.501953
2453 17.235000 21377.503906 21377.501953
2454 17.241000 21377.503906 21377.501953
2455 17.248000 21377.503906 21377.501953
2456 17.254000 21377.503906 21377.501953
2457 17.261000 21377.503906 21377.501953
2458 17.267000 21377.503906 21377.501953
2459 17.274000 21377.503906 21377.501953
2460 17.283000 21377.503906 21377.501953
2461 17.289000 21377.503906 21377.501953
2462 17.296000 21377.503906 21377.501953
2463 17.302000 21377.503906 21377.501953
2464 17.309000 21377.503906 21377.501953
2465 17.315000 21377.503906 21377.501953
2466 17.320000 21377.503906 21377.501953
2467 17.326000 21377.503906 21377.501953
2468 17.331000 21377.503906 21377.501953
2469 17.338000 21377.503906 21377.501953
2470 17.344000 21377.503906 21377.501953
2471 17.350000 21377.503906 21377.501953
2472 17.355000 21377.503906 21377.501953
2473 17.362000 21377.503906 21377.501953
2474 17.368000 21377.503906 21377.501953
2475 17.387000 21377.503906 21377.501953
2476 17.393000 21377.503906 21377.501953
