0 0.000000 25421.833984 27002.869141
1 0.007000 24862.435547 27002.869141
2 0.015000 24259.964844 26299.345703
3 0.021000 23672.664063 25930.609375
4 0.028000 23672.664063 25654.494141
5 0.036000 23349.169922 25393.123047
6 0.043000 23248.791016 25220.216797
7 0.049000 23248.791016 24983.835938
8 0.056000 22861.443359 24867.689453
9 0.061000 22795.064453 24732.937500
10 0.067000 22627.501953 24567.322266
11 0.074000 22527.125000 24419.675781
12 0.080000 22527.125000 24299.839844
13 0.087000 22475.779297 24176.980469
14 0.093000 22475.779297 24070.818359
15 0.098000 21983.349609 23956.609375
16 0.105000 21983.349609 23847.542969
17 0.111000 21983.349609 23749.929688
18 0.117000 21983.349609 23640.767578
19 0.123000 21983.349609 23582.964844
20 0.129000 21983.349609 23507.625000
21 0.137000 21845.988281 23430.664063
22 0.142000 21733.744141 23368.974609
23 0.148000 21733.744141 23333.080078
24 0.154000 21733.130859 23283.177734
25 0.159000 21733.130859 23214.134766
26 0.165000 21733.130859 23172.318359
27 0.172000 21733.130859 23119.164063
28 0.178000 21652.359375 23076.109375
29 0.185000 21652.359375 23023.056641
30 0.190000 21652.359375 22977.285156
31 0.197000 21652.359375 22943.248047
32 0.203000 21652.359375 22916.037109
33 0.210000 21652.359375 22875.095703
34 0.218000 21652.359375 22859.335938
35 0.224000 21652.359375 22836.169922
36 0.232000 21444.619141 22804.085938
37 0.239000 21444.619141 22768.599609
38 0.245000 21444.619141 22749.837891
39 0.251000 21444.619141 22745.091797
40 0.258000 21444.619141 22720.050781
41 0.265000 21444.619141 22707.392578
42 0.272000 21444.619141 22693.345703
43 0.278000 21444.619141 22685.394531
44 0.285000 21444.619141 22661.261719
45 0.290000 21444.619141 22647.699219
46 0.297000 21444.619141 22636.984375
47 0.303000 21444.619141 22621.210938
48 0.310000 21444.619141 22610.910156
49 0.316000 21444.619141 22591.589844
50 0.322000 21444.619141 22586.197266
51 0.329000 21444.619141 22580.832031
52 0.335000 21444.619141 22573.517578
53 0.342000 21444.619141 22561.599609
54 0.348000 21444.619141 22552.410156
55 0.353000 21444.619141 22549.500000
56 0.360000 21444.619141 22537.199219
57 0.366000 21444.619141 22507.169922
58 0.373000 21444.619141 22502.943359
59 0.380000 21444.619141 22500.615234
60 0.385000 21444.619141 22490.554688
61 0.392000 21444.619141 22481.248047
62 0.398000 21444.619141 22476.367188
63 0.405000 21444.619141 22468.287109
64 0.411000 21444.619141 22463.087891
65 0.417000 21444.619141 22455.060547
66 0.424000 21444.619141 22446.234375
67 0.431000 21444.619141 22445.150391
68 0.439000 21444.619141 22433.562500
69 0.446000 21444.619141 22425.500000
70 0.452000 21444.619141 22423.162109
71 0.458000 21444.619141 22420.935547
72 0.465000 21444.619141 22416.269531
73 0.471000 21444.619141 22396.984375
74 0.477000 21444.619141 22395.660156
75 0.482000 21444.619141 22394.740234
76 0.488000 21444.619141 22387.605469
77 0.494000 21444.619141 22383.126953
78 0.502000 21444.619141 22377.535156
79 0.508000 21444.619141 22372.109375
80 0.515000 21444.619141 22369.804688
81 0.523000 21444.619141 22365.626953
82 0.531000 21444.619141 22365.626953
83 0.536000 21444.619141 22364.779297
84 0.543000 21444.619141 22359.244141
85 0.552000 21444.619141 22357.880859
86 0.557000 21444.619141 22356.863281
87 0.563000 21444.619141 22349.832031
88 0.568000 21444.619141 22349.751953
89 0.575000 21444.619141 22348.296875
90 0.582000 21444.619141 22348.154297
91 0.588000 21444.619141 22347.181641
92 0.595000 21444.619141 22344.976563
93 0.601000 21444.619141 22342.794922
94 0.607000 21444.619141 22337.810547
95 0.613000 21444.619141 22337.810547
96 0.620000 21444.619141 22336.150391
97 0.626000 21444.619141 22325.001953
98 0.633000 21444.619141 22324.488281
99 0.639000 21444.619141 22324.488281
100 0.645000 21444.619141 22323.738281
101 0.651000 21444.619141 22321.855469
102 0.659000 21444.619141 22321.148438
103 0.665000 21444.619141 22312.585938
104 0.672000 21444.619141 22312.585938
105 0.678000 21444.619141 22306.367188
106 0.685000 21444.619141 22305.802734
107 0.691000 21444.619141 22304.505859
108 0.697000 21444.619141 22301.892578
109 0.703000 21444.619141 22300.769531
110 0.710000 21444.619141 22300.669922
111 0.715000 21444.619141 22298.710938
112 0.723000 21444.619141 22298.220703
113 0.729000 21444.619141 22296.591797
114 0.735000 21444.619141 22295.410156
115 0.741000 21444.619141 22294.324219
116 0.747000 21444.619141 22285.259766
117 0.753000 21444.619141 22275.734375
118 0.760000 21444.619141 22273.785156
119 0.765000 21444.619141 22271.464844
120 0.772000 21444.619141 22265.365234
121 0.778000 21444.619141 22265.222656
122 0.784000 21444.619141 22264.359375
123 0.791000 21444.619141 22261.929688
124 0.797000 21444.619141 22259.490234
125 0.802000 21444.619141 22257.365234
126 0.807000 21444.619141 22257.287109
127 0.815000 21444.619141 22256.421875
128 0.821000 21444.619141 22256.421875
129 0.828000 21444.619141 22253.882813
130 0.834000 21444.619141 22252.710938
131 0.840000 21444.619141 22251.960938
132 0.847000 21444.619141 22251.960938
133 0.853000 21444.619141 22251.070313
134 0.859000 21444.619141 22244.935547
135 0.866000 21444.619141 22243.488281
136 0.871000 21444.619141 22243.380859
