0 0.000000 24698.500000 27034.357422
1 0.007000 24412.298828 27034.357422
2 0.015000 24412.298828 27366.095703
3 0.022000 23860.000000 27664.181641
4 0.028000 23667.773438 27820.097656
5 0.033000 23222.070313 28750.568359
6 0.039000 23197.453125 29302.314453
7 0.045000 23197.453125 29138.921875
8 0.051000 23098.464844 29431.216797
9 0.057000 23063.535156 30116.980469
10 0.063000 22950.691406 30058.976563
11 0.071000 22950.691406 30513.089844
12 0.077000 22780.957031 31673.792969
13 0.083000 22563.425781 32042.339844
14 0.090000 22563.425781 33031.984375
15 0.096000 22563.425781 32980.828125
16 0.103000 22563.425781 33274.941406
17 0.110000 22563.425781 33968.734375
18 0.116000 22369.796875 33639.664063
19 0.123000 22369.796875 33437.835938
20 0.129000 22313.708984 34549.921875
21 0.135000 22313.708984 34310.941406
22 0.141000 22269.419922 33733.828125
23 0.147000 22083.734375 33630.398438
24 0.153000 21951.078125 33261.867188
25 0.159000 21951.078125 33038.167969
26 0.166000 21951.078125 33450.414063
27 0.172000 21951.078125 33031.125000
28 0.178000 21951.078125 33152.421875
29 0.197000 21951.078125 33799.789063
30 0.203000 21951.078125 34385.539063
31 0.209000 21951.078125 34916.089844
32 0.215000 21951.078125 34172.250000
33 0.222000 21951.078125 34752.648438
34 0.228000 21951.078125 35173.128906
35 0.234000 21951.078125 36179.203125
36 0.241000 21951.078125 36034.539063
37 0.247000 21951.078125 36762.753906
38 0.254000 21951.078125 36232.183594
39 0.260000 21951.078125 36075.351563
40 0.266000 21951.078125 35446.003906
41 0.273000 21951.078125 34919.296875
42 0.279000 21951.078125 34258.789063
43 0.284000 21951.078125 34351.824219
44 0.290000 21951.078125 34933.093750
45 0.298000 21951.078125 34582.468750
46 0.305000 21951.078125 35354.828125
47 0.310000 21951.078125 35160.234375
48 0.318000 21951.078125 35353.421875
49 0.324000 21951.078125 34924.531250
50 0.330000 21951.078125 34431.503906
51 0.336000 21951.078125 35695.488281
52 0.343000 21946.281250 35158.425781
53 0.349000 21946.281250 35599.746094
54 0.355000 21946.281250 34760.042969
55 0.362000 21933.832031 34159.968750
56 0.368000 21933.832031 33986.628906
57 0.375000 21933.832031 34064.734375
58 0.381000 21933.832031 34228.109375
59 0.387000 21933.832031 35227.511719
60 0.394000 21933.832031 35862.640625
61 0.399000 21933.832031 37399.765625
62 0.406000 21933.832031 37747.429688
63 0.412000 21933.832031 36524.613281
64 0.419000 21933.832031 36128.691406
65 0.426000 21933.832031 36092.222656
66 0.431000 21933.832031 35635.703125
67 0.451000 21933.832031 35820.777344
68 0.458000 21933.832031 37009.710938
69 0.463000 21933.832031 35611.121094
70 0.469000 21933.832031 35819.984375
71 0.475000 21933.832031 35339.398438
72 0.481000 21933.832031 35997.296875
73 0.488000 21933.832031 36265.246094
74 0.494000 21933.832031 35714.121094
75 0.500000 21891.695313 35295.917969
76 0.506000 21891.695313 35862.960938
77 0.513000 21891.695313 34567.128906
78 0.520000 21843.453125 36197.617188
79 0.526000 21843.453125 35134.511719
80 0.533000 21843.453125 35491.679688
81 0.539000 21843.453125 35024.953125
82 0.546000 21843.453125 35434.382813
83 0.553000 21843.453125 36609.546875
84 0.559000 21843.453125 36716.050781
85 0.566000 21843.453125 36117.960938
86 0.572000 21843.453125 36536.109375
87 0.578000 21843.453125 36165.738281
88 0.584000 21843.453125 37256.632813
89 0.590000 21843.453125 37471.925781
90 0.597000 21811.523438 36882.019531
91 0.603000 21811.523438 37044.007813
92 0.609000 21811.523438 36606.828125
93 0.615000 21811.523438 35971.332031
94 0.621000 21811.523438 35709.003906
95 0.627000 21811.523438 35165.074219
96 0.634000 21811.523438 34965.093750
97 0.640000 21811.523438 34942.605469
98 0.646000 21811.523438 35299.570313
99 0.652000 21811.523438 36965.531250
100 0.658000 21811.523438 35378.570313
101 0.665000 21811.523438 35075.296875
102 0.672000 21811.523438 35572.796875
103 0.679000 21811.523438 35931.312500
104 0.690000 21811.523438 35655.164063
105 0.702000 21811.523438 35708.011719
106 0.708000 21811.523438 35370.363281
107 0.714000 21811.523438 35558.410156
108 0.721000 21811.523438 35598.664063
109 0.727000 21811.523438 35372.636719
110 0.733000 21811.523438 35006.476563
111 0.740000 21811.523438 35481.914063
112 0.746000 21811.523438 35612.093750
113 0.753000 21811.523438 35662.558594
114 0.759000 21811.523438 35179.878906
115 0.766000 21811.523438 35705.000000
116 0.772000 21811.523438 34909.921875
117 0.778000 21811.523438 35146.378906
118 0.784000 21811.523438 35932.210938
119 0.789000 21811.523438 35214.578125
120 0.795000 21811.523438 36171.820313
121 0.801000 21811.523438 35689.203125
122 0.807000 21811.523438 35215.386719
123 0.813000 21811.523438 35538.148438
124 0.819000 21811.523438 35764.921875
125 0.825000 21811.523438 36749.105469
126 0.832000 21811.523438 36669.800781
127 0.838000 21811.523438 36818.449219
128 0.845000 21811.523438 35898.156250
129 0.851000 21811.523438 35829.820313
130 0.859000 21811.523438 35879.890625
131 0.868000 21811.523438 35730.609375
132 0.874000 21811.523438 34972.566406
133 0.881000 21811.523438 35707.175781
134 0.888000 21811.523438 35069.191406
135 0.894000 21811.523438 35440.386719
136 0.900000 21811.523438 34967.046875
137 0.906000 21811.523438 35783.839844
138 0.912000 21811.523438 35718.218750
139 0.919000 21811.523438 34958.550781
140 0.925000 21811.523438 35166.968750
141 0.940000 21811.523438 36209.281250
142 0.961000 21811.523438 35937.929688
143 0.967000 21811.523438 34763.511719
144 0.974000 21811.523438 34954.609375
145 0.981000 21811.523438 35423.316406
146 0.988000 21811.523438 35603.507813
147 0.994000 21811.523438 35038.593750
148 1.000000 21811.523438 34741.773438
149 1.007000 21811.523438 34356.695313
150 1.014000 21811.523438 34181.667969
151 1.020000 21811.523438 35125.343750
152 1.027000 21811.523438 34607.699219
153 1.034000 21811.523438 33356.492188
154 1.041000 21811.523438 34306.933594
155 1.049000 21811.523438 35413.421875
156 1.055000 21811.523438 35316.335938
157 1.063000 21811.523438 36119.476563
158 1.071000 21811.523438 35920.183594
159 1.078000 21811.523438 35133.238281
160 1.087000 21811.523438 35510.269531
161 1.093000 21811.523438 35810.031250
162 1.100000 21811.523438 35875.601563
163 1.106000 21811.523438 35245.441406
164 1.113000 21811.523438 36130.460938
165 1.119000 21811.523438 36106.601563
166 1.127000 21811.523438 36180.121094
167 1.135000 21811.523438 36310.277344
168 1.142000 21811.523438 36291.589844
169 1.149000 21811.523438 35999.132813
170 1.154000 21811.523438 36456.804688
171 1.161000 21811.523438 36410.421875
172 1.167000 21811.523438 36607.058594
173 1.173000 21811.523438 36322.128906
174 1.181000 21811.523438 36035.820313
175 1.201000 21811.523438 37376.183594
176 1.207000 21811.523438 38204.339844
177 1.213000 21811.523438 38019.734375
178 1.219000 21811.523438 37019.671875
179 1.227000 21811.523438 37011.492188
180 1.233000 21490.111328 36606.816406
181 1.240000 21490.111328 36809.578125
182 1.246000 21490.111328 36111.875000
183 1.252000 21490.111328 36550.726563
184 1.258000 21490.111328 36882.968750
185 1.265000 21490.111328 36672.335938
186 1.270000 21490.111328 37402.218750
187 1.277000 21490.111328 36340.164063
188 1.283000 21490.111328 35389.890625
189 1.290000 21490.111328 35675.765625
190 1.296000 21490.111328 36369.523438
191 1.303000 21490.111328 35776.816406
192 1.309000 21490.111328 35279.261719
193 1.315000 21490.111328 35878.699219
194 1.322000 21490.111328 35509.039063
195 1.328000 21490.111328 34640.929688
196 1.334000 21490.111328 35382.113281
197 1.340000 21490.111328 35422.878906
198 1.346000 21490.111328 35895.261719
199 1.352000 21490.111328 35442.953125
200 1.358000 21490.111328 34799.324219
201 1.366000 21490.111328 34514.023438
202 1.371000 21490.111328 34775.765625
203 1.377000 21490.111328 36410.488281
204 1.384000 21490.111328 35399.742188
205 1.390000 21490.111328 35123.386719
206 1.396000 21490.111328 34480.917969
207 1.403000 21490.111328 34709.375000
208 1.408000 21490.111328 34295.625000
209 1.415000 21490.111328 35004.808594
210 1.421000 21490.111328 34918.968750
211 1.427000 21490.111328 35657.144531
212 1.432000 21490.111328 35507.621094
213 1.451000 21490.111328 34953.296875
214 1.457000 21490.111328 35845.414063
215 1.464000 21490.111328 35720.484375
216 1.470000 21490.111328 34936.621094
217 1.476000 21490.111328 34156.539063
218 1.483000 21490.111328 33584.132813
219 1.489000 21490.111328 33658.601563
220 1.497000 21490.111328 33124.156250
221 1.503000 21490.111328 34071.828125
222 1.511000 21490.111328 33580.437500
223 1.518000 21490.111328 33042.746094
224 1.524000 21490.111328 33316.101563
225 1.530000 21490.111328 32983.835938
226 1.536000 21490.111328 33827.339844
227 1.543000 21490.111328 33316.984375
228 1.550000 21490.111328 33479.207031
229 1.555000 21490.111328 34771.753906
230 1.563000 21490.111328 34353.753906
231 1.569000 21490.111328 34676.628906
232 1.575000 21490.111328 34810.402344
233 1.581000 21490.111328 34783.414063
234 1.588000 21490.111328 35902.363281
235 1.593000 21490.111328 35141.324219
236 1.599000 21490.111328 34824.324219
237 1.606000 21490.111328 34583.207031
238 1.612000 21490.111328 34957.804688
239 1.617000 21490.111328 34985.859375
240 1.623000 21490.111328 35824.941406
241 1.630000 21490.111328 34371.398438
242 1.637000 21490.111328 34466.558594
243 1.642000 21490.111328 34530.687500
244 1.648000 21490.111328 34829.941406
245 1.654000 21490.111328 34509.199219
246 1.661000 21490.111328 34631.242188
247 1.668000 21490.111328 34964.320313
248 1.675000 21490.111328 34394.437500
249 1.681000 21490.111328 34098.183594
250 1.695000 21490.111328 33781.449219
251 1.702000 21490.111328 33901.664063
252 1.708000 21490.111328 33636.390625
253 1.714000 21490.111328 35073.300781
254 1.720000 21490.111328 35121.238281
255 1.726000 21490.111328 35423.460938
256 1.732000 21490.111328 35280.175781
257 1.738000 21490.111328 34533.800781
258 1.745000 21490.111328 34774.437500
259 1.751000 21490.111328 35873.398438
260 1.758000 21490.111328 35348.203125
261 1.765000 21490.111328 36032.378906
262 1.771000 21490.111328 35248.652344
263 1.777000 21490.111328 35117.765625
264 1.786000 21490.111328 34401.636719
265 1.792000 21490.111328 35588.625000
266 1.799000 21490.111328 36115.386719
267 1.804000 21490.111328 35267.390625
268 1.810000 21490.111328 35569.464844
269 1.819000 21490.111328 35831.777344
270 1.825000 21490.111328 35809.035156
271 1.833000 21490.111328 35410.710938
272 1.838000 21490.111328 34491.042969
273 1.846000 21490.111328 34494.730469
274 1.852000 21490.111328 35942.171875
275 1.857000 21490.111328 36740.953125
276 1.863000 21490.111328 36419.328125
277 1.869000 21490.111328 35863.582031
278 1.876000 21490.111328 35564.808594
279 1.882000 21490.111328 37622.972656
280 1.888000 21490.111328 36345.824219
281 1.895000 21490.111328 37087.238281
282 1.901000 21490.111328 36689.933594
283 1.908000 21490.111328 37293.343750
284 1.914000 21490.111328 36609.316406
285 1.920000 21490.111328 37616.164063
286 1.926000 21490.111328 37527.988281
287 1.933000 21490.111328 36519.238281
288 1.951000 21490.111328 35941.988281
289 1.958000 21490.111328 36208.933594
290 1.964000 21490.111328 36652.585938
291 1.972000 21490.111328 36395.101563
292 1.978000 21490.111328 36471.070313
293 1.985000 21490.111328 35268.277344
294 1.990000 21490.111328 35400.730469
295 1.996000 21490.111328 35702.296875
296 2.003000 21490.111328 35768.167969
297 2.010000 21490.111328 35323.359375
298 2.016000 21490.111328 35078.773438
299 2.022000 21490.111328 34688.011719
300 2.028000 21490.111328 34897.957031
301 2.034000 21490.111328 35242.238281
302 2.040000 21490.111328 36173.847656
303 2.047000 21490.111328 35511.832031
304 2.053000 21490.111328 35561.269531
305 2.060000 21490.111328 35526.988281
306 2.067000 21490.111328 36003.589844
307 2.073000 21490.111328 35643.265625
308 2.080000 21490.111328 35654.230469
309 2.087000 21490.111328 36092.230469
310 2.093000 21490.111328 35247.859375
311 2.099000 21490.111328 36734.000000
312 2.105000 21490.111328 36171.722656
313 2.111000 21490.111328 35663.160156
314 2.118000 21490.111328 35932.511719
315 2.125000 21490.111328 34681.023438
316 2.130000 21490.111328 34315.550781
317 2.137000 21490.111328 34494.167969
318 2.143000 21490.111328 34484.144531
319 2.149000 21490.111328 33773.406250
320 2.156000 21490.111328 34507.941406
321 2.162000 21490.111328 35212.500000
322 2.169000 21490.111328 36267.132813
323 2.175000 21490.111328 36590.968750
324 2.181000 21490.111328 35591.824219
325 2.197000 21490.111328 35636.828125
326 2.202000 21490.111328 35519.550781
327 2.210000 21490.111328 35100.175781
328 2.215000 21490.111328 34593.781250
329 2.222000 21490.111328 35104.964844
330 2.228000 21490.111328 35268.187500
331 2.235000 21490.111328 34824.425781
332 2.242000 21490.111328 36017.312500
333 2.248000 21490.111328 36645.878906
334 2.254000 21490.111328 36914.691406
335 2.261000 21490.111328 37296.425781
336 2.267000 21490.111328 36447.527344
337 2.273000 21490.111328 36569.125000
338 2.279000 21490.111328 36455.625000
339 2.286000 21490.111328 37355.460938
340 2.292000 21490.111328 36649.835938
341 2.298000 21490.111328 36610.757813
342 2.305000 21490.111328 35970.082031
343 2.311000 21490.111328 35464.781250
344 2.317000 21490.111328 35314.121094
345 2.323000 21490.111328 35199.683594
346 2.329000 21490.111328 35438.324219
347 2.336000 21490.111328 35404.207031
348 2.342000 21490.111328 36508.753906
349 2.348000 21490.111328 35832.289063
350 2.353000 21490.111328 35538.039063
351 2.359000 21490.111328 34717.492188
352 2.365000 21490.111328 35061.167969
353 2.371000 21490.111328 35990.960938
354 2.377000 21490.111328 35694.171875
355 2.383000 21490.111328 35987.097656
356 2.389000 21490.111328 35572.628906
357 2.396000 21490.111328 35839.523438
358 2.402000 21490.111328 35679.675781
359 2.407000 21490.111328 36284.300781
360 2.414000 21490.111328 35715.160156
361 2.420000 21490.111328 35328.082031
362 2.426000 21490.111328 35594.746094
363 2.433000 21490.111328 36248.503906
364 2.448000 21490.111328 37132.566406
365 2.455000 21490.111328 36225.128906
366 2.462000 21490.111328 35672.144531
367 2.469000 21490.111328 35567.425781
368 2.475000 21490.111328 35735.527344
369 2.481000 21490.111328 35226.031250
370 2.488000 21490.111328 35785.468750
371 2.494000 21490.111328 35789.769531
372 2.500000 21490.111328 35532.859375
373 2.508000 21490.111328 36055.753906
374 2.514000 21490.111328 36461.917969
375 2.520000 21490.111328 35813.253906
376 2.526000 21490.111328 36744.117188
377 2.532000 21490.111328 36992.128906
378 2.540000 21490.111328 36459.343750
379 2.546000 21490.111328 36059.152344
380 2.553000 21490.111328 36279.074219
381 2.561000 21490.111328 37455.914063
382 2.568000 21490.111328 37051.449219
383 2.574000 21490.111328 35346.035156
384 2.579000 21490.111328 34463.558594
385 2.587000 21490.111328 33880.972656
386 2.593000 21490.111328 33203.058594
387 2.599000 21490.111328 34053.699219
388 2.605000 21490.111328 34396.585938
389 2.611000 21490.111328 35070.765625
390 2.617000 21490.111328 34790.199219
391 2.623000 21490.111328 35431.750000
392 2.630000 21490.111328 35424.914063
393 2.637000 21490.111328 35148.382813
394 2.642000 21490.111328 36188.671875
395 2.649000 21490.111328 37098.183594
396 2.656000 21490.111328 35959.343750
397 2.664000 21490.111328 35955.949219
398 2.670000 21490.111328 35786.867188
399 2.677000 21490.111328 34667.136719
400 2.684000 21490.111328 36073.714844
401 2.703000 21490.111328 35895.027344
402 2.709000 21490.111328 36005.171875
403 2.716000 21490.111328 35353.710938
404 2.722000 21490.111328 35702.726563
405 2.729000 21490.111328 34482.570313
406 2.735000 21490.111328 33586.203125
407 2.740000 21490.111328 33592.507813
408 2.746000 21490.111328 33902.878906
409 2.752000 21490.111328 34171.914063
410 2.759000 21490.111328 34728.718750
411 2.765000 21490.111328 35884.886719
412 2.771000 21490.111328 35055.855469
413 2.777000 21490.111328 34222.652344
414 2.782000 21490.111328 34465.531250
415 2.788000 21490.111328 34896.710938
416 2.796000 21490.111328 35133.929688
417 2.803000 21490.111328 35856.472656
418 2.809000 21490.111328 36919.386719
419 2.815000 21490.111328 37008.566406
420 2.821000 21490.111328 36193.148438
421 2.827000 21490.111328 35904.808594
422 2.833000 21490.111328 35607.875000
423 2.839000 21490.111328 35956.652344
424 2.846000 21490.111328 36708.183594
425 2.853000 21490.111328 36609.230469
426 2.858000 21490.111328 35218.812500
427 2.864000 21490.111328 34742.261719
428 2.870000 21490.111328 35396.640625
429 2.876000 21490.111328 35011.257813
430 2.882000 21490.111328 34879.546875
431 2.888000 21490.111328 33685.960938
432 2.894000 21490.111328 33663.640625
433 2.901000 21490.111328 34792.257813
434 2.906000 21490.111328 34918.613281
435 2.913000 21490.111328 34971.789063
436 2.919000 21490.111328 34296.042969
437 2.925000 21490.111328 34361.460938
438 2.932000 21490.111328 34302.343750
439 2.938000 21490.111328 34180.503906
440 2.953000 21490.111328 34269.671875
441 2.960000 21490.111328 34355.996094
442 2.965000 21490.111328 33829.277344
443 2.971000 21490.111328 34153.210938
444 2.978000 21490.111328 34735.613281
445 2.983000 21490.111328 35040.085938
446 2.990000 21490.111328 35770.285156
447 2.997000 21490.111328 36719.585938
448 3.002000 21490.111328 35436.949219
449 3.009000 21490.111328 36241.718750
450 3.014000 21490.111328 35474.996094
451 3.021000 21490.111328 35336.546875
452 3.026000 21490.111328 35524.484375
453 3.032000 21490.111328 36130.531250
454 3.039000 21490.111328 36094.558594
455 3.045000 21490.111328 35719.988281
456 3.051000 21490.111328 35748.371094
457 3.057000 21490.111328 35817.148438
458 3.064000 21490.111328 36098.382813
459 3.070000 21490.111328 35785.925781
460 3.077000 21490.111328 35093.996094
461 3.082000 21490.111328 34472.371094
462 3.089000 21490.111328 34383.417969
463 3.094000 21490.111328 34899.855469
464 3.101000 21490.111328 34690.320313
465 3.107000 21490.111328 35522.839844
466 3.113000 21490.111328 35994.218750
467 3.120000 21490.111328 34965.175781
468 3.126000 21490.111328 35161.355469
469 3.133000 21490.111328 34643.953125
470 3.139000 21490.111328 35608.093750
471 3.145000 21490.111328 34707.503906
472 3.151000 21490.111328 34040.925781
473 3.157000 21490.111328 34316.316406
474 3.163000 21490.111328 35012.156250
475 3.169000 21490.111328 34423.503906
476 3.175000 21490.111328 34421.281250
477 3.181000 21490.111328 33849.343750
478 3.187000 21490.111328 34654.238281
479 3.203000 21490.111328 34678.121094
480 3.209000 21490.111328 33538.726563
481 3.215000 21490.111328 33841.808594
482 3.221000 21490.111328 34710.554688
483 3.227000 21490.111328 34671.171875
484 3.233000 21490.111328 34892.906250
485 3.239000 21490.111328 34757.039063
486 3.246000 21490.111328 35308.953125
487 3.252000 21490.111328 35158.203125
488 3.258000 21490.111328 36148.691406
489 3.264000 21490.111328 35368.488281
490 3.270000 21490.111328 35063.656250
491 3.276000 21490.111328 34882.199219
492 3.281000 21490.111328 35248.191406
493 3.287000 21490.111328 35755.558594
494 3.293000 21490.111328 35277.835938
495 3.299000 21490.111328 34572.628906
496 3.305000 21490.111328 35241.582031
497 3.312000 21490.111328 34539.101563
498 3.318000 21490.111328 34552.296875
499 3.325000 21490.111328 34285.343750
500 3.332000 21490.111328 34453.796875
501 3.338000 21490.111328 35687.558594
502 3.346000 21490.111328 34982.015625
503 3.381000 21490.111328 35689.046875
504 3.388000 21490.111328 35760.898438
505 3.398000 21490.111328 35371.867188
506 3.404000 21490.111328 35325.425781
507 3.410000 21490.111328 34581.335938
508 3.416000 21490.111328 34347.785156
509 3.422000 21490.111328 34109.402344
510 3.429000 21490.111328 35259.933594
511 3.434000 21490.111328 34964.468750
512 3.441000 21490.111328 35374.480469
513 3.456000 21490.111328 35115.007813
514 3.463000 21490.111328 34776.167969
515 3.469000 21490.111328 34923.335938
516 3.475000 21490.111328 33824.941406
517 3.481000 21490.111328 33800.574219
518 3.487000 21490.111328 33267.328125
519 3.494000 21490.111328 33734.765625
520 3.501000 21490.111328 33530.773438
521 3.508000 21490.111328 33716.484375
522 3.515000 21490.111328 33474.195313
523 3.520000 21490.111328 33609.406250
524 3.526000 21490.111328 33683.710938
525 3.533000 21490.111328 34734.308594
526 3.539000 21490.111328 34551.421875
527 3.546000 21490.111328 34385.113281
528 3.552000 21490.111328 34814.753906
529 3.557000 21490.111328 33780.933594
530 3.563000 21490.111328 33255.773438
531 3.569000 21490.111328 33650.039063
532 3.576000 21490.111328 34458.898438
533 3.582000 21490.111328 34477.140625
534 3.589000 21490.111328 34458.914063
535 3.595000 21490.111328 34298.929688
536 3.601000 21490.111328 35051.433594
537 3.607000 21490.111328 34314.949219
538 3.613000 21490.111328 33604.289063
539 3.619000 21490.111328 34460.546875
540 3.625000 21490.111328 35248.515625
541 3.631000 21490.111328 34573.988281
542 3.637000 21490.111328 35625.804688
543 3.644000 21490.111328 35170.699219
544 3.650000 21490.111328 35598.574219
545 3.657000 21490.111328 36066.289063
546 3.663000 21490.111328 36080.953125
547 3.669000 21490.111328 35067.351563
548 3.675000 21490.111328 34187.117188
549 3.681000 21490.111328 33469.578125
550 3.687000 21490.111328 33861.843750
551 3.698000 21490.111328 33527.562500
552 3.707000 21490.111328 33595.203125
553 3.712000 21490.111328 34381.820313
554 3.718000 21490.111328 34324.074219
555 3.725000 21490.111328 34421.226563
556 3.731000 21490.111328 34956.382813
557 3.738000 21490.111328 35018.921875
558 3.744000 21490.111328 34177.125000
559 3.750000 21490.111328 33560.878906
560 3.757000 21490.111328 33894.726563
561 3.762000 21490.111328 33116.285156
562 3.769000 21490.111328 34097.871094
563 3.775000 21490.111328 34389.843750
564 3.782000 21490.111328 34246.429688
565 3.788000 21490.111328 33241.058594
566 3.793000 21490.111328 33930.726563
567 3.800000 21490.111328 33620.980469
568 3.806000 21490.111328 35068.667969
569 3.811000 21490.111328 34844.308594
570 3.817000 21490.111328 34704.136719
571 3.822000 21490.111328 34507.210938
572 3.828000 21490.111328 33531.324219
573 3.834000 21490.111328 33927.835938
574 3.840000 21490.111328 33858.015625
575 3.847000 21490.111328 34248.718750
576 3.853000 21490.111328 33722.847656
577 3.859000 21490.111328 33881.839844
578 3.865000 21490.111328 34555.605469
579 3.872000 21490.111328 34454.199219
580 3.879000 21490.111328 35170.761719
581 3.885000 21490.111328 34596.199219
582 3.892000 21490.111328 35665.906250
583 3.899000 21490.111328 35295.585938
584 3.904000 21490.111328 35178.843750
585 3.910000 21490.111328 36173.800781
586 3.917000 21490.111328 35050.496094
587 3.923000 21490.111328 34624.917969
588 3.929000 21490.111328 33834.472656
589 3.936000 21490.111328 33934.406250
590 3.941000 21490.111328 33310.800781
591 3.958000 21490.111328 34425.515625
592 3.964000 21490.111328 34632.984375
593 3.970000 21490.111328 35145.640625
594 3.976000 21490.111328 34904.722656
595 3.983000 21490.111328 35383.660156
596 3.990000 21490.111328 34561.472656
597 3.996000 21490.111328 34384.949219
598 4.003000 21490.111328 35269.808594
599 4.008000 21490.111328 34210.910156
600 4.015000 21490.111328 33986.820313
601 4.021000 21490.111328 34025.433594
602 4.027000 21490.111328 34070.710938
603 4.034000 21490.111328 34627.574219
604 4.040000 21490.111328 34001.246094
605 4.046000 21490.111328 34479.390625
606 4.053000 21490.111328 34160.531250
607 4.060000 21490.111328 35555.484375
608 4.066000 21490.111328 35812.589844
609 4.072000 21490.111328 35548.585938
610 4.078000 21490.111328 35098.199219
611 4.084000 21490.111328 34658.613281
612 4.090000 21490.111328 33948.726563
613 4.097000 21490.111328 34323.675781
614 4.103000 21490.111328 34206.406250
615 4.109000 21490.111328 33566.070313
616 4.115000 21490.111328 33477.550781
617 4.122000 21490.111328 34369.542969
618 4.129000 21490.111328 34054.351563
619 4.134000 21490.111328 34086.648438
620 4.140000 21490.111328 34037.066406
621 4.147000 21490.111328 34372.691406
622 4.154000 21490.111328 34640.867188
623 4.160000 21490.111328 34848.468750
624 4.165000 21490.111328 34628.832031
625 4.171000 21490.111328 35229.894531
626 4.177000 21490.111328 35983.128906
627 4.184000 21490.111328 35622.710938
628 4.191000 21490.111328 35604.820313
629 4.203000 21490.111328 35848.562500
630 4.217000 21490.111328 35278.925781
631 4.222000 21490.111328 34754.531250
632 4.229000 21490.111328 34987.953125
633 4.234000 21490.111328 34761.664063
634 4.241000 21490.111328 34836.132813
635 4.247000 21490.111328 34877.359375
636 4.255000 21490.111328 34511.605469
637 4.261000 21490.111328 34017.378906
638 4.266000 21490.111328 34670.183594
639 4.272000 21490.111328 33588.691406
640 4.278000 21490.111328 35886.941406
641 4.286000 21490.111328 35201.789063
642 4.291000 21490.111328 34781.386719
643 4.296000 21490.111328 34644.144531
644 4.302000 21490.111328 34482.914063
645 4.308000 21490.111328 34414.796875
646 4.314000 21490.111328 34436.203125
647 4.320000 21490.111328 34867.195313
648 4.326000 21490.111328 34894.800781
649 4.333000 21490.111328 34205.359375
650 4.339000 21490.111328 33178.933594
651 4.346000 21490.111328 32767.919922
652 4.353000 21490.111328 32710.167969
653 4.359000 21490.111328 33337.101563
654 4.365000 21490.111328 32931.781250
655 4.371000 21490.111328 32389.970703
656 4.378000 21490.111328 33256.015625
657 4.384000 21490.111328 33584.671875
658 4.391000 21490.111328 33445.003906
659 4.397000 21490.111328 32977.277344
660 4.403000 21490.111328 32583.462891
661 4.409000 21490.111328 33870.144531
662 4.415000 21490.111328 35303.375000
663 4.421000 21490.111328 35725.906250
664 4.427000 21490.111328 34872.296875
665 4.433000 21490.111328 34486.019531
666 4.439000 21490.111328 34008.085938
667 4.447000 21490.111328 34658.093750
668 4.462000 21490.111328 34695.652344
669 4.467000 21490.111328 34415.734375
670 4.474000 21490.111328 34704.691406
671 4.480000 21490.111328 34743.546875
672 4.486000 21490.111328 34444.058594
673 4.492000 21490.111328 34897.613281
674 4.499000 21490.111328 34694.664063
675 4.506000 21490.111328 34393.574219
676 4.512000 21490.111328 34944.605469
677 4.518000 21490.111328 35686.511719
678 4.524000 21490.111328 35931.734375
679 4.529000 21490.111328 35777.031250
680 4.535000 21490.111328 35377.261719
681 4.541000 21490.111328 34705.816406
682 4.549000 21490.111328 34380.382813
683 4.555000 21490.111328 34113.636719
684 4.562000 21490.111328 34134.648438
685 4.568000 21490.111328 33549.703125
686 4.574000 21490.111328 33297.953125
687 4.581000 21490.111328 34101.503906
688 4.587000 21490.111328 35442.425781
689 4.594000 21490.111328 35281.734375
690 4.600000 21490.111328 34659.628906
691 4.606000 21490.111328 34680.261719
692 4.611000 21490.111328 35154.273438
693 4.619000 21490.111328 35402.296875
694 4.624000 21490.111328 34040.925781
695 4.631000 21490.111328 34523.953125
696 4.636000 21490.111328 35576.753906
697 4.642000 21490.111328 34163.695313
698 4.648000 21490.111328 33828.550781
699 4.654000 21490.111328 33985.257813
700 4.660000 21490.111328 35036.359375
701 4.666000 21490.111328 34369.339844
702 4.672000 21490.111328 34217.507813
703 4.678000 21490.111328 34161.519531
704 4.684000 21490.111328 35298.628906
705 4.690000 21490.111328 34913.050781
706 4.705000 21490.111328 33757.988281
707 4.715000 21490.111328 34543.785156
708 4.720000 21490.111328 34333.640625
709 4.726000 21490.111328 34869.933594
710 4.732000 21490.111328 34886.003906
711 4.738000 21490.111328 34699.546875
712 4.744000 21490.111328 34292.468750
713 4.750000 21490.111328 34835.066406
714 4.757000 21490.111328 34288.226563
715 4.762000 21490.111328 34591.890625
716 4.768000 21490.111328 34355.605469
717 4.774000 21490.111328 34832.863281
718 4.780000 21490.111328 34145.031250
719 4.786000 21490.111328 34216.320313
720 4.793000 21490.111328 34364.140625
721 4.799000 21490.111328 35780.593750
722 4.806000 21490.111328 34864.371094
723 4.812000 21490.111328 34497.324219
724 4.818000 21490.111328 33902.859375
725 4.825000 21490.111328 34475.511719
726 4.830000 21490.111328 34327.121094
727 4.836000 21490.111328 34791.312500
728 4.843000 21490.111328 34153.101563
729 4.849000 21490.111328 34006.250000
730 4.856000 21490.111328 35054.984375
731 4.862000 21490.111328 34472.164063
732 4.868000 21490.111328 33901.957031
733 4.874000 21490.111328 33584.648438
734 4.881000 21490.111328 33547.261719
735 4.888000 21490.111328 33360.753906
736 4.893000 21490.111328 32949.164063
737 4.900000 21490.111328 33215.378906
738 4.906000 21490.111328 33362.023438
739 4.912000 21490.111328 33080.925781
740 4.918000 21490.111328 34111.453125
741 4.924000 21490.111328 34372.218750
742 4.930000 21490.111328 34355.316406
743 4.937000 21490.111328 33143.375000
744 4.943000 21490.111328 32489.304688
745 4.961000 21490.111328 33292.847656
746 4.968000 21490.111328 33840.691406
747 4.974000 21490.111328 34375.863281
748 4.981000 21490.111328 34191.140625
749 4.987000 21490.111328 34780.937500
750 4.993000 21490.111328 34798.453125
751 4.999000 21490.111328 34486.628906
752 5.005000 21490.111328 34504.683594
753 5.011000 21490.111328 34548.210938
754 5.018000 21490.111328 35315.343750
755 5.024000 21490.111328 35724.914063
756 5.031000 21490.111328 35952.328125
757 5.037000 21490.111328 36109.328125
758 5.043000 21490.111328 35497.601563
759 5.050000 21490.111328 35882.140625
760 5.057000 21490.111328 36140.429688
761 5.064000 21490.111328 36161.023438
762 5.071000 21490.111328 34752.402344
763 5.077000 21490.111328 34688.167969
764 5.083000 21490.111328 34406.171875
765 5.090000 21490.111328 33823.191406
766 5.096000 21490.111328 33978.328125
767 5.103000 21490.111328 34380.035156
768 5.111000 21490.111328 33741.339844
769 5.117000 21490.111328 34478.785156
770 5.123000 21490.111328 34670.707031
771 5.130000 21490.111328 34321.406250
772 5.136000 21490.111328 33589.531250
773 5.143000 21490.111328 32868.148438
774 5.149000 21490.111328 33731.101563
775 5.156000 21490.111328 34053.265625
776 5.163000 21490.111328 34606.425781
777 5.169000 21490.111328 33916.179688
778 5.175000 21490.111328 33767.582031
779 5.181000 21490.111328 33775.273438
780 5.187000 21490.111328 33213.996094
781 5.194000 21490.111328 34494.976563
782 5.209000 21490.111328 33932.175781
783 5.219000 21490.111328 34199.695313
784 5.226000 21490.111328 34326.316406
785 5.232000 21490.111328 35050.996094
786 5.237000 21490.111328 35314.968750
787 5.244000 21490.111328 36345.460938
788 5.250000 21490.111328 35990.863281
789 5.257000 21490.111328 35710.082031
790 5.263000 21490.111328 35894.171875
791 5.271000 21490.111328 35856.945313
792 5.279000 21490.111328 35265.957031
793 5.286000 21490.111328 34550.941406
794 5.293000 21490.111328 34659.921875
795 5.300000 21490.111328 34398.656250
796 5.306000 21490.111328 34557.199219
797 5.313000 21490.111328 34344.171875
798 5.319000 21490.111328 35867.566406
799 5.326000 21490.111328 36872.136719
800 5.333000 21490.111328 35381.101563
801 5.340000 21490.111328 36118.574219
802 5.347000 21490.111328 35475.152344
803 5.353000 21490.111328 35028.613281
804 5.362000 21490.111328 35012.054688
805 5.368000 21490.111328 35604.921875
806 5.377000 21490.111328 36627.539063
807 5.384000 21490.111328 35605.183594
808 5.392000 21490.111328 35885.636719
809 5.399000 21490.111328 35019.101563
810 5.407000 21490.111328 34978.031250
811 5.414000 21490.111328 34408.753906
812 5.422000 21490.111328 35204.609375
813 5.428000 21490.111328 34627.980469
814 5.435000 21490.111328 34761.925781
815 5.446000 21490.111328 34871.808594
816 5.475000 21490.111328 35709.941406
817 5.483000 21490.111328 36200.335938
818 5.490000 21490.111328 36634.820313
819 5.497000 21490.111328 36069.718750
820 5.504000 21490.111328 35449.652344
821 5.510000 21490.111328 35981.058594
822 5.517000 21490.111328 36021.718750
823 5.523000 21490.111328 35663.355469
824 5.530000 21490.111328 35945.507813
825 5.539000 21490.111328 36003.074219
826 5.546000 21490.111328 35327.535156
827 5.553000 21490.111328 34440.132813
828 5.561000 21490.111328 33942.585938
829 5.567000 21490.111328 34400.527344
830 5.574000 21490.111328 34112.367188
831 5.580000 21490.111328 33912.761719
832 5.586000 21490.111328 33866.890625
833 5.593000 21490.111328 33518.660156
834 5.599000 21490.111328 34039.281250
835 5.605000 21490.111328 34100.058594
836 5.613000 21490.111328 33943.218750
837 5.618000 21490.111328 33629.734375
838 5.626000 21490.111328 33678.906250
839 5.632000 21490.111328 33605.007813
840 5.637000 21490.111328 33866.816406
841 5.643000 21490.111328 35231.781250
842 5.649000 21490.111328 35509.035156
843 5.656000 21490.111328 35239.937500
844 5.662000 21490.111328 34425.246094
845 5.668000 21490.111328 35225.460938
846 5.675000 21490.111328 34496.328125
847 5.682000 21490.111328 35285.566406
848 5.688000 21490.111328 35219.894531
849 5.695000 21490.111328 34767.878906
850 5.703000 21490.111328 34477.125000
851 5.717000 21490.111328 35496.820313
852 5.724000 21490.111328 35517.484375
853 5.729000 21490.111328 34968.121094
854 5.735000 21490.111328 35950.253906
855 5.741000 21490.111328 34518.613281
856 5.747000 21490.111328 35745.781250
857 5.752000 21490.111328 35020.628906
858 5.758000 21490.111328 35118.085938
859 5.764000 21490.111328 35452.691406
860 5.771000 21490.111328 35452.578125
861 5.777000 21490.111328 35457.578125
862 5.783000 21490.111328 35203.324219
863 5.789000 21490.111328 36463.414063
864 5.795000 21490.111328 35378.109375
865 5.800000 21490.111328 35950.175781
866 5.807000 21490.111328 35433.523438
867 5.813000 21490.111328 35081.046875
868 5.818000 21490.111328 36215.203125
869 5.824000 21490.111328 36465.496094
870 5.830000 21490.111328 36033.699219
871 5.836000 21490.111328 35331.437500
872 5.843000 21490.111328 36080.980469
873 5.849000 21490.111328 35818.570313
874 5.855000 21490.111328 35173.625000
875 5.862000 21490.111328 34096.664063
876 5.869000 21490.111328 35181.800781
877 5.875000 21490.111328 34691.398438
878 5.881000 21490.111328 34219.347656
879 5.887000 21490.111328 34303.738281
880 5.893000 21490.111328 34073.406250
881 5.899000 21490.111328 34675.210938
882 5.905000 21490.111328 35147.800781
883 5.912000 21490.111328 35663.585938
884 5.918000 21490.111328 35131.859375
885 5.924000 21490.111328 35483.226563
886 5.930000 21490.111328 36280.156250
887 5.935000 21490.111328 35565.734375
888 5.941000 21490.111328 36166.449219
889 5.948000 21490.111328 35795.156250
890 5.964000 21490.111328 36375.156250
891 5.971000 21490.111328 36066.753906
892 5.977000 21490.111328 35728.398438
893 5.984000 21490.111328 36041.308594
894 5.990000 21490.111328 35000.214844
895 5.996000 21490.111328 35194.859375
896 6.003000 21490.111328 34754.007813
897 6.010000 21490.111328 34063.140625
898 6.015000 21490.111328 33918.773438
899 6.020000 21490.111328 34752.972656
900 6.026000 21490.111328 35253.664063
901 6.033000 21490.111328 34016.832031
902 6.039000 21490.111328 33517.039063
903 6.046000 21490.111328 33338.511719
904 6.052000 21490.111328 33277.445313
905 6.058000 21490.111328 33611.191406
906 6.064000 21490.111328 33839.613281
907 6.070000 21490.111328 34419.804688
908 6.076000 21490.111328 34428.449219
909 6.082000 21490.111328 34491.289063
910 6.089000 21490.111328 34646.085938
911 6.094000 21490.111328 34884.101563
912 6.101000 21490.111328 36124.113281
913 6.107000 21490.111328 35616.355469
914 6.114000 21490.111328 35453.886719
915 6.121000 21490.111328 35293.484375
916 6.127000 21490.111328 35637.050781
917 6.133000 21490.111328 36974.679688
918 6.139000 21490.111328 37313.179688
919 6.146000 21490.111328 36901.351563
920 6.152000 21490.111328 36715.960938
921 6.159000 21490.111328 35707.808594
922 6.167000 21490.111328 35631.308594
923 6.174000 21490.111328 35401.726563
924 6.180000 21490.111328 35847.289063
925 6.186000 21490.111328 35500.625000
926 6.193000 21490.111328 35919.671875
927 6.198000 21490.111328 35190.046875
928 6.216000 21490.111328 36471.484375
929 6.222000 21490.111328 36595.792969
930 6.229000 21490.111328 36646.863281
931 6.234000 21490.111328 37135.261719
932 6.240000 21490.111328 36949.191406
933 6.246000 21490.111328 36642.925781
934 6.251000 21490.111328 37385.074219
935 6.260000 21490.111328 37847.023438
936 6.266000 21490.111328 37308.484375
937 6.273000 21490.111328 38223.648438
938 6.279000 21490.111328 37970.414063
939 6.286000 21490.111328 37688.437500
940 6.292000 21490.111328 37045.859375
941 6.298000 21490.111328 37068.484375
942 6.304000 21490.111328 37190.703125
943 6.310000 21490.111328 36698.707031
944 6.316000 21490.111328 36467.238281
945 6.323000 21490.111328 35816.437500
946 6.329000 21490.111328 35646.460938
947 6.335000 21490.111328 35022.597656
948 6.341000 21490.111328 34494.019531
949 6.347000 21490.111328 35509.105469
950 6.355000 21490.111328 35106.691406
951 6.361000 21490.111328 34411.542969
952 6.367000 21490.111328 34949.164063
953 6.373000 21490.111328 34935.968750
954 6.380000 21490.111328 35797.289063
955 6.386000 21490.111328 35576.371094
956 6.392000 21490.111328 36131.660156
957 6.399000 21490.111328 36431.378906
958 6.405000 21490.111328 35840.371094
959 6.410000 21490.111328 35470.175781
960 6.417000 21490.111328 35531.082031
961 6.423000 21490.111328 34982.949219
962 6.429000 21490.111328 35038.171875
963 6.435000 21490.111328 34149.250000
964 6.441000 21490.111328 34099.718750
965 6.448000 21490.111328 34387.500000
966 6.462000 21490.111328 35396.207031
967 6.471000 21490.111328 35211.960938
968 6.477000 21490.111328 35658.664063
969 6.483000 21490.111328 35181.339844
970 6.489000 21490.111328 34786.683594
971 6.495000 21490.111328 35730.449219
972 6.502000 21490.111328 35336.761719
973 6.508000 21490.111328 34356.343750
974 6.513000 21490.111328 35653.148438
975 6.519000 21490.111328 34766.398438
976 6.525000 21490.111328 34384.414063
977 6.531000 21490.111328 34519.335938
978 6.537000 21490.111328 34861.289063
979 6.545000 21490.111328 33997.175781
980 6.550000 21490.111328 34215.726563
981 6.557000 21490.111328 35359.703125
982 6.563000 21490.111328 34983.671875
983 6.570000 21490.111328 34951.703125
984 6.575000 21490.111328 34454.949219
985 6.581000 21490.111328 35519.675781
986 6.587000 21490.111328 35121.929688
987 6.594000 21490.111328 34348.996094
988 6.600000 21490.111328 34273.351563
989 6.607000 21490.111328 34217.710938
990 6.613000 21490.111328 34393.617188
991 6.620000 21490.111328 33997.316406
992 6.626000 21490.111328 34267.097656
993 6.632000 21490.111328 34082.023438
994 6.639000 21490.111328 34447.789063
995 6.645000 21490.111328 34259.308594
996 6.651000 21490.111328 34148.683594
997 6.657000 21490.111328 34862.539063
998 6.663000 21490.111328 35067.546875
999 6.669000 21490.111328 34918.246094
1000 6.675000 21490.111328 34863.601563
1001 6.681000 21490.111328 34956.609375
1002 6.686000 21490.111328 34328.152344
1003 6.693000 21490.111328 34209.742188
1004 6.699000 21490.111328 34124.003906
1005 6.705000 21490.111328 34363.488281
1006 6.712000 21490.111328 34110.628906
1007 6.728000 21490.111328 34214.003906
1008 6.735000 21490.111328 33340.957031
1009 6.740000 21490.111328 33594.359375
1010 6.746000 21490.111328 33762.945313
1011 6.752000 21490.111328 33520.726563
1012 6.758000 21490.111328 34177.101563
1013 6.764000 21490.111328 34147.105469
1014 6.770000 21490.111328 34120.261719
1015 6.776000 21490.111328 34710.976563
1016 6.782000 21490.111328 35932.207031
1017 6.788000 21490.111328 35287.855469
1018 6.794000 21490.111328 35492.621094
1019 6.799000 21490.111328 35918.398438
1020 6.805000 21490.111328 35861.917969
1021 6.811000 21490.111328 35745.933594
1022 6.817000 21490.111328 35890.496094
1023 6.824000 21490.111328 36276.292969
1024 6.830000 21490.111328 35123.488281
1025 6.835000 21490.111328 35291.421875
1026 6.841000 21490.111328 37236.164063
1027 6.847000 21490.111328 36102.683594
1028 6.853000 21490.111328 35721.156250
1029 6.859000 21490.111328 35617.648438
1030 6.865000 21490.111328 35121.894531
1031 6.871000 21490.111328 34517.183594
1032 6.877000 21490.111328 34491.359375
1033 6.883000 21490.111328 34716.003906
1034 6.889000 21490.111328 34173.457031
1035 6.895000 21490.111328 33922.914063
1036 6.901000 21490.111328 34260.437500
1037 6.907000 21490.111328 34660.011719
1038 6.913000 21490.111328 34955.746094
1039 6.920000 21490.111328 34867.312500
1040 6.925000 21490.111328 34633.628906
1041 6.931000 21490.111328 34983.687500
1042 6.937000 21490.111328 35506.539063
1043 6.943000 21490.111328 34703.367188
1044 6.949000 21490.111328 35456.777344
1045 6.955000 21490.111328 35603.066406
1046 6.961000 21490.111328 35346.312500
1047 6.978000 21490.111328 35331.292969
1048 6.984000 21490.111328 34796.378906
1049 6.990000 21490.111328 34864.734375
1050 6.996000 21490.111328 35530.882813
1051 7.002000 21490.111328 34687.007813
1052 7.008000 21490.111328 34487.066406
1053 7.014000 21490.111328 35205.609375
1054 7.020000 21490.111328 35283.328125
1055 7.027000 21490.111328 36051.410156
1056 7.032000 21490.111328 35938.148438
1057 7.037000 21490.111328 36355.078125
1058 7.043000 21490.111328 36743.027344
1059 7.049000 21490.111328 36806.460938
1060 7.055000 21490.111328 35601.351563
1061 7.061000 21490.111328 36251.039063
1062 7.066000 21490.111328 35458.113281
1063 7.072000 21490.111328 36246.902344
1064 7.078000 21490.111328 35843.574219
1065 7.084000 21490.111328 35140.941406
1066 7.090000 21490.111328 35225.011719
1067 7.097000 21490.111328 34838.941406
1068 7.103000 21490.111328 34517.601563
1069 7.108000 21490.111328 35156.800781
1070 7.115000 21490.111328 34558.601563
1071 7.121000 21490.111328 33830.328125
1072 7.127000 21490.111328 33843.554688
1073 7.134000 21490.111328 33423.117188
1074 7.140000 21490.111328 33492.218750
1075 7.146000 21490.111328 33531.570313
1076 7.152000 21490.111328 33780.144531
1077 7.159000 21490.111328 34225.074219
1078 7.165000 21490.111328 34437.988281
1079 7.172000 21490.111328 33966.039063
1080 7.178000 21490.111328 33927.828125
1081 7.184000 21490.111328 33861.863281
1082 7.191000 21490.111328 33384.132813
1083 7.197000 21490.111328 33922.453125
1084 7.203000 21490.111328 34121.066406
1085 7.210000 21490.111328 35217.382813
1086 7.228000 21490.111328 35410.164063
1087 7.234000 21490.111328 35265.523438
1088 7.242000 21490.111328 34563.703125
1089 7.248000 21490.111328 34000.214844
1090 7.253000 21490.111328 33912.835938
1091 7.261000 21490.111328 34032.519531
1092 7.267000 21490.111328 34148.953125
1093 7.273000 21490.111328 34444.339844
1094 7.279000 21490.111328 33849.156250
1095 7.285000 21490.111328 34259.859375
1096 7.292000 21490.111328 34341.542969
1097 7.297000 21490.111328 34954.476563
1098 7.304000 21490.111328 35708.886719
1099 7.309000 21490.111328 35401.949219
1100 7.316000 21490.111328 34864.308594
1101 7.322000 21490.111328 35557.535156
1102 7.328000 21490.111328 35130.738281
1103 7.334000 21490.111328 35901.964844
1104 7.339000 21490.111328 36737.386719
1105 7.346000 21490.111328 36577.652344
1106 7.352000 21490.111328 35934.203125
1107 7.358000 21490.111328 35624.703125
1108 7.364000 21490.111328 36113.214844
1109 7.370000 21490.111328 36682.750000
1110 7.375000 21490.111328 36148.000000
1111 7.381000 21490.111328 35874.515625
1112 7.387000 21490.111328 36854.425781
1113 7.394000 21490.111328 36494.710938
1114 7.399000 21490.111328 36631.054688
1115 7.407000 21490.111328 36104.371094
1116 7.415000 21490.111328 35820.277344
1117 7.421000 21490.111328 35905.648438
1118 7.429000 21490.111328 35990.667969
1119 7.435000 21490.111328 35635.566406
1120 7.441000 21490.111328 36275.050781
1121 7.447000 21490.111328 35920.195313
1122 7.453000 21490.111328 36083.296875
1123 7.459000 21490.111328 36466.031250
1124 7.469000 21490.111328 36421.164063
1125 7.484000 21490.111328 35536.191406
1126 7.491000 21490.111328 35641.230469
1127 7.497000 21490.111328 34867.285156
1128 7.503000 21490.111328 34915.109375
1129 7.510000 21490.111328 35153.734375
1130 7.516000 21490.111328 34838.628906
1131 7.523000 21490.111328 35358.703125
1132 7.529000 21490.111328 35154.363281
1133 7.535000 21490.111328 34353.574219
1134 7.541000 21490.111328 34868.859375
1135 7.548000 21490.111328 35365.753906
1136 7.553000 21490.111328 34892.550781
1137 7.559000 21490.111328 34767.113281
1138 7.565000 21490.111328 35048.316406
1139 7.572000 21490.111328 34509.164063
1140 7.579000 21490.111328 33890.394531
1141 7.585000 21490.111328 33584.566406
1142 7.592000 21490.111328 33602.707031
1143 7.598000 21490.111328 34060.417969
1144 7.605000 21490.111328 33460.273438
1145 7.610000 21490.111328 34038.917969
1146 7.617000 21490.111328 34893.179688
1147 7.623000 21490.111328 34316.347656
1148 7.631000 21490.111328 33596.253906
1149 7.637000 21490.111328 33681.648438
1150 7.642000 21490.111328 33556.710938
1151 7.648000 21490.111328 33199.628906
1152 7.654000 21490.111328 33960.941406
1153 7.660000 21490.111328 34307.351563
1154 7.667000 21490.111328 34127.128906
1155 7.673000 21490.111328 33977.226563
1156 7.679000 21490.111328 34025.320313
1157 7.686000 21490.111328 34099.882813
1158 7.693000 21490.111328 33082.558594
1159 7.699000 21490.111328 33552.156250
1160 7.705000 21490.111328 33110.925781
1161 7.711000 21490.111328 33923.519531
1162 7.727000 21490.111328 34548.136719
1163 7.735000 21490.111328 35290.906250
1164 7.741000 21490.111328 34842.566406
1165 7.747000 21490.111328 35177.355469
1166 7.754000 21490.111328 35252.656250
1167 7.760000 21490.111328 35640.113281
1168 7.766000 21490.111328 35411.058594
1169 7.772000 21490.111328 35117.785156
1170 7.778000 21490.111328 35677.710938
1171 7.783000 21490.111328 36081.164063
1172 7.790000 21490.111328 35816.710938
1173 7.795000 21490.111328 36431.191406
1174 7.801000 21490.111328 35242.363281
1175 7.808000 21490.111328 34965.886719
1176 7.815000 21490.111328 35567.664063
1177 7.821000 21490.111328 34878.800781
1178 7.827000 21490.111328 34701.941406
1179 7.833000 21490.111328 33715.343750
1180 7.838000 21490.111328 33244.562500
