0 0.000000 25421.833984 27103.037109
1 0.007000 24500.464844 27103.037109
2 0.013000 23577.574219 26496.001953
3 0.021000 23264.820313 26098.865234
4 0.025000 23264.820313 25817.476563
5 0.033000 23035.480469 25604.900391
6 0.042000 23035.480469 25408.640625
7 0.047000 23035.480469 25201.539063
8 0.055000 23035.480469 25026.457031
9 0.061000 22493.125000 24852.355469
10 0.067000 22493.125000 24663.634766
11 0.073000 22307.441406 24571.757813
12 0.080000 22243.160156 24430.669922
13 0.087000 22243.160156 24322.380859
14 0.092000 22243.160156 24235.222656
15 0.100000 21690.597656 24092.427734
16 0.106000 21690.597656 23969.705078
17 0.112000 21690.597656 23898.501953
18 0.118000 21690.597656 23793.824219
19 0.124000 21690.597656 23717.619141
20 0.130000 21690.597656 23624.982422
21 0.136000 21690.597656 23538.664063
22 0.143000 21690.597656 23484.445313
23 0.150000 21690.597656 23421.654297
24 0.156000 21690.597656 23366.669922
25 0.163000 21690.597656 23319.142578
26 0.170000 21690.597656 23274.222656
27 0.176000 21690.597656 23225.064453
28 0.183000 21690.597656 23172.523438
29 0.189000 21690.597656 23116.824219
30 0.197000 21688.673828 23080.007813
31 0.204000 21588.296875 23026.535156
32 0.210000 21588.296875 23008.376953
33 0.217000 21489.371094 22984.304688
34 0.223000 21489.371094 22966.773438
35 0.230000 21489.371094 22919.462891
36 0.236000 21489.371094 22897.707031
37 0.244000 21477.529297 22878.304688
38 0.250000 21477.529297 22837.158203
39 0.256000 21477.529297 22798.806641
40 0.262000 21477.529297 22790.113281
41 0.269000 21477.529297 22782.472656
42 0.277000 21477.529297 22767.609375
43 0.283000 21477.529297 22711.193359
44 0.290000 21477.529297 22692.050781
45 0.296000 21477.529297 22675.492188
46 0.302000 21477.529297 22662.892578
47 0.309000 21477.529297 22654.935547
48 0.315000 21477.529297 22642.060547
49 0.322000 21477.529297 22629.152344
50 0.328000 21477.529297 22614.367188
51 0.334000 21477.529297 22596.783203
52 0.341000 21477.529297 22592.623047
53 0.347000 21477.529297 22582.210938
54 0.355000 21477.529297 22571.005859
55 0.361000 21477.529297 22562.828125
56 0.368000 21477.529297 22560.976563
57 0.374000 21477.529297 22554.074219
58 0.381000 21477.529297 22535.585938
59 0.387000 21477.529297 22524.939453
60 0.393000 21477.529297 22515.779297
61 0.400000 21477.529297 22511.187500
62 0.406000 21477.529297 22501.910156
63 0.413000 21477.529297 22491.310547
64 0.420000 21477.529297 22478.150391
65 0.426000 21477.529297 22476.474609
66 0.432000 21477.529297 22473.220703
67 0.439000 21477.529297 22456.769531
68 0.445000 21477.529297 22453.580078
69 0.452000 21477.529297 22451.105469
70 0.458000 21477.529297 22450.115234
71 0.465000 21477.529297 22447.224609
72 0.471000 21477.529297 22442.880859
73 0.478000 21477.529297 22442.710938
74 0.484000 21477.529297 22440.964844
75 0.490000 21477.529297 22433.501953
76 0.496000 21477.529297 22420.117188
77 0.503000 21477.529297 22415.929688
78 0.510000 21477.529297 22399.687500
79 0.516000 21477.529297 22390.806641
80 0.522000 21451.218750 22384.644531
81 0.530000 21451.218750 22373.162109
82 0.536000 21451.218750 22364.943359
83 0.541000 21451.218750 22358.017578
84 0.548000 21451.218750 22348.162109
85 0.555000 21451.218750 22345.865234
86 0.565000 21451.218750 22338.880859
87 0.572000 21451.218750 22336.400391
88 0.578000 21451.212891 22326.269531
89 0.584000 21451.212891 22317.398438
90 0.591000 21451.212891 22311.623047
91 0.598000 21451.212891 22306.285156
92 0.605000 21451.212891 22300.726563
93 0.612000 21451.212891 22297.830078
94 0.618000 21451.212891 22291.498047
95 0.625000 21451.212891 22287.560547
96 0.631000 21451.212891 22286.937500
97 0.637000 21451.212891 22283.710938
98 0.643000 21451.212891 22280.345703
99 0.650000 21451.212891 22278.251953
100 0.661000 21451.212891 22269.402344
101 0.668000 21451.212891 22264.429688
102 0.676000 21451.212891 22261.972656
103 0.682000 21451.212891 22258.693359
104 0.691000 21451.212891 22255.966797
105 0.698000 21451.212891 22255.957031
106 0.707000 21451.212891 22252.974609
107 0.713000 21451.212891 22251.242188
108 0.722000 21451.212891 22251.242188
109 0.729000 21451.212891 22248.777344
110 0.736000 21451.212891 22247.757813
111 0.742000 21451.212891 22247.757813
112 0.750000 21451.212891 22246.679688
113 0.757000 21451.212891 22246.679688
114 0.764000 21451.212891 22244.232422
115 0.770000 21451.212891 22243.609375
116 0.776000 21451.212891 22242.962891
117 0.783000 21451.212891 22242.962891
118 0.789000 21451.212891 22242.962891
119 0.796000 21451.212891 22242.431641
120 0.802000 21451.212891 22237.179688
121 0.808000 21451.212891 22235.935547
122 0.813000 21451.212891 22235.591797
123 0.819000 21451.212891 22232.960938
124 0.825000 21451.212891 22229.220703
125 0.832000 21451.212891 22224.904297
126 0.838000 21451.212891 22221.580078
127 0.844000 21386.464844 22215.667969
128 0.851000 21386.464844 22210.669922
129 0.856000 21386.464844 22204.123047
130 0.862000 21386.464844 22203.000000
131 0.869000 21386.464844 22202.634766
132 0.876000 21386.464844 22202.632813
133 0.882000 21386.464844 22201.498047
134 0.888000 21386.464844 22200.439453
135 0.895000 21386.464844 22198.007813
136 0.902000 21386.464844 22197.890625
137 0.909000 21386.464844 22197.890625
138 0.915000 21386.464844 22197.539063
139 0.922000 21386.464844 22192.964844
140 0.928000 21386.464844 22192.501953
141 0.938000 21386.464844 22190.712891
142 0.944000 21386.464844 22188.392578
143 0.952000 21386.464844 22188.392578
144 0.960000 21386.464844 22187.113281
145 0.966000 21386.464844 22187.113281
146 0.973000 21386.464844 22181.898438
147 0.980000 21386.464844 22181.810547
148 0.987000 21386.464844 22181.810547
149 0.997000 21386.464844 22181.681641
150 1.007000 21386.464844 22181.359375
151 1.017000 21386.464844 22177.363281
152 1.027000 21386.464844 22175.894531
153 1.038000 21386.464844 22174.685547
154 1.046000 21386.464844 22174.386719
155 1.055000 21386.464844 22172.587891
156 1.067000 21386.464844 22172.587891
157 1.079000 21386.464844 22166.429688
158 1.089000 21386.464844 22163.994141
159 1.098000 21386.464844 22163.070313
160 1.105000 21386.464844 22163.070313
161 1.115000 21386.464844 22163.070313
162 1.123000 21386.464844 22162.882813
163 1.131000 21386.464844 22162.197266
164 1.138000 21386.464844 22161.964844
165 1.147000 21386.464844 22157.189453
166 1.154000 21386.464844 22156.970703
167 1.163000 21386.464844 22155.732422
168 1.172000 21386.464844 22154.115234
169 1.180000 21386.464844 22147.818359
170 1.189000 21386.464844 22147.324219
171 1.196000 21386.464844 22147.019531
172 1.203000 21386.464844 22142.880859
173 1.210000 21386.464844 22139.009766
174 1.216000 21386.464844 22139.005859
175 1.224000 21386.464844 22135.328125
176 1.230000 21386.464844 22135.328125
177 1.237000 21386.464844 22134.662109
178 1.243000 21386.464844 22134.662109
179 1.250000 21386.464844 22134.662109
180 1.259000 21386.464844 22130.650391
181 1.267000 21386.464844 22130.257813
182 1.278000 21386.464844 22130.115234
183 1.289000 21386.464844 22121.011719
184 1.298000 21386.464844 22120.890625
185 1.308000 21386.464844 22119.765625
186 1.317000 21386.464844 22118.001953
187 1.325000 21386.464844 22115.544922
188 1.333000 21386.464844 22112.294922
189 1.340000 21386.464844 22111.234375
190 1.347000 21386.464844 22107.007813
191 1.357000 21386.464844 22105.113281
192 1.364000 21386.464844 22105.113281
193 1.371000 21386.464844 22104.679688
194 1.377000 21386.464844 22102.376953
195 1.388000 21386.464844 22100.648438
196 1.396000 21386.464844 22100.648438
197 1.403000 21386.464844 22100.648438
198 1.410000 21386.464844 22099.632813
199 1.416000 21386.464844 22098.876953
200 1.423000 21386.464844 22098.876953
201 1.430000 21386.464844 22098.876953
202 1.437000 21386.464844 22098.742188
203 1.444000 21386.464844 22098.617188
204 1.453000 21386.464844 22096.931641
205 1.460000 21386.464844 22096.839844
206 1.467000 21386.464844 22095.783203
207 1.477000 21386.464844 22095.783203
208 1.487000 21386.464844 22095.783203
209 1.495000 21386.464844 22095.783203
210 1.504000 21386.464844 22095.779297
211 1.510000 21386.464844 22090.587891
212 1.517000 21386.464844 22090.355469
213 1.523000 21386.464844 22090.355469
214 1.530000 21386.464844 22090.355469
215 1.536000 21386.464844 22090.355469
216 1.544000 21386.464844 22089.818359
217 1.551000 21386.464844 22089.529297
218 1.557000 21386.464844 22085.810547
219 1.564000 21386.464844 22085.712891
220 1.570000 21386.464844 22085.107422
221 1.577000 21386.464844 22081.962891
222 1.586000 21386.464844 22081.904297
223 1.593000 21386.464844 22081.904297
224 1.602000 21386.464844 22081.414063
225 1.607000 21386.464844 22080.873047
226 1.613000 21386.464844 22076.255859
227 1.620000 21386.464844 22075.265625
228 1.626000 21386.464844 22073.585938
229 1.633000 21386.464844 22073.382813
230 1.639000 21386.464844 22073.382813
231 1.645000 21386.464844 22073.070313
232 1.653000 21386.464844 22072.994141
233 1.659000 21386.464844 22070.427734
234 1.665000 21386.464844 22070.427734
235 1.671000 21386.464844 22069.898438
236 1.677000 21386.464844 22065.730469
237 1.684000 21386.464844 22065.589844
238 1.690000 21386.464844 22065.589844
239 1.697000 21386.464844 22058.669922
240 1.703000 21386.464844 22058.234375
241 1.710000 21386.464844 22054.498047
242 1.716000 21386.464844 22054.498047
243 1.722000 21386.464844 22051.162109
244 1.729000 21386.464844 22051.097656
245 1.735000 21386.464844 22051.097656
246 1.741000 21386.464844 22050.605469
247 1.747000 21386.464844 22046.873047
248 1.754000 21386.464844 22043.283203
249 1.761000 21386.464844 22038.511719
250 1.767000 21386.464844 22038.115234
251 1.773000 21386.464844 22034.962891
252 1.780000 21386.464844 22034.962891
253 1.785000 21386.464844 22034.876953
254 1.792000 21386.464844 22034.876953
255 1.798000 21386.464844 22028.255859
256 1.804000 21386.464844 22027.966797
257 1.810000 21386.464844 22027.966797
258 1.817000 21386.464844 22015.841797
259 1.823000 21386.464844 22015.132813
260 1.830000 21386.464844 22011.988281
261 1.836000 21386.464844 22011.855469
262 1.843000 21386.464844 22010.500000
263 1.849000 21386.464844 22010.039063
264 1.855000 21386.464844 22010.011719
265 1.861000 21386.464844 22009.550781
266 1.868000 21386.464844 22009.525391
267 1.875000 21386.464844 22009.011719
268 1.881000 21386.464844 22008.169922
269 1.887000 21386.464844 22008.169922
270 1.893000 21386.464844 22008.169922
271 1.900000 21386.464844 22005.845703
272 1.906000 21386.464844 22001.300781
273 1.912000 21386.464844 21999.429688
274 1.918000 21386.464844 21999.427734
275 1.924000 21386.464844 21998.255859
276 1.931000 21386.464844 21998.255859
277 1.938000 21386.464844 21997.824219
278 1.946000 21386.464844 21997.275391
279 1.955000 21386.464844 21997.152344
280 1.960000 21386.464844 21994.384766
281 1.969000 21386.464844 21994.384766
282 1.976000 21386.464844 21994.384766
283 1.983000 21386.464844 21994.384766
284 1.990000 21386.464844 21993.703125
285 1.997000 21386.464844 21990.644531
286 2.003000 21386.464844 21990.644531
287 2.011000 21386.464844 21990.386719
288 2.018000 21386.464844 21990.207031
289 2.025000 21386.464844 21990.033203
290 2.031000 21386.464844 21985.009766
291 2.038000 21386.464844 21981.568359
292 2.044000 21386.464844 21981.568359
293 2.052000 21386.464844 21981.568359
294 2.058000 21386.464844 21981.568359
295 2.065000 21386.464844 21980.033203
296 2.070000 21386.464844 21979.804688
297 2.077000 21386.464844 21977.693359
298 2.084000 21386.464844 21977.662109
299 2.090000 21386.464844 21977.662109
300 2.097000 21386.464844 21977.150391
301 2.103000 21386.464844 21976.470703
302 2.109000 21386.464844 21976.470703
303 2.116000 21386.464844 21975.179688
304 2.122000 21386.464844 21975.179688
305 2.130000 21386.464844 21971.851563
306 2.138000 21386.464844 21971.367188
307 2.145000 21386.464844 21970.814453
308 2.152000 21386.464844 21970.814453
309 2.158000 21386.464844 21970.765625
310 2.165000 21386.464844 21970.765625
311 2.171000 21386.464844 21970.498047
312 2.178000 21386.464844 21970.498047
313 2.185000 21386.464844 21970.285156
314 2.191000 21386.464844 21968.837891
315 2.198000 21386.464844 21965.681641
316 2.203000 21386.464844 21965.267578
317 2.210000 21386.464844 21965.267578
318 2.217000 21386.464844 21965.095703
319 2.224000 21386.464844 21965.095703
320 2.230000 21386.464844 21965.035156
321 2.237000 21386.464844 21965.035156
322 2.242000 21386.464844 21965.035156
323 2.249000 21386.464844 21962.005859
324 2.257000 21386.464844 21961.556641
325 2.264000 21386.464844 21961.328125
326 2.270000 21386.464844 21957.750000
327 2.276000 21386.464844 21957.492188
328 2.282000 21386.464844 21952.828125
329 2.290000 21386.464844 21949.525391
330 2.296000 21386.464844 21949.492188
331 2.303000 21386.464844 21945.587891
332 2.310000 21386.464844 21945.587891
333 2.316000 21386.464844 21941.912109
334 2.321000 21386.464844 21941.912109
335 2.328000 21386.464844 21941.777344
336 2.334000 21386.464844 21941.294922
337 2.340000 21386.464844 21941.294922
338 2.346000 21386.464844 21941.068359
339 2.352000 21386.464844 21939.689453
340 2.357000 21386.464844 21939.642578
341 2.363000 21386.464844 21937.873047
342 2.369000 21386.464844 21935.962891
343 2.374000 21386.464844 21932.734375
344 2.380000 21386.464844 21932.714844
345 2.387000 21386.464844 21932.714844
346 2.393000 21386.464844 21932.714844
347 2.399000 21386.464844 21932.689453
348 2.405000 21386.464844 21929.835938
349 2.411000 21386.464844 21929.835938
350 2.417000 21386.464844 21929.072266
351 2.423000 21386.464844 21928.964844
352 2.430000 21386.464844 21923.224609
353 2.436000 21386.464844 21921.947266
354 2.443000 21386.464844 21921.947266
355 2.449000 21386.464844 21921.574219
356 2.455000 21386.464844 21921.312500
357 2.460000 21386.464844 21921.091797
358 2.467000 21386.464844 21920.917969
359 2.473000 21386.464844 21920.917969
360 2.479000 21386.464844 21917.000000
361 2.485000 21386.464844 21917.000000
362 2.491000 21386.464844 21917.000000
363 2.497000 21386.464844 21917.000000
364 2.502000 21386.464844 21916.841797
365 2.509000 21386.464844 21915.304688
366 2.514000 21386.464844 21914.910156
367 2.521000 21386.464844 21912.017578
368 2.527000 21386.464844 21909.912109
369 2.534000 21386.464844 21909.912109
370 2.540000 21386.464844 21904.480469
371 2.547000 21386.464844 21897.935547
372 2.555000 21386.464844 21897.931641
373 2.564000 21386.464844 21896.644531
374 2.570000 21386.464844 21896.644531
375 2.576000 21386.464844 21896.644531
376 2.583000 21386.464844 21895.873047
377 2.589000 21386.464844 21890.539063
378 2.596000 21386.464844 21890.490234
379 2.602000 21386.464844 21890.351563
380 2.609000 21386.464844 21889.564453
381 2.616000 21386.464844 21889.564453
382 2.622000 21386.464844 21888.976563
383 2.628000 21386.464844 21888.873047
384 2.634000 21386.464844 21882.857422
385 2.640000 21386.464844 21882.857422
386 2.646000 21386.464844 21877.962891
387 2.652000 21386.464844 21876.660156
388 2.659000 21386.464844 21872.509766
389 2.665000 21386.464844 21867.046875
390 2.670000 21386.464844 21866.330078
391 2.677000 21386.464844 21864.384766
392 2.686000 21386.464844 21864.384766
393 2.693000 21386.464844 21864.384766
394 2.700000 21386.464844 21864.324219
395 2.708000 21386.464844 21864.324219
396 2.714000 21386.464844 21863.994141
397 2.721000 21386.464844 21863.074219
398 2.727000 21386.464844 21862.787109
399 2.734000 21386.464844 21858.050781
400 2.742000 21386.464844 21858.052734
401 2.748000 21386.464844 21858.052734
402 2.755000 21386.464844 21858.017578
403 2.762000 21386.464844 21857.863281
404 2.769000 21386.464844 21857.863281
405 2.775000 21386.464844 21857.863281
406 2.783000 21386.464844 21857.347656
407 2.790000 21386.464844 21852.591797
408 2.796000 21386.464844 21849.443359
409 2.804000 21386.464844 21848.972656
410 2.812000 21386.464844 21846.535156
411 2.819000 21386.464844 21844.164063
412 2.826000 21386.464844 21839.750000
413 2.832000 21386.464844 21839.748047
414 2.839000 21386.464844 21836.806641
415 2.845000 21386.464844 21835.507813
416 2.853000 21386.464844 21835.507813
417 2.859000 21386.464844 21835.507813
418 2.867000 21386.464844 21834.332031
419 2.873000 21386.464844 21833.482422
420 2.879000 21386.464844 21830.738281
421 2.885000 21386.464844 21830.738281
422 2.892000 21386.464844 21829.705078
423 2.897000 21386.464844 21826.568359
424 2.904000 21386.464844 21826.568359
425 2.910000 21386.464844 21825.449219
426 2.916000 21386.464844 21824.355469
427 2.922000 21386.464844 21823.292969
428 2.928000 21386.464844 21822.677734
429 2.934000 21386.464844 21822.675781
430 2.941000 21386.464844 21822.675781
431 2.947000 21386.464844 21822.675781
432 2.954000 21386.464844 21821.212891
433 2.960000 21386.464844 21818.546875
434 2.966000 21386.464844 21818.400391
435 2.972000 21386.464844 21814.804688
436 2.978000 21386.464844 21814.158203
437 2.984000 21386.464844 21805.431641
438 2.990000 21386.464844 21805.427734
439 2.996000 21386.464844 21803.607422
440 3.002000 21386.464844 21800.212891
441 3.008000 21386.464844 21798.527344
442 3.013000 21386.464844 21795.226563
443 3.019000 21386.464844 21794.025391
444 3.025000 21386.464844 21793.876953
445 3.033000 21386.464844 21793.876953
446 3.039000 21386.464844 21792.703125
447 3.046000 21386.464844 21792.265625
448 3.053000 21386.464844 21789.804688
449 3.059000 21386.464844 21789.804688
450 3.067000 21386.464844 21781.785156
451 3.073000 21386.464844 21776.427734
452 3.079000 21386.464844 21774.095703
453 3.085000 21386.464844 21773.130859
454 3.091000 21386.464844 21771.384766
455 3.097000 21386.464844 21767.447266
456 3.104000 21386.464844 21767.447266
457 3.110000 21386.464844 21767.222656
458 3.117000 21377.513672 21764.667969
459 3.122000 21377.513672 21761.132813
460 3.128000 21377.513672 21761.134766
461 3.134000 21377.513672 21760.123047
462 3.140000 21377.513672 21755.287109
463 3.147000 21377.513672 21752.429688
464 3.153000 21377.513672 21752.429688
465 3.159000 21377.513672 21752.392578
466 3.166000 21377.513672 21752.392578
467 3.171000 21377.513672 21752.392578
468 3.177000 21377.513672 21752.392578
469 3.183000 21377.513672 21752.150391
470 3.189000 21377.513672 21752.099609
471 3.195000 21377.513672 21752.099609
472 3.201000 21377.513672 21752.099609
473 3.208000 21377.513672 21752.099609
474 3.213000 21377.513672 21751.984375
475 3.219000 21377.513672 21751.984375
476 3.226000 21377.513672 21751.914063
477 3.232000 21377.513672 21751.794922
478 3.238000 21377.513672 21751.685547
479 3.245000 21377.513672 21751.685547
480 3.252000 21377.513672 21751.685547
481 3.258000 21377.513672 21751.484375
482 3.265000 21377.513672 21751.457031
483 3.270000 21377.513672 21751.425781
484 3.276000 21377.513672 21750.171875
485 3.282000 21377.513672 21750.171875
486 3.289000 21377.513672 21749.015625
487 3.295000 21377.513672 21749.015625
488 3.301000 21377.513672 21748.796875
489 3.307000 21377.513672 21748.796875
490 3.314000 21377.513672 21748.796875
491 3.321000 21377.513672 21748.796875
492 3.328000 21377.513672 21748.775391
493 3.335000 21377.513672 21748.775391
494 3.341000 21377.513672 21748.775391
495 3.348000 21377.513672 21748.724609
496 3.354000 21377.513672 21748.724609
497 3.360000 21377.513672 21748.724609
498 3.366000 21377.513672 21748.685547
499 3.372000 21377.513672 21748.472656
500 3.378000 21377.513672 21748.011719
501 3.385000 21377.513672 21747.755859
502 3.393000 21377.513672 21747.755859
503 3.408000 21377.513672 21747.755859
504 3.429000 21377.513672 21747.755859
505 3.437000 21377.513672 21747.755859
506 3.446000 21377.513672 21746.960938
507 3.454000 21377.513672 21746.960938
508 3.463000 21377.513672 21746.744141
509 3.470000 21377.513672 21746.744141
510 3.480000 21377.513672 21746.744141
511 3.488000 21377.513672 21746.744141
512 3.495000 21377.513672 21746.677734
513 3.502000 21377.513672 21746.677734
514 3.511000 21377.513672 21746.677734
515 3.517000 21377.513672 21746.677734
516 3.524000 21377.513672 21746.626953
517 3.532000 21377.513672 21746.626953
518 3.538000 21377.513672 21746.589844
519 3.544000 21377.513672 21746.589844
520 3.551000 21377.513672 21746.589844
521 3.559000 21377.513672 21746.439453
522 3.565000 21377.513672 21746.439453
523 3.571000 21377.513672 21746.439453
524 3.578000 21377.513672 21745.380859
525 3.584000 21377.513672 21745.380859
526 3.590000 21377.513672 21745.304688
527 3.596000 21377.513672 21745.037109
528 3.601000 21377.513672 21745.035156
529 3.607000 21377.513672 21745.017578
530 3.613000 21377.513672 21744.648438
531 3.621000 21377.513672 21744.648438
532 3.627000 21377.513672 21741.292969
533 3.633000 21377.513672 21741.089844
534 3.639000 21377.513672 21741.023438
535 3.645000 21377.513672 21741.023438
536 3.652000 21377.513672 21740.929688
537 3.657000 21377.513672 21739.830078
538 3.663000 21377.513672 21739.830078
539 3.670000 21377.513672 21736.630859
540 3.676000 21377.513672 21736.632813
541 3.683000 21377.513672 21736.632813
542 3.689000 21377.513672 21732.064453
543 3.695000 21377.513672 21731.947266
544 3.702000 21377.513672 21731.669922
545 3.709000 21377.513672 21731.669922
546 3.716000 21377.513672 21731.546875
547 3.722000 21377.513672 21731.546875
548 3.727000 21377.513672 21731.546875
549 3.735000 21377.513672 21731.240234
550 3.740000 21377.513672 21731.240234
551 3.747000 21377.513672 21729.625000
552 3.753000 21377.513672 21729.625000
553 3.760000 21377.513672 21729.625000
554 3.767000 21377.513672 21726.630859
555 3.773000 21377.513672 21726.289063
556 3.781000 21377.513672 21722.074219
557 3.787000 21377.513672 21722.074219
558 3.793000 21377.513672 21722.074219
559 3.801000 21377.513672 21718.312500
560 3.808000 21377.513672 21717.609375
561 3.815000 21377.513672 21717.609375
562 3.821000 21377.513672 21717.609375
563 3.827000 21377.513672 21717.189453
564 3.834000 21377.513672 21716.962891
565 3.839000 21377.513672 21716.562500
566 3.845000 21377.513672 21715.500000
567 3.851000 21377.513672 21715.500000
568 3.857000 21377.513672 21715.500000
569 3.863000 21377.513672 21715.500000
570 3.870000 21377.513672 21715.482422
571 3.876000 21377.513672 21715.158203
572 3.883000 21377.513672 21715.125000
573 3.889000 21377.513672 21714.939453
574 3.894000 21377.513672 21714.820313
575 3.901000 21377.513672 21714.414063
576 3.909000 21377.513672 21714.259766
577 3.917000 21377.513672 21712.960938
578 3.926000 21377.513672 21712.439453
579 3.933000 21377.513672 21711.382813
580 3.940000 21377.513672 21711.382813
581 3.947000 21377.513672 21711.289063
582 3.954000 21377.513672 21711.289063
583 3.959000 21377.513672 21711.210938
584 3.966000 21377.513672 21710.699219
585 3.973000 21377.513672 21710.337891
586 3.980000 21377.513672 21710.337891
587 3.988000 21377.513672 21709.839844
588 3.995000 21377.513672 21709.742188
589 4.002000 21377.513672 21709.398438
590 4.009000 21377.513672 21707.761719
591 4.016000 21377.513672 21707.761719
592 4.023000 21377.513672 21707.705078
593 4.029000 21377.513672 21707.671875
594 4.036000 21377.513672 21706.431641
595 4.043000 21377.513672 21705.707031
596 4.049000 21377.513672 21703.630859
597 4.055000 21377.513672 21703.626953
598 4.061000 21377.513672 21703.626953
599 4.068000 21377.513672 21703.404297
600 4.075000 21377.513672 21703.250000
601 4.081000 21377.513672 21703.250000
602 4.087000 21377.513672 21703.158203
603 4.093000 21377.513672 21702.982422
604 4.099000 21377.513672 21702.679688
605 4.106000 21377.513672 21701.845703
606 4.113000 21377.513672 21701.845703
607 4.120000 21377.513672 21701.693359
608 4.127000 21377.513672 21698.835938
609 4.133000 21377.513672 21697.564453
610 4.139000 21377.513672 21697.564453
611 4.146000 21377.513672 21696.527344
612 4.153000 21377.513672 21695.587891
613 4.159000 21377.513672 21695.537109
614 4.166000 21377.513672 21694.779297
615 4.171000 21377.513672 21694.767578
616 4.177000 21377.513672 21694.523438
617 4.184000 21377.513672 21694.523438
618 4.191000 21377.513672 21694.357422
619 4.197000 21377.513672 21694.062500
620 4.203000 21377.513672 21694.062500
621 4.209000 21377.513672 21694.062500
622 4.214000 21377.513672 21694.062500
623 4.223000 21377.513672 21694.062500
624 4.229000 21377.513672 21692.902344
625 4.239000 21377.513672 21692.837891
626 4.246000 21377.513672 21692.457031
627 4.254000 21377.513672 21692.457031
628 4.260000 21377.513672 21690.984375
629 4.267000 21377.513672 21689.900391
630 4.272000 21377.513672 21689.044922
631 4.279000 21377.513672 21689.044922
632 4.287000 21377.513672 21688.732422
633 4.293000 21377.513672 21688.732422
634 4.300000 21377.513672 21688.732422
635 4.306000 21377.513672 21688.591797
636 4.313000 21377.513672 21687.890625
637 4.318000 21377.513672 21687.697266
638 4.323000 21377.513672 21684.953125
639 4.330000 21377.513672 21684.607422
640 4.336000 21377.513672 21684.607422
641 4.342000 21377.513672 21680.085938
642 4.349000 21377.513672 21679.320313
643 4.355000 21377.513672 21679.322266
644 4.362000 21377.513672 21679.148438
645 4.370000 21377.513672 21679.148438
646 4.378000 21377.513672 21678.804688
647 4.384000 21377.513672 21678.669922
648 4.392000 21377.513672 21677.882813
649 4.399000 21377.513672 21677.585938
650 4.407000 21377.513672 21677.527344
651 4.413000 21377.513672 21677.527344
652 4.420000 21377.513672 21677.527344
653 4.426000 21377.513672 21677.527344
654 4.433000 21377.513672 21677.443359
655 4.439000 21377.513672 21676.359375
656 4.445000 21377.513672 21675.773438
657 4.451000 21377.513672 21675.755859
658 4.460000 21377.513672 21675.755859
659 4.467000 21377.513672 21675.755859
660 4.474000 21377.513672 21675.091797
661 4.480000 21377.513672 21674.755859
662 4.486000 21377.513672 21674.292969
663 4.491000 21377.513672 21674.220703
664 4.498000 21377.513672 21673.982422
665 4.507000 21377.513672 21673.585938
666 4.513000 21377.513672 21672.785156
667 4.519000 21377.513672 21672.785156
668 4.526000 21377.513672 21669.751953
669 4.533000 21377.513672 21669.162109
670 4.539000 21377.513672 21669.035156
671 4.545000 21377.513672 21669.035156
672 4.552000 21377.513672 21668.931641
673 4.558000 21377.513672 21667.802734
674 4.565000 21377.513672 21667.527344
675 4.571000 21377.513672 21666.466797
676 4.578000 21377.513672 21666.314453
677 4.584000 21377.513672 21665.832031
678 4.590000 21377.513672 21665.832031
679 4.597000 21377.513672 21665.589844
680 4.604000 21377.513672 21665.312500
681 4.611000 21377.513672 21665.312500
682 4.617000 21377.513672 21665.312500
683 4.623000 21377.513672 21664.230469
684 4.630000 21377.513672 21663.390625
685 4.635000 21377.513672 21663.390625
686 4.641000 21377.513672 21663.251953
687 4.647000 21377.513672 21663.251953
688 4.653000 21377.513672 21663.251953
689 4.659000 21377.513672 21662.908203
690 4.666000 21377.513672 21662.527344
691 4.671000 21377.513672 21661.609375
692 4.677000 21377.513672 21660.085938
693 4.683000 21377.513672 21660.085938
694 4.690000 21377.513672 21660.085938
695 4.696000 21377.513672 21660.035156
696 4.703000 21377.513672 21660.035156
697 4.709000 21377.513672 21660.035156
698 4.716000 21377.513672 21659.042969
699 4.722000 21377.513672 21659.042969
700 4.729000 21377.513672 21658.550781
701 4.736000 21377.513672 21658.501953
702 4.741000 21377.513672 21658.367188
703 4.747000 21377.513672 21658.367188
704 4.754000 21377.513672 21658.148438
705 4.759000 21377.513672 21658.148438
706 4.765000 21377.513672 21657.716797
707 4.773000 21377.513672 21657.582031
708 4.779000 21377.513672 21657.582031
709 4.786000 21377.513672 21657.582031
710 4.792000 21377.513672 21657.582031
711 4.799000 21377.513672 21657.582031
712 4.806000 21377.513672 21657.337891
713 4.812000 21377.513672 21656.837891
714 4.819000 21377.513672 21656.685547
715 4.826000 21377.513672 21656.685547
716 4.832000 21377.513672 21656.064453
717 4.838000 21377.513672 21655.929688
718 4.844000 21377.513672 21654.921875
719 4.850000 21377.513672 21654.492188
720 4.857000 21377.513672 21650.123047
721 4.862000 21377.513672 21650.070313
722 4.868000 21377.511719 21649.011719
723 4.874000 21377.511719 21649.011719
724 4.881000 21377.511719 21649.011719
725 4.886000 21377.511719 21645.033203
726 4.892000 21377.511719 21642.355469
727 4.898000 21377.511719 21642.355469
728 4.904000 21377.511719 21641.533203
729 4.910000 21377.511719 21641.533203
730 4.917000 21377.511719 21639.873047
731 4.922000 21377.511719 21638.789063
732 4.928000 21377.511719 21637.730469
733 4.935000 21377.511719 21637.164063
734 4.942000 21377.511719 21637.164063
735 4.948000 21377.511719 21636.876953
736 4.953000 21377.511719 21636.742188
737 4.959000 21377.511719 21635.494141
738 4.965000 21377.511719 21634.300781
739 4.971000 21377.511719 21634.300781
740 4.976000 21377.511719 21634.300781
741 4.984000 21377.511719 21634.300781
742 4.990000 21377.511719 21634.300781
743 4.996000 21377.511719 21634.300781
744 5.003000 21377.511719 21634.300781
745 5.009000 21377.511719 21633.435547
746 5.015000 21377.511719 21632.402344
747 5.021000 21377.511719 21631.970703
748 5.026000 21377.511719 21631.732422
749 5.033000 21377.511719 21631.732422
750 5.040000 21377.511719 21631.578125
751 5.046000 21377.511719 21631.578125
752 5.052000 21377.511719 21631.578125
753 5.059000 21377.511719 21631.457031
754 5.065000 21377.511719 21631.457031
755 5.072000 21377.511719 21631.457031
756 5.078000 21377.511719 21630.839844
757 5.085000 21377.511719 21630.427734
758 5.091000 21377.511719 21629.589844
759 5.098000 21377.511719 21627.636719
760 5.104000 21377.511719 21627.060547
761 5.109000 21377.511719 21626.417969
762 5.116000 21377.511719 21626.417969
763 5.122000 21377.511719 21626.072266
764 5.128000 21377.511719 21626.072266
765 5.134000 21377.511719 21626.072266
766 5.140000 21377.511719 21625.375000
767 5.146000 21377.511719 21625.375000
768 5.152000 21377.511719 21625.113281
769 5.158000 21377.511719 21625.113281
770 5.164000 21377.511719 21624.679688
771 5.170000 21377.511719 21624.679688
772 5.176000 21377.511719 21624.679688
773 5.182000 21377.511719 21624.544922
774 5.187000 21377.511719 21623.970703
775 5.194000 21377.511719 21623.970703
776 5.200000 21377.511719 21623.970703
777 5.207000 21377.511719 21623.748047
778 5.213000 21377.511719 21623.748047
779 5.219000 21377.511719 21623.625000
780 5.225000 21377.511719 21623.625000
781 5.231000 21377.511719 21623.625000
782 5.238000 21377.511719 21623.625000
783 5.243000 21377.511719 21623.625000
784 5.249000 21377.511719 21623.625000
785 5.255000 21377.511719 21622.966797
786 5.261000 21377.511719 21622.966797
787 5.267000 21377.511719 21622.966797
788 5.274000 21377.511719 21622.605469
789 5.280000 21377.511719 21622.605469
790 5.286000 21377.511719 21621.384766
791 5.292000 21377.511719 21620.373047
792 5.298000 21377.511719 21620.373047
793 5.304000 21377.511719 21620.373047
794 5.310000 21377.511719 21620.250000
795 5.316000 21377.511719 21619.539063
796 5.322000 21377.511719 21619.539063
797 5.329000 21377.511719 21619.539063
798 5.335000 21377.511719 21619.296875
799 5.341000 21377.511719 21616.654297
800 5.346000 21377.511719 21614.582031
801 5.352000 21377.511719 21614.234375
802 5.358000 21377.511719 21614.234375
803 5.363000 21377.511719 21614.234375
804 5.371000 21377.511719 21613.800781
805 5.377000 21377.511719 21613.802734
806 5.384000 21377.511719 21613.544922
807 5.390000 21377.511719 21613.408203
808 5.397000 21377.511719 21613.062500
809 5.404000 21377.511719 21613.062500
810 5.410000 21377.511719 21613.062500
811 5.417000 21377.511719 21613.007813
812 5.423000 21377.511719 21612.630859
813 5.429000 21377.511719 21610.988281
814 5.435000 21377.511719 21609.642578
815 5.441000 21377.511719 21609.642578
816 5.447000 21377.511719 21609.642578
817 5.454000 21377.511719 21603.310547
818 5.459000 21377.511719 21602.207031
819 5.466000 21377.511719 21602.207031
820 5.472000 21377.511719 21602.085938
821 5.478000 21377.511719 21601.269531
822 5.485000 21377.511719 21601.269531
823 5.492000 21377.511719 21601.269531
824 5.498000 21377.511719 21601.150391
825 5.505000 21377.511719 21600.412109
826 5.511000 21377.511719 21600.292969
827 5.516000 21377.511719 21600.292969
828 5.522000 21377.511719 21600.169922
829 5.528000 21377.511719 21599.927734
830 5.535000 21377.511719 21598.283203
831 5.541000 21377.511719 21597.160156
832 5.547000 21377.511719 21597.160156
833 5.554000 21377.511719 21596.640625
834 5.560000 21377.511719 21595.927734
835 5.565000 21377.511719 21595.927734
836 5.571000 21377.511719 21595.927734
837 5.578000 21377.511719 21595.927734
838 5.585000 21377.511719 21595.927734
839 5.591000 21377.511719 21595.927734
840 5.596000 21377.511719 21594.505859
841 5.603000 21377.511719 21593.382813
842 5.610000 21377.511719 21593.382813
843 5.616000 21377.511719 21593.259766
844 5.622000 21377.511719 21593.259766
845 5.628000 21377.511719 21593.259766
846 5.634000 21377.511719 21593.152344
847 5.640000 21377.511719 21591.570313
848 5.646000 21377.511719 21591.435547
849 5.653000 21377.511719 21591.435547
850 5.659000 21377.511719 21591.435547
851 5.665000 21377.511719 21589.921875
852 5.671000 21377.511719 21589.919922
853 5.676000 21377.511719 21589.546875
854 5.682000 21377.511719 21587.515625
855 5.688000 21377.511719 21586.830078
856 5.693000 21377.511719 21585.707031
857 5.700000 21377.511719 21585.707031
858 5.706000 21377.511719 21585.707031
859 5.712000 21377.511719 21585.707031
860 5.718000 21377.511719 21585.640625
861 5.723000 21377.511719 21585.640625
862 5.729000 21377.511719 21584.785156
863 5.735000 21377.511719 21584.785156
864 5.741000 21377.511719 21584.529297
865 5.748000 21377.511719 21584.529297
866 5.754000 21377.511719 21584.529297
867 5.760000 21377.511719 21583.818359
868 5.766000 21377.511719 21583.818359
869 5.771000 21377.511719 21583.818359
870 5.777000 21377.511719 21583.681641
871 5.783000 21377.509766 21583.546875
872 5.789000 21377.509766 21583.546875
873 5.795000 21377.509766 21583.412109
874 5.801000 21377.509766 21583.412109
875 5.807000 21377.509766 21583.412109
876 5.814000 21377.509766 21583.412109
877 5.819000 21377.509766 21583.412109
878 5.825000 21377.509766 21583.412109
879 5.832000 21377.509766 21581.187500
880 5.837000 21377.509766 21581.187500
881 5.843000 21377.509766 21578.962891
882 5.850000 21377.509766 21577.140625
883 5.856000 21377.509766 21577.140625
884 5.861000 21377.509766 21577.140625
885 5.867000 21377.509766 21576.429688
886 5.873000 21377.509766 21576.294922
887 5.880000 21377.509766 21576.294922
888 5.887000 21377.509766 21575.652344
889 5.894000 21377.509766 21575.652344
890 5.900000 21377.509766 21575.652344
891 5.906000 21377.509766 21575.582031
892 5.911000 21377.509766 21575.582031
893 5.918000 21377.509766 21575.582031
894 5.924000 21377.509766 21575.582031
895 5.929000 21377.509766 21572.390625
896 5.935000 21377.509766 21569.910156
897 5.941000 21377.509766 21569.910156
898 5.946000 21377.509766 21569.199219
899 5.954000 21377.509766 21568.351563
900 5.959000 21377.509766 21565.214844
901 5.965000 21377.509766 21565.214844
902 5.972000 21377.509766 21562.734375
903 5.977000 21377.509766 21561.091797
904 5.984000 21377.509766 21558.613281
905 5.990000 21377.509766 21558.476563
906 5.996000 21377.509766 21558.476563
907 6.003000 21377.509766 21558.476563
908 6.009000 21377.509766 21558.476563
909 6.015000 21377.509766 21558.408203
910 6.021000 21377.509766 21557.054688
911 6.027000 21377.509766 21555.998047
912 6.033000 21377.509766 21553.865234
913 6.039000 21377.509766 21550.384766
914 6.046000 21377.509766 21550.384766
915 6.052000 21377.509766 21549.671875
916 6.058000 21377.509766 21549.671875
917 6.064000 21377.509766 21548.476563
918 6.070000 21377.509766 21548.476563
919 6.076000 21377.509766 21543.449219
920 6.088000 21377.509766 21541.037109
921 6.096000 21377.509766 21540.328125
922 6.102000 21377.509766 21538.904297
923 6.108000 21377.509766 21536.425781
924 6.114000 21377.509766 21536.425781
925 6.120000 21377.509766 21535.794922
926 6.127000 21377.509766 21535.794922
927 6.133000 21377.509766 21535.794922
928 6.139000 21377.509766 21535.794922
929 6.145000 21377.509766 21535.794922
930 6.150000 21377.509766 21535.794922
931 6.155000 21377.509766 21535.312500
932 6.162000 21377.509766 21535.312500
933 6.168000 21377.509766 21535.312500
934 6.174000 21377.509766 21534.230469
935 6.180000 21377.509766 21534.230469
936 6.186000 21377.509766 21534.230469
937 6.193000 21377.509766 21534.230469
938 6.199000 21377.509766 21534.230469
939 6.205000 21377.509766 21534.230469
940 6.211000 21377.509766 21533.865234
941 6.217000 21377.509766 21533.865234
942 6.225000 21377.509766 21533.865234
943 6.231000 21377.509766 21533.865234
944 6.236000 21377.509766 21532.443359
945 6.242000 21377.509766 21532.306641
946 6.249000 21377.509766 21531.130859
947 6.256000 21377.509766 21531.130859
948 6.262000 21377.509766 21530.417969
949 6.268000 21377.509766 21530.417969
950 6.275000 21377.509766 21530.417969
951 6.281000 21377.509766 21528.994141
952 6.287000 21377.509766 21528.994141
953 6.293000 21377.509766 21528.994141
954 6.299000 21377.509766 21528.285156
955 6.305000 21377.509766 21527.572266
956 6.310000 21377.509766 21526.150391
957 6.316000 21377.509766 21526.150391
958 6.322000 21377.509766 21526.150391
959 6.328000 21377.509766 21525.437500
960 6.335000 21377.509766 21525.437500
961 6.341000 21377.509766 21525.437500
962 6.347000 21377.509766 21525.437500
963 6.353000 21377.509766 21524.726563
964 6.358000 21377.509766 21524.726563
965 6.366000 21377.509766 21524.015625
966 6.372000 21377.509766 21522.773438
967 6.378000 21377.509766 21522.773438
968 6.384000 21377.509766 21522.062500
969 6.389000 21377.509766 21520.814453
970 6.396000 21377.509766 21520.814453
971 6.402000 21377.509766 21519.568359
972 6.409000 21377.509766 21519.568359
973 6.415000 21377.509766 21518.144531
974 6.421000 21377.509766 21518.144531
975 6.428000 21377.509766 21518.144531
976 6.435000 21377.509766 21518.144531
977 6.441000 21377.509766 21516.898438
978 6.447000 21377.509766 21516.898438
979 6.453000 21377.509766 21516.898438
980 6.460000 21377.509766 21516.187500
981 6.466000 21377.509766 21516.187500
982 6.472000 21377.509766 21516.187500
983 6.478000 21377.509766 21516.187500
984 6.485000 21377.509766 21515.474609
985 6.491000 21377.509766 21515.474609
986 6.497000 21377.509766 21515.474609
987 6.503000 21377.509766 21515.474609
988 6.509000 21377.509766 21514.765625
989 6.515000 21377.509766 21514.052734
990 6.521000 21377.509766 21513.341797
991 6.527000 21377.509766 21513.341797
992 6.534000 21377.509766 21511.037109
993 6.540000 21377.509766 21509.976563
994 6.546000 21377.509766 21508.019531
995 6.552000 21377.509766 21508.019531
996 6.559000 21377.509766 21507.585938
997 6.564000 21377.509766 21506.875000
998 6.570000 21377.509766 21506.875000
999 6.577000 21377.509766 21506.875000
1000 6.583000 21377.509766 21505.453125
1001 6.589000 21377.509766 21503.318359
1002 6.595000 21377.509766 21503.318359
1003 6.602000 21377.509766 21503.318359
1004 6.607000 21377.509766 21503.070313
1005 6.614000 21377.509766 21502.357422
1006 6.620000 21377.509766 21502.357422
1007 6.625000 21377.509766 21500.935547
1008 6.631000 21377.509766 21500.222656
1009 6.637000 21377.509766 21499.148438
1010 6.644000 21377.509766 21498.437500
1011 6.650000 21377.509766 21497.724609
1012 6.656000 21377.509766 21497.015625
1013 6.662000 21377.509766 21495.591797
1014 6.668000 21377.509766 21494.880859
1015 6.674000 21377.509766 21494.880859
1016 6.680000 21377.509766 21493.460938
1017 6.686000 21377.509766 21493.460938
1018 6.693000 21377.509766 21492.750000
1019 6.699000 21377.509766 21492.750000
1020 6.704000 21377.509766 21492.750000
1021 6.712000 21377.509766 21491.820313
1022 6.718000 21377.509766 21491.820313
1023 6.724000 21377.509766 21491.820313
1024 6.731000 21377.509766 21491.820313
1025 6.736000 21377.509766 21491.820313
1026 6.744000 21377.509766 21491.820313
1027 6.750000 21377.509766 21491.820313
1028 6.756000 21377.509766 21490.814453
1029 6.761000 21377.509766 21490.814453
1030 6.768000 21377.509766 21490.105469
1031 6.775000 21377.509766 21490.105469
1032 6.781000 21377.509766 21490.105469
1033 6.788000 21377.509766 21490.105469
1034 6.793000 21377.509766 21490.105469
1035 6.799000 21377.509766 21489.859375
1036 6.806000 21377.509766 21489.373047
1037 6.812000 21377.509766 21489.373047
1038 6.818000 21377.509766 21489.373047
1039 6.824000 21377.509766 21488.613281
1040 6.830000 21377.509766 21487.365234
1041 6.836000 21377.509766 21487.365234
1042 6.841000 21377.509766 21485.408203
1043 6.847000 21377.509766 21483.447266
1044 6.853000 21377.509766 21483.447266
1045 6.859000 21377.509766 21483.447266
1046 6.865000 21377.509766 21483.447266
1047 6.871000 21377.509766 21482.738281
1048 6.877000 21377.509766 21482.738281
1049 6.884000 21377.509766 21482.738281
1050 6.891000 21377.509766 21482.738281
1051 6.897000 21377.509766 21482.738281
1052 6.902000 21377.509766 21482.025391
1053 6.907000 21377.509766 21481.312500
1054 6.914000 21377.509766 21481.312500
1055 6.920000 21377.509766 21481.312500
1056 6.926000 21377.509766 21481.312500
1057 6.932000 21377.509766 21481.312500
1058 6.939000 21377.509766 21481.312500
1059 6.945000 21377.509766 21481.312500
1060 6.951000 21377.509766 21480.601563
1061 6.956000 21377.509766 21480.601563
1062 6.963000 21377.509766 21480.601563
1063 6.969000 21377.505859 21480.601563
1064 6.976000 21377.505859 21480.601563
1065 6.982000 21377.505859 21480.601563
1066 6.988000 21377.505859 21480.601563
1067 6.995000 21377.505859 21480.601563
1068 7.001000 21377.505859 21480.601563
1069 7.006000 21377.505859 21480.601563
1070 7.012000 21377.505859 21479.890625
1071 7.019000 21377.505859 21479.890625
1072 7.025000 21377.505859 21479.890625
1073 7.033000 21377.505859 21479.177734
1074 7.039000 21377.505859 21479.177734
1075 7.045000 21377.505859 21479.177734
1076 7.050000 21377.505859 21479.177734
1077 7.057000 21377.505859 21479.177734
1078 7.062000 21377.505859 21479.177734
1079 7.069000 21377.505859 21478.464844
1080 7.076000 21377.505859 21477.755859
1081 7.082000 21377.505859 21477.755859
1082 7.088000 21377.505859 21477.755859
1083 7.094000 21377.505859 21477.755859
1084 7.100000 21377.505859 21477.755859
1085 7.106000 21377.505859 21477.042969
1086 7.112000 21377.505859 21476.330078
1087 7.118000 21377.505859 21476.330078
1088 7.125000 21377.505859 21476.330078
1089 7.130000 21377.505859 21475.617188
1090 7.136000 21377.505859 21475.617188
1091 7.142000 21377.505859 21474.908203
1092 7.148000 21377.505859 21474.908203
1093 7.155000 21377.505859 21472.238281
1094 7.161000 21377.505859 21472.238281
1095 7.167000 21377.505859 21472.238281
1096 7.174000 21377.505859 21471.525391
1097 7.180000 21377.505859 21469.568359
1098 7.187000 21377.505859 21469.568359
1099 7.193000 21377.505859 21469.568359
1100 7.200000 21377.505859 21469.568359
1101 7.206000 21377.505859 21469.568359
1102 7.213000 21377.505859 21469.568359
1103 7.219000 21377.505859 21469.568359
1104 7.225000 21377.505859 21467.607422
1105 7.232000 21377.505859 21463.689453
1106 7.238000 21377.505859 21463.689453
1107 7.244000 21377.505859 21463.689453
1108 7.249000 21377.505859 21461.732422
1109 7.255000 21377.505859 21461.732422
1110 7.261000 21377.505859 21461.732422
1111 7.269000 21377.505859 21461.732422
1112 7.275000 21377.505859 21459.773438
1113 7.280000 21377.505859 21459.773438
1114 7.286000 21377.505859 21459.773438
1115 7.292000 21377.505859 21457.814453
1116 7.299000 21377.505859 21457.814453
1117 7.304000 21377.505859 21457.814453
1118 7.310000 21377.505859 21455.855469
1119 7.316000 21377.505859 21455.855469
1120 7.322000 21377.505859 21453.898438
1121 7.328000 21377.505859 21453.898438
1122 7.334000 21377.505859 21451.937500
1123 7.341000 21377.505859 21451.937500
1124 7.346000 21377.505859 21451.937500
1125 7.352000 21377.505859 21449.980469
1126 7.357000 21377.505859 21449.980469
1127 7.364000 21377.505859 21449.490234
1128 7.370000 21377.505859 21448.732422
1129 7.376000 21377.505859 21448.732422
1130 7.382000 21377.505859 21448.732422
1131 7.388000 21377.505859 21448.732422
1132 7.395000 21377.505859 21448.732422
1133 7.400000 21377.505859 21448.732422
1134 7.407000 21377.505859 21447.484375
1135 7.413000 21377.505859 21447.484375
1136 7.418000 21377.505859 21447.484375
1137 7.425000 21377.505859 21447.484375
1138 7.431000 21377.505859 21447.484375
1139 7.437000 21377.505859 21447.484375
1140 7.442000 21377.505859 21447.484375
1141 7.448000 21377.505859 21447.484375
1142 7.454000 21377.505859 21447.484375
1143 7.460000 21377.505859 21447.484375
1144 7.466000 21377.505859 21446.773438
1145 7.472000 21377.505859 21446.773438
1146 7.478000 21377.505859 21446.062500
1147 7.484000 21377.505859 21446.062500
1148 7.489000 21377.505859 21446.062500
1149 7.495000 21377.505859 21446.062500
1150 7.501000 21377.505859 21446.062500
1151 7.506000 21377.505859 21446.062500
1152 7.513000 21377.505859 21446.062500
1153 7.518000 21377.505859 21446.062500
1154 7.524000 21377.505859 21446.062500
1155 7.531000 21377.505859 21444.101563
1156 7.536000 21377.505859 21443.787109
1157 7.542000 21377.505859 21443.787109
1158 7.549000 21377.505859 21443.787109
1159 7.554000 21377.505859 21442.144531
1160 7.560000 21377.505859 21442.144531
1161 7.567000 21377.505859 21440.185547
1162 7.574000 21377.505859 21440.185547
1163 7.580000 21377.505859 21440.185547
1164 7.586000 21377.505859 21440.185547
1165 7.593000 21377.505859 21440.185547
1166 7.600000 21377.505859 21440.185547
1167 7.605000 21377.505859 21440.185547
1168 7.612000 21377.505859 21440.185547
1169 7.618000 21377.505859 21438.226563
1170 7.624000 21377.505859 21438.226563
1171 7.631000 21377.505859 21437.738281
1172 7.637000 21377.505859 21436.980469
1173 7.643000 21377.505859 21436.980469
1174 7.650000 21377.505859 21436.980469
1175 7.656000 21377.505859 21436.980469
1176 7.663000 21377.505859 21436.980469
1177 7.669000 21377.505859 21436.980469
1178 7.676000 21377.505859 21436.267578
1179 7.682000 21377.505859 21436.267578
1180 7.688000 21377.505859 21434.310547
1181 7.695000 21377.505859 21434.310547
1182 7.701000 21377.505859 21434.310547
1183 7.707000 21377.505859 21434.310547
1184 7.713000 21377.505859 21434.310547
1185 7.718000 21377.505859 21434.310547
1186 7.726000 21377.505859 21434.310547
1187 7.732000 21377.505859 21432.349609
1188 7.739000 21377.505859 21432.349609
1189 7.745000 21377.505859 21432.349609
1190 7.751000 21377.505859 21430.392578
1191 7.757000 21377.505859 21430.392578
1192 7.763000 21377.505859 21430.392578
1193 7.769000 21377.505859 21428.431641
1194 7.775000 21377.505859 21426.474609
1195 7.780000 21377.505859 21426.474609
1196 7.786000 21377.505859 21426.474609
1197 7.791000 21377.505859 21426.474609
1198 7.799000 21377.505859 21426.474609
1199 7.805000 21377.505859 21424.515625
1200 7.810000 21377.505859 21422.556641
1201 7.816000 21377.505859 21420.597656
1202 7.822000 21377.505859 21420.597656
1203 7.829000 21377.505859 21420.597656
1204 7.837000 21377.505859 21420.597656
1205 7.843000 21377.505859 21418.150391
1206 7.849000 21377.505859 21416.193359
1207 7.855000 21377.505859 21416.193359
1208 7.861000 21377.505859 21414.232422
1209 7.868000 21377.505859 21414.232422
1210 7.874000 21377.505859 21414.232422
1211 7.880000 21377.505859 21414.232422
1212 7.886000 21377.505859 21414.232422
1213 7.892000 21377.505859 21412.761719
1214 7.899000 21377.505859 21410.804688
1215 7.904000 21377.505859 21410.804688
1216 7.911000 21377.505859 21406.886719
1217 7.918000 21377.505859 21406.886719
1218 7.924000 21377.505859 21404.927734
1219 7.929000 21377.505859 21402.966797
1220 7.936000 21377.505859 21402.966797
1221 7.941000 21377.505859 21402.966797
1222 7.948000 21377.505859 21401.009766
1223 7.953000 21377.505859 21397.091797
1224 7.960000 21377.505859 21395.132813
1225 7.966000 21377.505859 21395.132813
1226 7.971000 21377.505859 21395.132813
1227 7.977000 21377.505859 21395.132813
1228 7.983000 21377.505859 21395.132813
1229 7.989000 21377.505859 21395.132813
1230 7.996000 21377.505859 21395.132813
1231 8.002000 21377.505859 21395.132813
1232 8.007000 21377.505859 21395.132813
1233 8.014000 21377.505859 21395.132813
1234 8.020000 21377.505859 21395.132813
1235 8.026000 21377.505859 21395.132813
1236 8.033000 21377.505859 21395.132813
1237 8.040000 21377.505859 21395.132813
1238 8.046000 21377.505859 21395.132813
1239 8.052000 21377.505859 21393.175781
1240 8.057000 21377.505859 21391.214844
1241 8.063000 21377.505859 21389.257813
1242 8.069000 21377.505859 21389.257813
1243 8.076000 21377.505859 21389.257813
1244 8.081000 21377.505859 21389.257813
1245 8.088000 21377.505859 21389.257813
1246 8.093000 21377.505859 21385.339844
1247 8.099000 21377.505859 21385.339844
1248 8.105000 21377.505859 21385.339844
1249 8.111000 21377.505859 21384.660156
1250 8.118000 21377.505859 21382.703125
1251 8.125000 21377.505859 21382.703125
1252 8.131000 21377.505859 21382.703125
1253 8.138000 21377.505859 21381.421875
1254 8.144000 21377.505859 21381.421875
1255 8.152000 21377.505859 21379.462891
1256 8.157000 21377.505859 21377.501953
1257 8.163000 21377.505859 21377.501953
1258 8.169000 21377.505859 21377.501953
1259 8.176000 21377.505859 21377.501953
1260 8.184000 21377.505859 21377.501953
1261 8.190000 21377.505859 21377.501953
1262 8.200000 21377.505859 21377.501953
1263 8.205000 21377.505859 21377.501953
1264 8.212000 21377.505859 21377.501953
1265 8.218000 21377.505859 21377.501953
1266 8.224000 21377.505859 21377.501953
1267 8.230000 21377.505859 21377.501953
1268 8.236000 21377.505859 21377.501953
1269 8.243000 21377.505859 21377.501953
1270 8.249000 21377.505859 21377.501953
1271 8.255000 21377.505859 21377.501953
1272 8.261000 21377.505859 21377.501953
1273 8.266000 21377.505859 21377.501953
1274 8.272000 21377.505859 21377.501953
1275 8.278000 21377.505859 21377.501953
1276 8.283000 21377.505859 21377.501953
1277 8.290000 21377.505859 21377.501953
1278 8.296000 21377.505859 21377.501953
1279 8.303000 21377.505859 21377.501953
1280 8.309000 21377.505859 21377.501953
1281 8.315000 21377.505859 21377.501953
1282 8.322000 21377.505859 21377.501953
1283 8.328000 21377.505859 21377.501953
1284 8.335000 21377.505859 21377.501953
1285 8.340000 21377.505859 21377.501953
1286 8.346000 21377.505859 21377.501953
1287 8.352000 21377.505859 21377.501953
1288 8.358000 21377.505859 21377.501953
1289 8.364000 21377.505859 21377.501953
1290 8.371000 21377.505859 21377.501953
1291 8.379000 21377.505859 21377.501953
1292 8.386000 21377.505859 21377.501953
1293 8.392000 21377.505859 21377.501953
1294 8.398000 21377.505859 21377.501953
1295 8.403000 21377.505859 21377.501953
1296 8.410000 21377.505859 21377.501953
1297 8.416000 21377.505859 21377.501953
1298 8.421000 21377.505859 21377.501953
1299 8.427000 21377.505859 21377.501953
1300 8.435000 21377.505859 21377.501953
1301 8.442000 21377.505859 21377.501953
1302 8.448000 21377.505859 21377.501953
1303 8.454000 21377.505859 21377.501953
1304 8.460000 21377.505859 21377.501953
1305 8.466000 21377.505859 21377.501953
1306 8.472000 21377.505859 21377.501953
1307 8.478000 21377.505859 21377.501953
1308 8.484000 21377.505859 21377.501953
1309 8.490000 21377.505859 21377.501953
1310 8.496000 21377.505859 21377.501953
1311 8.502000 21377.505859 21377.501953
1312 8.508000 21377.505859 21377.501953
1313 8.514000 21377.505859 21377.501953
1314 8.520000 21377.505859 21377.501953
1315 8.526000 21377.505859 21377.501953
1316 8.532000 21377.505859 21377.501953
1317 8.538000 21377.505859 21377.501953
1318 8.543000 21377.505859 21377.501953
1319 8.549000 21377.505859 21377.501953
1320 8.554000 21377.505859 21377.501953
1321 8.561000 21377.505859 21377.501953
1322 8.567000 21377.505859 21377.501953
1323 8.573000 21377.505859 21377.501953
1324 8.579000 21377.505859 21377.501953
1325 8.584000 21377.505859 21377.501953
1326 8.590000 21377.505859 21377.501953
1327 8.595000 21377.505859 21377.501953
1328 8.601000 21377.505859 21377.501953
1329 8.607000 21377.505859 21377.501953
1330 8.612000 21377.505859 21377.501953
1331 8.618000 21377.505859 21377.501953
1332 8.625000 21377.505859 21377.501953
1333 8.631000 21377.505859 21377.501953
1334 8.637000 21377.505859 21377.501953
1335 8.644000 21377.505859 21377.501953
1336 8.650000 21377.505859 21377.501953
1337 8.655000 21377.505859 21377.501953
1338 8.663000 21377.505859 21377.501953
1339 8.668000 21377.505859 21377.501953
1340 8.675000 21377.505859 21377.501953
1341 8.681000 21377.505859 21377.501953
1342 8.686000 21377.505859 21377.501953
1343 8.693000 21377.505859 21377.501953
1344 8.700000 21377.505859 21377.501953
1345 8.705000 21377.505859 21377.501953
1346 8.711000 21377.505859 21377.501953
1347 8.717000 21377.505859 21377.501953
1348 8.723000 21377.505859 21377.501953
1349 8.730000 21377.505859 21377.501953
1350 8.736000 21377.505859 21377.501953
1351 8.742000 21377.505859 21377.501953
1352 8.748000 21377.505859 21377.501953
1353 8.753000 21377.505859 21377.501953
1354 8.759000 21377.505859 21377.501953
1355 8.766000 21377.505859 21377.501953
1356 8.772000 21377.505859 21377.501953
1357 8.779000 21377.505859 21377.501953
1358 8.785000 21377.505859 21377.501953
1359 8.790000 21377.505859 21377.501953
1360 8.797000 21377.505859 21377.501953
1361 8.803000 21377.505859 21377.501953
1362 8.809000 21377.505859 21377.501953
1363 8.816000 21377.505859 21377.501953
1364 8.822000 21377.505859 21377.501953
1365 8.829000 21377.505859 21377.501953
1366 8.835000 21377.505859 21377.501953
1367 8.840000 21377.505859 21377.501953
1368 8.847000 21377.505859 21377.501953
1369 8.854000 21377.505859 21377.501953
1370 8.859000 21377.505859 21377.501953
1371 8.865000 21377.505859 21377.501953
1372 8.871000 21377.505859 21377.501953
1373 8.878000 21377.505859 21377.501953
1374 8.884000 21377.505859 21377.501953
1375 8.890000 21377.505859 21377.501953
1376 8.896000 21377.505859 21377.501953
1377 8.902000 21377.505859 21377.501953
1378 8.908000 21377.505859 21377.501953
1379 8.915000 21377.505859 21377.501953
1380 8.920000 21377.505859 21377.501953
1381 8.926000 21377.505859 21377.501953
1382 8.932000 21377.505859 21377.501953
1383 8.938000 21377.505859 21377.501953
1384 8.944000 21377.505859 21377.501953
1385 8.951000 21377.505859 21377.501953
1386 8.957000 21377.505859 21377.501953
1387 8.963000 21377.505859 21377.501953
1388 8.969000 21377.505859 21377.501953
1389 8.975000 21377.505859 21377.501953
1390 8.981000 21377.505859 21377.501953
1391 8.986000 21377.505859 21377.501953
1392 8.991000 21377.505859 21377.501953
1393 8.997000 21377.505859 21377.501953
1394 9.003000 21377.505859 21377.501953
1395 9.009000 21377.505859 21377.501953
1396 9.016000 21377.505859 21377.501953
1397 9.022000 21377.505859 21377.501953
1398 9.028000 21377.505859 21377.501953
1399 9.034000 21377.505859 21377.501953
1400 9.039000 21377.505859 21377.501953
1401 9.045000 21377.505859 21377.501953
1402 9.051000 21377.505859 21377.501953
1403 9.057000 21377.505859 21377.501953
1404 9.063000 21377.505859 21377.501953
1405 9.069000 21377.505859 21377.501953
1406 9.075000 21377.505859 21377.501953
1407 9.081000 21377.505859 21377.501953
1408 9.087000 21377.505859 21377.501953
1409 9.093000 21377.505859 21377.501953
1410 9.100000 21377.505859 21377.501953
1411 9.106000 21377.505859 21377.501953
1412 9.113000 21377.505859 21377.501953
1413 9.118000 21377.505859 21377.501953
1414 9.125000 21377.505859 21377.501953
1415 9.132000 21377.505859 21377.501953
1416 9.138000 21377.505859 21377.501953
1417 9.144000 21377.505859 21377.501953
1418 9.150000 21377.505859 21377.501953
1419 9.156000 21377.505859 21377.501953
1420 9.163000 21377.505859 21377.501953
1421 9.169000 21377.505859 21377.501953
1422 9.176000 21377.505859 21377.501953
1423 9.182000 21377.505859 21377.501953
1424 9.188000 21377.505859 21377.501953
1425 9.194000 21377.505859 21377.501953
1426 9.200000 21377.505859 21377.501953
1427 9.205000 21377.505859 21377.501953
1428 9.211000 21377.505859 21377.501953
1429 9.216000 21377.505859 21377.501953
1430 9.222000 21377.505859 21377.501953
1431 9.229000 21377.505859 21377.501953
1432 9.234000 21377.505859 21377.501953
1433 9.240000 21377.505859 21377.501953
1434 9.246000 21377.505859 21377.501953
1435 9.253000 21377.505859 21377.501953
1436 9.259000 21377.505859 21377.501953
1437 9.266000 21377.505859 21377.501953
1438 9.272000 21377.505859 21377.501953
1439 9.278000 21377.505859 21377.501953
1440 9.285000 21377.505859 21377.501953
1441 9.292000 21377.505859 21377.501953
1442 9.297000 21377.505859 21377.501953
1443 9.303000 21377.505859 21377.501953
1444 9.309000 21377.505859 21377.501953
1445 9.316000 21377.505859 21377.501953
1446 9.322000 21377.505859 21377.501953
1447 9.328000 21377.505859 21377.501953
1448 9.334000 21377.505859 21377.501953
1449 9.339000 21377.505859 21377.501953
1450 9.345000 21377.505859 21377.501953
1451 9.351000 21377.505859 21377.501953
1452 9.357000 21377.505859 21377.501953
1453 9.363000 21377.505859 21377.501953
1454 9.369000 21377.505859 21377.501953
1455 9.375000 21377.505859 21377.501953
1456 9.380000 21377.505859 21377.501953
1457 9.386000 21377.505859 21377.501953
1458 9.393000 21377.505859 21377.501953
1459 9.399000 21377.505859 21377.501953
1460 9.404000 21377.505859 21377.501953
1461 9.411000 21377.505859 21377.501953
1462 9.416000 21377.505859 21377.501953
1463 9.423000 21377.505859 21377.501953
1464 9.429000 21377.505859 21377.501953
1465 9.435000 21377.505859 21377.501953
1466 9.441000 21377.505859 21377.501953
1467 9.451000 21377.505859 21377.501953
1468 9.457000 21377.505859 21377.501953
1469 9.464000 21377.505859 21377.501953
1470 9.470000 21377.505859 21377.501953
1471 9.478000 21377.505859 21377.501953
1472 9.484000 21377.505859 21377.501953
1473 9.490000 21377.505859 21377.501953
1474 9.496000 21377.505859 21377.501953
1475 9.502000 21377.505859 21377.501953
1476 9.509000 21377.505859 21377.501953
1477 9.516000 21377.505859 21377.501953
1478 9.523000 21377.505859 21377.501953
1479 9.530000 21377.505859 21377.501953
1480 9.535000 21377.505859 21377.501953
1481 9.543000 21377.505859 21377.501953
1482 9.549000 21377.505859 21377.501953
1483 9.555000 21377.505859 21377.501953
1484 9.561000 21377.505859 21377.501953
1485 9.567000 21377.505859 21377.501953
1486 9.573000 21377.505859 21377.501953
1487 9.579000 21377.505859 21377.501953
1488 9.586000 21377.505859 21377.501953
1489 9.592000 21377.505859 21377.501953
1490 9.597000 21377.505859 21377.501953
1491 9.603000 21377.505859 21377.501953
1492 9.609000 21377.505859 21377.501953
1493 9.617000 21377.505859 21377.501953
1494 9.626000 21377.505859 21377.501953
1495 9.632000 21377.505859 21377.501953
1496 9.637000 21377.505859 21377.501953
1497 9.644000 21377.505859 21377.501953
1498 9.651000 21377.505859 21377.501953
1499 9.656000 21377.505859 21377.501953
1500 9.662000 21377.505859 21377.501953
1501 9.668000 21377.505859 21377.501953
1502 9.674000 21377.505859 21377.501953
1503 9.680000 21377.505859 21377.501953
1504 9.686000 21377.505859 21377.501953
1505 9.692000 21377.505859 21377.501953
1506 9.700000 21377.505859 21377.501953
1507 9.705000 21377.505859 21377.501953
1508 9.713000 21377.505859 21377.501953
1509 9.719000 21377.505859 21377.501953
1510 9.726000 21377.505859 21377.501953
1511 9.732000 21377.505859 21377.501953
1512 9.738000 21377.505859 21377.501953
1513 9.745000 21377.505859 21377.501953
1514 9.751000 21377.505859 21377.501953
1515 9.757000 21377.505859 21377.501953
1516 9.763000 21377.505859 21377.501953
1517 9.769000 21377.505859 21377.501953
1518 9.776000 21377.505859 21377.501953
1519 9.782000 21377.505859 21377.501953
1520 9.788000 21377.505859 21377.501953
1521 9.795000 21377.505859 21377.501953
1522 9.800000 21377.505859 21377.501953
1523 9.806000 21377.505859 21377.501953
1524 9.812000 21377.505859 21377.501953
1525 9.817000 21377.505859 21377.501953
1526 9.824000 21377.505859 21377.501953
1527 9.830000 21377.505859 21377.501953
1528 9.837000 21377.505859 21377.501953
1529 9.843000 21377.505859 21377.501953
1530 9.849000 21377.505859 21377.501953
1531 9.856000 21377.505859 21377.501953
1532 9.861000 21377.505859 21377.501953
1533 9.867000 21377.505859 21377.501953
1534 9.874000 21377.505859 21377.501953
1535 9.880000 21377.505859 21377.501953
1536 9.886000 21377.505859 21377.501953
1537 9.892000 21377.505859 21377.501953
1538 9.899000 21377.505859 21377.501953
1539 9.904000 21377.505859 21377.501953
1540 9.910000 21377.505859 21377.501953
1541 9.915000 21377.505859 21377.501953
1542 9.921000 21377.505859 21377.501953
1543 9.927000 21377.505859 21377.501953
1544 9.935000 21377.505859 21377.501953
1545 9.941000 21377.505859 21377.501953
1546 9.946000 21377.505859 21377.501953
1547 9.952000 21377.505859 21377.501953
1548 9.958000 21377.505859 21377.501953
1549 9.964000 21377.505859 21377.501953
1550 9.970000 21377.505859 21377.501953
1551 9.976000 21377.505859 21377.501953
1552 9.982000 21377.505859 21377.501953
1553 9.988000 21377.505859 21377.501953
1554 9.994000 21377.505859 21377.501953
1555 10.001000 21377.505859 21377.501953
1556 10.007000 21377.505859 21377.501953
1557 10.014000 21377.505859 21377.501953
1558 10.020000 21377.505859 21377.501953
1559 10.026000 21377.505859 21377.501953
1560 10.033000 21377.505859 21377.501953
1561 10.039000 21377.505859 21377.501953
1562 10.045000 21377.505859 21377.501953
1563 10.050000 21377.505859 21377.501953
