0 0.000000 45527.203125 46995.269531
1 0.187000 44232.808594 46995.269531
2 0.373000 43214.976563 45958.019531
3 0.554000 42675.386719 45290.468750
4 0.746000 41995.042969 44780.648438
5 0.936000 41987.230469 44362.335938
6 1.137000 41764.316406 43976.796875
7 1.311000 41431.835938 43644.984375
8 1.511000 41252.937500 43377.953125
9 1.688000 40716.308594 43186.378906
10 1.887000 40637.046875 42895.640625
11 2.079000 40637.046875 42652.246094
12 2.257000 40579.253906 42449.191406
13 2.430000 40555.660156 42324.515625
14 2.621000 40555.660156 42227.621094
15 2.812000 40528.515625 42068.128906
16 2.981000 39973.937500 41946.535156
17 3.173000 39753.093750 41872.843750
18 3.339000 39675.859375 41766.800781
19 3.557000 39675.859375 41604.187500
20 3.764000 39429.472656 41514.398438
21 3.958000 39429.472656 41418.820313
22 4.144000 39339.085938 41327.007813
23 4.386000 39300.839844 41241.699219
24 4.613000 39214.289063 41211.195313
25 4.815000 39214.289063 41095.832031
26 5.007000 39048.359375 41058.007813
27 5.192000 39039.527344 41000.175781
28 5.383000 39027.761719 40930.187500
29 5.575000 39027.761719 40860.167969
30 5.772000 38959.183594 40795.484375
31 5.962000 38947.921875 40749.593750
32 6.183000 38947.921875 40683.371094
33 6.382000 38883.781250 40621.503906
34 6.565000 38883.781250 40566.382813
35 6.760000 38883.781250 40540.816406
36 6.958000 38883.781250 40481.574219
37 7.159000 38883.781250 40446.105469
38 7.357000 38883.781250 40425.441406
39 7.570000 38883.781250 40388.343750
40 7.777000 38882.394531 40385.363281
41 7.985000 38882.394531 40339.707031
42 8.176000 38882.394531 40311.128906
43 8.366000 38882.394531 40288.773438
44 8.539000 38882.394531 40265.277344
45 8.741000 38882.394531 40244.851563
46 8.933000 38874.664063 40228.503906
47 9.140000 38874.664063 40206.328125
48 9.382000 38874.664063 40184.128906
49 9.620000 38874.664063 40164.003906
50 9.831000 38874.664063 40144.121094
51 10.039000 38874.664063 40126.574219
52 10.279000 38874.664063 40099.863281
53 10.471000 38874.664063 40080.164063
54 10.669000 38874.664063 40068.179688
55 10.856000 38795.925781 40061.382813
56 11.047000 38795.925781 40056.703125
57 11.234000 38795.925781 40049.851563
58 11.406000 38795.925781 40046.300781
59 11.594000 38795.925781 40058.386719
60 11.775000 38795.925781 40054.101563
61 11.985000 38795.925781 40115.058594
62 12.156000 38795.925781 40095.210938
63 12.342000 38795.925781 40057.468750
64 12.539000 38795.925781 40049.074219
65 12.713000 38795.925781 40040.246094
66 12.904000 38795.925781 40026.125000
67 13.083000 38795.925781 40079.390625
68 13.248000 38795.925781 40062.531250
69 13.430000 38795.925781 40047.167969
70 13.616000 38795.925781 40102.421875
71 13.804000 38795.925781 40074.988281
72 13.982000 38795.925781 40101.203125
73 14.177000 38795.925781 40064.148438
74 14.358000 38795.925781 40124.453125
75 14.515000 38795.925781 40139.773438
76 14.720000 38795.925781 40131.929688
77 14.899000 38795.925781 40129.996094
78 15.067000 38765.679688 40120.273438
79 15.249000 38765.679688 40104.000000
80 15.428000 38765.679688 40158.710938
81 15.612000 38765.679688 40197.234375
82 15.786000 38765.679688 40182.031250
83 15.952000 38765.679688 40157.914063
84 16.138000 38765.679688 40149.058594
85 16.328000 38765.679688 40125.066406
86 16.501000 38765.679688 40148.660156
87 16.665000 38765.679688 40142.238281
88 16.843000 38765.679688 40131.070313
89 17.031000 38765.679688 40131.542969
90 17.219000 38765.679688 40082.101563
91 17.404000 38765.679688 40097.925781
92 17.568000 38697.460938 40074.671875
93 17.756000 38697.460938 40066.687500
94 17.931000 38697.460938 40058.589844
95 18.119000 38697.460938 40041.328125
96 18.302000 38697.460938 40037.914063
97 18.494000 38697.460938 40034.917969
98 18.675000 38697.460938 40030.316406
99 18.855000 38697.460938 40039.312500
100 19.040000 38697.460938 40028.957031
101 19.230000 38697.460938 40030.253906
102 19.382000 38697.460938 40016.406250
103 19.563000 38697.460938 40013.105469
104 19.759000 38697.460938 40002.039063
105 19.930000 38697.460938 39979.824219
106 20.106000 38697.460938 39975.460938
107 20.296000 38697.460938 40039.437500
108 20.476000 38697.460938 40019.218750
109 20.655000 38697.460938 39999.894531
110 20.844000 38697.460938 39990.480469
111 21.029000 38697.460938 39981.640625
112 21.221000 38697.460938 39978.968750
113 21.437000 38697.460938 39972.937500
114 21.635000 38697.460938 40056.015625
115 21.804000 38697.460938 39984.738281
116 21.983000 38697.460938 39980.093750
117 22.165000 38697.460938 39976.191406
118 22.342000 38697.460938 39968.968750
119 22.548000 38697.460938 39956.679688
120 22.701000 38697.460938 39977.265625
121 22.876000 38697.460938 39971.859375
122 23.055000 38697.460938 40017.968750
123 23.218000 38697.460938 40000.917969
124 23.382000 38697.460938 40068.007813
125 23.561000 38697.460938 40065.683594
126 23.750000 38697.460938 40050.804688
127 23.932000 38697.460938 40030.414063
128 24.088000 38697.460938 39969.613281
129 24.289000 38697.460938 39962.523438
130 24.526000 38697.460938 39955.101563
131 24.748000 38697.460938 39953.968750
132 24.938000 38697.460938 40051.359375
133 25.106000 38697.460938 40046.437500
134 25.281000 38697.460938 40039.843750
135 25.472000 38697.460938 40091.351563
136 25.682000 38697.460938 39994.988281
137 25.853000 38697.460938 39985.246094
138 26.031000 38697.460938 39980.968750
139 26.238000 38697.460938 39955.714844
140 26.430000 38697.460938 39945.003906
141 26.619000 38697.460938 39934.167969
142 26.850000 38697.460938 39922.714844
143 27.054000 38697.460938 39929.203125
144 27.239000 38697.460938 39927.667969
145 27.421000 38697.460938 39922.656250
146 27.603000 38697.460938 39992.050781
147 27.789000 38697.460938 40124.457031
148 27.986000 38697.460938 40061.546875
149 28.178000 38697.460938 40003.031250
150 28.384000 38697.460938 39968.574219
151 28.570000 38697.460938 39939.574219
152 28.740000 38697.460938 39921.390625
153 28.909000 38697.460938 39959.074219
154 29.082000 38697.460938 39955.351563
155 29.252000 38697.460938 39933.558594
156 29.452000 38697.460938 39914.714844
157 29.656000 38697.460938 39906.941406
158 29.849000 38697.460938 39904.101563
159 30.052000 38697.460938 39901.535156
160 30.246000 38697.460938 39884.050781
161 30.440000 38697.460938 39875.882813
162 30.816000 38697.460938 39873.574219
163 31.063000 38697.460938 39871.648438
164 31.276000 38697.460938 39870.363281
165 31.490000 38697.460938 39870.363281
166 31.690000 38697.460938 39888.757813
167 31.879000 38697.460938 39887.062500
168 32.087000 38697.460938 39903.523438
169 32.274000 38697.460938 39902.703125
170 32.469000 38697.460938 39902.316406
171 32.659000 38697.460938 39920.296875
172 32.872000 38697.460938 39938.300781
173 33.055000 38697.460938 39919.281250
174 33.271000 38697.460938 39918.144531
175 33.460000 38697.460938 39889.546875
176 33.667000 38697.460938 39973.003906
177 33.889000 38697.460938 39943.050781
178 34.102000 38697.460938 39926.417969
179 34.280000 38697.460938 39960.074219
180 34.476000 38697.460938 39942.808594
181 34.675000 38697.460938 39924.613281
182 34.882000 38697.460938 39915.433594
183 35.099000 38697.460938 39909.296875
184 35.304000 38697.460938 39903.105469
185 35.502000 38697.460938 39997.492188
186 35.708000 38697.460938 40060.417969
187 35.884000 38697.460938 40043.589844
188 36.077000 38697.460938 40033.550781
189 36.247000 38697.460938 40015.207031
190 36.463000 38697.460938 40024.488281
191 36.652000 38697.460938 40018.023438
192 36.855000 38697.460938 40047.781250
193 37.117000 38697.460938 40041.449219
194 37.307000 38697.460938 40099.746094
195 37.489000 38697.460938 40094.863281
196 37.703000 38697.460938 40052.320313
197 37.895000 38697.460938 40047.453125
198 38.080000 38697.460938 40027.058594
199 38.258000 38697.460938 39999.203125
200 38.447000 38697.460938 39983.792969
201 38.649000 38697.460938 40018.914063
202 38.825000 38697.460938 40019.074219
203 39.003000 38697.460938 39996.585938
204 39.199000 38697.460938 40047.097656
205 39.381000 38697.460938 40003.437500
206 39.575000 38697.460938 39986.925781
207 39.764000 38697.460938 40010.480469
208 39.943000 38697.460938 39995.496094
209 40.121000 38697.460938 39991.925781
210 40.314000 38697.460938 40025.421875
211 40.487000 38697.460938 39986.281250
212 40.679000 38697.460938 39970.652344
213 40.876000 38697.460938 40000.078125
214 41.038000 38697.460938 40057.609375
215 41.229000 38697.460938 39999.808594
216 41.407000 38697.460938 39952.988281
217 41.600000 38697.460938 39948.320313
218 41.782000 38697.460938 39944.789063
219 41.975000 38697.460938 39942.500000
220 42.151000 38697.460938 39960.371094
221 42.317000 38697.460938 39951.847656
222 42.517000 38697.460938 39935.832031
223 42.711000 38697.460938 39932.105469
224 42.892000 38697.460938 39923.851563
225 43.069000 38697.460938 39941.968750
226 43.251000 38697.460938 39941.574219
227 43.432000 38697.460938 39973.710938
228 43.632000 38697.460938 39966.308594
229 43.799000 38697.460938 39957.398438
230 43.986000 38697.460938 39983.742188
231 44.138000 38697.460938 39962.460938
232 44.329000 38697.460938 40033.621094
233 44.501000 38697.460938 40014.519531
234 44.676000 38697.460938 39974.085938
235 44.870000 38697.460938 39970.269531
236 45.043000 38697.460938 40028.523438
237 45.214000 38697.460938 40043.960938
238 45.395000 38697.460938 40021.007813
239 45.588000 38697.460938 40044.460938
240 45.761000 38697.460938 40039.191406
241 45.959000 38697.460938 40015.511719
242 46.135000 38697.460938 40004.453125
243 46.314000 38697.460938 39970.191406
244 46.500000 38697.460938 39954.757813
245 46.689000 38697.460938 39960.218750
246 46.866000 38697.460938 39953.835938
247 47.047000 38697.460938 39915.906250
248 47.234000 38697.460938 39896.996094
249 47.409000 38697.460938 39997.312500
250 47.592000 38697.460938 39956.199219
251 47.759000 38697.460938 39951.906250
252 47.950000 38697.460938 39940.808594
253 48.138000 38697.460938 39934.054688
254 48.320000 38697.460938 39923.511719
255 48.513000 38697.460938 39913.968750
256 48.698000 38697.460938 39895.515625
257 48.880000 38697.460938 39928.050781
258 49.070000 38697.460938 39909.781250
259 49.278000 38697.460938 39907.746094
260 49.456000 38697.460938 39889.761719
261 49.627000 38697.460938 39965.175781
262 49.808000 38697.460938 39908.488281
263 49.989000 38697.460938 39904.511719
264 50.195000 38697.460938 39907.132813
265 50.402000 38697.460938 39894.921875
266 50.595000 38697.460938 39890.660156
267 50.789000 38697.460938 39882.027344
268 50.977000 38697.460938 39875.441406
269 51.192000 38697.460938 39865.906250
270 51.386000 38697.460938 39931.390625
271 51.600000 38697.460938 39872.488281
272 51.829000 38697.460938 39860.867188
273 51.994000 38697.460938 39849.976563
274 52.178000 38697.460938 39848.976563
275 52.368000 38697.460938 39844.335938
276 52.545000 38697.460938 39838.835938
277 52.720000 38697.460938 39881.941406
278 52.881000 38697.460938 39852.546875
279 53.064000 38697.460938 39851.480469
280 53.258000 38697.460938 39918.378906
281 53.446000 38697.460938 39910.328125
282 53.603000 38697.460938 39896.625000
283 53.776000 38697.460938 39877.988281
284 53.953000 38697.460938 39871.765625
285 54.165000 38697.460938 39867.781250
286 54.375000 38697.460938 39877.515625
287 54.614000 38697.460938 39875.394531
288 54.840000 38697.460938 39874.300781
289 55.111000 38697.460938 39927.328125
290 55.314000 38697.460938 39896.343750
291 55.503000 38697.460938 39889.531250
292 55.677000 38697.460938 39882.093750
293 55.874000 38697.460938 39881.773438
294 56.050000 38697.460938 39867.761719
295 56.245000 38697.460938 39855.894531
296 56.415000 38697.460938 39929.925781
297 56.611000 38697.460938 39876.925781
298 56.786000 38697.460938 39876.925781
299 56.974000 38697.460938 39860.265625
300 57.157000 38697.460938 39854.863281
301 57.311000 38697.460938 39927.656250
302 57.514000 38697.460938 39923.753906
303 57.689000 38697.460938 39964.964844
304 57.850000 38697.460938 39929.617188
305 58.044000 38697.460938 39978.960938
306 58.221000 38697.460938 40020.296875
307 58.416000 38697.460938 39998.125000
308 58.592000 38697.460938 39979.175781
309 58.759000 38697.460938 39969.335938
310 58.936000 38697.460938 39939.339844
311 59.176000 38697.460938 39943.738281
312 59.447000 38697.460938 39930.753906
313 59.619000 38697.460938 39927.976563
314 59.804000 38697.460938 39923.613281
315 59.994000 38697.460938 39911.878906
316 60.177000 38697.460938 39898.343750
317 60.371000 38697.460938 39895.523438
318 60.559000 38697.460938 39892.718750
319 60.736000 38697.460938 39885.589844
320 60.914000 38697.460938 39882.539063
321 61.089000 38697.460938 39882.488281
322 61.295000 38697.460938 39868.898438
323 61.459000 38697.460938 39855.085938
324 61.641000 38697.460938 39849.667969
325 61.834000 38697.460938 39885.710938
326 62.003000 38697.460938 39876.878906
327 62.203000 38697.460938 39859.746094
328 62.390000 38697.460938 39857.718750
329 62.588000 38697.460938 39841.039063
330 62.755000 38697.460938 39887.585938
331 62.933000 38697.460938 39872.968750
332 63.090000 38697.460938 39864.953125
333 63.265000 38697.460938 39863.851563
334 63.436000 38697.460938 39862.058594
335 63.621000 38697.460938 39855.855469
336 63.786000 38697.460938 39855.574219
337 63.956000 38697.460938 39838.046875
338 64.159000 38697.460938 39889.191406
339 64.349000 38697.460938 39839.398438
340 64.525000 38697.460938 39835.906250
341 64.704000 38697.460938 39832.792969
342 64.889000 38697.460938 39843.039063
343 65.076000 38697.460938 39842.085938
344 65.281000 38697.460938 39881.023438
345 65.468000 38697.460938 39860.289063
346 65.630000 38697.460938 39879.500000
347 65.791000 38697.460938 39878.042969
348 65.949000 38697.460938 39906.664063
349 66.131000 38697.460938 39897.453125
350 66.322000 38697.460938 39884.718750
351 66.496000 38697.460938 39880.265625
352 66.669000 38697.460938 39957.222656
353 66.860000 38697.460938 39938.613281
354 67.043000 38697.460938 39914.781250
355 67.219000 38697.460938 39907.210938
356 67.409000 38697.460938 39894.855469
357 67.601000 38697.460938 39882.250000
358 67.791000 38697.460938 39882.238281
359 67.971000 38697.460938 39880.738281
360 68.145000 38697.460938 39873.453125
361 68.327000 38697.460938 39865.539063
362 68.507000 38697.460938 39858.437500
363 68.690000 38697.460938 39857.347656
364 68.882000 38697.460938 39876.800781
365 69.049000 38697.460938 39870.460938
366 69.239000 38697.460938 39866.261719
367 69.413000 38697.460938 39858.125000
368 69.595000 38697.460938 39857.171875
369 69.787000 38697.460938 39862.539063
370 69.956000 38697.460938 39843.988281
371 70.146000 38697.460938 39885.183594
372 70.340000 38697.460938 39886.593750
373 70.506000 38697.460938 39885.566406
374 70.692000 38697.460938 39879.113281
375 70.868000 38697.460938 39906.753906
376 71.033000 38697.460938 39903.214844
377 71.227000 38697.460938 39897.988281
378 71.438000 38697.460938 39920.636719
379 71.627000 38697.460938 39912.984375
380 71.797000 38697.460938 39904.636719
381 71.972000 38697.460938 39901.406250
382 72.150000 38697.460938 39892.593750
383 72.351000 38697.460938 39957.171875
384 72.543000 38697.460938 39951.796875
385 72.736000 38697.460938 39950.718750
386 72.896000 38697.460938 39939.445313
387 73.080000 38697.460938 39959.960938
388 73.250000 38697.460938 39917.593750
389 73.437000 38697.460938 39955.996094
390 73.618000 38697.460938 39920.722656
391 73.807000 38697.460938 39915.488281
392 73.987000 38697.460938 39879.011719
393 74.194000 38697.460938 39918.234375
394 74.378000 38697.460938 39878.605469
395 74.562000 38697.460938 39867.945313
396 74.739000 38697.460938 39865.566406
397 74.917000 38697.460938 39858.210938
398 75.091000 38697.460938 39854.808594
399 75.292000 38697.460938 39833.496094
400 75.540000 38697.460938 39839.453125
401 75.746000 38697.460938 39844.789063
402 75.952000 38697.460938 39837.218750
403 76.193000 38697.460938 39827.863281
404 76.431000 38697.460938 39847.316406
405 76.616000 38697.460938 39839.628906
406 76.805000 38697.460938 39832.500000
407 76.970000 38697.460938 39888.941406
408 77.145000 38697.460938 39954.843750
409 77.337000 38697.460938 39901.125000
410 77.541000 38697.460938 39882.835938
411 77.769000 38697.460938 39886.878906
412 78.015000 38697.460938 39856.453125
413 78.221000 38697.460938 39842.089844
414 78.400000 38697.460938 39838.121094
415 78.580000 38697.460938 39830.437500
416 78.747000 38697.460938 39830.371094
417 78.928000 38697.460938 39889.390625
418 79.103000 38697.460938 39849.824219
419 79.289000 38697.460938 39869.066406
420 79.471000 38697.460938 39853.281250
421 79.639000 38697.460938 39842.734375
422 79.815000 38697.460938 39837.941406
423 79.989000 38697.460938 39865.390625
424 80.167000 38697.460938 39847.593750
425 80.380000 38697.460938 39836.363281
426 80.565000 38697.460938 39818.195313
427 80.746000 38697.460938 39858.375000
428 80.945000 38697.460938 39832.234375
429 81.127000 38697.460938 39873.863281
430 81.297000 38697.460938 39937.777344
431 81.461000 38697.460938 39919.523438
432 81.643000 38697.460938 39977.468750
433 81.837000 38697.460938 39955.628906
434 82.013000 38697.460938 40034.808594
435 82.197000 38697.460938 39982.789063
436 82.380000 38697.460938 39969.847656
437 82.553000 38697.460938 39961.566406
438 82.740000 38697.460938 39934.230469
439 82.911000 38697.460938 39930.171875
440 83.085000 38697.460938 39929.500000
441 83.270000 38697.460938 39923.949219
442 83.451000 38697.460938 39957.406250
443 83.639000 38697.460938 39977.710938
444 83.824000 38697.460938 39985.351563
445 83.988000 38697.460938 39966.980469
446 84.180000 38697.460938 39969.285156
447 84.428000 38697.460938 39926.390625
448 84.601000 38697.460938 39915.066406
449 84.809000 38697.460938 39898.710938
450 85.000000 38697.460938 39891.480469
451 85.187000 38697.460938 39930.230469
452 85.368000 38697.460938 39920.953125
453 85.550000 38697.460938 39937.339844
454 85.737000 38697.460938 39930.843750
455 85.893000 38697.460938 39898.761719
456 86.067000 38697.460938 39879.035156
457 86.261000 38697.460938 39866.289063
458 86.437000 38697.460938 39853.421875
459 86.603000 38697.460938 39840.164063
460 86.785000 38697.460938 39836.625000
461 86.971000 38697.460938 39833.539063
462 87.141000 38697.460938 39856.609375
463 87.324000 38697.460938 39900.265625
464 87.511000 38697.460938 39889.941406
465 87.696000 38697.460938 39880.714844
466 87.890000 38697.460938 39878.949219
467 88.070000 38697.460938 39921.703125
468 88.255000 38697.460938 39923.246094
469 88.459000 38697.460938 39914.566406
470 88.641000 38697.460938 39884.378906
471 88.820000 38697.460938 39879.414063
472 88.990000 38697.460938 39873.273438
473 89.175000 38697.460938 39872.933594
474 89.350000 38697.460938 39850.546875
475 89.518000 38697.460938 39834.640625
476 89.679000 38697.460938 39830.800781
477 89.852000 38697.460938 39826.230469
478 90.020000 38697.460938 39817.699219
479 90.207000 38697.460938 39856.949219
480 90.388000 38697.460938 39833.816406
481 90.574000 38697.460938 39888.523438
482 90.752000 38697.460938 39849.785156
483 90.931000 38697.460938 39846.175781
484 91.104000 38697.460938 39827.121094
485 91.273000 38697.460938 39808.476563
486 91.464000 38697.460938 39793.796875
487 91.647000 38697.460938 39792.808594
488 91.840000 38697.460938 39790.050781
489 92.015000 38697.460938 39805.765625
490 92.210000 38697.460938 39799.910156
491 92.397000 38697.460938 39881.875000
492 92.579000 38697.460938 39823.652344
493 92.759000 38697.460938 39819.289063
494 92.939000 38697.460938 39813.296875
495 93.122000 38697.460938 39825.855469
496 93.298000 38697.460938 39821.140625
497 93.475000 38697.460938 39817.929688
498 93.668000 38697.460938 39816.515625
499 93.849000 38697.460938 39805.503906
500 94.036000 38697.460938 39891.300781
501 94.211000 38697.460938 39880.535156
502 94.392000 38697.460938 39823.371094
503 94.591000 38697.460938 39824.074219
504 94.776000 38697.460938 39816.441406
505 94.943000 38697.460938 39808.773438
506 95.123000 38697.460938 39803.921875
507 95.287000 38697.460938 39795.675781
508 95.483000 38697.460938 39793.949219
509 95.658000 38697.460938 39792.355469
510 95.830000 38697.460938 39789.859375
511 95.999000 38697.460938 39789.859375
512 96.197000 38697.460938 39770.359375
513 96.358000 38697.460938 39769.535156
514 96.533000 38697.460938 39767.710938
515 96.709000 38697.460938 39863.628906
516 96.891000 38697.460938 39876.253906
517 97.076000 38697.460938 39814.238281
518 97.263000 38697.460938 39941.414063
519 97.437000 38697.460938 39906.375000
520 97.655000 38697.460938 39917.226563
521 97.876000 38697.460938 39864.558594
522 98.153000 38697.460938 39817.402344
523 98.365000 38697.460938 39796.703125
524 98.533000 38697.460938 39789.417969
525 98.708000 38697.460938 39785.074219
526 98.889000 38697.460938 39836.484375
527 99.077000 38697.460938 39835.027344
528 99.248000 38697.460938 39795.781250
529 99.426000 38697.460938 39791.253906
530 99.590000 38697.460938 39830.250000
531 99.771000 38697.460938 39828.308594
532 99.946000 38697.460938 39823.789063
533 100.169000 38697.460938 39814.726563
534 100.378000 38697.460938 39853.425781
535 100.574000 38697.460938 39895.757813
536 100.769000 38697.460938 39824.238281
537 100.959000 38697.460938 39858.671875
538 101.143000 38697.460938 39924.058594
539 101.355000 38697.460938 39906.246094
540 101.533000 38697.460938 39855.863281
541 101.720000 38697.460938 39851.515625
542 101.915000 38697.460938 39925.640625
543 102.082000 38697.460938 39937.601563
544 102.264000 38697.460938 39894.074219
545 102.457000 38697.460938 39880.921875
546 102.652000 38697.460938 39875.070313
547 102.825000 38697.460938 39845.402344
548 103.000000 38697.460938 39841.468750
549 103.180000 38697.460938 39817.753906
550 103.387000 38697.460938 39815.640625
551 103.557000 38697.460938 39799.496094
552 103.735000 38697.460938 39789.300781
553 103.913000 38697.460938 39844.796875
554 104.082000 38697.460938 39795.394531
555 104.286000 38697.460938 39828.753906
556 104.471000 38697.460938 39826.167969
557 104.710000 38697.460938 39810.503906
558 104.887000 38697.460938 39809.570313
559 105.075000 38697.460938 39806.292969
560 105.254000 38697.460938 39795.207031
561 105.436000 38697.460938 39789.484375
562 105.611000 38697.460938 39877.074219
563 105.777000 38697.460938 39822.343750
564 105.955000 38697.460938 39848.378906
565 106.121000 38697.460938 39848.246094
566 106.291000 38697.460938 39828.585938
567 106.479000 38697.460938 39792.511719
568 106.645000 38697.460938 39779.316406
569 106.824000 38697.460938 39779.152344
570 107.014000 38697.460938 39774.976563
571 107.189000 38697.460938 39787.972656
572 107.368000 38697.460938 39787.960938
573 107.542000 38697.460938 39781.621094
574 107.720000 38697.460938 39808.062500
575 107.907000 38697.460938 39806.339844
576 108.099000 38697.460938 39856.937500
577 108.278000 38697.460938 39833.164063
578 108.448000 38697.460938 39828.503906
579 108.619000 38697.460938 39816.683594
580 108.787000 38697.460938 39830.851563
581 108.942000 38697.460938 39849.046875
582 109.118000 38697.460938 39834.257813
583 109.299000 38697.460938 39879.488281
584 109.467000 38697.460938 39896.488281
585 109.669000 38697.460938 39975.437500
586 109.849000 38697.460938 39962.703125
587 110.032000 38697.460938 39956.289063
588 110.216000 38697.460938 39922.765625
589 110.393000 38697.460938 39914.386719
590 110.571000 38697.460938 39919.851563
591 110.747000 38697.460938 39893.167969
592 110.944000 38697.460938 39935.093750
593 111.144000 38697.460938 39914.011719
594 111.333000 38697.460938 39904.742188
595 111.537000 38697.460938 39883.183594
596 111.719000 38697.460938 39872.820313
597 111.887000 38697.460938 39879.148438
598 112.046000 38697.460938 39860.785156
599 112.240000 38697.460938 39900.835938
600 112.424000 38697.460938 39868.183594
601 112.590000 38697.460938 39865.058594
602 112.776000 38697.460938 39864.535156
603 112.990000 38697.460938 39842.710938
604 113.221000 38697.460938 39839.671875
605 113.427000 38697.460938 39891.855469
606 113.611000 38697.460938 39876.855469
607 113.785000 38697.460938 39860.515625
608 113.995000 38697.460938 39846.425781
609 114.177000 38697.460938 39828.234375
610 114.372000 38697.460938 39826.984375
611 114.550000 38697.460938 39825.859375
612 114.793000 38697.460938 39821.097656
613 115.007000 38697.460938 39815.460938
614 115.190000 38697.460938 39830.121094
615 115.372000 38697.460938 39829.300781
616 115.554000 38697.460938 39844.898438
617 115.731000 38697.460938 39875.843750
618 115.946000 38697.460938 39893.980469
619 116.125000 38697.460938 39885.183594
620 116.305000 38697.460938 39895.781250
621 116.484000 38697.460938 39882.660156
622 116.682000 38697.460938 39864.378906
623 116.883000 38697.460938 39941.546875
624 117.087000 38697.460938 39880.699219
625 117.316000 38697.460938 39861.859375
626 117.506000 38697.460938 39855.980469
627 117.707000 38697.460938 39847.363281
628 117.891000 38697.460938 39845.207031
629 118.080000 38697.460938 39837.812500
630 118.269000 38697.460938 39834.460938
631 118.472000 38697.460938 39874.886719
632 118.666000 38697.460938 39854.972656
633 118.855000 38697.460938 39834.343750
634 119.034000 38697.460938 39812.167969
635 119.225000 38697.460938 39837.328125
636 119.400000 38697.460938 39866.628906
637 119.585000 38697.460938 39852.085938
638 119.824000 38697.460938 39866.128906
639 119.989000 38697.460938 39846.511719
640 120.158000 38697.460938 39841.988281
641 120.362000 38697.460938 39834.757813
642 120.567000 38697.460938 39840.515625
643 120.769000 38697.460938 39834.968750
644 120.994000 38697.460938 39822.234375
645 121.224000 38697.460938 39837.125000
646 121.440000 38697.460938 39867.058594
647 121.646000 38697.460938 39827.164063
648 121.845000 38697.460938 39819.019531
649 122.023000 38697.460938 39804.203125
650 122.228000 38697.460938 39782.246094
651 122.399000 38697.460938 39778.316406
652 122.593000 38697.460938 39793.050781
653 122.785000 38697.460938 39783.648438
654 122.976000 38697.460938 39860.015625
655 123.155000 38697.460938 39811.890625
656 123.335000 38697.460938 39805.144531
657 123.512000 38697.460938 39801.714844
658 123.743000 38697.460938 39782.816406
659 123.966000 38697.460938 39847.058594
660 124.232000 38697.460938 39800.433594
661 124.439000 38697.460938 39777.890625
662 124.630000 38697.460938 39859.226563
663 124.801000 38697.460938 39840.109375
664 124.968000 38697.460938 39927.777344
665 125.159000 38697.460938 39931.546875
666 125.324000 38697.460938 39922.640625
667 125.501000 38697.460938 39892.460938
668 125.676000 38697.460938 39930.855469
669 125.857000 38697.460938 39915.574219
670 126.044000 38697.460938 39908.171875
671 126.225000 38697.460938 39908.093750
672 126.417000 38697.460938 39893.199219
673 126.592000 38697.460938 39940.730469
674 126.769000 38697.460938 39896.968750
675 126.949000 38697.460938 39861.609375
676 127.134000 38697.460938 39832.460938
677 127.332000 38697.460938 39857.226563
678 127.517000 38697.460938 39850.566406
679 127.696000 38697.460938 39846.734375
680 127.856000 38697.460938 39844.039063
681 128.032000 38697.460938 39839.925781
682 128.217000 38697.460938 39829.308594
683 128.404000 38697.460938 39823.066406
684 128.564000 38697.460938 39858.464844
685 128.739000 38697.460938 39912.566406
686 128.892000 38697.460938 39898.046875
687 129.072000 38697.460938 39891.714844
688 129.259000 38697.460938 39876.800781
689 129.455000 38697.460938 39951.148438
690 129.655000 38697.460938 39963.539063
691 129.827000 38697.460938 40005.890625
692 130.025000 38697.460938 39994.433594
693 130.203000 38697.460938 39950.441406
694 130.368000 38697.460938 39924.109375
695 130.560000 38697.460938 39916.210938
696 130.736000 38697.460938 39893.898438
697 130.921000 38697.460938 39894.210938
698 131.093000 38697.460938 39941.441406
699 131.267000 38697.460938 39900.476563
700 131.452000 38697.460938 39865.835938
701 131.631000 38697.460938 39857.386719
702 131.795000 38697.460938 39844.503906
703 131.990000 38697.460938 39832.246094
704 132.159000 38697.460938 39818.585938
705 132.328000 38697.460938 39824.941406
706 132.491000 38697.460938 39820.773438
707 132.663000 38697.460938 39815.253906
708 132.864000 38697.460938 39838.199219
709 133.067000 38697.460938 39810.074219
710 133.224000 38697.460938 39807.382813
711 133.411000 38697.460938 39831.929688
712 133.645000 38697.460938 39816.406250
713 133.838000 38697.460938 39806.359375
714 134.013000 38697.460938 39797.585938
715 134.185000 38697.460938 39796.074219
716 134.368000 38697.460938 39905.660156
717 134.549000 38697.460938 39958.929688
718 134.713000 38697.460938 40001.949219
719 134.905000 38697.460938 39978.277344
720 135.070000 38697.460938 39892.199219
721 135.249000 38697.460938 39876.941406
722 135.422000 38697.460938 39862.488281
723 135.606000 38697.460938 39847.726563
724 135.788000 38697.460938 39965.835938
725 136.027000 38697.460938 39984.960938
726 136.282000 38697.460938 39962.003906
727 136.478000 38697.460938 39930.421875
728 136.664000 38697.460938 39917.968750
729 136.849000 38697.460938 39912.843750
730 137.030000 38697.460938 39850.675781
731 137.263000 38697.460938 39833.636719
732 137.481000 38697.460938 39824.863281
733 137.684000 38697.460938 39814.898438
734 137.870000 38697.460938 39796.214844
735 138.050000 38697.460938 39785.843750
736 138.223000 38697.460938 39874.996094
737 138.422000 38697.460938 39850.632813
738 138.618000 38697.460938 39806.433594
739 138.820000 38697.460938 39801.253906
740 139.002000 38697.460938 39800.371094
741 139.217000 38697.460938 39821.496094
742 139.403000 38697.460938 39800.953125
743 139.607000 38697.460938 39787.390625
744 139.789000 38697.460938 39839.503906
745 139.989000 38697.460938 39807.218750
746 140.181000 38697.460938 39805.218750
747 140.364000 38697.460938 39884.957031
748 140.547000 38697.460938 39860.109375
749 140.735000 38697.460938 39819.777344
750 140.933000 38697.460938 39766.175781
751 141.134000 38697.460938 39757.347656
752 141.340000 38697.460938 39781.765625
753 141.529000 38697.460938 39772.011719
754 141.719000 38697.460938 39760.851563
755 141.971000 38697.460938 39795.343750
756 142.161000 38697.460938 39764.054688
757 142.364000 38697.460938 39821.761719
758 142.560000 38697.460938 39847.558594
759 142.738000 38697.460938 39815.382813
760 142.930000 38697.460938 39804.394531
761 143.105000 38697.460938 39894.398438
762 143.286000 38697.460938 39836.023438
763 143.473000 38697.460938 39827.878906
764 143.639000 38697.460938 39806.164063
765 143.810000 38697.460938 39789.519531
766 143.997000 38697.460938 39783.660156
767 144.165000 38697.460938 39858.863281
768 144.339000 38697.460938 39827.511719
769 144.534000 38697.460938 39810.781250
770 144.702000 38697.460938 39782.996094
771 144.874000 38697.460938 39777.234375
772 145.049000 38697.460938 39751.671875
773 145.219000 38697.460938 39747.613281
774 145.390000 38697.460938 39733.261719
775 145.564000 38697.460938 39768.632813
776 145.771000 38697.460938 39752.691406
777 145.945000 38697.460938 39855.285156
778 146.145000 38697.460938 39903.480469
779 146.311000 38697.460938 39917.390625
780 146.505000 38697.460938 39905.496094
781 146.699000 38697.460938 39853.753906
782 146.867000 38697.460938 39824.683594
783 147.040000 38697.460938 39799.640625
784 147.213000 38697.460938 39810.652344
785 147.404000 38697.460938 39833.078125
786 147.574000 38697.460938 39868.128906
787 147.752000 38697.460938 39877.675781
788 147.929000 38697.460938 39848.492188
789 148.099000 38697.460938 39839.523438
790 148.280000 38697.460938 39834.296875
791 148.444000 38697.460938 39841.761719
792 148.616000 38697.460938 39834.593750
793 148.798000 38697.460938 39895.835938
794 148.974000 38697.460938 39976.835938
795 149.148000 38697.460938 39964.699219
796 149.318000 38697.460938 40044.414063
797 149.473000 38697.460938 40026.359375
798 149.643000 38697.460938 39934.871094
799 149.820000 38697.460938 40008.363281
800 149.989000 38697.460938 39972.476563
801 150.160000 38697.460938 39952.078125
802 150.340000 38697.460938 39938.253906
803 150.536000 38697.460938 39917.078125
804 150.722000 38697.460938 39936.054688
805 150.898000 38697.460938 39935.281250
806 151.056000 38697.460938 39911.843750
807 151.237000 38697.460938 39884.226563
808 151.413000 38697.460938 39898.906250
809 151.578000 38697.460938 39891.406250
810 151.754000 38697.460938 39893.609375
811 151.927000 38697.460938 39885.093750
812 152.104000 38697.460938 39848.171875
813 152.282000 38697.460938 39819.191406
814 152.443000 38697.460938 39813.906250
815 152.637000 38697.460938 39805.890625
816 152.826000 38697.460938 39803.566406
817 153.013000 38697.460938 39814.902344
818 153.189000 38697.460938 39809.164063
819 153.389000 38697.460938 39794.660156
820 153.584000 38697.460938 39869.976563
821 153.754000 38697.460938 39815.539063
822 153.929000 38697.460938 39804.148438
823 154.109000 38697.460938 39812.398438
824 154.288000 38697.460938 39786.433594
825 154.455000 38697.460938 39785.992188
826 154.650000 38697.460938 39779.351563
827 154.814000 38697.460938 39772.003906
828 155.013000 38697.460938 39763.609375
829 155.184000 38697.460938 39750.812500
830 155.380000 38697.460938 39737.101563
831 155.553000 38697.460938 39729.539063
832 155.720000 38697.460938 39727.988281
833 155.883000 38697.460938 39724.066406
834 156.067000 38697.460938 39720.773438
835 156.253000 38697.460938 39716.703125
836 156.451000 38697.460938 39706.761719
837 156.623000 38697.460938 39735.878906
838 156.809000 38697.460938 39734.882813
839 156.971000 38697.460938 39732.863281
840 157.158000 38697.460938 39711.601563
841 157.325000 38697.460938 39705.773438
842 157.503000 38697.460938 39710.164063
843 157.674000 38697.460938 39706.449219
844 157.881000 38697.460938 39704.480469
845 158.056000 38697.460938 39769.296875
846 158.288000 38697.460938 39742.089844
847 158.470000 38697.460938 39741.558594
848 158.635000 38697.460938 39737.898438
849 158.822000 38697.460938 39733.640625
850 158.993000 38697.460938 39732.675781
851 159.195000 38697.460938 39724.710938
852 159.391000 38697.460938 39722.925781
853 159.584000 38697.460938 39709.148438
854 159.755000 38697.460938 39698.968750
855 159.939000 38697.460938 39728.519531
856 160.109000 38697.460938 39718.003906
857 160.295000 38697.460938 39711.015625
858 160.463000 38697.460938 39707.445313
859 160.672000 38697.460938 39704.308594
860 160.849000 38697.460938 39881.523438
861 161.014000 38697.460938 39876.492188
862 161.192000 38697.460938 39809.824219
863 161.368000 38697.460938 39748.886719
864 161.550000 38697.460938 39747.777344
865 161.771000 38697.460938 39803.617188
866 161.956000 38697.460938 39793.066406
867 162.143000 38697.460938 39787.503906
868 162.318000 38697.460938 39760.359375
869 162.501000 38697.460938 39780.996094
870 162.678000 38697.460938 39809.046875
871 162.840000 38697.460938 39827.152344
872 163.017000 38697.460938 39822.285156
873 163.204000 38697.460938 39816.425781
874 163.368000 38697.460938 39816.425781
875 163.542000 38697.460938 39815.570313
876 163.730000 38697.460938 39814.562500
877 163.894000 38697.460938 39794.457031
878 164.061000 38697.460938 39826.734375
879 164.259000 38697.460938 39822.253906
880 164.449000 38697.460938 39811.578125
881 164.621000 38697.460938 39787.828125
882 164.798000 38697.460938 39896.492188
883 164.989000 38697.460938 39839.929688
884 165.169000 38697.460938 39783.753906
885 165.340000 38697.460938 39770.968750
886 165.524000 38697.460938 39765.320313
887 165.700000 38697.460938 39761.367188
888 165.877000 38697.460938 39751.066406
889 166.056000 38697.460938 39744.027344
890 166.225000 38697.460938 39763.191406
891 166.399000 38697.460938 39804.292969
892 166.595000 38697.460938 39850.875000
893 166.770000 38697.460938 39838.988281
894 166.964000 38697.460938 39785.625000
895 167.141000 38697.460938 39910.589844
896 167.317000 38697.460938 39917.160156
897 167.494000 38697.460938 39905.628906
898 167.706000 38697.460938 39960.113281
899 167.895000 38697.460938 39910.781250
900 168.087000 38697.460938 39872.480469
901 168.284000 38697.460938 39858.558594
902 168.463000 38697.460938 39830.503906
903 168.658000 38697.460938 39820.347656
904 168.842000 38697.460938 39870.281250
905 169.062000 38697.460938 39869.308594
906 169.279000 38697.460938 39849.640625
907 169.463000 38697.460938 39825.347656
908 169.628000 38697.460938 39815.800781
909 169.810000 38697.460938 39849.644531
910 169.988000 38697.460938 39865.195313
911 170.225000 38697.460938 39842.003906
912 170.421000 38697.460938 39832.851563
913 170.601000 38697.460938 39817.128906
914 170.775000 38697.460938 39829.175781
915 170.948000 38697.460938 39823.796875
916 171.128000 38697.460938 39815.996094
917 171.337000 38697.460938 39811.343750
918 171.518000 38697.460938 39891.914063
919 171.692000 38697.460938 39876.687500
920 171.890000 38697.460938 39843.265625
921 172.075000 38697.460938 39820.386719
922 172.240000 38697.460938 39807.816406
923 172.425000 38697.460938 39779.429688
924 172.620000 38697.460938 39773.851563
925 172.794000 38697.460938 39758.449219
926 172.981000 38697.460938 39754.136719
927 173.151000 38697.460938 39748.027344
928 173.319000 38697.460938 39762.253906
929 173.474000 38697.460938 39784.394531
930 173.658000 38697.460938 39783.433594
931 173.821000 38697.460938 39768.773438
932 173.994000 38697.460938 39792.597656
933 174.177000 38697.460938 39783.585938
934 174.349000 38697.460938 39815.859375
935 174.525000 38697.460938 39792.578125
936 174.701000 38697.460938 39830.046875
937 174.851000 38697.460938 39798.742188
938 175.030000 38697.460938 39793.769531
939 175.198000 38697.460938 39821.832031
940 175.374000 38697.460938 39806.343750
941 175.564000 38697.460938 39798.363281
942 175.747000 38697.460938 39792.078125
943 175.918000 38697.460938 39789.441406
944 176.074000 38697.460938 39832.261719
945 176.253000 38697.460938 39819.734375
946 176.441000 38697.460938 39804.039063
947 176.623000 38697.460938 39797.066406
948 176.798000 38697.460938 39864.777344
949 176.983000 38697.460938 39819.843750
950 177.177000 38697.460938 39870.121094
951 177.366000 38697.460938 39837.023438
952 177.559000 38697.460938 39869.308594
953 177.715000 38697.460938 39852.781250
954 177.907000 38697.460938 39846.835938
955 178.096000 38697.460938 39840.433594
956 178.284000 38697.460938 39830.000000
957 178.449000 38697.460938 39802.121094
958 178.625000 38697.460938 39790.128906
959 178.800000 38697.460938 39810.800781
960 178.985000 38697.460938 39807.871094
961 179.168000 38697.460938 39802.898438
962 179.336000 38697.460938 39800.613281
963 179.517000 38697.460938 39798.332031
964 179.705000 38697.460938 39769.691406
965 179.876000 38697.460938 39766.953125
966 180.060000 38697.460938 39763.648438
967 180.242000 38697.460938 39762.789063
968 180.432000 38697.460938 39758.796875
969 180.626000 38697.460938 39757.445313
970 180.815000 38697.460938 39753.757813
971 180.993000 38697.460938 39745.199219
972 181.190000 38697.460938 39777.117188
973 181.378000 38697.460938 39777.085938
974 181.564000 38697.460938 39756.992188
975 181.707000 38697.460938 39756.601563
976 181.899000 38697.460938 39756.167969
977 182.096000 38697.460938 39754.378906
978 182.274000 38697.460938 39753.546875
979 182.452000 38697.460938 39741.195313
980 182.634000 38697.460938 39738.703125
981 182.801000 38697.460938 39752.507813
982 182.978000 38697.460938 39733.613281
983 183.157000 38697.460938 39763.753906
984 183.324000 38697.460938 39763.621094
985 183.488000 38697.460938 39763.121094
986 183.665000 38697.460938 39760.164063
987 183.854000 38697.460938 39748.640625
988 184.035000 38697.460938 39788.523438
989 184.206000 38697.460938 39763.820313
990 184.384000 38697.460938 39753.710938
991 184.567000 38697.460938 39746.656250
992 184.761000 38697.460938 39780.164063
993 184.938000 38697.460938 39777.207031
994 185.134000 38697.460938 39776.476563
995 185.319000 38697.460938 39749.039063
996 185.503000 38697.460938 39749.042969
997 185.689000 38697.460938 39775.109375
998 185.862000 38697.460938 39806.937500
999 186.051000 38697.460938 39820.664063
1000 186.223000 38697.460938 39819.640625
1001 186.416000 38697.460938 39806.843750
1002 186.582000 38697.460938 39872.917969
1003 186.775000 38697.460938 39855.421875
1004 186.949000 38697.460938 39819.183594
1005 187.152000 38697.460938 39893.863281
1006 187.327000 38697.460938 39855.996094
1007 187.507000 38697.460938 39880.433594
1008 187.694000 38697.460938 39877.484375
1009 187.860000 38697.460938 39868.199219
1010 188.042000 38697.460938 39859.800781
1011 188.226000 38697.460938 39857.156250
1012 188.407000 38697.460938 39845.640625
1013 188.591000 38697.460938 39874.183594
1014 188.860000 38697.460938 39860.562500
1015 189.067000 38697.460938 39835.261719
1016 189.254000 38697.460938 39812.390625
1017 189.430000 38697.460938 39810.980469
1018 189.613000 38697.460938 39803.359375
1019 189.798000 38697.460938 39796.136719
1020 189.974000 38697.460938 39787.199219
1021 190.161000 38697.460938 39785.675781
1022 190.348000 38697.460938 39782.765625
1023 190.522000 38697.460938 39777.218750
1024 190.706000 38697.460938 39769.027344
1025 190.885000 38697.460938 39766.507813
1026 191.088000 38697.460938 39752.730469
1027 191.279000 38697.460938 39751.503906
1028 191.478000 38697.460938 39749.917969
1029 191.665000 38697.460938 39749.574219
1030 191.859000 38697.460938 39768.027344
1031 192.040000 38697.460938 39759.531250
1032 192.240000 38697.460938 39761.082031
1033 192.433000 38697.460938 39758.257813
1034 192.606000 38697.460938 39756.507813
1035 192.798000 38697.460938 39776.921875
1036 192.980000 38697.460938 39772.957031
1037 193.150000 38697.460938 39769.234375
1038 193.321000 38697.460938 39804.726563
1039 193.502000 38697.460938 39784.898438
1040 193.667000 38697.460938 39792.953125
1041 193.865000 38697.460938 39788.878906
1042 194.036000 38697.460938 39778.828125
1043 194.217000 38697.460938 39760.828125
1044 194.434000 38697.460938 39757.703125
1045 194.640000 38697.460938 39796.128906
1046 194.857000 38697.460938 39870.378906
1047 195.036000 38697.460938 39845.468750
1048 195.198000 38697.460938 39824.539063
1049 195.372000 38697.460938 39771.140625
1050 195.551000 38697.460938 39822.203125
1051 195.741000 38697.460938 39812.984375
1052 195.939000 38697.460938 39797.773438
1053 196.104000 38697.460938 39791.949219
1054 196.287000 38697.460938 39833.859375
1055 196.459000 38697.460938 39797.636719
1056 196.647000 38697.460938 39793.289063
1057 196.884000 38697.460938 39786.601563
1058 197.099000 38697.460938 39782.039063
1059 197.287000 38697.460938 39777.031250
1060 197.493000 38697.460938 39766.632813
1061 197.666000 38697.460938 39766.406250
1062 197.856000 38697.460938 39772.496094
1063 198.040000 38697.460938 39793.582031
1064 198.243000 38697.460938 39814.648438
1065 198.424000 38697.460938 39800.238281
1066 198.611000 38697.460938 39789.015625
1067 198.805000 38697.460938 39768.156250
1068 198.989000 38697.460938 39848.914063
1069 199.156000 38697.460938 39869.164063
1070 199.330000 38697.460938 39856.988281
1071 199.496000 38697.460938 39847.304688
1072 199.689000 38697.460938 39828.359375
1073 199.852000 38697.460938 39816.253906
1074 200.036000 38697.460938 39806.859375
1075 200.201000 38697.460938 39787.945313
1076 200.424000 38697.460938 39778.101563
1077 200.658000 38697.460938 39768.597656
1078 200.912000 38697.460938 39801.183594
1079 201.142000 38697.460938 39799.066406
1080 201.359000 38697.460938 39808.464844
1081 201.569000 38697.460938 39786.960938
1082 201.757000 38697.460938 39781.460938
1083 201.953000 38697.460938 39774.699219
1084 202.163000 38697.460938 39768.089844
1085 202.374000 38697.460938 39753.789063
1086 202.571000 38697.460938 39748.390625
1087 202.746000 38697.460938 39748.152344
1088 202.922000 38697.460938 39733.414063
1089 203.080000 38697.460938 39728.566406
1090 203.272000 38697.460938 39726.015625
1091 203.447000 38697.460938 39752.585938
1092 203.627000 38697.460938 39763.726563
