0 0.000000 45577.492188 47185.363281
1 0.190000 44222.187500 47185.363281
2 0.380000 43061.605469 52297.386719
3 0.588000 42289.203125 59231.988281
4 0.782000 42062.160156 65468.605469
5 0.989000 41845.769531 69622.828125
6 1.232000 41837.964844 70850.414063
7 1.427000 41810.339844 75671.976563
8 1.639000 41502.265625 83885.390625
9 1.839000 41370.789063 82703.226563
10 2.021000 41233.375000 80113.968750
11 2.227000 41146.468750 78494.562500
12 2.425000 41146.468750 83629.531250
13 2.655000 41146.468750 82984.906250
14 2.877000 41036.800781 85874.257813
15 3.103000 40963.734375 86364.468750
16 3.300000 40744.777344 85334.726563
17 3.492000 40442.585938 84996.406250
18 3.660000 40348.941406 87117.117188
19 3.838000 40052.164063 86416.632813
20 4.033000 40052.164063 85262.218750
21 4.207000 39889.218750 84369.500000
22 4.368000 39831.722656 88897.320313
23 4.549000 39803.746094 88052.351563
24 4.742000 39803.746094 85552.968750
25 4.944000 39803.746094 85195.171875
26 5.126000 39803.746094 80421.296875
27 5.325000 39803.746094 86027.742188
28 5.520000 39803.746094 90458.593750
29 5.708000 39803.746094 89961.812500
30 5.909000 39803.746094 91839.453125
31 6.096000 39803.746094 93663.476563
32 6.312000 39803.746094 94275.007813
33 6.544000 39803.746094 95601.507813
34 6.735000 39803.746094 94756.671875
35 6.926000 39803.746094 96331.546875
36 7.112000 39783.441406 93329.031250
37 7.302000 39783.441406 91806.437500
38 7.479000 39783.441406 87602.687500
39 7.671000 39783.441406 87844.500000
40 7.851000 39783.441406 90842.953125
41 8.024000 39783.441406 87862.726563
42 8.219000 39783.441406 92445.312500
43 8.402000 39783.441406 89556.710938
44 8.616000 39783.441406 91035.351563
45 8.813000 39783.441406 86663.398438
46 8.993000 39783.441406 82460.781250
47 9.192000 39783.441406 90419.968750
48 9.391000 39783.441406 87870.781250
49 9.584000 39783.441406 82718.539063
50 9.766000 39783.441406 82219.937500
51 9.954000 39783.441406 80053.953125
52 10.147000 39783.441406 81671.000000
53 10.329000 39783.441406 83897.898438
54 10.527000 39783.441406 89459.679688
55 10.732000 39783.441406 89197.718750
56 10.926000 39783.441406 85180.437500
57 11.134000 39783.441406 83162.617188
58 11.332000 39783.441406 83820.593750
59 11.550000 39783.441406 84988.976563
60 11.742000 39783.441406 84820.546875
61 11.944000 39783.441406 86018.101563
62 12.114000 39783.441406 86646.078125
63 12.282000 39783.441406 82511.320313
64 12.468000 39783.441406 80815.929688
65 12.642000 39783.441406 85787.843750
66 12.815000 39783.441406 89779.757813
67 13.025000 39783.441406 91931.812500
68 13.225000 39783.441406 91260.257813
69 13.425000 39783.441406 90152.062500
70 13.620000 39783.441406 92389.250000
71 13.804000 39783.441406 91852.101563
72 13.994000 39783.441406 92718.000000
73 14.186000 39783.441406 88238.609375
74 14.367000 39783.441406 83800.734375
75 14.570000 39783.441406 86017.828125
76 14.754000 39783.441406 83406.421875
77 14.970000 39783.441406 88912.968750
78 15.172000 39783.441406 85550.070313
79 15.353000 39783.441406 93686.757813
80 15.550000 39783.441406 93502.031250
81 15.740000 39783.441406 90350.250000
82 15.935000 39783.441406 89842.929688
83 16.137000 39783.441406 90250.992188
84 16.310000 39783.441406 90884.023438
85 16.505000 39783.441406 90270.476563
86 16.682000 39783.441406 90706.960938
87 16.895000 39783.441406 90363.992188
88 17.099000 39783.441406 92846.226563
89 17.277000 39783.441406 89744.218750
90 17.465000 39783.441406 96373.851563
91 17.662000 39783.441406 97436.500000
92 17.859000 39783.441406 96325.156250
93 18.059000 39783.441406 96726.187500
94 18.262000 39783.441406 95090.601563
95 18.447000 39783.441406 93006.492188
96 18.635000 39783.441406 93117.859375
97 18.830000 39783.441406 94178.531250
98 19.023000 39783.441406 92263.187500
99 19.212000 39783.441406 88104.406250
100 19.415000 39783.441406 88438.960938
101 19.597000 39783.441406 91842.382813
102 19.785000 39783.441406 87444.632813
103 19.966000 39783.441406 85051.070313
104 20.143000 39783.441406 86962.593750
105 20.347000 39783.441406 88299.867188
106 20.519000 39783.441406 87104.890625
107 20.687000 39783.441406 91669.859375
108 20.865000 39783.441406 91253.976563
109 21.065000 39783.441406 89358.289063
110 21.320000 39783.441406 89782.828125
111 21.515000 39783.441406 88912.679688
112 21.705000 39783.441406 94744.531250
113 21.927000 39783.441406 86522.289063
114 22.123000 39783.441406 83461.515625
115 22.313000 39783.441406 84482.226563
116 22.519000 39783.441406 82882.882813
117 22.717000 39783.441406 84076.742188
118 22.930000 39783.441406 88028.710938
119 23.123000 39783.441406 85190.070313
120 23.310000 39783.441406 83489.539063
121 23.500000 39783.441406 85200.921875
122 23.700000 39783.441406 85615.218750
123 23.903000 39783.441406 85135.453125
124 24.101000 39783.441406 87163.421875
125 24.278000 39783.441406 84325.773438
126 24.458000 39783.441406 89496.812500
127 24.646000 39783.441406 88291.796875
128 24.831000 39783.441406 93573.539063
129 25.035000 39783.441406 96737.328125
130 25.230000 39783.441406 89333.101563
131 25.435000 39783.441406 90191.179688
132 25.631000 39783.441406 91048.757813
133 25.806000 39783.441406 89041.679688
134 25.993000 39783.441406 91289.257813
135 26.175000 39783.441406 91899.406250
136 26.348000 39783.441406 88912.750000
137 26.540000 39783.441406 90923.289063
138 26.743000 39783.441406 87779.781250
139 26.934000 39783.441406 88371.101563
140 27.131000 39783.441406 82900.937500
141 27.319000 39783.441406 89293.460938
142 27.491000 39783.441406 87545.843750
143 27.671000 39783.441406 87716.382813
144 27.852000 39783.441406 87153.906250
145 28.056000 39783.441406 86410.179688
146 28.261000 39783.441406 89316.453125
147 28.450000 39783.441406 85840.453125
148 28.636000 39783.441406 84867.867188
149 28.836000 39783.441406 85029.492188
150 29.025000 39783.441406 84726.937500
151 29.216000 39783.441406 85501.289063
152 29.413000 39783.441406 88539.226563
153 29.581000 39783.441406 90748.781250
154 29.775000 39783.441406 89572.812500
155 29.936000 39783.441406 90484.570313
156 30.132000 39783.441406 89893.382813
157 30.337000 39783.441406 87785.812500
158 30.519000 39783.441406 91267.570313
159 30.708000 39783.441406 88473.437500
160 30.895000 39783.441406 90219.562500
161 31.073000 39783.441406 90563.328125
162 31.281000 39783.441406 91783.898438
163 31.471000 39783.441406 89300.398438
164 31.673000 39783.441406 89316.750000
165 31.877000 39783.441406 88196.296875
166 32.051000 39783.441406 88853.046875
167 32.237000 39783.441406 90327.828125
168 32.402000 39783.441406 94049.687500
169 32.591000 39783.441406 91720.273438
170 32.783000 39783.441406 91907.437500
171 32.974000 39783.441406 90359.406250
172 33.142000 39783.441406 89272.437500
173 33.308000 39783.441406 96258.460938
174 33.493000 39783.441406 94808.492188
175 33.692000 39783.441406 92796.468750
176 33.893000 39783.441406 91621.679688
177 34.083000 39783.441406 92440.812500
178 34.266000 39783.441406 95832.156250
179 34.442000 39783.441406 103115.539063
180 34.650000 39783.441406 102025.921875
181 34.862000 39783.441406 101799.273438
182 35.061000 39783.441406 94931.210938
183 35.259000 39783.441406 95775.820313
184 35.460000 39783.441406 100284.500000
185 35.637000 39783.441406 95951.140625
186 35.834000 39783.441406 96802.000000
187 36.020000 39783.441406 98122.460938
188 36.209000 39783.441406 96342.968750
189 36.447000 39783.441406 98980.968750
190 36.651000 39783.441406 99638.796875
191 36.862000 39783.441406 97187.476563
192 37.045000 39783.441406 96353.757813
193 37.269000 39783.441406 93313.679688
194 37.452000 39783.441406 92866.851563
195 37.647000 39783.441406 90321.132813
196 37.843000 39783.441406 88727.437500
197 38.034000 39783.441406 87233.671875
198 38.218000 39783.441406 91750.507813
199 38.402000 39783.441406 89373.898438
200 38.601000 39783.441406 91740.789063
201 38.782000 39783.441406 92505.726563
202 38.972000 39783.441406 89814.976563
203 39.141000 39783.441406 92800.000000
204 39.328000 39783.441406 95907.773438
205 39.510000 39783.441406 94602.273438
206 39.696000 39783.441406 95295.062500
207 39.902000 39783.441406 94623.359375
208 40.111000 39783.441406 94271.750000
209 40.287000 39783.441406 94142.406250
210 40.485000 39783.441406 98228.117188
211 40.664000 39783.441406 93261.109375
212 40.857000 39783.441406 96872.312500
213 41.062000 39783.441406 96009.632813
214 41.250000 39783.441406 90437.953125
215 41.437000 39783.441406 93027.812500
216 41.620000 39783.441406 98010.796875
217 41.829000 39783.441406 92799.007813
218 42.038000 39783.441406 90455.367188
219 42.265000 39783.441406 87690.000000
220 42.504000 39783.441406 91487.226563
221 42.701000 39783.441406 90971.257813
222 42.863000 39783.441406 88577.570313
223 43.056000 39783.441406 89098.632813
224 43.245000 39783.441406 89668.273438
225 43.445000 39783.441406 92332.796875
226 43.648000 39783.441406 92812.289063
227 43.845000 39783.441406 91634.312500
228 44.047000 39783.441406 89576.812500
229 44.238000 39783.441406 90258.703125
230 44.437000 39783.441406 89577.593750
231 44.641000 39783.441406 87928.570313
232 44.848000 39783.441406 88151.828125
233 45.037000 39783.441406 82756.320313
234 45.234000 39783.441406 85329.921875
235 45.459000 39783.441406 80851.960938
236 45.652000 39783.441406 82374.312500
237 45.869000 39783.441406 88374.312500
238 46.049000 39783.441406 90255.468750
239 46.293000 39783.441406 89899.398438
240 46.586000 39783.441406 86960.562500
241 46.789000 39783.441406 83350.148438
242 47.012000 39783.441406 85624.796875
243 47.232000 39783.441406 87734.507813
244 47.461000 39783.441406 89831.500000
245 47.678000 39783.441406 89828.976563
246 47.884000 39783.441406 87742.546875
247 48.081000 39783.441406 88800.132813
248 48.289000 39783.441406 87286.250000
249 48.459000 39783.441406 88005.968750
250 48.651000 39783.441406 94335.773438
251 48.838000 39783.441406 88335.492188
252 49.029000 39783.441406 89677.406250
253 49.223000 39783.441406 91133.601563
254 49.428000 39783.441406 88197.898438
255 49.600000 39783.441406 86028.992188
256 49.800000 39783.441406 86598.250000
257 49.995000 39783.441406 88449.992188
258 50.187000 39783.441406 90812.656250
259 50.390000 39783.441406 86500.132813
260 50.584000 39783.441406 82282.070313
261 50.790000 39783.441406 83950.460938
262 50.989000 39783.441406 85252.593750
263 51.177000 39783.441406 84254.039063
264 51.396000 39783.441406 82257.351563
265 51.582000 39783.441406 81335.281250
266 51.796000 39783.441406 81735.187500
267 51.979000 39783.441406 81329.492188
268 52.192000 39783.441406 86835.742188
269 52.402000 39783.441406 87565.617188
270 52.572000 39783.441406 94133.257813
271 52.757000 39783.441406 93898.968750
272 52.954000 39783.441406 96029.117188
273 53.171000 39783.441406 88465.109375
274 53.392000 39783.441406 86547.828125
275 53.598000 39783.441406 88561.726563
276 53.795000 39783.441406 93469.703125
277 53.984000 39783.441406 90320.390625
278 54.171000 39783.441406 86516.679688
279 54.371000 39783.441406 86075.796875
280 54.552000 39783.441406 87335.906250
281 54.751000 39783.441406 85222.156250
282 54.942000 39783.441406 83967.023438
283 55.119000 39783.441406 85221.617188
284 55.317000 39783.441406 86397.109375
285 55.523000 39783.441406 87381.507813
286 55.737000 39783.441406 85156.656250
287 55.926000 39783.441406 81698.914063
288 56.118000 39783.441406 84369.812500
289 56.287000 39783.441406 80936.484375
290 56.483000 39783.441406 86030.453125
291 56.675000 39783.441406 87324.140625
292 56.856000 39783.441406 88833.382813
293 57.060000 39783.441406 91731.828125
294 57.258000 39783.441406 92163.062500
295 57.457000 39783.441406 92658.453125
296 57.638000 39783.441406 95322.609375
297 57.834000 39783.441406 93298.546875
298 58.041000 39783.441406 94407.226563
299 58.256000 39783.441406 89057.156250
300 58.448000 39783.441406 87562.437500
301 58.634000 39783.441406 89035.039063
302 58.834000 39783.441406 95940.093750
303 59.031000 39783.441406 89188.859375
304 59.231000 39783.441406 88958.640625
305 59.428000 39783.441406 91722.781250
306 59.620000 39783.441406 96417.132813
307 59.821000 39783.441406 97541.273438
308 60.027000 39783.441406 92881.203125
309 60.231000 39783.441406 90764.937500
310 60.395000 39783.441406 94251.226563
311 60.617000 39783.441406 97739.226563
312 60.830000 39783.441406 96688.796875
313 61.039000 39783.441406 94630.976563
314 61.222000 39783.441406 93993.148438
315 61.401000 39783.441406 91715.726563
316 61.592000 39783.441406 92920.968750
317 61.797000 39783.441406 93900.140625
318 61.961000 39783.441406 93482.429688
319 62.168000 39783.441406 103252.492188
320 62.365000 39783.441406 100121.890625
321 62.556000 39783.441406 96873.320313
322 62.743000 39783.441406 91983.218750
323 62.917000 39783.441406 93512.046875
324 63.140000 39783.441406 91558.898438
325 63.343000 39783.441406 86712.632813
326 63.529000 39783.441406 88567.320313
327 63.723000 39783.441406 91593.773438
328 63.914000 39783.441406 90708.156250
329 64.082000 39783.441406 86573.179688
330 64.280000 39783.441406 88878.328125
331 64.480000 39783.441406 92590.726563
332 64.700000 39783.441406 92180.421875
333 64.883000 39783.441406 92029.359375
334 65.065000 39783.441406 91587.796875
335 65.271000 39783.441406 91525.117188
336 65.460000 39783.441406 94204.132813
337 65.651000 39783.441406 94495.078125
338 65.854000 39783.441406 96688.398438
339 66.054000 39783.441406 91301.000000
340 66.246000 39783.441406 90277.007813
341 66.419000 39783.441406 88271.406250
342 66.605000 39783.441406 89920.781250
343 66.783000 39783.441406 86581.593750
344 66.973000 39783.441406 84076.398438
345 67.188000 39783.441406 84524.906250
346 67.384000 39783.441406 84293.867188
347 67.607000 39783.441406 85604.421875
348 67.795000 39783.441406 88039.398438
349 67.993000 39783.441406 90789.250000
350 68.203000 39783.441406 87861.539063
351 68.406000 39783.441406 84920.179688
352 68.596000 39783.441406 87349.632813
353 68.796000 39783.441406 87714.039063
354 68.992000 39783.441406 85683.070313
355 69.179000 39783.441406 88568.632813
356 69.370000 39783.441406 84843.273438
357 69.593000 39783.441406 89127.960938
358 69.811000 39783.441406 87184.476563
359 70.014000 39783.441406 88593.523438
360 70.254000 39783.441406 88302.726563
361 70.521000 39783.441406 85622.617188
362 70.788000 39783.441406 87558.320313
363 71.059000 39783.441406 84825.773438
364 71.278000 39783.441406 89510.390625
365 71.475000 39783.441406 93138.351563
366 71.676000 39783.441406 91111.101563
367 71.897000 39783.441406 89147.671875
368 72.101000 39783.441406 93427.148438
369 72.296000 39783.441406 90551.718750
370 72.519000 39783.441406 92636.539063
371 72.706000 39783.441406 87744.062500
372 72.909000 39783.441406 87970.937500
373 73.106000 39783.441406 85891.601563
374 73.304000 39783.441406 86145.609375
375 73.512000 39783.441406 84347.562500
376 73.705000 39783.441406 82095.257813
377 73.906000 39783.441406 81929.562500
378 74.117000 39783.441406 80448.546875
379 74.317000 39783.441406 76994.335938
380 74.498000 39783.441406 81159.289063
381 74.689000 39783.441406 82602.593750
382 74.869000 39783.441406 82009.007813
383 75.078000 39783.441406 83910.039063
384 75.282000 39783.441406 84085.906250
385 75.472000 39783.441406 83260.718750
386 75.692000 39783.441406 85950.882813
387 75.904000 39783.441406 86290.148438
388 76.102000 39783.441406 87022.828125
389 76.327000 39783.441406 85994.007813
390 76.543000 39783.441406 84592.531250
391 76.740000 39783.441406 87597.992188
392 76.913000 39783.441406 85319.671875
393 77.113000 39783.441406 85922.679688
394 77.316000 39783.441406 85478.218750
395 77.516000 39783.441406 89075.031250
396 77.699000 39783.441406 89364.976563
397 77.924000 39783.441406 89830.593750
398 78.138000 39783.441406 90258.562500
399 78.321000 39783.441406 90915.460938
400 78.519000 39783.441406 91613.968750
401 78.705000 39783.441406 92148.750000
402 78.933000 39783.441406 91738.921875
403 79.141000 39783.441406 90504.500000
404 79.339000 39783.441406 87936.507813
405 79.538000 39783.441406 90287.132813
406 79.749000 39783.441406 90264.953125
407 79.932000 39783.441406 92421.796875
408 80.118000 39783.441406 88565.632813
409 80.314000 39783.441406 89195.539063
410 80.511000 39783.441406 86852.937500
411 80.711000 39783.441406 84094.679688
412 80.912000 39783.441406 87614.476563
413 81.106000 39783.441406 89553.640625
414 81.307000 39783.441406 87634.523438
415 81.477000 39783.441406 86451.468750
416 81.661000 39783.441406 86542.882813
417 81.866000 39783.441406 83961.703125
418 82.078000 39783.441406 80989.414063
419 82.284000 39783.441406 85800.406250
420 82.471000 39783.441406 85983.898438
421 82.670000 39783.441406 87074.679688
422 82.853000 39783.441406 86756.828125
423 83.047000 39783.441406 85472.023438
424 83.244000 39783.441406 89765.437500
425 83.440000 39783.441406 90843.898438
426 83.641000 39783.441406 89128.843750
427 83.867000 39783.441406 94157.468750
428 84.059000 39783.441406 90249.726563
429 84.226000 39783.441406 93640.687500
430 84.443000 39783.441406 93888.187500
431 84.644000 39783.441406 97036.218750
432 84.851000 39783.441406 93412.750000
433 85.037000 39783.441406 91751.187500
434 85.214000 39783.441406 91449.070313
435 85.401000 39783.441406 90652.296875
436 85.601000 39783.441406 90500.492188
437 85.807000 39783.441406 89357.796875
438 86.014000 39783.441406 89893.742188
439 86.228000 39783.441406 87212.171875
440 86.424000 39783.441406 85391.718750
441 86.622000 39783.441406 89075.898438
442 86.814000 39783.441406 89322.812500
443 87.019000 39783.441406 90248.156250
444 87.213000 39783.441406 91229.140625
445 87.420000 39783.441406 88976.289063
446 87.611000 39783.441406 87687.210938
447 87.817000 39783.441406 89098.898438
448 88.020000 39783.441406 88769.828125
449 88.242000 39783.441406 88137.726563
450 88.432000 39783.441406 86826.867188
451 88.632000 39783.441406 85453.031250
452 88.862000 39783.441406 85009.632813
453 89.060000 39783.441406 88978.921875
454 89.260000 39783.441406 87915.296875
455 89.461000 39783.441406 88683.828125
456 89.682000 39783.441406 87984.937500
457 89.873000 39783.441406 87215.710938
458 90.064000 39783.441406 94499.648438
459 90.240000 39783.441406 98695.820313
460 90.426000 39783.441406 96320.148438
461 90.614000 39783.441406 93329.507813
462 90.826000 39783.441406 93214.859375
463 90.995000 39783.441406 93778.601563
464 91.194000 39783.441406 95017.250000
465 91.384000 39783.441406 93426.351563
466 91.580000 39783.441406 94956.757813
467 91.770000 39783.441406 93474.757813
468 91.953000 39783.441406 100479.820313
469 92.123000 39783.441406 99286.726563
470 92.313000 39783.441406 92937.132813
471 92.492000 39783.441406 93009.632813
472 92.701000 39783.441406 90455.070313
473 92.903000 39783.441406 91803.789063
474 93.087000 39783.441406 89166.570313
475 93.287000 39783.441406 88910.820313
476 93.486000 39783.441406 89990.312500
477 93.679000 39783.441406 87421.820313
478 93.864000 39783.441406 87059.187500
479 94.081000 39783.441406 89432.750000
480 94.286000 39783.441406 87633.093750
481 94.479000 39783.441406 89204.179688
482 94.655000 39783.441406 90080.226563
483 94.840000 39783.441406 97788.257813
484 95.012000 39783.441406 94367.468750
485 95.201000 39783.441406 94563.289063
486 95.400000 39783.441406 99837.546875
487 95.578000 39783.441406 95267.812500
488 95.773000 39783.441406 94737.273438
489 95.977000 39783.441406 95116.359375
490 96.197000 39783.441406 94667.468750
491 96.404000 39783.441406 92815.187500
492 96.584000 39783.441406 92337.500000
493 96.759000 39783.441406 92186.109375
494 96.962000 39783.441406 94176.218750
495 97.203000 39783.441406 97573.968750
496 97.424000 39783.441406 93020.898438
497 97.637000 39783.441406 93977.312500
498 97.859000 39783.441406 95358.773438
499 98.101000 39783.441406 100617.671875
500 98.321000 39783.441406 98071.687500
501 98.512000 39783.441406 99682.609375
502 98.731000 39783.441406 98626.906250
503 98.959000 39783.441406 96354.531250
504 99.149000 39783.441406 93458.976563
505 99.355000 39783.441406 95840.523438
506 99.531000 39783.441406 92708.203125
507 99.697000 39783.441406 89537.898438
508 99.924000 39783.441406 90396.531250
509 100.131000 39783.441406 87284.312500
510 100.354000 39783.441406 86993.406250
511 100.549000 39783.441406 86987.882813
512 100.760000 39783.441406 87752.242188
513 100.930000 39783.441406 85671.812500
514 101.112000 39783.441406 85743.406250
515 101.305000 39783.441406 87496.070313
516 101.487000 39783.441406 88204.890625
517 101.671000 39783.441406 86079.976563
518 101.846000 39783.441406 86844.359375
519 102.052000 39783.441406 86281.343750
520 102.239000 39783.441406 84244.210938
521 102.418000 39783.441406 86330.500000
522 102.622000 39783.441406 90333.632813
523 102.821000 39783.441406 87503.257813
524 103.061000 39783.441406 93867.171875
525 103.247000 39783.441406 96508.210938
526 103.426000 39783.441406 93454.843750
527 103.616000 39783.441406 91069.609375
528 103.824000 39783.441406 93032.429688
529 104.030000 39783.441406 92476.781250
530 104.218000 39783.441406 89417.632813
531 104.423000 39783.441406 92001.000000
532 104.605000 39783.441406 87823.226563
533 104.787000 39783.441406 89037.421875
534 104.975000 39783.441406 91869.281250
535 105.150000 39783.441406 97074.109375
536 105.341000 39783.441406 92017.843750
537 105.522000 39783.441406 93640.312500
538 105.710000 39783.441406 96285.492188
539 105.911000 39783.441406 95790.679688
540 106.100000 39783.441406 91886.187500
541 106.330000 39783.441406 95191.492188
542 106.533000 39783.441406 93658.507813
543 106.739000 39783.441406 93496.820313
544 106.920000 39783.441406 90101.648438
545 107.131000 39783.441406 92274.617188
546 107.317000 39783.441406 93968.929688
547 107.500000 39783.441406 93269.273438
548 107.678000 39783.441406 91302.656250
549 107.904000 39783.441406 92855.390625
550 108.088000 39783.441406 94497.523438
551 108.274000 39783.441406 95726.390625
552 108.481000 39783.441406 90697.539063
553 108.686000 39783.441406 91060.617188
554 108.877000 39783.441406 91744.617188
555 109.060000 39783.441406 90280.703125
556 109.266000 39783.441406 92328.109375
557 109.455000 39783.441406 88924.421875
558 109.649000 39783.441406 94839.140625
559 109.813000 39783.441406 91785.179688
560 109.976000 39783.441406 95369.460938
561 110.160000 39783.441406 90165.156250
562 110.357000 39783.441406 89732.453125
563 110.535000 39783.441406 86111.656250
564 110.728000 39783.441406 88663.250000
565 110.923000 39783.441406 92707.250000
566 111.100000 39783.441406 96308.882813
567 111.296000 39783.441406 96352.148438
568 111.483000 39783.441406 93047.703125
569 111.660000 39783.441406 87399.078125
570 111.866000 39783.441406 87011.992188
571 112.066000 39783.441406 87861.906250
572 112.258000 39783.441406 88571.632813
573 112.440000 39783.441406 87223.710938
574 112.631000 39783.441406 88297.718750
575 112.832000 39783.441406 90058.937500
576 113.032000 39783.441406 92485.218750
577 113.192000 39783.441406 91212.070313
578 113.388000 39783.441406 91187.460938
579 113.573000 39783.441406 92592.429688
580 113.778000 39783.441406 87792.210938
581 113.947000 39783.441406 86631.867188
582 114.145000 39783.441406 90717.101563
583 114.338000 39783.441406 92251.351563
584 114.539000 39783.441406 91874.679688
585 114.731000 39783.441406 87474.093750
586 114.907000 39783.441406 89785.828125
587 115.108000 39783.441406 88181.609375
588 115.300000 39783.441406 83391.414063
589 115.481000 39783.441406 85372.632813
590 115.670000 39783.441406 81051.343750
591 115.864000 39783.441406 78203.828125
592 116.040000 39783.441406 81929.718750
593 116.189000 39783.441406 84072.671875
594 116.350000 39783.441406 85049.976563
595 116.543000 39783.441406 87525.640625
596 116.727000 39783.441406 84960.476563
597 116.921000 39783.441406 85936.601563
598 117.106000 39783.441406 81868.171875
599 117.297000 39783.441406 87470.921875
600 117.579000 39783.441406 87135.210938
601 117.763000 39783.441406 88974.937500
602 117.951000 39783.441406 86412.148438
603 118.139000 39783.441406 91261.296875
604 118.317000 39783.441406 94698.257813
605 118.687000 39783.441406 93616.273438
606 118.897000 39783.441406 90723.023438
607 119.092000 39783.441406 92534.671875
608 119.323000 39783.441406 88764.937500
609 119.533000 39783.441406 90190.046875
610 119.729000 39783.441406 93590.570313
611 119.901000 39783.441406 94231.007813
612 120.105000 39783.441406 98869.039063
613 120.326000 39783.441406 93454.750000
614 120.528000 39783.441406 88090.882813
615 120.717000 39783.441406 92249.000000
616 120.914000 39783.441406 89787.562500
617 121.110000 39783.441406 86306.648438
618 121.293000 39783.441406 89500.453125
619 121.487000 39783.441406 91351.226563
620 121.700000 39783.441406 91794.570313
621 121.903000 39783.441406 88125.500000
622 122.110000 39783.441406 85322.578125
623 122.291000 39783.441406 86415.562500
624 122.508000 39783.441406 86997.171875
625 122.684000 39783.441406 84006.242188
626 122.894000 39783.441406 82525.093750
627 123.096000 39783.441406 82482.375000
628 123.286000 39783.441406 87399.851563
629 123.483000 39783.441406 86072.609375
630 123.666000 39783.441406 87356.648438
631 123.854000 39783.441406 87885.570313
632 124.028000 39783.441406 86921.171875
633 124.224000 39783.441406 86242.718750
634 124.415000 39783.441406 88821.867188
635 124.615000 39783.441406 92290.312500
636 124.808000 39783.441406 89746.312500
637 124.989000 39783.441406 91722.070313
638 125.203000 39783.441406 92048.312500
639 125.415000 39783.441406 85517.281250
640 125.624000 39783.441406 88221.617188
641 125.846000 39783.441406 90764.343750
642 126.038000 39783.441406 92220.640625
643 126.238000 39783.441406 96059.117188
644 126.431000 39783.441406 94266.203125
645 126.646000 39783.441406 92538.242188
646 126.845000 39783.441406 95514.523438
647 127.049000 39783.441406 97455.578125
648 127.259000 39783.441406 94932.031250
649 127.462000 39783.441406 94847.343750
650 127.664000 39783.441406 100217.921875
651 127.874000 39783.441406 96101.960938
652 128.077000 39783.441406 94455.796875
653 128.274000 39783.441406 94122.007813
654 128.467000 39783.441406 93966.867188
655 128.669000 39783.441406 97247.476563
656 128.886000 39783.441406 92704.273438
657 129.086000 39783.441406 89903.820313
658 129.276000 39783.441406 94191.992188
659 129.477000 39783.441406 97264.921875
660 129.662000 39783.441406 97985.382813
661 129.869000 39783.441406 93276.492188
662 130.099000 39783.441406 90648.171875
663 130.296000 39783.441406 88592.726563
664 130.508000 39783.441406 88264.398438
665 130.703000 39783.441406 89899.929688
666 130.923000 39783.441406 93692.390625
667 131.138000 39783.441406 92491.062500
668 131.346000 39783.441406 95042.351563
669 131.560000 39783.441406 92015.929688
670 131.752000 39783.441406 92794.796875
671 131.973000 39783.441406 93496.390625
672 132.156000 39783.441406 95168.531250
673 132.331000 39783.441406 92262.820313
674 132.527000 39783.441406 92451.992188
675 132.721000 39783.441406 93170.156250
676 132.904000 39783.441406 91675.703125
677 133.096000 39783.441406 91029.210938
678 133.303000 39783.441406 95802.390625
679 133.517000 39783.441406 97792.546875
680 133.714000 39783.441406 96127.328125
681 133.948000 39783.441406 96170.742188
682 134.200000 39783.441406 99088.062500
683 134.444000 39783.441406 96359.500000
684 134.639000 39783.441406 93385.570313
685 134.834000 39783.441406 100664.281250
686 135.034000 39783.441406 97404.070313
687 135.217000 39783.441406 97792.093750
688 135.443000 39783.441406 98354.781250
689 135.648000 39783.441406 96774.210938
690 135.842000 39783.441406 93455.492188
691 136.056000 39783.441406 95573.320313
692 136.231000 39783.441406 96286.578125
693 136.421000 39783.441406 96966.203125
694 136.636000 39783.441406 93908.070313
695 136.831000 39783.441406 95742.359375
696 137.032000 39783.441406 94690.132813
697 137.245000 39783.441406 94757.273438
698 137.445000 39783.441406 94109.781250
699 137.637000 39783.441406 94758.460938
700 137.822000 39783.441406 95060.132813
701 138.010000 39783.441406 93963.062500
702 138.200000 39783.441406 91129.718750
703 138.364000 39783.441406 90574.640625
704 138.573000 39783.441406 92364.781250
705 138.763000 39783.441406 91274.312500
706 138.954000 39783.441406 94444.171875
707 139.169000 39783.441406 93904.992188
708 139.361000 39783.441406 95863.351563
709 139.564000 39783.441406 93751.882813
710 139.770000 39783.441406 96615.453125
711 139.934000 39783.441406 96368.070313
712 140.120000 39783.441406 94215.882813
713 140.343000 39783.441406 100311.257813
714 140.518000 39783.441406 94805.296875
715 140.724000 39783.441406 96982.523438
716 140.899000 39783.441406 90702.187500
717 141.100000 39783.441406 87824.093750
718 141.296000 39783.441406 93214.679688
719 141.476000 39783.441406 94658.289063
720 141.704000 39783.441406 92699.648438
721 141.884000 39783.441406 85830.562500
722 142.095000 39783.441406 86289.140625
723 142.280000 39783.441406 89598.078125
724 142.458000 39783.441406 92230.710938
725 142.643000 39783.441406 97174.937500
726 142.840000 39783.441406 93546.117188
727 143.036000 39783.441406 93543.070313
728 143.234000 39783.441406 93426.437500
729 143.419000 39783.441406 94284.398438
730 143.625000 39783.441406 93425.476563
731 143.819000 39783.441406 95139.039063
732 144.016000 39783.441406 93824.953125
733 144.209000 39783.441406 93810.507813
734 144.394000 39783.441406 93544.500000
735 144.584000 39783.441406 91395.093750
736 144.786000 39783.441406 90194.000000
737 144.981000 39783.441406 97196.421875
738 145.169000 39783.441406 100375.343750
739 145.386000 39783.441406 96902.109375
740 145.591000 39783.441406 92618.218750
741 145.805000 39783.441406 93899.742188
742 145.989000 39783.441406 100968.187500
743 146.188000 39783.441406 98591.828125
744 146.384000 39783.441406 97226.562500
745 146.557000 39783.441406 94295.281250
746 146.782000 39783.441406 91749.531250
747 146.961000 39783.441406 87202.578125
748 147.144000 39783.441406 86821.656250
749 147.316000 39783.441406 86832.000000
750 147.510000 39783.441406 87295.070313
751 147.702000 39783.441406 89166.226563
752 147.896000 39783.441406 85082.062500
753 148.096000 39783.441406 87706.203125
754 148.286000 39783.441406 85258.273438
755 148.486000 39783.441406 84307.101563
756 148.703000 39783.441406 84825.648438
757 148.883000 39783.441406 85551.718750
758 149.076000 39783.441406 88031.078125
759 149.274000 39783.441406 89064.101563
760 149.465000 39783.441406 94572.351563
761 149.669000 39783.441406 95701.242188
762 149.859000 39783.441406 95812.617188
763 150.047000 39783.441406 96644.656250
764 150.247000 39783.441406 92600.820313
765 150.457000 39783.441406 87008.156250
766 150.660000 39783.441406 85535.890625
767 150.865000 39783.441406 84359.390625
768 151.062000 39783.441406 91127.062500
769 151.271000 39783.441406 89961.710938
770 151.468000 39783.441406 91063.742188
771 151.652000 39783.441406 91896.398438
772 151.833000 39783.441406 86784.500000
773 152.038000 39783.441406 88774.593750
774 152.250000 39783.441406 90185.171875
775 152.453000 39783.441406 90982.031250
776 152.653000 39783.441406 89715.507813
777 152.866000 39783.441406 89582.562500
778 153.057000 39783.441406 88897.601563
779 153.244000 39783.441406 96896.789063
780 153.428000 39783.441406 101332.398438
781 153.630000 39783.441406 100408.703125
782 153.839000 39783.441406 104119.742188
783 154.048000 39783.441406 103042.531250
784 154.231000 39783.441406 99455.382813
785 154.439000 39783.441406 96148.953125
786 154.620000 39783.441406 98976.351563
787 154.810000 39783.441406 101151.406250
788 155.006000 39783.441406 97578.570313
789 155.208000 39783.441406 97594.992188
790 155.416000 39783.441406 99883.710938
791 155.604000 39783.441406 96100.039063
792 155.809000 39783.441406 90592.203125
793 155.999000 39783.441406 89590.632813
794 156.205000 39783.441406 89082.437500
795 156.384000 39783.441406 89375.960938
796 156.572000 39783.441406 88763.617188
797 156.783000 39783.441406 90934.968750
798 156.978000 39783.441406 90477.898438
799 157.163000 39783.441406 91858.671875
800 157.366000 39783.441406 90024.406250
801 157.567000 39783.441406 91829.671875
802 157.784000 39783.441406 92606.242188
803 157.975000 39783.441406 93340.312500
804 158.174000 39783.441406 90767.578125
805 158.361000 39783.441406 90163.906250
806 158.595000 39783.441406 93640.859375
807 158.791000 39783.441406 90541.750000
808 158.996000 39783.441406 90063.109375
809 159.186000 39783.441406 88949.421875
810 159.401000 39783.441406 87652.718750
811 159.594000 39783.441406 88098.226563
812 159.794000 39783.441406 87739.242188
813 159.978000 39783.441406 89967.007813
814 160.162000 39783.441406 88577.257813
815 160.352000 39783.441406 85464.671875
816 160.539000 39783.441406 85418.023438
817 160.724000 39783.441406 86441.828125
818 160.915000 39783.441406 85068.609375
819 161.100000 39783.441406 87673.257813
820 161.299000 39783.441406 87275.281250
821 161.480000 39783.441406 89268.429688
822 161.674000 39783.441406 88864.757813
823 161.853000 39783.441406 88464.218750
824 162.027000 39783.441406 84599.898438
825 162.221000 39783.441406 83990.640625
826 162.398000 39783.441406 83081.156250
827 162.579000 39783.441406 87451.828125
828 162.768000 39783.441406 85309.781250
829 162.959000 39783.441406 85977.257813
830 163.141000 39783.441406 84051.882813
831 163.331000 39783.441406 89001.507813
832 163.523000 39783.441406 91244.093750
833 163.717000 39783.441406 89448.843750
834 163.888000 39783.441406 89931.109375
835 164.096000 39783.441406 86857.210938
836 164.300000 39783.441406 85226.789063
837 164.488000 39783.441406 85914.507813
838 164.680000 39783.441406 86154.859375
839 164.877000 39783.441406 86339.296875
840 165.064000 39783.441406 86217.710938
841 165.260000 39783.441406 85302.882813
842 165.462000 39783.441406 83332.273438
843 165.658000 39783.441406 82949.726563
844 165.867000 39783.441406 83100.382813
845 166.075000 39783.441406 82641.296875
846 166.266000 39783.441406 83752.835938
847 166.462000 39783.441406 82649.976563
848 166.665000 39783.441406 84713.546875
849 166.872000 39783.441406 82897.937500
850 167.074000 39783.441406 87949.601563
851 167.255000 39783.441406 87443.742188
852 167.459000 39783.441406 87249.906250
853 167.669000 39783.441406 87959.367188
854 167.838000 39783.441406 88529.000000
855 168.050000 39783.441406 88914.742188
856 168.252000 39783.441406 88090.562500
857 168.448000 39783.441406 86995.242188
858 168.622000 39783.441406 82959.156250
859 168.831000 39783.441406 83834.570313
860 169.025000 39783.441406 83711.257813
861 169.248000 39783.441406 88090.843750
862 169.452000 39783.441406 87316.101563
863 169.646000 39783.441406 89524.390625
864 169.849000 39783.441406 88191.351563
865 170.088000 39783.441406 91702.992188
866 170.292000 39783.441406 91422.320313
867 170.509000 39783.441406 89898.351563
868 170.701000 39783.441406 86999.101563
869 170.885000 39783.441406 85519.468750
870 171.096000 39783.441406 83754.718750
871 171.300000 39783.441406 84670.109375
872 171.495000 39783.441406 82791.937500
873 171.698000 39783.441406 86477.929688
874 171.871000 39783.441406 88843.453125
875 172.073000 39783.441406 91321.273438
876 172.265000 39783.441406 92041.023438
877 172.445000 39783.441406 87064.679688
878 172.623000 39783.441406 85771.976563
879 172.808000 39783.441406 87440.101563
880 173.021000 39783.441406 91646.171875
881 173.226000 39783.441406 89192.703125
882 173.419000 39783.441406 91960.820313
883 173.611000 39783.441406 92269.632813
884 173.831000 39783.441406 92550.867188
885 174.014000 39783.441406 86870.328125
886 174.232000 39783.441406 86737.539063
887 174.406000 39783.441406 88474.406250
888 174.602000 39783.441406 89767.867188
889 174.826000 39783.441406 89771.507813
890 175.015000 39783.441406 86576.726563
891 175.224000 39783.441406 89385.562500
892 175.433000 39783.441406 92634.632813
893 175.716000 39783.441406 90387.109375
894 175.927000 39783.441406 92209.656250
895 176.141000 39783.441406 89561.609375
896 176.325000 39783.441406 87267.640625
897 176.528000 39783.441406 86937.898438
898 176.744000 39783.441406 90514.187500
899 176.941000 39783.441406 88584.132813
900 177.130000 39783.441406 86595.796875
901 177.324000 39783.441406 92652.171875
902 177.521000 39783.441406 88571.460938
903 177.749000 39783.441406 85958.328125
904 177.952000 39783.441406 83054.507813
905 178.157000 39783.441406 80901.398438
906 178.329000 39783.441406 83624.320313
907 178.523000 39783.441406 83718.093750
908 178.720000 39783.441406 83398.906250
909 178.902000 39783.441406 82917.101563
910 179.129000 39783.441406 85095.500000
911 179.330000 39783.441406 85754.750000
912 179.539000 39783.441406 80709.398438
913 179.727000 39783.441406 79701.414063
914 179.921000 39783.441406 82313.882813
915 180.118000 39783.441406 82065.296875
916 180.305000 39783.441406 80385.390625
917 180.507000 39783.441406 79352.960938
918 180.696000 39783.441406 79823.398438
919 180.887000 39783.441406 78265.390625
920 181.087000 39783.441406 83943.710938
921 181.286000 39783.441406 80958.898438
922 181.480000 39783.441406 82735.140625
923 181.677000 39783.441406 81960.406250
924 181.856000 39783.441406 81706.046875
925 182.043000 39783.441406 79243.562500
926 182.259000 39783.441406 80658.757813
927 182.452000 39783.441406 86279.289063
928 182.657000 39783.441406 84555.367188
929 182.866000 39783.441406 81626.632813
930 183.053000 39783.441406 79056.109375
931 183.255000 39783.441406 82238.250000
932 183.447000 39783.441406 83008.054688
933 183.619000 39783.441406 81951.382813
934 183.816000 39783.441406 82534.242188
935 184.021000 39783.441406 84143.882813
936 184.212000 39783.441406 84359.062500
937 184.380000 39783.441406 86884.710938
938 184.575000 39783.441406 91459.609375
939 184.764000 39783.441406 91711.179688
940 184.939000 39783.441406 89670.929688
941 185.150000 39783.441406 93037.187500
942 185.342000 39783.441406 88774.343750
943 185.539000 39783.441406 88649.218750
944 185.736000 39783.441406 87909.062500
945 185.917000 39783.441406 86678.109375
946 186.110000 39783.441406 87354.312500
947 186.305000 39783.441406 84420.453125
948 186.491000 39783.441406 86352.507813
949 186.689000 39783.441406 90178.210938
950 186.885000 39783.441406 86448.718750
951 187.069000 39783.441406 90184.976563
952 187.266000 39783.441406 90574.632813
953 187.487000 39783.441406 88958.289063
954 187.675000 39783.441406 90434.437500
955 187.868000 39783.441406 88305.929688
956 188.059000 39783.441406 83501.953125
957 188.256000 39783.441406 86342.523438
958 188.423000 39783.441406 88312.867188
959 188.629000 39783.441406 88272.492188
960 188.811000 39783.441406 88986.929688
961 188.996000 39783.441406 90182.453125
962 189.180000 39783.441406 96124.687500
963 189.357000 39783.441406 92904.281250
964 189.545000 39783.441406 93316.726563
965 189.771000 39783.441406 96001.773438
966 189.977000 39783.441406 97866.781250
967 190.182000 39783.441406 92106.156250
968 190.375000 39783.441406 88913.742188
969 190.566000 39783.441406 92485.757813
970 190.757000 39783.441406 90717.851563
971 190.959000 39783.441406 90917.109375
972 191.138000 39783.441406 88375.992188
973 191.324000 39783.441406 92295.398438
974 191.537000 39783.441406 95819.210938
975 191.701000 39783.441406 88852.328125
976 191.904000 39783.441406 92813.039063
977 192.127000 39783.441406 95552.460938
978 192.365000 39783.441406 93302.960938
979 192.558000 39783.441406 92677.203125
980 192.778000 39783.441406 89414.648438
981 192.976000 39783.441406 90371.140625
982 193.173000 39783.441406 92699.609375
983 193.371000 39783.441406 91121.820313
984 193.580000 39783.441406 90817.679688
985 193.771000 39783.441406 85995.828125
986 193.967000 39783.441406 88776.523438
987 194.182000 39783.441406 91337.289063
988 194.389000 39783.441406 90739.171875
989 194.581000 39783.441406 89216.273438
990 194.785000 39783.441406 90830.867188
991 195.078000 39783.441406 89666.062500
992 195.317000 39783.441406 92480.921875
993 195.567000 39783.441406 93139.781250
994 195.859000 39783.441406 95753.203125
995 196.097000 39783.441406 91685.250000
996 196.277000 39783.441406 91761.890625
997 196.457000 39783.441406 93402.882813
998 196.656000 39783.441406 89286.976563
999 196.840000 39783.441406 85253.421875
1000 197.031000 39783.441406 88010.867188
1001 197.202000 39783.441406 86932.101563
1002 197.396000 39783.441406 89000.851563
1003 197.578000 39783.441406 91171.539063
1004 197.777000 39783.441406 93354.382813
1005 197.964000 39783.441406 93420.023438
1006 198.122000 39783.441406 94817.367188
1007 198.331000 39783.441406 94767.968750
1008 198.517000 39783.441406 96773.492188
1009 198.701000 39783.441406 95736.851563
1010 198.883000 39783.441406 93397.609375
1011 199.063000 39783.441406 90133.062500
1012 199.249000 39783.441406 90200.656250
1013 199.419000 39783.441406 93486.859375
1014 199.605000 39783.441406 91431.179688
1015 199.802000 39783.441406 88942.250000
1016 199.996000 39783.441406 88988.281250
1017 200.197000 39783.441406 86005.812500
1018 200.369000 39783.441406 84361.882813
1019 200.523000 39783.441406 86655.148438
1020 200.723000 39783.441406 88101.890625
1021 200.922000 39783.441406 83954.851563
1022 201.109000 39783.441406 82726.601563
1023 201.296000 39783.441406 86703.148438
1024 201.478000 39783.441406 86096.648438
1025 201.668000 39783.441406 94647.390625
1026 201.913000 39783.441406 91656.882813
1027 202.118000 39783.441406 89224.226563
1028 202.333000 39783.441406 85198.546875
1029 202.529000 39783.441406 86705.562500
1030 202.718000 39783.441406 89954.156250
1031 202.915000 39783.441406 87029.328125
1032 203.096000 39783.441406 87095.039063
1033 203.269000 39783.441406 88716.328125
1034 203.432000 39783.441406 89909.148438
1035 203.617000 39783.441406 89080.171875
1036 203.792000 39783.441406 91750.203125
