0 0.000000 3094.278076 3322.234131
1 0.043000 3036.674072 3322.234131
2 0.095000 3019.430908 3225.247803
3 0.144000 3002.813965 3185.282471
4 0.194000 2941.778564 3147.620850
5 0.241000 2925.036377 3122.557129
6 0.286000 2925.036377 3102.945557
7 0.332000 2898.679688 3082.495117
8 0.375000 2873.292236 3062.832520
9 0.419000 2852.781982 3043.697510
10 0.461000 2847.600586 3026.602783
11 0.506000 2807.266113 3013.175293
12 0.550000 2801.237305 2996.173340
13 0.596000 2800.647217 2982.157227
14 0.640000 2800.647217 2968.788086
15 0.683000 2788.822510 2958.321045
16 0.726000 2758.905273 2949.488770
17 0.773000 2758.905273 2941.358643
18 0.827000 2758.905273 2933.335693
19 0.871000 2758.905273 2925.567871
20 0.923000 2738.218994 2918.815430
21 0.969000 2728.330566 2912.708740
22 1.018000 2726.442139 2905.816650
23 1.062000 2726.442139 2905.304932
24 1.103000 2726.442139 2893.814453
25 1.148000 2726.442139 2889.294434
26 1.194000 2726.442139 2882.317139
27 1.242000 2726.442139 2877.705322
28 1.286000 2726.442139 2874.053467
29 1.324000 2718.563721 2869.265869
30 1.369000 2718.563721 2867.507813
31 1.408000 2718.563721 2864.871338
32 1.447000 2718.563721 2862.041016
33 1.497000 2712.463623 2860.005371
34 1.541000 2712.463623 2857.639648
35 1.583000 2712.463623 2854.461182
36 1.624000 2712.463623 2851.620117
37 1.664000 2712.463623 2847.066162
38 1.707000 2712.463623 2849.756836
39 1.746000 2712.463623 2846.161865
40 1.789000 2709.314453 2843.861572
41 1.832000 2709.314453 2842.237793
42 1.877000 2709.314453 2840.096191
43 1.918000 2703.044678 2838.659180
44 1.964000 2703.044678 2835.511230
45 2.007000 2703.044678 2833.399902
46 2.048000 2703.044678 2831.182617
47 2.089000 2703.044678 2830.308105
48 2.130000 2703.044678 2830.038818
49 2.179000 2703.044678 2827.673340
50 2.231000 2696.417236 2827.620361
51 2.275000 2696.417236 2826.467529
52 2.321000 2696.417236 2825.633545
53 2.361000 2696.417236 2824.525879
54 2.406000 2696.417236 2824.011475
55 2.448000 2696.417236 2825.511963
56 2.483000 2696.417236 2825.227539
57 2.528000 2696.417236 2821.711182
58 2.570000 2696.417236 2821.042236
59 2.614000 2696.417236 2821.702393
60 2.660000 2696.417236 2821.385254
61 2.700000 2696.417236 2826.790283
62 2.745000 2696.417236 2826.322510
63 2.787000 2696.417236 2822.392578
64 2.827000 2696.417236 2821.575928
65 2.869000 2696.417236 2821.353516
66 2.904000 2696.417236 2820.461182
67 2.946000 2696.417236 2819.750977
68 2.986000 2696.417236 2819.561279
69 3.030000 2696.417236 2818.778320
70 3.072000 2696.417236 2817.462891
71 3.115000 2696.417236 2822.516846
72 3.155000 2696.417236 2818.875000
73 3.199000 2696.417236 2816.660889
74 3.242000 2696.417236 2816.185303
75 3.289000 2696.417236 2815.617920
76 3.335000 2696.417236 2815.325684
77 3.385000 2696.417236 2815.179688
78 3.428000 2696.417236 2814.537842
79 3.472000 2696.417236 2812.936035
80 3.514000 2696.417236 2812.652588
81 3.558000 2696.417236 2812.034912
82 3.608000 2696.417236 2810.709961
83 3.655000 2696.417236 2809.840820
84 3.701000 2696.417236 2809.349365
85 3.747000 2696.417236 2808.919434
86 3.797000 2696.417236 2808.625000
87 3.846000 2696.417236 2807.259766
88 3.889000 2696.417236 2806.919922
89 3.938000 2696.417236 2806.715332
90 3.991000 2696.417236 2806.335693
91 4.042000 2696.417236 2805.831299
92 4.089000 2696.417236 2805.363525
93 4.133000 2696.417236 2805.340088
94 4.170000 2696.417236 2805.091797
95 4.216000 2696.417236 2808.114990
96 4.260000 2696.417236 2807.908691
97 4.305000 2696.417236 2805.780518
98 4.346000 2696.417236 2805.491455
99 4.387000 2696.417236 2804.415039
100 4.434000 2696.417236 2803.922607
101 4.473000 2696.417236 2803.843994
102 4.518000 2696.417236 2803.550293
103 4.564000 2696.417236 2803.332275
104 4.607000 2696.417236 2803.181885
105 4.649000 2696.417236 2801.946289
106 4.690000 2696.417236 2801.878662
107 4.733000 2696.417236 2801.639893
108 4.777000 2696.417236 2801.596680
109 4.817000 2696.417236 2801.596680
110 4.857000 2696.417236 2800.706055
111 4.901000 2696.417236 2800.579590
112 4.942000 2696.417236 2800.579590
113 4.984000 2696.417236 2800.346191
114 5.026000 2696.417236 2800.189697
115 5.069000 2696.417236 2799.899170
116 5.110000 2696.417236 2799.788818
117 5.157000 2696.417236 2799.777832
118 5.204000 2696.417236 2799.678711
119 5.246000 2696.417236 2800.885254
120 5.288000 2696.417236 2801.447266
121 5.334000 2696.417236 2801.446777
122 5.376000 2696.417236 2801.446777
123 5.422000 2696.417236 2801.446777
124 5.467000 2696.417236 2801.426758
125 5.505000 2696.417236 2801.426758
126 5.553000 2696.417236 2801.175537
127 5.595000 2696.417236 2806.032471
128 5.633000 2696.417236 2802.676025
129 5.677000 2696.417236 2802.296875
130 5.721000 2696.417236 2802.127930
131 5.762000 2696.417236 2801.976318
132 5.805000 2696.417236 2801.386230
133 5.851000 2696.417236 2800.909424
134 5.894000 2696.417236 2800.100830
135 5.932000 2696.417236 2799.753662
136 5.972000 2696.417236 2799.223389
137 6.019000 2696.417236 2799.124756
138 6.065000 2696.417236 2800.382080
139 6.110000 2696.417236 2800.382080
140 6.150000 2696.417236 2798.716553
141 6.189000 2696.417236 2798.692383
142 6.230000 2696.417236 2798.686523
143 6.274000 2696.417236 2798.662842
144 6.319000 2696.417236 2798.662842
145 6.361000 2696.417236 2798.610596
146 6.405000 2696.417236 2798.282471
147 6.449000 2696.417236 2798.282471
148 6.493000 2696.417236 2798.264893
149 6.537000 2696.417236 2798.264893
150 6.580000 2696.417236 2798.264893
151 6.623000 2696.417236 2798.110107
152 6.666000 2696.417236 2798.110107
153 6.706000 2696.417236 2798.110107
154 6.750000 2696.417236 2798.021240
155 6.794000 2696.417236 2798.021240
156 6.833000 2696.417236 2798.021240
157 6.871000 2696.417236 2798.004639
158 6.915000 2696.417236 2797.979492
159 6.962000 2696.417236 2797.777588
160 7.010000 2696.417236 2797.777588
161 7.052000 2696.417236 2801.885254
162 7.096000 2696.417236 2801.792725
163 7.138000 2696.417236 2800.875732
164 7.180000 2696.417236 2799.435303
165 7.225000 2696.417236 2807.901367
166 7.273000 2696.417236 2801.832520
167 7.314000 2696.417236 2800.943848
168 7.356000 2696.417236 2800.579102
169 7.401000 2696.417236 2799.943848
170 7.437000 2696.417236 2799.456299
171 7.482000 2696.417236 2799.296631
172 7.525000 2696.417236 2799.296631
173 7.565000 2696.417236 2799.208984
174 7.602000 2696.417236 2798.936279
175 7.645000 2696.417236 2798.308838
176 7.688000 2696.417236 2798.081543
177 7.734000 2696.417236 2797.119629
178 7.787000 2696.417236 2797.075195
179 7.832000 2696.417236 2797.052246
180 7.876000 2696.417236 2797.022217
181 7.911000 2696.417236 2806.739990
182 7.954000 2696.417236 2803.830078
183 7.997000 2696.417236 2800.649170
184 8.038000 2696.417236 2799.917725
185 8.079000 2696.417236 2799.733154
186 8.120000 2696.417236 2799.365967
187 8.163000 2696.417236 2799.180908
188 8.204000 2696.417236 2798.459961
189 8.250000 2696.417236 2798.062256
190 8.289000 2696.417236 2797.009277
191 8.333000 2696.417236 2800.668701
192 8.376000 2696.417236 2800.546631
193 8.418000 2696.417236 2799.137207
194 8.460000 2696.417236 2799.065674
195 8.504000 2696.417236 2798.736572
196 8.550000 2696.417236 2797.843750
197 8.596000 2696.417236 2797.719727
198 8.641000 2696.417236 2807.167236
199 8.688000 2696.417236 2801.832275
200 8.730000 2696.417236 2801.479736
201 8.774000 2696.417236 2797.412109
202 8.814000 2696.417236 2797.401367
203 8.857000 2696.417236 2797.399170
204 8.899000 2696.417236 2796.295410
205 8.942000 2696.417236 2795.845215
206 8.986000 2696.417236 2794.599365
207 9.028000 2696.417236 2795.430664
208 9.069000 2696.417236 2795.365967
209 9.114000 2696.417236 2795.313232
210 9.160000 2696.417236 2794.606934
211 9.206000 2696.417236 2794.554688
212 9.252000 2696.417236 2795.301025
213 9.294000 2696.417236 2794.428223
214 9.337000 2696.417236 2792.941650
215 9.380000 2696.417236 2792.778809
216 9.425000 2696.417236 2792.128174
217 9.491000 2696.417236 2792.123535
218 9.533000 2696.417236 2792.123535
219 9.577000 2696.417236 2792.026367
220 9.618000 2696.417236 2799.496582
221 9.662000 2696.417236 2795.548096
222 9.704000 2696.417236 2794.762451
223 9.750000 2696.417236 2794.374023
224 9.793000 2696.417236 2794.139893
225 9.837000 2696.417236 2793.943359
226 9.882000 2696.417236 2793.025635
227 9.927000 2696.417236 2792.533691
228 9.971000 2696.417236 2798.305664
229 10.014000 2696.417236 2794.171631
230 10.056000 2696.417236 2794.131836
231 10.106000 2696.417236 2793.743652
232 10.145000 2696.417236 2792.529053
233 10.185000 2696.417236 2792.035889
234 10.229000 2696.417236 2791.633789
235 10.267000 2696.417236 2791.472412
236 10.315000 2696.417236 2790.943115
237 10.358000 2696.417236 2790.682617
238 10.405000 2696.417236 2790.682617
239 10.451000 2696.417236 2790.620117
240 10.492000 2696.417236 2790.620117
241 10.538000 2696.417236 2790.474365
242 10.585000 2696.417236 2790.474365
243 10.629000 2696.417236 2792.994385
244 10.671000 2696.417236 2792.697266
245 10.715000 2696.417236 2792.682861
246 10.763000 2696.417236 2792.682861
247 10.806000 2696.417236 2792.264648
248 10.845000 2696.417236 2792.175049
249 10.886000 2696.417236 2791.972168
250 10.931000 2696.417236 2791.139648
251 10.974000 2696.417236 2789.639893
252 11.013000 2696.417236 2789.640381
253 11.057000 2696.417236 2789.627930
254 11.098000 2696.417236 2789.627930
255 11.143000 2696.417236 2789.501465
256 11.183000 2696.417236 2789.501465
257 11.226000 2696.417236 2789.231201
258 11.269000 2696.417236 2789.223389
259 11.314000 2696.417236 2789.223389
260 11.356000 2696.417236 2789.120605
261 11.396000 2696.417236 2792.748047
262 11.441000 2696.417236 2796.416992
263 11.484000 2696.417236 2795.327881
264 11.529000 2696.417236 2795.070068
265 11.570000 2696.417236 2794.203369
266 11.622000 2696.417236 2792.293457
267 11.671000 2696.417236 2792.293457
268 11.716000 2696.417236 2792.293457
269 11.759000 2696.417236 2792.293457
270 11.801000 2696.417236 2792.118652
271 11.839000 2696.417236 2792.118652
272 11.881000 2696.417236 2791.494629
273 11.924000 2696.417236 2791.494629
274 11.966000 2696.417236 2794.857910
275 12.007000 2696.417236 2792.999023
276 12.047000 2696.417236 2792.403320
277 12.086000 2696.417236 2791.888428
278 12.138000 2696.417236 2791.888428
279 12.183000 2696.417236 2791.823486
280 12.223000 2696.417236 2791.727783
281 12.263000 2696.417236 2791.727783
282 12.302000 2696.417236 2791.585205
283 12.347000 2696.417236 2790.947754
284 12.393000 2696.417236 2790.947754
285 12.436000 2696.417236 2790.841553
286 12.476000 2696.417236 2790.694336
287 12.518000 2696.417236 2790.694336
288 12.563000 2696.417236 2790.553467
289 12.608000 2696.417236 2790.425293
290 12.652000 2696.417236 2790.425293
291 12.694000 2696.417236 2789.994385
292 12.737000 2696.417236 2789.994385
293 12.779000 2696.417236 2789.656250
294 12.825000 2696.417236 2789.656250
295 12.867000 2696.417236 2789.656250
296 12.910000 2696.417236 2789.656250
297 12.955000 2696.417236 2789.656250
298 13.003000 2696.417236 2789.585205
299 13.063000 2696.417236 2789.214355
300 13.115000 2696.417236 2789.214355
301 13.168000 2696.417236 2789.052734
302 13.215000 2696.417236 2789.052734
303 13.275000 2696.417236 2789.942383
304 13.327000 2696.417236 2789.942383
305 13.377000 2696.417236 2789.041016
306 13.420000 2696.417236 2789.041016
307 13.464000 2696.417236 2788.500000
308 13.508000 2696.417236 2788.500000
309 13.554000 2696.417236 2788.500000
310 13.599000 2696.417236 2788.500000
311 13.640000 2696.417236 2791.354980
312 13.685000 2696.417236 2791.355225
313 13.725000 2696.417236 2790.129395
314 13.770000 2696.417236 2790.129395
315 13.808000 2696.417236 2790.129395
316 13.847000 2696.417236 2793.301514
317 13.891000 2696.417236 2793.254395
318 13.935000 2696.417236 2799.153320
319 13.978000 2696.417236 2798.594727
320 14.039000 2696.417236 2798.287598
321 14.089000 2696.417236 2797.244385
322 14.142000 2696.417236 2794.690918
323 14.186000 2696.417236 2794.661865
324 14.227000 2696.417236 2794.180664
325 14.273000 2696.417236 2793.444336
326 14.321000 2696.417236 2793.422852
327 14.359000 2696.417236 2793.351318
328 14.401000 2696.417236 2792.922852
329 14.444000 2696.417236 2792.392578
330 14.495000 2696.417236 2791.595703
331 14.541000 2696.417236 2791.510010
332 14.586000 2696.417236 2791.431152
333 14.631000 2696.417236 2791.431152
334 14.675000 2696.417236 2800.671631
335 14.720000 2696.417236 2796.546875
336 14.769000 2696.417236 2798.220947
337 14.813000 2696.417236 2797.728760
338 14.861000 2696.417236 2796.698486
339 14.904000 2696.417236 2796.073486
340 14.949000 2696.417236 2796.051025
341 14.994000 2696.417236 2795.664063
342 15.034000 2696.417236 2795.279297
343 15.074000 2696.417236 2795.152588
344 15.119000 2696.417236 2795.123047
345 15.164000 2696.417236 2794.302490
346 15.208000 2696.417236 2794.057617
347 15.247000 2696.417236 2795.075928
348 15.296000 2696.417236 2795.064697
349 15.340000 2696.417236 2797.546875
350 15.381000 2696.417236 2796.508545
351 15.423000 2696.417236 2795.778320
352 15.466000 2696.417236 2795.778320
353 15.508000 2696.417236 2795.778320
354 15.548000 2696.417236 2795.531494
355 15.594000 2696.417236 2795.324951
356 15.635000 2696.417236 2795.774170
357 15.678000 2696.417236 2795.720947
358 15.719000 2696.417236 2795.619141
359 15.764000 2696.417236 2795.585938
360 15.810000 2696.417236 2795.347168
361 15.854000 2696.417236 2795.178223
362 15.897000 2696.417236 2794.018066
363 15.945000 2696.417236 2793.935303
364 15.987000 2696.417236 2793.722412
365 16.027000 2696.417236 2793.256348
366 16.074000 2696.417236 2793.159180
367 16.115000 2696.417236 2792.456299
368 16.157000 2696.417236 2792.296631
369 16.200000 2696.417236 2792.007080
370 16.242000 2696.417236 2791.988525
371 16.287000 2696.417236 2791.988525
372 16.328000 2696.417236 2791.908203
373 16.371000 2696.417236 2791.908203
374 16.413000 2696.417236 2791.622559
375 16.454000 2696.417236 2791.622559
376 16.514000 2696.417236 2791.316162
377 16.555000 2696.417236 2791.204346
378 16.604000 2696.417236 2796.748047
379 16.649000 2696.417236 2794.438721
380 16.692000 2696.417236 2794.022705
381 16.735000 2696.417236 2793.755859
382 16.779000 2696.417236 2793.088135
383 16.824000 2696.417236 2792.954590
384 16.864000 2696.417236 2800.577393
385 16.904000 2696.417236 2796.593506
386 16.955000 2696.417236 2796.570313
387 16.997000 2696.417236 2795.916504
388 17.041000 2696.417236 2800.519043
389 17.088000 2696.417236 2798.342773
390 17.127000 2696.417236 2798.119629
391 17.168000 2696.417236 2798.105713
392 17.209000 2696.417236 2797.534912
393 17.257000 2696.417236 2796.360352
394 17.303000 2696.417236 2795.769775
395 17.346000 2696.417236 2795.439941
396 17.387000 2696.417236 2795.439941
397 17.431000 2696.417236 2795.285645
398 17.473000 2696.417236 2795.011230
399 17.512000 2696.417236 2801.712402
400 17.552000 2696.417236 2796.068848
401 17.595000 2696.417236 2795.999756
402 17.638000 2696.417236 2795.736328
403 17.685000 2696.417236 2795.507813
404 17.725000 2696.417236 2795.250977
405 17.766000 2696.417236 2795.062256
406 17.810000 2696.417236 2794.124268
407 17.851000 2696.417236 2793.989746
408 17.895000 2696.417236 2793.451172
409 17.936000 2696.417236 2802.780518
410 17.980000 2696.417236 2797.580078
411 18.028000 2696.417236 2794.412598
412 18.072000 2696.417236 2794.190918
413 18.114000 2696.417236 2794.190918
414 18.156000 2696.417236 2793.852295
415 18.207000 2696.417236 2793.640869
416 18.255000 2696.417236 2792.583008
417 18.295000 2696.417236 2792.360596
418 18.337000 2696.417236 2791.291992
419 18.383000 2696.417236 2790.920410
420 18.427000 2696.417236 2790.685059
421 18.472000 2696.417236 2790.685059
422 18.513000 2696.417236 2790.685059
423 18.554000 2696.417236 2790.474365
424 18.598000 2696.417236 2793.628174
425 18.640000 2696.417236 2795.139893
426 18.690000 2696.417236 2790.713867
427 18.731000 2696.417236 2790.541260
428 18.775000 2696.417236 2790.304932
429 18.823000 2696.417236 2790.135010
430 18.863000 2696.417236 2789.969482
431 18.907000 2696.417236 2788.776855
432 18.948000 2696.417236 2788.243652
433 18.990000 2696.417236 2787.866211
434 19.033000 2696.417236 2787.703857
435 19.077000 2696.417236 2790.293457
436 19.125000 2696.417236 2789.875244
437 19.166000 2696.417236 2789.007813
438 19.206000 2696.417236 2788.980225
439 19.254000 2696.417236 2788.734619
440 19.294000 2696.417236 2788.675537
441 19.334000 2696.417236 2793.143799
442 19.378000 2696.417236 2794.625000
443 19.426000 2696.417236 2793.672852
444 19.470000 2696.417236 2793.322510
445 19.515000 2696.417236 2794.239990
446 19.563000 2696.417236 2794.218506
447 19.605000 2696.417236 2797.854980
448 19.650000 2696.417236 2796.946289
449 19.694000 2696.417236 2795.202148
450 19.738000 2696.417236 2795.066162
451 19.783000 2696.417236 2793.732910
452 19.834000 2696.417236 2792.514404
453 19.878000 2696.417236 2792.445313
454 19.920000 2696.417236 2791.834961
455 19.964000 2696.417236 2791.590088
456 20.006000 2696.417236 2791.590088
457 20.052000 2696.417236 2791.484375
458 20.096000 2696.417236 2791.162842
459 20.139000 2696.417236 2791.162842
460 20.188000 2696.417236 2790.982910
461 20.237000 2696.417236 2790.718506
462 20.276000 2696.417236 2793.965088
463 20.321000 2696.417236 2793.964600
464 20.363000 2696.417236 2793.685303
465 20.406000 2696.417236 2793.600586
466 20.454000 2696.417236 2792.541504
467 20.497000 2696.417236 2792.485840
468 20.538000 2696.417236 2792.057617
469 20.586000 2696.417236 2792.047607
470 20.633000 2696.417236 2790.504150
471 20.679000 2696.417236 2790.383545
472 20.722000 2696.417236 2790.299316
473 20.762000 2696.417236 2790.299316
474 20.810000 2696.417236 2792.700684
475 20.853000 2696.417236 2792.490723
476 20.894000 2696.417236 2792.468506
477 20.938000 2696.417236 2791.340332
478 20.982000 2696.417236 2791.340576
479 21.025000 2696.417236 2791.136230
480 21.067000 2696.417236 2791.136230
481 21.109000 2696.417236 2791.136230
482 21.147000 2696.417236 2790.800293
483 21.192000 2696.417236 2790.800293
484 21.240000 2696.417236 2790.006592
485 21.279000 2696.417236 2790.006592
486 21.320000 2696.417236 2790.006592
487 21.366000 2696.417236 2789.772217
488 21.409000 2696.417236 2789.757813
489 21.448000 2696.417236 2789.710938
490 21.489000 2696.417236 2789.710938
491 21.535000 2696.417236 2789.710938
492 21.576000 2696.417236 2796.225586
493 21.617000 2696.417236 2791.506348
494 21.662000 2696.417236 2791.384277
495 21.705000 2696.417236 2790.896484
496 21.747000 2696.417236 2790.849365
497 21.787000 2696.417236 2790.658203
498 21.827000 2696.417236 2793.557129
499 21.871000 2696.417236 2793.232910
500 21.917000 2696.417236 2793.421875
501 21.963000 2696.417236 2796.246338
502 22.002000 2696.417236 2792.967773
503 22.044000 2696.417236 2792.967773
504 22.091000 2696.417236 2792.350830
505 22.134000 2696.417236 2792.455566
506 22.180000 2696.417236 2790.698730
507 22.222000 2696.417236 2790.527832
508 22.268000 2696.417236 2790.243652
509 22.312000 2696.417236 2790.183105
510 22.355000 2696.417236 2788.686523
511 22.400000 2696.417236 2791.016846
512 22.443000 2696.417236 2790.684082
513 22.491000 2696.417236 2790.420410
514 22.536000 2696.417236 2789.840820
515 22.577000 2696.417236 2790.784180
516 22.623000 2696.417236 2790.784180
517 22.665000 2696.417236 2790.784180
518 22.708000 2696.417236 2790.716309
519 22.753000 2696.417236 2790.555420
520 22.801000 2696.417236 2790.163086
521 22.848000 2696.417236 2789.875977
522 22.892000 2696.417236 2789.875977
523 22.934000 2696.417236 2789.426758
524 22.977000 2696.417236 2788.661621
525 23.024000 2696.417236 2788.651611
526 23.074000 2696.417236 2787.622559
527 23.118000 2696.417236 2787.406006
528 23.165000 2696.417236 2789.384766
529 23.208000 2696.417236 2789.384766
530 23.250000 2696.417236 2789.237305
531 23.295000 2696.417236 2789.237305
532 23.340000 2696.417236 2788.732178
533 23.385000 2696.417236 2788.693848
534 23.428000 2696.417236 2788.693848
535 23.470000 2696.417236 2788.693848
536 23.509000 2696.417236 2788.693848
537 23.553000 2696.417236 2787.705322
538 23.598000 2696.417236 2787.705322
539 23.640000 2696.417236 2787.676758
540 23.682000 2696.417236 2787.220703
541 23.725000 2696.417236 2787.184570
542 23.766000 2696.417236 2786.914795
543 23.809000 2696.417236 2786.845215
544 23.849000 2696.417236 2786.845215
545 23.890000 2696.417236 2786.254883
546 23.934000 2696.417236 2786.196045
547 23.980000 2696.417236 2785.944580
548 24.024000 2696.417236 2785.351563
549 24.065000 2696.417236 2788.957764
550 24.113000 2696.417236 2788.800049
551 24.156000 2696.417236 2791.262451
552 24.196000 2696.417236 2791.245361
553 24.234000 2696.417236 2791.143799
554 24.276000 2696.417236 2789.826904
555 24.326000 2696.417236 2788.613770
556 24.369000 2696.417236 2788.043213
557 24.416000 2696.417236 2787.974365
558 24.469000 2696.417236 2787.120117
559 24.513000 2696.417236 2788.340332
560 24.560000 2696.417236 2788.137695
561 24.603000 2696.417236 2786.622559
562 24.646000 2696.417236 2786.404053
563 24.690000 2696.417236 2786.404053
564 24.734000 2696.417236 2786.286133
565 24.775000 2696.417236 2790.895508
566 24.821000 2696.417236 2787.450684
567 24.864000 2696.417236 2785.824463
568 24.907000 2696.417236 2785.293701
569 24.947000 2696.417236 2785.293945
570 24.995000 2696.417236 2785.293945
571 25.040000 2696.417236 2785.167236
572 25.085000 2696.417236 2784.991943
573 25.127000 2696.417236 2784.991943
574 25.169000 2696.417236 2784.451904
575 25.212000 2696.417236 2784.383545
576 25.256000 2696.417236 2784.383545
577 25.306000 2696.417236 2784.348389
578 25.354000 2696.417236 2784.215576
579 25.396000 2696.417236 2784.147217
580 25.435000 2696.417236 2784.147217
581 25.474000 2696.417236 2784.147217
582 25.517000 2696.417236 2793.091553
583 25.559000 2696.417236 2792.410889
584 25.598000 2696.417236 2797.548096
585 25.639000 2696.417236 2797.089600
586 25.680000 2696.417236 2793.760010
587 25.722000 2696.417236 2795.187256
588 25.765000 2696.417236 2794.276855
589 25.806000 2696.417236 2792.694336
590 25.847000 2696.417236 2794.966309
591 25.888000 2696.417236 2799.742432
592 25.926000 2696.417236 2795.622559
593 25.967000 2696.417236 2794.419922
594 26.008000 2696.417236 2794.014893
595 26.047000 2696.417236 2793.120117
596 26.091000 2696.417236 2792.812744
597 26.132000 2696.417236 2792.563965
598 26.176000 2696.417236 2792.243652
599 26.220000 2696.417236 2791.821045
600 26.268000 2696.417236 2791.770020
601 26.339000 2696.417236 2790.674316
602 26.383000 2696.417236 2790.448975
603 26.428000 2696.417236 2790.003174
604 26.471000 2696.417236 2788.796631
605 26.519000 2696.417236 2788.370361
606 26.560000 2696.417236 2788.284180
607 26.599000 2696.417236 2787.705078
608 26.640000 2696.417236 2787.499268
609 26.687000 2696.417236 2791.631348
610 26.728000 2696.417236 2790.751465
611 26.773000 2696.417236 2790.499268
612 26.812000 2696.417236 2799.171143
613 26.854000 2696.417236 2798.841309
614 26.898000 2696.417236 2796.020996
615 26.940000 2696.417236 2788.545410
616 26.989000 2696.417236 2788.327393
617 27.032000 2696.417236 2787.495361
618 27.072000 2696.417236 2787.046143
619 27.115000 2696.417236 2797.642578
620 27.160000 2696.417236 2797.272705
621 27.203000 2696.417236 2796.740967
622 27.245000 2696.417236 2793.895020
623 27.292000 2696.417236 2792.422607
624 27.338000 2696.417236 2792.422119
625 27.381000 2696.417236 2791.917480
626 27.424000 2696.417236 2790.626953
627 27.469000 2696.417236 2790.327881
628 27.512000 2696.417236 2788.016602
629 27.565000 2696.417236 2786.771240
630 27.610000 2696.417236 2786.585693
631 27.652000 2696.417236 2786.516602
632 27.690000 2696.417236 2786.405273
633 27.734000 2696.417236 2786.378662
634 27.776000 2696.417236 2786.378662
635 27.816000 2696.417236 2785.470215
636 27.854000 2696.417236 2784.607422
637 27.900000 2696.417236 2784.607422
638 27.943000 2696.417236 2783.979980
639 27.990000 2696.417236 2783.973389
640 28.040000 2696.417236 2783.868408
641 28.086000 2696.417236 2783.663086
642 28.128000 2696.417236 2783.653076
643 28.169000 2696.417236 2783.621826
644 28.210000 2696.417236 2783.575684
645 28.254000 2696.417236 2783.575684
646 28.295000 2696.417236 2783.575684
647 28.338000 2696.417236 2791.663818
648 28.382000 2696.417236 2791.080078
649 28.428000 2696.417236 2797.353760
650 28.470000 2696.417236 2795.568115
651 28.514000 2696.417236 2789.868652
652 28.562000 2696.417236 2788.273682
653 28.608000 2696.417236 2788.273682
654 28.651000 2696.417236 2787.722412
655 28.694000 2696.417236 2787.722412
656 28.736000 2696.417236 2787.622803
657 28.778000 2696.417236 2787.551025
658 28.820000 2696.417236 2787.306152
659 28.861000 2696.417236 2786.918701
660 28.905000 2696.417236 2786.322266
661 28.949000 2696.417236 2786.161133
662 28.990000 2696.417236 2786.161133
663 29.034000 2696.417236 2785.830322
664 29.078000 2696.417236 2785.830322
665 29.125000 2696.417236 2785.604004
666 29.168000 2696.417236 2785.604004
667 29.209000 2696.417236 2785.021973
668 29.261000 2696.417236 2788.305908
669 29.304000 2696.417236 2787.146484
670 29.348000 2696.417236 2786.406250
671 29.389000 2696.417236 2786.406250
672 29.432000 2696.417236 2786.251953
673 29.481000 2696.417236 2789.134033
674 29.526000 2696.417236 2788.984375
675 29.570000 2696.417236 2788.207764
676 29.616000 2696.417236 2787.635742
677 29.659000 2696.417236 2787.618652
678 29.704000 2696.417236 2789.253418
679 29.746000 2696.417236 2789.025879
680 29.788000 2696.417236 2788.711914
681 29.832000 2696.417236 2788.151367
682 29.874000 2696.417236 2788.142822
683 29.919000 2696.417236 2788.000977
684 29.964000 2696.417236 2788.000977
685 30.011000 2696.417236 2787.909912
686 30.054000 2696.417236 2787.558105
687 30.098000 2696.417236 2788.508057
688 30.145000 2696.417236 2788.506592
689 30.193000 2696.417236 2795.886475
690 30.242000 2696.417236 2791.131836
691 30.284000 2696.417236 2790.230957
692 30.324000 2696.417236 2793.251465
693 30.365000 2696.417236 2794.520508
694 30.408000 2696.417236 2794.150879
695 30.451000 2696.417236 2792.712402
696 30.499000 2696.417236 2792.178711
697 30.545000 2696.417236 2789.879395
698 30.589000 2696.417236 2788.549072
699 30.630000 2696.417236 2790.389893
700 30.677000 2696.417236 2790.311523
701 30.721000 2696.417236 2788.648193
702 30.767000 2696.417236 2788.022705
703 30.806000 2696.417236 2786.472412
704 30.848000 2696.417236 2786.472168
705 30.888000 2696.417236 2789.853027
706 30.931000 2696.417236 2788.639160
707 30.977000 2696.417236 2788.639160
708 31.021000 2696.417236 2793.623047
709 31.065000 2696.417236 2792.869629
710 31.107000 2696.417236 2793.257568
711 31.150000 2696.417236 2792.972412
712 31.197000 2696.417236 2791.240967
713 31.244000 2696.417236 2789.758545
714 31.282000 2696.417236 2788.572754
715 31.325000 2696.417236 2788.431152
716 31.367000 2696.417236 2796.098145
717 31.415000 2696.417236 2795.259033
718 31.462000 2696.417236 2790.747070
719 31.507000 2696.417236 2790.700195
720 31.548000 2696.417236 2790.222168
721 31.593000 2696.417236 2790.220947
722 31.644000 2696.417236 2788.369629
723 31.687000 2696.417236 2787.237305
724 31.733000 2696.417236 2787.209717
725 31.776000 2696.417236 2787.086670
726 31.817000 2696.417236 2786.861328
727 31.867000 2696.417236 2786.736572
728 31.910000 2696.417236 2786.558105
729 31.954000 2696.417236 2785.196045
730 31.999000 2696.417236 2785.163086
731 32.039000 2696.417236 2785.163086
732 32.093000 2696.417236 2785.017578
733 32.138000 2696.417236 2785.017578
734 32.184000 2696.417236 2784.825684
735 32.231000 2696.417236 2784.739014
736 32.279000 2696.417236 2784.310547
737 32.324000 2696.417236 2784.078857
738 32.365000 2696.417236 2783.972900
739 32.412000 2696.417236 2788.215332
740 32.461000 2696.417236 2785.822510
741 32.509000 2696.417236 2784.806641
742 32.555000 2696.417236 2784.806152
743 32.603000 2696.417236 2784.806152
744 32.645000 2696.417236 2784.788330
745 32.691000 2696.417236 2784.788330
746 32.733000 2696.417236 2784.672119
747 32.778000 2696.417236 2783.956543
748 32.824000 2696.417236 2783.936035
749 32.865000 2696.417236 2783.078125
750 32.912000 2696.417236 2790.118652
751 32.961000 2696.417236 2785.721191
752 33.002000 2696.417236 2784.664063
753 33.044000 2696.417236 2783.279785
754 33.083000 2696.417236 2781.833496
755 33.126000 2696.417236 2781.754639
756 33.167000 2696.417236 2781.589111
757 33.210000 2696.417236 2786.239746
758 33.260000 2696.417236 2786.670654
759 33.319000 2696.417236 2787.453369
760 33.359000 2696.417236 2795.167725
761 33.403000 2696.417236 2791.987549
762 33.451000 2696.417236 2791.568848
763 33.496000 2696.417236 2789.547607
764 33.542000 2696.417236 2788.555420
765 33.591000 2696.417236 2788.347900
766 33.637000 2696.417236 2786.323730
767 33.682000 2696.417236 2786.323730
768 33.730000 2696.417236 2785.954346
769 33.773000 2696.417236 2785.804443
770 33.818000 2696.417236 2785.760254
771 33.860000 2696.417236 2785.166016
772 33.907000 2696.417236 2784.957764
773 33.949000 2696.417236 2784.760742
774 33.996000 2696.417236 2784.159180
775 34.042000 2696.417236 2788.254883
776 34.090000 2696.417236 2787.854492
777 34.137000 2696.417236 2787.217285
778 34.180000 2696.417236 2787.217285
779 34.223000 2696.417236 2786.693115
780 34.266000 2696.417236 2786.235840
781 34.306000 2696.417236 2788.296143
782 34.348000 2696.417236 2786.576172
783 34.386000 2696.417236 2790.836670
784 34.427000 2696.417236 2789.659668
785 34.480000 2696.417236 2795.654053
786 34.528000 2696.417236 2798.190430
787 34.576000 2696.417236 2796.399170
788 34.625000 2696.417236 2795.534424
789 34.675000 2696.417236 2801.932129
790 34.714000 2696.417236 2798.799072
791 34.759000 2696.417236 2802.494629
792 34.801000 2696.417236 2801.906494
793 34.848000 2696.417236 2793.821289
794 34.892000 2696.417236 2793.146484
795 34.940000 2696.417236 2791.312744
796 34.992000 2696.417236 2789.307617
797 35.040000 2696.417236 2788.682861
798 35.088000 2696.417236 2790.113037
799 35.138000 2696.417236 2789.802490
800 35.188000 2696.417236 2788.180664
801 35.231000 2696.417236 2787.936768
802 35.274000 2696.417236 2787.315674
803 35.321000 2696.417236 2786.880615
804 35.363000 2696.417236 2786.480225
805 35.409000 2696.417236 2785.922607
806 35.454000 2696.417236 2785.300537
807 35.495000 2696.417236 2785.300537
808 35.534000 2696.417236 2785.298340
809 35.574000 2696.417236 2784.908691
810 35.615000 2696.417236 2784.909180
811 35.658000 2696.417236 2784.883789
812 35.700000 2696.417236 2784.825684
813 35.740000 2696.417236 2784.825684
814 35.781000 2696.417236 2784.715332
815 35.822000 2696.417236 2783.869385
816 35.864000 2696.417236 2783.409424
817 35.906000 2696.417236 2783.333740
818 35.956000 2696.417236 2782.649658
819 36.001000 2696.417236 2782.531006
820 36.043000 2696.417236 2782.199463
821 36.089000 2696.417236 2782.079346
822 36.132000 2696.417236 2782.038086
823 36.173000 2696.417236 2781.799316
824 36.220000 2696.417236 2781.512695
825 36.266000 2696.417236 2781.291260
826 36.312000 2696.417236 2781.291260
827 36.359000 2696.417236 2781.229492
828 36.405000 2696.417236 2781.229492
829 36.451000 2696.417236 2781.229492
830 36.501000 2696.417236 2781.022705
831 36.556000 2696.417236 2784.939941
832 36.603000 2696.417236 2783.724609
833 36.653000 2696.417236 2786.298340
834 36.702000 2696.417236 2784.723145
835 36.748000 2696.417236 2784.603760
836 36.799000 2696.417236 2784.592773
837 36.843000 2696.417236 2783.996338
838 36.887000 2696.417236 2783.124756
839 36.924000 2696.417236 2782.659668
840 36.971000 2696.417236 2781.928711
841 37.012000 2696.417236 2781.566895
842 37.054000 2696.417236 2784.364990
843 37.098000 2696.417236 2784.297607
844 37.138000 2696.417236 2783.946777
845 37.184000 2696.417236 2783.049805
846 37.226000 2696.417236 2782.915283
847 37.269000 2696.417236 2786.301514
848 37.307000 2696.417236 2786.071777
849 37.351000 2696.417236 2785.790283
850 37.395000 2696.417236 2784.242188
851 37.445000 2696.417236 2783.642090
852 37.490000 2696.417236 2782.665283
853 37.540000 2696.417236 2781.425049
854 37.582000 2696.417236 2781.284668
855 37.625000 2696.417236 2781.128418
856 37.670000 2696.417236 2780.341309
857 37.711000 2696.417236 2780.156494
858 37.755000 2696.417236 2780.138428
859 37.803000 2696.417236 2780.065918
860 37.843000 2696.417236 2779.734375
861 37.886000 2696.417236 2786.652100
862 37.931000 2696.417236 2782.821289
863 37.968000 2696.417236 2782.356201
864 38.012000 2696.417236 2780.442871
865 38.054000 2696.417236 2780.317871
866 38.094000 2696.417236 2779.965820
867 38.139000 2696.417236 2779.915527
868 38.179000 2696.417236 2779.790283
869 38.226000 2696.417236 2779.790283
870 38.266000 2696.417236 2779.614746
871 38.312000 2696.417236 2779.495850
872 38.356000 2696.417236 2779.491943
873 38.400000 2696.417236 2779.491943
874 38.447000 2696.417236 2779.161621
875 38.489000 2696.417236 2779.034424
876 38.534000 2696.417236 2781.732422
877 38.574000 2696.417236 2780.530273
878 38.615000 2696.417236 2780.001953
879 38.657000 2696.417236 2779.289063
880 38.699000 2696.417236 2778.553467
881 38.742000 2696.417236 2778.553223
882 38.791000 2696.417236 2777.953369
883 38.836000 2696.417236 2777.855957
884 38.899000 2696.417236 2777.775879
885 38.948000 2696.417236 2777.776367
886 38.999000 2696.417236 2776.364990
887 39.045000 2696.417236 2775.999756
888 39.089000 2696.417236 2775.999756
889 39.133000 2696.417236 2775.337891
890 39.177000 2696.417236 2775.318115
891 39.223000 2696.417236 2775.258545
892 39.266000 2696.417236 2775.258545
893 39.309000 2696.417236 2775.159424
894 39.350000 2696.417236 2775.159424
895 39.401000 2696.417236 2777.401611
896 39.448000 2696.417236 2775.751465
897 39.534000 2696.417236 2775.670898
898 39.650000 2696.417236 2775.589600
899 39.702000 2696.417236 2775.589600
900 39.769000 2696.417236 2775.589600
901 39.832000 2696.417236 2775.589600
902 39.878000 2696.417236 2777.147217
903 39.922000 2696.417236 2776.939453
904 39.970000 2696.417236 2776.939453
905 40.014000 2696.417236 2776.775391
906 40.055000 2696.417236 2777.146240
907 40.098000 2696.417236 2777.146240
908 40.140000 2696.417236 2776.986572
909 40.182000 2696.417236 2779.337158
910 40.229000 2696.417236 2783.278076
911 40.270000 2696.417236 2780.519043
912 40.311000 2696.417236 2779.912109
913 40.353000 2696.417236 2779.128174
914 40.398000 2696.417236 2776.169922
915 40.435000 2696.417236 2775.993164
916 40.479000 2696.417236 2775.993164
917 40.517000 2696.417236 2775.712158
918 40.562000 2696.417236 2775.566650
919 40.604000 2696.417236 2775.062500
920 40.650000 2696.417236 2775.062500
921 40.694000 2696.417236 2777.841309
922 40.738000 2696.417236 2777.825684
923 40.780000 2696.417236 2778.930420
924 40.823000 2696.417236 2778.910645
925 40.868000 2696.417236 2777.349365
926 40.907000 2696.417236 2777.201172
927 40.953000 2696.417236 2777.220703
928 40.996000 2696.417236 2777.220947
929 41.042000 2696.417236 2778.345947
930 41.085000 2696.417236 2777.979492
931 41.133000 2696.417236 2777.877930
932 41.177000 2696.417236 2785.650391
933 41.218000 2696.417236 2781.538330
934 41.261000 2696.417236 2780.676514
935 41.305000 2696.417236 2779.598145
936 41.348000 2696.417236 2779.425293
937 41.391000 2696.417236 2777.288330
938 41.437000 2696.417236 2775.916992
939 41.482000 2696.417236 2775.754639
940 41.531000 2696.417236 2775.389160
941 41.575000 2696.417236 2775.389160
942 41.643000 2696.417236 2775.389160
943 41.696000 2696.417236 2775.389160
944 41.739000 2696.417236 2775.389160
945 41.781000 2696.417236 2775.172119
946 41.829000 2696.417236 2774.551270
947 41.870000 2696.417236 2774.551270
948 41.916000 2696.417236 2781.053223
949 41.961000 2696.417236 2776.750977
950 42.005000 2696.417236 2774.789307
951 42.048000 2696.417236 2774.789307
952 42.093000 2696.417236 2774.734375
953 42.141000 2696.417236 2774.701904
954 42.184000 2696.417236 2774.701904
955 42.227000 2696.417236 2774.697266
956 42.268000 2696.417236 2774.426514
957 42.315000 2696.417236 2774.236328
958 42.356000 2696.417236 2773.967285
959 42.398000 2696.417236 2773.967285
960 42.439000 2696.417236 2773.479492
961 42.482000 2696.417236 2773.479492
962 42.528000 2696.417236 2773.479492
963 42.577000 2696.417236 2773.434082
964 42.619000 2696.417236 2773.407715
965 42.659000 2696.417236 2778.822510
966 42.700000 2696.417236 2775.481445
967 42.740000 2696.417236 2774.599121
968 42.786000 2696.417236 2775.547852
969 42.827000 2696.417236 2775.176758
970 42.874000 2696.417236 2774.991943
971 42.914000 2696.417236 2778.693848
972 42.955000 2696.417236 2778.442383
973 42.998000 2696.417236 2784.303711
974 43.037000 2696.417236 2781.698242
975 43.079000 2696.417236 2779.289795
976 43.122000 2696.417236 2778.214111
977 43.164000 2696.417236 2778.390625
978 43.213000 2696.417236 2778.390625
979 43.254000 2696.417236 2777.773682
980 43.294000 2696.417236 2777.515381
981 43.333000 2696.417236 2776.396484
982 43.373000 2696.417236 2775.459961
983 43.422000 2696.417236 2775.234131
984 43.462000 2696.417236 2774.801758
985 43.514000 2696.417236 2774.688477
986 43.560000 2696.417236 2774.371826
987 43.605000 2696.417236 2774.371826
988 43.643000 2696.417236 2774.314453
989 43.692000 2696.417236 2774.314453
990 43.737000 2696.417236 2774.280029
991 43.782000 2696.417236 2774.018799
992 43.829000 2696.417236 2774.018799
993 43.870000 2696.417236 2774.018799
994 43.909000 2696.417236 2774.018799
995 43.955000 2696.417236 2773.188232
996 44.002000 2696.417236 2773.348145
997 44.042000 2696.417236 2778.915039
998 44.082000 2696.417236 2775.030518
999 44.120000 2696.417236 2775.854736
1000 44.160000 2696.417236 2775.453369
1001 44.206000 2696.417236 2774.236328
1002 44.249000 2696.417236 2774.087402
1003 44.290000 2696.417236 2774.007568
1004 44.337000 2696.417236 2773.973145
1005 44.380000 2696.417236 2773.973145
1006 44.423000 2696.417236 2773.790283
1007 44.462000 2696.417236 2773.772461
1008 44.509000 2696.417236 2773.772461
1009 44.550000 2696.417236 2773.772461
1010 44.593000 2696.417236 2777.360596
1011 44.637000 2696.417236 2775.022705
1012 44.691000 2696.417236 2775.022705
1013 44.746000 2696.417236 2775.022705
1014 44.796000 2696.417236 2774.930664
1015 44.842000 2696.417236 2774.398438
1016 44.883000 2696.417236 2773.871826
1017 44.926000 2696.417236 2773.793213
1018 44.971000 2696.417236 2773.450195
1019 45.013000 2696.417236 2773.398438
1020 45.056000 2696.417236 2780.423096
1021 45.101000 2696.417236 2777.737793
1022 45.145000 2696.417236 2777.669678
1023 45.194000 2696.417236 2777.379883
1024 45.242000 2696.417236 2782.276367
1025 45.298000 2696.417236 2779.952393
1026 45.346000 2696.417236 2779.453125
1027 45.389000 2696.417236 2778.890869
1028 45.435000 2696.417236 2777.579346
1029 45.478000 2696.417236 2777.579346
1030 45.524000 2696.417236 2777.403320
1031 45.573000 2696.417236 2776.730713
1032 45.618000 2696.417236 2776.584473
1033 45.662000 2696.417236 2777.719971
1034 45.710000 2696.417236 2775.999756
1035 45.751000 2696.417236 2775.707275
1036 45.792000 2696.417236 2779.966309
1037 45.838000 2696.417236 2779.325195
1038 45.878000 2696.417236 2783.314941
1039 45.923000 2696.417236 2781.437256
1040 45.967000 2696.417236 2777.391846
1041 46.043000 2696.417236 2776.898438
1042 46.090000 2696.417236 2780.560547
1043 46.135000 2696.417236 2778.621338
1044 46.179000 2696.417236 2781.210693
1045 46.221000 2696.417236 2780.517578
1046 46.265000 2696.417236 2779.904053
1047 46.309000 2696.417236 2779.855713
1048 46.353000 2696.417236 2777.550293
1049 46.400000 2696.417236 2777.375732
1050 46.443000 2696.417236 2780.906006
