0 0.000000 3131.841309 3323.655518
1 0.051000 3004.199707 3323.655518
2 0.099000 2980.020020 3511.326904
3 0.160000 2960.782471 3690.708984
4 0.213000 2957.204590 3842.408447
5 0.262000 2954.786133 4152.400879
6 0.317000 2948.158691 4296.286133
7 0.373000 2935.326172 4308.202637
8 0.424000 2914.670166 4584.426758
9 0.477000 2910.176514 4608.955078
10 0.523000 2829.661133 4608.787598
11 0.572000 2822.839600 4927.265137
12 0.611000 2822.839600 4790.213867
13 0.656000 2822.839600 4923.793945
14 0.696000 2822.839600 4985.099121
15 0.738000 2822.839600 5186.928223
16 0.784000 2822.839600 5176.855469
17 0.833000 2822.839600 5321.233887
18 0.893000 2822.839600 5244.839844
19 0.944000 2822.839600 5287.352539
20 0.993000 2822.839600 5108.838867
21 1.044000 2822.839600 5125.386719
22 1.094000 2817.690186 5141.517090
23 1.135000 2810.554688 5040.640137
24 1.183000 2810.554688 5137.206055
25 1.231000 2810.554688 5114.663574
26 1.279000 2810.554688 5206.944824
27 1.329000 2805.950439 5210.127441
28 1.378000 2805.950439 5184.917969
29 1.427000 2805.950439 5131.504883
30 1.476000 2805.950439 5001.240723
31 1.527000 2805.950439 5007.477051
32 1.574000 2805.950439 5144.373535
33 1.620000 2805.950439 5014.492188
34 1.667000 2805.950439 5158.792480
35 1.714000 2805.950439 5143.932129
36 1.763000 2805.950439 5134.021484
37 1.809000 2805.950439 5143.106934
38 1.855000 2805.950439 5166.395508
39 1.898000 2805.950439 4927.091797
40 1.943000 2805.950439 4989.872559
41 1.993000 2805.950439 5182.456055
42 2.040000 2805.950439 5305.854492
43 2.084000 2805.950439 5207.958008
44 2.129000 2805.950439 5184.810059
45 2.178000 2805.950439 5406.962402
46 2.225000 2805.950439 5407.117676
47 2.275000 2805.950439 5354.834961
48 2.319000 2805.950439 5267.938965
49 2.367000 2805.950439 5428.593750
50 2.415000 2805.950439 5399.573730
51 2.465000 2805.950439 5272.681152
52 2.507000 2805.950439 5200.758301
53 2.553000 2805.950439 5346.250000
54 2.597000 2805.950439 5367.701172
55 2.641000 2805.950439 5881.013184
56 2.695000 2805.950439 5530.070801
57 2.742000 2805.950439 5337.378906
58 2.789000 2805.950439 5370.491699
59 2.840000 2805.950439 5311.101074
60 2.884000 2805.950439 5181.796875
61 2.932000 2805.950439 5158.921387
62 2.983000 2805.950439 5135.131348
63 3.029000 2805.950439 5185.058594
64 3.079000 2805.950439 5229.979004
65 3.125000 2805.950439 5279.701172
66 3.175000 2805.950439 5502.419922
67 3.225000 2805.950439 5640.185059
68 3.272000 2805.950439 5711.779297
69 3.323000 2805.950439 5868.051270
70 3.371000 2805.950439 5458.869141
71 3.414000 2805.950439 5520.796387
72 3.462000 2805.950439 5822.640625
73 3.507000 2805.950439 5990.556641
74 3.555000 2805.950439 6044.705566
75 3.605000 2805.950439 6051.579590
76 3.654000 2805.950439 5929.330078
77 3.696000 2805.950439 6061.907715
78 3.744000 2805.950439 5961.667480
79 3.788000 2805.950439 5730.875000
80 3.832000 2805.950439 5788.123535
81 3.874000 2805.950439 5684.860840
82 3.922000 2805.950439 5793.057617
83 3.964000 2805.950439 5535.438965
84 4.007000 2805.950439 5543.942383
85 4.054000 2805.950439 5692.748535
86 4.097000 2805.950439 5670.103027
87 4.147000 2805.950439 5605.833008
88 4.199000 2805.950439 5545.341309
89 4.246000 2805.950439 5608.512695
90 4.292000 2805.950439 5751.799316
91 4.338000 2805.950439 5724.654785
92 4.386000 2805.950439 5680.246094
93 4.434000 2805.950439 5560.466309
94 4.478000 2805.950439 5464.981445
95 4.529000 2805.950439 5252.810547
96 4.575000 2805.950439 5475.700684
97 4.619000 2805.950439 5462.333008
98 4.663000 2805.950439 5524.462891
99 4.709000 2805.950439 5446.724609
100 4.756000 2805.950439 5489.419434
101 4.799000 2805.950439 5336.495605
102 4.842000 2805.950439 5434.310547
103 4.887000 2805.950439 5453.237305
104 4.935000 2805.950439 5552.401855
105 4.981000 2805.950439 5608.665527
106 5.019000 2805.950439 5558.512695
107 5.064000 2805.950439 5609.048340
108 5.107000 2805.950439 5313.068848
109 5.148000 2805.950439 5408.432617
110 5.198000 2805.950439 5573.760742
111 5.242000 2805.950439 5819.079590
112 5.287000 2805.950439 5695.042480
113 5.331000 2805.950439 5581.453613
114 5.380000 2805.950439 5664.076172
115 5.428000 2805.950439 5677.256836
116 5.476000 2805.950439 5711.315430
117 5.518000 2805.950439 5547.441895
118 5.564000 2805.950439 5486.789551
119 5.610000 2805.950439 5538.977051
120 5.653000 2805.950439 5499.240234
121 5.697000 2805.950439 5583.458984
122 5.745000 2805.950439 5672.845215
123 5.789000 2805.950439 5809.797363
124 5.827000 2805.950439 5727.252441
125 5.873000 2805.950439 5794.288086
126 5.918000 2805.950439 5734.647461
127 5.962000 2805.950439 5808.406738
