0 0.000000 3125.833008 3297.231201
1 0.051000 3070.405518 3297.231201
2 0.100000 2984.895752 3247.769043
3 0.147000 2934.326172 3200.668457
4 0.192000 2923.250000 3178.323975
5 0.239000 2869.138672 3146.791260
6 0.285000 2859.924316 3131.946777
7 0.333000 2848.491455 3103.265625
8 0.392000 2838.198486 3088.660400
9 0.449000 2823.137451 3068.626465
10 0.511000 2823.137451 3056.297119
11 0.563000 2822.249268 3051.377197
12 0.610000 2800.590088 3043.248535
13 0.668000 2800.590088 3021.491455
14 0.722000 2791.691162 3008.400879
15 0.774000 2782.757080 2997.085693
16 0.832000 2738.778809 2984.143066
17 0.886000 2738.778809 2971.395264
18 0.969000 2738.778809 2962.426025
19 1.032000 2738.778809 2950.590088
20 1.087000 2738.778809 2941.058838
21 1.146000 2738.778809 2933.697266
22 1.224000 2738.778809 2926.287842
23 1.281000 2738.778809 2920.348145
24 1.326000 2738.778809 2914.843994
25 1.381000 2737.770996 2915.213135
26 1.427000 2737.770996 2907.393066
27 1.475000 2733.892090 2902.237549
28 1.519000 2733.892090 2895.441162
29 1.565000 2733.892090 2885.894287
30 1.623000 2733.892090 2881.553223
31 1.680000 2733.892090 2875.583984
32 1.725000 2729.399902 2871.366943
33 1.765000 2729.399902 2864.770020
34 1.805000 2727.680908 2873.149170
35 1.847000 2727.680908 2871.326172
36 1.891000 2727.680908 2867.715332
37 1.934000 2727.680908 2871.691650
38 1.977000 2727.680908 2864.747070
39 2.027000 2727.680908 2858.229004
40 2.072000 2727.680908 2860.729980
41 2.114000 2727.680908 2856.306885
42 2.158000 2727.680908 2855.122803
43 2.199000 2727.680908 2850.680420
44 2.246000 2727.555420 2856.274414
45 2.296000 2727.555420 2850.310059
46 2.336000 2708.305176 2853.423828
47 2.382000 2708.305176 2850.112793
48 2.430000 2708.305176 2848.377441
49 2.475000 2705.288574 2848.898438
50 2.517000 2705.288574 2849.858154
51 2.555000 2705.288574 2847.131592
52 2.599000 2705.288574 2844.272705
53 2.643000 2705.288574 2841.386963
54 2.688000 2705.288574 2850.886230
55 2.734000 2705.288574 2850.011230
56 2.781000 2705.288574 2849.885010
57 2.829000 2705.288574 2840.985596
58 2.870000 2705.288574 2839.068115
59 2.910000 2705.288574 2836.975586
60 2.952000 2705.288574 2835.276855
61 2.994000 2705.288574 2832.436279
62 3.035000 2705.288574 2832.186523
63 3.079000 2705.288574 2843.123535
64 3.123000 2705.288574 2840.297607
65 3.164000 2705.288574 2839.196045
66 3.205000 2704.721924 2849.030273
67 3.243000 2704.721924 2840.256592
68 3.284000 2704.721924 2835.212158
69 3.326000 2704.721924 2834.507813
70 3.371000 2704.721924 2833.429688
71 3.415000 2704.721924 2831.640625
72 3.456000 2704.721924 2829.280029
73 3.501000 2704.721924 2825.992188
74 3.543000 2704.721924 2826.187744
75 3.585000 2704.721924 2821.819092
76 3.625000 2704.721924 2825.718018
77 3.672000 2704.721924 2830.092285
78 3.716000 2704.721924 2828.587158
79 3.758000 2704.721924 2823.160400
80 3.799000 2704.721924 2821.166016
81 3.841000 2704.721924 2820.352783
82 3.884000 2704.721924 2819.338379
83 3.927000 2704.721924 2821.474121
84 3.967000 2704.721924 2822.305908
85 4.015000 2704.721924 2819.246826
86 4.058000 2704.721924 2816.364990
87 4.102000 2704.721924 2821.960693
88 4.143000 2704.721924 2814.245361
89 4.183000 2704.721924 2812.487793
90 4.229000 2704.721924 2811.421143
91 4.271000 2704.721924 2818.550293
92 4.313000 2698.479736 2810.593506
93 4.353000 2698.479736 2810.022217
94 4.397000 2698.479736 2807.810059
95 4.441000 2696.553467 2808.490723
96 4.489000 2696.553467 2818.295654
97 4.536000 2696.553467 2822.423340
98 4.592000 2696.553467 2819.260254
99 4.637000 2696.553467 2823.009766
100 4.689000 2696.553467 2824.416504
101 4.741000 2696.553467 2823.521973
102 4.794000 2696.553467 2822.226318
103 4.844000 2696.553467 2829.010742
104 4.894000 2696.553467 2823.659424
105 4.956000 2696.553467 2822.816895
106 5.023000 2696.553467 2821.892090
107 5.089000 2696.553467 2818.941650
108 5.137000 2696.553467 2821.988525
109 5.200000 2696.553467 2820.272217
110 5.246000 2696.553467 2826.009277
111 5.296000 2696.553467 2825.039795
112 5.343000 2696.553467 2821.190674
113 5.390000 2696.553467 2827.762695
114 5.443000 2696.553467 2826.911621
115 5.496000 2696.553467 2830.301514
116 5.544000 2696.553467 2829.888672
117 5.587000 2696.553467 2832.863037
118 5.629000 2696.553467 2829.196777
119 5.684000 2696.553467 2833.235596
120 5.739000 2696.553467 2830.510254
121 5.786000 2696.553467 2827.627197
122 5.831000 2696.553467 2826.289063
123 5.877000 2696.553467 2824.689941
124 5.931000 2696.553467 2832.496582
125 5.982000 2696.553467 2830.283691
126 6.021000 2696.553467 2829.762451
127 6.069000 2696.553467 2825.514893
128 6.122000 2696.553467 2824.266357
129 6.179000 2696.553467 2823.676514
130 6.220000 2696.553467 2822.385254
131 6.262000 2696.553467 2821.120850
132 6.308000 2696.553467 2820.519287
133 6.355000 2696.553467 2819.367188
134 6.406000 2696.553467 2820.297119
135 6.452000 2696.553467 2819.178467
136 6.502000 2696.553467 2818.578125
137 6.548000 2696.553467 2829.442139
138 6.589000 2696.553467 2824.559082
139 6.632000 2696.553467 2824.552246
140 6.673000 2696.553467 2822.374268
141 6.719000 2696.553467 2819.862549
142 6.767000 2696.553467 2819.249756
143 6.810000 2696.553467 2817.254395
144 6.854000 2696.553467 2816.034424
145 6.899000 2696.553467 2821.655273
146 6.953000 2696.553467 2819.700928
147 6.997000 2696.553467 2821.360840
148 7.040000 2696.553467 2812.731934
149 7.078000 2696.553467 2814.937500
150 7.123000 2696.553467 2821.803223
151 7.169000 2696.553467 2820.147217
152 7.208000 2696.553467 2819.829346
153 7.255000 2696.553467 2819.010010
154 7.306000 2696.553467 2816.527100
155 7.354000 2696.553467 2814.181641
156 7.399000 2696.553467 2813.622559
157 7.440000 2696.553467 2810.883545
158 7.485000 2696.553467 2822.500244
159 7.522000 2696.553467 2817.594971
160 7.562000 2696.553467 2818.258789
161 7.602000 2696.553467 2815.293213
162 7.642000 2696.553467 2818.709473
163 7.684000 2696.553467 2821.369629
164 7.724000 2696.553467 2828.929688
165 7.762000 2696.553467 2827.790527
166 7.803000 2696.553467 2823.571289
167 7.847000 2696.553467 2820.496582
168 7.899000 2696.553467 2820.398193
169 7.945000 2696.553467 2833.122070
170 7.983000 2696.553467 2838.169922
171 8.029000 2696.553467 2841.616211
172 8.075000 2696.553467 2837.228516
173 8.123000 2696.553467 2851.425293
174 8.172000 2696.553467 2844.028809
175 8.216000 2696.553467 2842.602539
176 8.262000 2696.553467 2839.856201
177 8.304000 2696.553467 2841.070313
178 8.346000 2696.553467 2835.244385
179 8.387000 2696.553467 2837.215820
180 8.426000 2696.553467 2835.308105
181 8.467000 2696.553467 2831.934326
182 8.509000 2696.553467 2825.989258
183 8.552000 2696.553467 2822.615723
184 8.593000 2696.553467 2819.953125
185 8.638000 2696.553467 2817.838135
186 8.682000 2696.553467 2814.607910
187 8.729000 2696.553467 2812.353027
188 8.774000 2696.553467 2814.906494
189 8.818000 2696.553467 2812.958984
190 8.864000 2696.553467 2811.926025
191 8.905000 2696.553467 2810.593018
192 8.951000 2696.553467 2808.537842
193 8.993000 2696.553467 2806.250977
194 9.034000 2696.553467 2803.998535
195 9.077000 2696.553467 2802.870605
