0 0.000000 25421.833984 27056.226563
1 0.008000 24620.447266 27056.226563
2 0.015000 24141.792969 26502.482422
3 0.026000 23890.476563 26184.623047
4 0.033000 23841.074219 25830.568359
5 0.039000 23731.609375 25593.992188
6 0.046000 23362.851563 25402.300781
7 0.053000 23206.589844 25179.500000
8 0.059000 23098.402344 25003.240234
9 0.066000 22436.173828 24833.697266
10 0.072000 22272.421875 24672.640625
11 0.079000 21826.714844 24571.675781
12 0.086000 21826.714844 24461.839844
13 0.091000 21826.714844 24303.675781
14 0.102000 21826.714844 24168.470703
15 0.109000 21826.714844 24055.429688
16 0.116000 21826.714844 23954.707031
17 0.122000 21826.714844 23897.210938
18 0.128000 21826.714844 23805.765625
19 0.135000 21709.390625 23738.359375
20 0.142000 21648.195313 23663.898438
21 0.148000 21648.195313 23596.716797
22 0.154000 21648.195313 23537.164063
23 0.161000 21648.195313 23478.759766
24 0.167000 21648.195313 23427.625000
25 0.174000 21648.195313 23385.310547
26 0.180000 21648.195313 23322.123047
27 0.186000 21648.195313 23250.257813
28 0.192000 21648.195313 23204.134766
29 0.199000 21648.195313 23173.179688
30 0.204000 21648.195313 23125.482422
31 0.211000 21648.195313 23099.945313
32 0.217000 21648.195313 23068.837891
33 0.224000 21648.195313 23040.796875
34 0.231000 21648.195313 22998.212891
35 0.236000 21648.195313 22955.417969
36 0.243000 21648.195313 22930.240234
37 0.249000 21648.195313 22890.015625
38 0.255000 21648.195313 22860.707031
39 0.261000 21648.195313 22822.669922
40 0.267000 21648.195313 22793.679688
41 0.273000 21648.195313 22767.119141
42 0.279000 21648.195313 22755.837891
43 0.285000 21648.195313 22734.525391
44 0.292000 21648.195313 22713.580078
45 0.299000 21648.195313 22695.720703
46 0.304000 21648.195313 22668.386719
47 0.311000 21648.195313 22651.404297
48 0.318000 21648.195313 22641.328125
49 0.323000 21648.195313 22630.804688
50 0.330000 21648.195313 22610.937500
51 0.336000 21648.195313 22600.845703
52 0.342000 21648.195313 22594.964844
53 0.350000 21648.195313 22591.367188
54 0.355000 21648.195313 22582.402344
55 0.362000 21648.195313 22572.064453
56 0.367000 21648.195313 22557.759766
57 0.373000 21648.195313 22550.802734
58 0.380000 21648.195313 22544.750000
59 0.386000 21648.195313 22538.078125
60 0.392000 21648.195313 22536.367188
61 0.398000 21648.195313 22516.716797
62 0.404000 21648.195313 22507.140625
63 0.410000 21648.195313 22496.613281
64 0.416000 21648.195313 22492.480469
65 0.422000 21648.195313 22491.330078
66 0.428000 21547.816406 22477.283203
67 0.433000 21547.816406 22474.703125
68 0.438000 21547.816406 22454.972656
69 0.444000 21547.816406 22452.726563
70 0.449000 21547.816406 22451.261719
71 0.456000 21547.816406 22439.449219
72 0.462000 21547.816406 22439.359375
73 0.467000 21547.816406 22435.574219
74 0.472000 21547.816406 22435.351563
75 0.478000 21547.816406 22431.011719
76 0.484000 21547.816406 22420.109375
77 0.489000 21547.816406 22415.759766
78 0.495000 21547.816406 22412.607422
79 0.501000 21547.816406 22409.632813
80 0.508000 21547.816406 22407.890625
81 0.514000 21547.816406 22400.814453
82 0.520000 21547.816406 22395.570313
83 0.529000 21547.816406 22395.527344
84 0.537000 21547.816406 22389.902344
85 0.543000 21547.816406 22389.265625
86 0.550000 21547.816406 22386.162109
87 0.557000 21547.816406 22386.162109
88 0.564000 21547.816406 22383.320313
89 0.570000 21547.816406 22375.769531
90 0.576000 21547.816406 22374.523438
91 0.582000 21547.816406 22374.523438
92 0.590000 21547.816406 22372.091797
93 0.595000 21547.816406 22371.033203
94 0.602000 21547.816406 22370.357422
95 0.609000 21547.816406 22370.357422
96 0.615000 21547.816406 22356.052734
97 0.621000 21531.529297 22356.052734
98 0.627000 21531.529297 22351.029297
99 0.634000 21531.529297 22350.693359
100 0.640000 21531.529297 22350.033203
101 0.645000 21531.529297 22348.382813
102 0.652000 21531.529297 22346.943359
103 0.658000 21531.529297 22343.552734
104 0.664000 21531.529297 22341.472656
105 0.671000 21531.529297 22340.716797
106 0.676000 21531.529297 22330.669922
107 0.683000 21531.529297 22328.015625
108 0.689000 21531.529297 22328.001953
109 0.696000 21531.529297 22327.097656
110 0.703000 21455.750000 22326.164063
111 0.710000 21455.750000 22324.556641
112 0.716000 21455.750000 22321.800781
113 0.723000 21455.750000 22314.880859
114 0.729000 21455.750000 22314.880859
115 0.735000 21455.750000 22311.005859
116 0.741000 21455.750000 22304.667969
117 0.747000 21455.750000 22304.408203
118 0.754000 21455.750000 22303.927734
119 0.760000 21455.750000 22303.511719
120 0.765000 21439.806641 22303.214844
121 0.771000 21439.806641 22300.080078
122 0.777000 21439.806641 22299.501953
123 0.783000 21439.806641 22298.990234
124 0.789000 21439.806641 22298.990234
125 0.795000 21349.451172 22298.990234
126 0.801000 21349.451172 22292.695313
127 0.807000 21349.451172 22281.142578
128 0.814000 21349.451172 22281.142578
129 0.821000 21349.451172 22281.142578
130 0.826000 21349.451172 22281.142578
131 0.832000 21349.451172 22281.142578
132 0.838000 21349.451172 22280.917969
133 0.843000 21349.451172 22280.917969
134 0.849000 21349.451172 22275.435547
135 0.857000 21349.451172 22275.132813
136 0.862000 21349.451172 22275.113281
137 0.868000 21349.451172 22272.345703
138 0.874000 21349.451172 22272.345703
139 0.880000 21349.451172 22272.345703
140 0.886000 21349.451172 22271.632813
141 0.892000 21349.451172 22271.632813
142 0.898000 21349.451172 22269.835938
143 0.905000 21349.451172 22268.945313
144 0.912000 21349.451172 22267.814453
145 0.919000 21349.451172 22267.814453
146 0.925000 21349.451172 22267.033203
147 0.932000 21349.451172 22265.537109
148 0.939000 21349.451172 22262.634766
149 0.946000 21349.451172 22257.572266
150 0.953000 21349.451172 22257.572266
151 0.960000 21349.451172 22257.300781
152 0.969000 21349.451172 22252.339844
153 0.976000 21349.451172 22251.349609
154 0.983000 21349.451172 22251.349609
155 0.988000 21349.451172 22251.349609
156 0.995000 21349.451172 22249.982422
157 1.001000 21349.451172 22249.822266
158 1.008000 21349.451172 22248.937500
159 1.014000 21349.451172 22247.677734
160 1.021000 21349.451172 22247.615234
161 1.028000 21349.451172 22247.552734
162 1.034000 21349.451172 22244.582031
163 1.040000 21349.451172 22240.330078
164 1.047000 21349.451172 22240.265625
165 1.053000 21349.451172 22235.535156
166 1.059000 21349.451172 22233.677734
167 1.066000 21349.451172 22228.568359
168 1.073000 21349.451172 22227.089844
169 1.080000 21349.451172 22225.148438
170 1.087000 21349.451172 22224.972656
171 1.094000 21349.451172 22224.943359
172 1.101000 21349.451172 22222.597656
173 1.107000 21349.451172 22222.599609
174 1.114000 21349.451172 22217.806641
175 1.121000 21349.451172 22216.283203
176 1.127000 21349.451172 22215.384766
177 1.134000 21349.451172 22215.148438
178 1.140000 21349.451172 22213.039063
179 1.146000 21349.451172 22209.589844
180 1.154000 21349.451172 22205.105469
181 1.159000 21349.451172 22205.042969
182 1.165000 21349.451172 22205.042969
183 1.174000 21349.451172 22201.398438
184 1.181000 21349.451172 22201.398438
185 1.187000 21349.451172 22200.339844
186 1.192000 21349.451172 22200.339844
187 1.198000 21349.451172 22199.769531
188 1.206000 21349.451172 22199.033203
189 1.212000 21349.451172 22194.642578
190 1.219000 21349.451172 22194.306641
191 1.225000 21349.451172 22194.306641
192 1.232000 21349.451172 22194.306641
193 1.238000 21349.451172 22193.384766
194 1.244000 21349.451172 22192.250000
195 1.251000 21349.451172 22188.437500
196 1.257000 21349.451172 22185.988281
197 1.262000 21349.451172 22185.310547
198 1.269000 21349.451172 22185.310547
199 1.274000 21349.451172 22184.974609
200 1.280000 21349.451172 22182.445313
201 1.286000 21349.451172 22182.234375
202 1.292000 21349.451172 22182.164063
203 1.300000 21349.451172 22182.164063
204 1.306000 21349.451172 22181.775391
205 1.311000 21349.451172 22181.775391
206 1.318000 21349.451172 22181.466797
207 1.325000 21349.451172 22179.216797
208 1.331000 21349.451172 22179.216797
209 1.337000 21349.451172 22179.125000
210 1.343000 21349.451172 22179.125000
211 1.349000 21349.451172 22174.570313
212 1.356000 21349.451172 22172.865234
213 1.362000 21349.451172 22172.863281
214 1.369000 21349.451172 22170.880859
215 1.375000 21349.451172 22170.845703
216 1.380000 21349.451172 22170.845703
217 1.386000 21349.451172 22170.845703
218 1.393000 21349.451172 22170.751953
219 1.398000 21349.451172 22168.648438
220 1.405000 21349.451172 22168.648438
221 1.411000 21349.451172 22168.607422
222 1.417000 21349.451172 22168.539063
223 1.425000 21349.451172 22168.539063
224 1.430000 21349.451172 22161.376953
225 1.437000 21349.451172 22159.890625
