0 0.000000 3094.278076 3294.133789
1 0.045000 3035.665039 3294.133789
2 0.087000 3000.587402 3223.568359
3 0.128000 2970.177490 3194.202393
4 0.172000 2918.968506 3163.909912
5 0.212000 2917.520508 3132.010010
6 0.255000 2888.635254 3116.185303
7 0.296000 2856.894287 3094.160400
8 0.339000 2845.881348 3076.697510
9 0.380000 2828.444580 3058.889160
10 0.423000 2825.988770 3043.736816
11 0.470000 2808.818115 3029.271240
12 0.513000 2807.064453 3014.077393
13 0.556000 2807.064453 3002.080322
14 0.605000 2804.047852 2988.584961
15 0.650000 2801.229248 2984.240967
16 0.688000 2801.229248 2975.284912
17 0.727000 2789.996582 2968.810547
18 0.774000 2782.448242 2953.267578
19 0.821000 2782.448242 2943.901611
20 0.868000 2782.448242 2938.630615
21 0.909000 2782.448242 2928.985352
22 0.963000 2782.448242 2924.302246
23 1.009000 2756.019775 2922.564453
24 1.055000 2756.019775 2916.170898
25 1.100000 2751.333252 2914.639893
26 1.142000 2749.069336 2912.003174
27 1.184000 2742.957764 2903.352539
28 1.226000 2742.957764 2903.281494
29 1.266000 2742.957764 2894.246826
30 1.310000 2742.957764 2892.017578
31 1.350000 2736.715332 2885.878418
32 1.396000 2736.715332 2880.590088
33 1.441000 2732.910400 2874.824463
34 1.484000 2732.910400 2869.037109
35 1.529000 2732.910400 2864.728760
36 1.580000 2732.910400 2859.501953
37 1.624000 2732.910400 2863.533447
38 1.664000 2732.910400 2869.672607
39 1.708000 2732.910400 2875.717529
40 1.753000 2732.910400 2865.699463
41 1.793000 2728.066162 2862.166016
42 1.836000 2728.066162 2857.407471
43 1.881000 2718.177734 2849.937256
44 1.925000 2718.177734 2847.612793
45 1.965000 2718.177734 2846.218750
46 2.006000 2718.177734 2844.952881
47 2.048000 2718.177734 2843.747559
48 2.088000 2718.177734 2845.625977
49 2.133000 2718.177734 2845.242432
50 2.171000 2718.177734 2839.382813
51 2.208000 2718.177734 2838.497559
52 2.252000 2718.177734 2842.635254
53 2.293000 2718.177734 2839.520264
54 2.337000 2718.177734 2849.797607
55 2.375000 2710.629639 2861.170654
56 2.412000 2710.629639 2852.700928
57 2.452000 2710.629639 2850.672852
58 2.500000 2708.658203 2848.637695
59 2.545000 2708.658203 2844.448730
60 2.588000 2708.658203 2841.033447
61 2.632000 2684.498047 2837.599609
62 2.673000 2684.498047 2853.504395
63 2.717000 2684.498047 2849.846924
64 2.761000 2684.498047 2847.182617
65 2.804000 2674.609375 2848.918213
66 2.845000 2674.609375 2847.178223
67 2.891000 2674.609375 2847.986816
68 2.930000 2674.609375 2842.956055
69 2.971000 2674.609375 2836.869629
70 3.011000 2674.609375 2835.156250
71 3.052000 2674.609375 2833.327148
72 3.098000 2674.609375 2837.427246
73 3.141000 2674.609375 2833.376465
74 3.182000 2674.609375 2833.464600
75 3.228000 2674.609375 2831.333008
76 3.274000 2674.609375 2832.190674
77 3.320000 2674.609375 2840.754150
78 3.361000 2674.609375 2838.110352
79 3.402000 2674.609375 2832.138672
80 3.446000 2674.609375 2830.756348
81 3.487000 2674.609375 2827.261963
82 3.528000 2674.609375 2826.224365
83 3.575000 2674.609375 2824.417236
84 3.617000 2674.609375 2832.069580
85 3.651000 2674.609375 2823.897705
86 3.695000 2674.609375 2822.790283
87 3.741000 2674.609375 2821.819580
88 3.785000 2674.609375 2820.878662
89 3.823000 2674.609375 2818.899902
90 3.866000 2674.609375 2825.323730
91 3.909000 2674.609375 2820.364014
92 3.950000 2674.609375 2818.324707
93 3.995000 2674.609375 2816.608398
94 4.036000 2674.609375 2819.548828
95 4.078000 2674.609375 2818.219482
96 4.119000 2674.609375 2816.447266
97 4.160000 2674.609375 2814.966797
98 4.198000 2674.609375 2813.915283
99 4.242000 2674.609375 2818.348389
100 4.284000 2674.609375 2826.476318
101 4.330000 2674.609375 2825.922607
102 4.370000 2674.609375 2824.272461
103 4.413000 2674.609375 2817.634033
104 4.456000 2674.609375 2822.992920
105 4.499000 2674.609375 2817.846191
106 4.545000 2674.609375 2816.334961
107 4.595000 2674.609375 2823.757813
108 4.635000 2674.609375 2824.909668
109 4.683000 2674.609375 2816.458984
110 4.729000 2674.609375 2814.385742
111 4.770000 2674.609375 2822.639893
112 4.811000 2674.609375 2818.499023
113 4.849000 2674.609375 2816.957520
114 4.891000 2674.609375 2816.850342
115 4.930000 2674.609375 2816.354492
116 4.972000 2674.609375 2815.932129
117 5.014000 2674.609375 2814.495850
118 5.055000 2674.609375 2825.045654
119 5.098000 2674.609375 2817.004883
120 5.141000 2674.609375 2822.947754
121 5.180000 2674.609375 2822.363037
122 5.231000 2674.609375 2818.138428
123 5.274000 2674.609375 2819.582764
124 5.318000 2674.609375 2817.785889
125 5.355000 2674.609375 2815.323242
126 5.399000 2674.609375 2814.554443
127 5.446000 2674.609375 2817.782227
128 5.493000 2674.609375 2817.454590
129 5.533000 2674.609375 2814.489258
130 5.581000 2674.609375 2814.107910
131 5.621000 2674.609375 2813.909424
132 5.661000 2674.609375 2813.818848
133 5.704000 2674.609375 2824.269043
134 5.746000 2674.609375 2816.569580
135 5.790000 2674.609375 2815.660645
136 5.835000 2674.609375 2817.755371
137 5.876000 2674.609375 2815.476318
138 5.923000 2674.609375 2813.069580
139 5.969000 2674.609375 2812.556152
140 6.016000 2674.609375 2810.557129
141 6.063000 2674.609375 2809.720947
142 6.110000 2674.609375 2811.763428
143 6.156000 2674.609375 2812.767090
144 6.196000 2674.609375 2816.013184
145 6.241000 2674.609375 2815.611328
146 6.284000 2674.609375 2820.583008
147 6.329000 2674.609375 2822.026367
148 6.374000 2674.609375 2824.950928
149 6.419000 2674.609375 2825.697266
150 6.462000 2674.609375 2829.998047
151 6.506000 2674.609375 2831.846191
152 6.551000 2674.609375 2832.704102
153 6.591000 2674.609375 2832.700195
154 6.625000 2674.609375 2832.057861
155 6.666000 2674.609375 2830.050537
156 6.704000 2674.609375 2826.929443
157 6.743000 2674.609375 2825.541504
158 6.786000 2674.609375 2823.778320
159 6.828000 2674.609375 2827.843994
160 6.871000 2674.609375 2829.988770
161 6.911000 2674.609375 2835.552734
162 6.948000 2674.609375 2838.843018
163 6.988000 2674.609375 2841.145264
164 7.030000 2674.609375 2847.100342
165 7.069000 2674.609375 2839.381592
166 7.112000 2674.609375 2843.529785
167 7.157000 2674.609375 2838.005371
168 7.202000 2674.609375 2836.094482
169 7.243000 2674.609375 2837.890381
170 7.285000 2674.609375 2837.110596
171 7.339000 2674.609375 2835.053711
172 7.388000 2674.609375 2833.990967
173 7.449000 2674.609375 2832.242188
174 7.492000 2674.609375 2830.043701
175 7.540000 2674.609375 2831.163086
176 7.581000 2674.609375 2835.323486
177 7.625000 2674.609375 2832.782471
178 7.677000 2674.609375 2839.095947
179 7.725000 2674.609375 2840.783203
180 7.774000 2674.609375 2847.740234
181 7.821000 2674.609375 2840.757080
182 7.876000 2674.609375 2837.979980
183 7.946000 2674.609375 2840.147461
184 7.997000 2674.609375 2839.538818
185 8.041000 2674.609375 2837.906006
186 8.085000 2674.609375 2843.050293
187 8.130000 2674.609375 2841.795654
188 8.172000 2674.609375 2838.063721
189 8.217000 2674.609375 2835.432861
190 8.264000 2674.609375 2835.244385
191 8.309000 2674.609375 2834.517578
192 8.350000 2674.609375 2831.006348
193 8.395000 2674.609375 2828.653076
194 8.437000 2674.609375 2825.480713
195 8.483000 2674.609375 2824.440918
196 8.527000 2674.609375 2825.132813
197 8.568000 2674.609375 2822.912109
198 8.611000 2674.609375 2825.244385
199 8.658000 2674.609375 2824.174316
200 8.696000 2674.609375 2820.270508
201 8.739000 2674.609375 2819.688477
202 8.781000 2674.609375 2832.885254
203 8.821000 2674.609375 2829.537842
204 8.868000 2674.609375 2825.877441
205 8.910000 2674.609375 2832.782715
206 8.953000 2674.609375 2831.079102
207 8.992000 2674.609375 2826.210205
208 9.035000 2674.609375 2828.433105
209 9.075000 2674.609375 2828.082764
210 9.117000 2674.609375 2829.293945
211 9.157000 2674.609375 2828.063965
212 9.197000 2674.609375 2826.158447
213 9.239000 2674.609375 2824.926514
214 9.282000 2674.609375 2824.060303
215 9.325000 2674.609375 2821.266846
216 9.364000 2674.609375 2820.395020
217 9.410000 2674.609375 2826.410645
218 9.448000 2674.609375 2822.588379
219 9.492000 2674.609375 2826.692383
220 9.540000 2674.609375 2821.696289
221 9.590000 2674.609375 2825.941162
222 9.643000 2674.609375 2821.809570
223 9.690000 2674.609375 2820.653809
224 9.738000 2674.609375 2824.685303
225 9.801000 2674.609375 2821.715088
226 9.849000 2674.609375 2820.951660
227 9.896000 2674.609375 2820.370850
228 9.939000 2674.609375 2824.721680
229 9.975000 2674.609375 2823.116943
230 10.017000 2674.609375 2822.903809
231 10.061000 2674.609375 2826.232910
232 10.105000 2674.609375 2828.583008
233 10.148000 2674.609375 2825.366455
234 10.188000 2674.609375 2824.233643
235 10.235000 2674.609375 2823.840088
236 10.277000 2674.609375 2826.351807
237 10.319000 2674.609375 2827.501465
238 10.363000 2674.609375 2826.385742
239 10.405000 2674.609375 2823.920898
240 10.449000 2674.609375 2821.281982
241 10.497000 2674.609375 2832.821045
242 10.542000 2674.609375 2825.404785
243 10.598000 2674.609375 2820.602539
244 10.649000 2674.609375 2821.750732
245 10.702000 2674.609375 2825.758545
246 10.751000 2674.609375 2827.469727
247 10.797000 2674.609375 2829.541016
248 10.842000 2674.609375 2832.252441
249 10.886000 2674.609375 2824.812744
250 10.933000 2674.609375 2820.581787
251 10.984000 2674.609375 2817.969482
252 11.025000 2674.609375 2817.073975
253 11.071000 2674.609375 2816.479004
254 11.123000 2674.609375 2816.005859
255 11.168000 2674.609375 2814.617432
256 11.210000 2674.609375 2814.543213
257 11.259000 2674.609375 2812.711670
258 11.304000 2674.609375 2817.500977
259 11.348000 2674.609375 2821.787109
260 11.387000 2674.609375 2819.158203
261 11.431000 2674.609375 2821.039307
262 11.473000 2674.609375 2818.904297
263 11.522000 2674.609375 2818.938721
264 11.568000 2674.609375 2820.112549
265 11.612000 2674.609375 2822.435303
266 11.655000 2674.609375 2821.144287
267 11.697000 2674.609375 2822.746826
268 11.741000 2674.609375 2818.971191
269 11.786000 2674.609375 2826.676270
270 11.830000 2674.609375 2830.013672
271 11.877000 2674.609375 2830.376465
272 11.919000 2674.609375 2826.694580
273 11.964000 2674.609375 2823.854004
274 12.008000 2674.609375 2820.618408
275 12.052000 2674.609375 2819.002930
276 12.096000 2674.609375 2820.388672
277 12.140000 2674.609375 2819.191650
278 12.187000 2674.609375 2820.040039
279 12.232000 2674.609375 2820.220215
280 12.274000 2674.609375 2815.438232
281 12.320000 2674.609375 2813.815674
282 12.361000 2674.609375 2820.651855
283 12.410000 2674.609375 2819.327148
284 12.454000 2674.609375 2817.730957
285 12.495000 2674.609375 2818.207764
286 12.537000 2674.609375 2817.462891
287 12.581000 2674.609375 2825.200928
288 12.628000 2674.609375 2821.377197
289 12.684000 2674.609375 2822.411621
290 12.733000 2674.609375 2827.134033
291 12.776000 2674.609375 2825.229492
292 12.821000 2674.609375 2820.078125
293 12.866000 2674.609375 2820.816162
294 12.906000 2674.609375 2818.756348
295 12.967000 2674.609375 2819.799805
296 13.017000 2674.609375 2817.319336
297 13.063000 2674.609375 2816.700928
298 13.111000 2674.609375 2814.706787
299 13.162000 2674.609375 2816.935303
300 13.207000 2674.609375 2816.938232
301 13.253000 2674.609375 2818.747803
302 13.301000 2674.609375 2820.323730
303 13.344000 2674.609375 2825.752197
304 13.387000 2674.609375 2823.148193
305 13.442000 2674.609375 2821.540039
306 13.489000 2674.609375 2817.049316
307 13.531000 2674.609375 2819.800049
308 13.572000 2674.609375 2822.681641
309 13.615000 2674.609375 2826.336670
310 13.659000 2674.609375 2820.475098
311 13.706000 2674.609375 2818.163330
312 13.752000 2674.609375 2816.940674
313 13.797000 2674.609375 2816.255615
314 13.845000 2674.609375 2819.425537
315 13.891000 2674.609375 2829.082764
316 13.941000 2674.609375 2826.896484
317 13.993000 2674.609375 2834.110596
318 14.048000 2674.609375 2827.376953
319 14.095000 2674.609375 2823.729492
320 14.143000 2674.609375 2823.598389
321 14.201000 2674.609375 2824.874268
322 14.260000 2674.609375 2822.790283
323 14.312000 2674.609375 2819.168457
324 14.460000 2674.609375 2823.570068
325 14.509000 2674.609375 2819.306641
326 14.572000 2674.609375 2818.146973
327 14.628000 2674.609375 2818.938232
328 14.675000 2674.609375 2816.845215
329 14.731000 2674.609375 2815.614258
330 14.784000 2674.609375 2815.341553
331 14.835000 2674.609375 2809.756348
332 14.887000 2674.609375 2808.410645
333 14.925000 2674.609375 2809.093750
334 14.983000 2674.609375 2806.767578
335 15.033000 2674.609375 2805.274170
336 15.079000 2674.609375 2803.881836
337 15.123000 2674.609375 2814.156982
338 15.173000 2674.609375 2810.059082
339 15.218000 2674.609375 2808.058350
340 15.269000 2674.609375 2807.647217
341 15.317000 2674.609375 2806.590332
342 15.363000 2674.609375 2805.032227
343 15.401000 2674.609375 2806.152100
344 15.445000 2674.609375 2805.356445
345 15.496000 2674.609375 2802.338379
346 15.541000 2674.609375 2801.614990
347 15.589000 2674.609375 2806.249023
348 15.635000 2674.609375 2800.174805
349 15.680000 2674.609375 2799.391846
350 15.730000 2674.609375 2798.962402
351 15.782000 2669.850098 2798.702393
352 15.831000 2669.850098 2800.996582
353 15.880000 2669.850098 2800.910889
354 15.929000 2663.738770 2809.313232
355 15.975000 2663.738770 2807.651611
356 16.019000 2663.738770 2806.233398
357 16.067000 2663.738770 2800.195557
358 16.111000 2663.738770 2807.554443
359 16.161000 2663.738770 2803.263672
360 16.206000 2663.738770 2802.570313
361 16.249000 2663.738770 2799.873047
362 16.299000 2663.738770 2799.442139
363 16.366000 2663.738770 2800.770996
364 16.422000 2663.738770 2810.437500
365 16.465000 2663.738770 2817.567139
366 16.514000 2663.738770 2812.177490
367 16.561000 2663.738770 2808.784180
368 16.612000 2663.738770 2810.200195
369 16.656000 2663.738770 2809.137207
370 16.702000 2663.738770 2809.330566
371 16.748000 2663.738770 2812.513184
372 16.796000 2663.738770 2810.885742
373 16.850000 2663.738770 2816.724121
374 16.895000 2663.738770 2823.289063
375 16.937000 2663.738770 2820.886963
376 16.987000 2663.738770 2836.219482
377 17.032000 2663.738770 2831.005859
378 17.079000 2663.738770 2826.883545
379 17.129000 2663.738770 2822.800537
380 17.178000 2663.738770 2819.126953
381 17.224000 2663.738770 2816.847412
382 17.272000 2663.738770 2813.551025
383 17.321000 2663.738770 2812.897705
384 17.372000 2663.738770 2815.426758
385 17.423000 2663.738770 2813.965088
386 17.472000 2663.738770 2818.895508
387 17.518000 2663.738770 2813.913086
388 17.567000 2663.738770 2816.656250
389 17.616000 2663.738770 2813.751221
390 17.669000 2663.738770 2813.778076
391 17.714000 2663.738770 2819.902100
392 17.762000 2663.738770 2820.084961
393 17.811000 2663.738770 2819.998047
394 17.855000 2663.738770 2820.459961
395 17.906000 2663.738770 2815.849609
396 17.952000 2663.738770 2812.299072
397 18.000000 2663.738770 2805.921631
398 18.048000 2661.669189 2804.843994
399 18.093000 2661.669189 2803.897461
400 18.135000 2661.669189 2802.672119
401 18.181000 2661.669189 2800.808838
402 18.228000 2661.669189 2800.576660
403 18.275000 2661.669189 2801.429688
404 18.319000 2661.669189 2799.238525
405 18.369000 2661.669189 2801.512451
406 18.414000 2661.669189 2800.229004
407 18.467000 2661.669189 2799.461914
408 18.518000 2661.669189 2798.540039
409 18.568000 2661.669189 2798.193115
410 18.616000 2661.669189 2804.576660
411 18.667000 2661.669189 2805.732910
412 18.719000 2661.669189 2807.428223
413 18.771000 2661.669189 2806.354492
414 18.818000 2661.669189 2809.858643
415 18.867000 2661.669189 2808.496338
416 18.914000 2661.669189 2806.118652
417 18.957000 2661.669189 2805.317383
418 19.000000 2661.669189 2809.021484
419 19.046000 2661.669189 2811.462158
420 19.095000 2661.669189 2809.396484
421 19.139000 2661.669189 2811.168457
422 19.191000 2661.669189 2811.032471
423 19.237000 2661.669189 2813.957275
424 19.285000 2661.669189 2808.130371
425 19.331000 2661.669189 2815.974121
426 19.371000 2661.669189 2823.512207
427 19.422000 2661.669189 2826.926514
428 19.471000 2661.669189 2812.502930
429 19.520000 2661.669189 2811.454346
430 19.570000 2661.669189 2810.626221
431 19.616000 2661.669189 2807.867188
432 19.662000 2661.669189 2814.594971
433 19.706000 2661.669189 2814.517822
434 19.753000 2661.669189 2814.985840
435 19.801000 2661.669189 2809.255371
436 19.852000 2661.669189 2807.338379
437 19.900000 2661.669189 2810.227783
438 19.948000 2661.669189 2807.532227
439 19.999000 2661.669189 2810.958008
440 20.051000 2661.669189 2812.048340
441 20.097000 2661.669189 2810.554932
442 20.148000 2661.669189 2812.077393
443 20.195000 2661.669189 2817.103760
444 20.235000 2661.669189 2813.633789
445 20.279000 2661.669189 2811.288818
446 20.325000 2661.669189 2823.012451
447 20.369000 2661.669189 2823.258057
448 20.413000 2661.669189 2817.942871
449 20.458000 2661.669189 2820.463135
450 20.507000 2661.669189 2819.151855
451 20.547000 2661.669189 2814.249268
452 20.596000 2661.669189 2812.952393
453 20.644000 2661.669189 2814.270264
454 20.694000 2661.669189 2813.405029
455 20.741000 2661.669189 2811.293701
456 20.790000 2661.669189 2809.513428
457 20.839000 2661.669189 2809.788086
458 20.882000 2661.669189 2810.611572
459 20.930000 2661.669189 2816.412598
460 20.980000 2661.669189 2810.668457
461 21.030000 2661.669189 2811.078857
462 21.082000 2661.669189 2810.328857
463 21.134000 2661.669189 2808.485596
464 21.176000 2661.669189 2806.232422
465 21.227000 2661.669189 2804.987305
466 21.276000 2661.669189 2803.528320
467 21.320000 2661.669189 2801.574951
468 21.367000 2661.669189 2799.733154
469 21.407000 2661.669189 2802.578857
470 21.449000 2661.669189 2801.331055
471 21.496000 2661.669189 2800.242432
472 21.544000 2661.669189 2799.721924
473 21.593000 2661.669189 2816.240967
474 21.638000 2661.669189 2816.448242
475 21.682000 2661.669189 2825.948242
476 21.730000 2661.669189 2820.741455
477 21.777000 2661.669189 2819.150391
478 21.820000 2661.669189 2829.167725
479 21.870000 2661.669189 2829.689697
480 21.916000 2661.669189 2823.882568
481 21.967000 2661.669189 2820.954590
482 22.014000 2661.669189 2817.252197
483 22.063000 2661.669189 2814.050049
484 22.112000 2661.669189 2814.000977
485 22.160000 2661.669189 2812.623047
486 22.205000 2661.669189 2814.115234
487 22.260000 2661.669189 2818.447754
488 22.306000 2661.669189 2816.650635
489 22.356000 2661.669189 2822.881836
490 22.405000 2661.669189 2817.071289
491 22.460000 2661.669189 2813.551025
492 22.513000 2661.669189 2818.330566
493 22.607000 2661.669189 2823.064453
494 22.659000 2661.669189 2827.024170
495 22.700000 2661.669189 2822.770996
496 22.746000 2661.669189 2825.780518
497 22.791000 2661.669189 2816.234131
498 22.843000 2661.669189 2814.927490
499 22.883000 2661.669189 2812.164795
500 22.930000 2661.669189 2812.887207
501 22.978000 2661.669189 2809.520020
502 23.026000 2661.669189 2812.954102
503 23.079000 2661.669189 2810.301758
504 23.131000 2661.669189 2816.354492
505 23.178000 2661.669189 2809.967529
506 23.226000 2661.669189 2809.766602
507 23.276000 2661.669189 2811.227295
508 23.326000 2661.669189 2810.376221
509 23.374000 2661.669189 2809.051025
510 23.421000 2661.669189 2817.048096
511 23.472000 2661.669189 2820.981934
512 23.523000 2661.669189 2814.954590
513 23.566000 2661.669189 2817.870850
514 23.616000 2661.669189 2813.247070
515 23.662000 2661.669189 2806.976807
516 23.709000 2661.669189 2802.854492
517 23.753000 2661.669189 2802.263428
518 23.798000 2661.669189 2802.063232
519 23.845000 2661.669189 2807.814453
520 23.895000 2661.669189 2806.121338
521 23.942000 2661.669189 2807.981201
522 23.995000 2661.669189 2804.129883
523 24.041000 2661.669189 2803.129150
524 24.084000 2661.669189 2801.565430
525 24.132000 2661.669189 2799.937256
526 24.175000 2661.669189 2799.463379
527 24.223000 2661.669189 2800.778076
528 24.272000 2661.669189 2799.480225
529 24.313000 2661.669189 2798.563232
530 24.356000 2661.669189 2808.486328
531 24.405000 2661.669189 2812.187500
532 24.454000 2661.669189 2808.433350
533 24.501000 2661.669189 2813.056152
534 24.551000 2661.669189 2810.285645
535 24.599000 2661.669189 2810.192139
536 24.649000 2661.669189 2820.399414
537 24.699000 2661.669189 2809.986328
538 24.747000 2661.669189 2811.392578
539 24.793000 2661.669189 2810.968750
540 24.840000 2661.669189 2808.308105
541 24.885000 2661.669189 2806.469727
542 24.931000 2661.669189 2805.038330
543 24.979000 2661.669189 2804.350830
544 25.025000 2661.669189 2806.079102
545 25.077000 2661.669189 2803.489990
546 25.123000 2661.669189 2801.580322
547 25.171000 2661.669189 2808.136475
548 25.221000 2661.669189 2807.092285
549 25.266000 2661.669189 2806.379883
550 25.313000 2661.669189 2806.725342
551 25.358000 2661.669189 2804.641357
552 25.404000 2661.669189 2804.642578
553 25.446000 2661.669189 2804.213135
554 25.492000 2661.669189 2801.964355
555 25.545000 2661.669189 2801.468750
556 25.591000 2661.669189 2800.165527
557 25.640000 2661.669189 2804.025635
558 25.689000 2661.669189 2802.801758
559 25.736000 2661.669189 2803.058350
560 25.787000 2661.669189 2802.806152
561 25.837000 2661.669189 2801.938232
562 25.884000 2661.669189 2801.135986
563 25.940000 2661.669189 2803.216309
564 25.991000 2661.669189 2800.841309
565 26.039000 2661.669189 2799.840576
566 26.087000 2661.669189 2803.034668
567 26.130000 2661.669189 2803.745850
568 26.175000 2661.669189 2808.958496
569 26.228000 2661.669189 2814.484375
570 26.276000 2661.669189 2813.226318
571 26.319000 2661.669189 2817.058350
572 26.367000 2661.669189 2811.145264
573 26.414000 2661.669189 2812.426758
574 26.457000 2661.669189 2808.461182
575 26.503000 2661.669189 2805.024902
576 26.550000 2661.669189 2804.669922
577 26.597000 2661.669189 2812.093506
578 26.643000 2661.669189 2811.353760
579 26.688000 2661.669189 2820.010986
580 26.734000 2661.669189 2815.102295
581 26.780000 2661.669189 2813.257568
582 26.827000 2661.669189 2814.571045
583 26.876000 2661.669189 2812.581787
584 26.916000 2661.669189 2811.288330
585 26.966000 2661.669189 2813.808105
586 27.015000 2661.669189 2813.449463
587 27.063000 2661.669189 2812.924316
588 27.108000 2661.669189 2811.936523
589 27.156000 2661.669189 2817.738525
590 27.202000 2661.669189 2811.998047
591 27.246000 2661.669189 2813.701660
592 27.296000 2661.669189 2811.559326
593 27.342000 2661.669189 2816.765869
594 27.392000 2661.669189 2820.859375
595 27.434000 2661.669189 2822.575684
596 27.481000 2661.669189 2829.453369
597 27.523000 2661.669189 2828.657227
598 27.570000 2661.669189 2823.906250
599 27.616000 2661.669189 2825.388428
600 27.662000 2661.669189 2821.694580
601 27.709000 2661.669189 2829.894775
602 27.764000 2661.669189 2837.418945
603 27.810000 2661.669189 2828.071777
604 27.854000 2661.669189 2827.048096
605 27.906000 2661.669189 2826.106201
606 27.953000 2661.669189 2820.933838
607 28.000000 2661.669189 2818.306641
608 28.044000 2661.669189 2825.250000
609 28.095000 2661.669189 2826.487549
610 28.145000 2661.669189 2825.544434
611 28.192000 2661.669189 2823.095215
612 28.242000 2661.669189 2822.665283
613 28.284000 2661.669189 2821.069580
614 28.334000 2661.669189 2830.638184
615 28.378000 2661.669189 2827.705322
616 28.431000 2661.669189 2829.976318
617 28.478000 2661.669189 2825.428711
618 28.524000 2661.669189 2828.632568
619 28.570000 2661.669189 2832.056641
620 28.613000 2661.669189 2830.456055
621 28.664000 2661.669189 2828.466553
622 28.714000 2661.669189 2830.219727
623 28.760000 2661.669189 2823.870361
624 28.805000 2661.669189 2821.555420
625 28.851000 2661.669189 2819.556152
626 28.897000 2661.669189 2817.855225
627 28.943000 2661.669189 2816.410400
628 28.989000 2661.669189 2815.658691
629 29.034000 2661.669189 2813.995117
630 29.086000 2661.669189 2810.801514
631 29.132000 2661.669189 2808.759277
632 29.175000 2661.669189 2807.422852
633 29.226000 2661.669189 2806.958984
634 29.275000 2661.669189 2806.769287
635 29.318000 2661.669189 2805.157227
636 29.369000 2661.669189 2816.363770
637 29.418000 2661.669189 2812.316162
638 29.459000 2661.669189 2816.138428
639 29.510000 2661.669189 2818.130859
640 29.559000 2661.669189 2818.394287
641 29.602000 2661.669189 2811.529785
642 29.650000 2661.669189 2809.535645
643 29.697000 2661.669189 2807.845947
644 29.745000 2661.669189 2814.134766
645 29.792000 2661.669189 2808.119141
646 29.839000 2661.669189 2806.733398
647 29.889000 2661.669189 2809.777100
648 29.934000 2661.669189 2804.667725
649 29.984000 2661.669189 2802.218018
650 30.033000 2661.669189 2800.790283
651 30.086000 2661.669189 2798.928467
652 30.129000 2661.669189 2809.865723
653 30.176000 2661.669189 2803.507813
654 30.219000 2661.669189 2803.365967
655 30.266000 2661.669189 2802.165039
656 30.317000 2661.669189 2800.400635
657 30.365000 2661.669189 2801.098633
658 30.418000 2661.669189 2804.627441
659 30.462000 2661.669189 2801.438721
660 30.508000 2661.669189 2805.376465
661 30.554000 2661.669189 2802.477783
662 30.600000 2661.669189 2815.151367
663 30.651000 2661.669189 2824.672119
664 30.702000 2661.669189 2821.822510
665 30.745000 2661.669189 2818.226563
666 30.792000 2661.669189 2815.239990
667 30.844000 2661.669189 2811.487305
668 30.888000 2661.669189 2804.517822
669 30.937000 2661.669189 2804.181641
670 30.985000 2661.669189 2802.206055
671 31.029000 2661.669189 2799.649170
672 31.079000 2661.669189 2798.005859
673 31.125000 2661.669189 2796.831543
674 31.170000 2661.669189 2795.158691
675 31.218000 2661.669189 2799.574951
676 31.270000 2661.669189 2799.047852
677 31.318000 2661.669189 2798.213867
678 31.366000 2661.669189 2803.654053
679 31.411000 2661.669189 2802.899658
680 31.460000 2661.669189 2800.307861
681 31.510000 2661.669189 2798.917236
682 31.556000 2661.669189 2805.292725
683 31.598000 2661.669189 2799.993652
684 31.644000 2661.669189 2800.146973
685 31.695000 2661.669189 2797.204346
686 31.741000 2661.669189 2796.121582
687 31.787000 2661.669189 2795.982422
688 31.832000 2661.669189 2794.474609
689 31.874000 2661.669189 2792.920410
690 31.924000 2661.669189 2798.391602
691 31.976000 2661.669189 2803.797852
692 32.021000 2661.669189 2801.538086
693 32.067000 2661.669189 2812.398193
694 32.116000 2661.669189 2806.446777
695 32.164000 2661.669189 2806.549805
696 32.213000 2661.669189 2808.004883
697 32.256000 2661.669189 2803.848633
698 32.300000 2661.669189 2799.788086
699 32.344000 2661.669189 2797.086182
700 32.391000 2661.669189 2796.487305
701 32.432000 2661.669189 2801.670410
702 32.479000 2661.669189 2799.762451
703 32.523000 2661.669189 2797.936279
704 32.568000 2661.669189 2796.569580
705 32.616000 2661.669189 2797.042480
706 32.664000 2661.669189 2809.820068
707 32.708000 2661.669189 2800.152588
708 32.755000 2661.669189 2799.070313
709 32.801000 2661.669189 2796.468994
710 32.851000 2661.669189 2796.323730
711 32.899000 2661.669189 2794.362549
712 32.941000 2661.669189 2792.782227
713 32.986000 2661.669189 2791.701660
714 33.029000 2661.669189 2796.277588
715 33.075000 2661.669189 2795.334717
716 33.122000 2661.669189 2797.962891
717 33.167000 2661.669189 2796.851807
718 33.210000 2661.669189 2795.941895
719 33.260000 2661.669189 2795.119141
720 33.306000 2661.669189 2795.749268
721 33.353000 2661.669189 2797.693359
722 33.395000 2661.669189 2797.307861
723 33.439000 2661.669189 2796.141357
724 33.484000 2661.669189 2799.511963
725 33.526000 2661.669189 2802.561768
726 33.572000 2661.669189 2799.492920
727 33.618000 2661.669189 2805.729492
728 33.663000 2661.669189 2802.397217
729 33.707000 2661.669189 2801.413086
730 33.758000 2661.669189 2800.067871
731 33.802000 2661.669189 2808.293945
732 33.848000 2661.669189 2806.557861
733 33.898000 2661.669189 2801.701904
734 33.941000 2661.669189 2797.688477
735 33.988000 2661.669189 2807.777588
736 34.029000 2661.669189 2804.374268
737 34.075000 2661.669189 2803.191162
738 34.122000 2661.669189 2810.087158
739 34.161000 2661.669189 2809.641602
740 34.207000 2661.669189 2804.476563
741 34.254000 2661.669189 2805.604492
742 34.296000 2661.669189 2802.457520
743 34.342000 2661.669189 2799.762207
744 34.392000 2661.669189 2796.320557
745 34.436000 2661.669189 2798.089111
746 34.484000 2661.669189 2799.215820
747 34.525000 2661.669189 2798.791016
748 34.574000 2661.669189 2796.440674
749 34.619000 2661.669189 2793.628174
750 34.663000 2661.669189 2792.039795
751 34.706000 2661.669189 2798.129883
752 34.754000 2661.669189 2800.009766
753 34.798000 2661.669189 2799.446045
754 34.850000 2661.669189 2796.688232
755 34.897000 2661.669189 2793.346924
756 34.942000 2661.669189 2792.771973
757 34.985000 2661.669189 2791.362305
758 35.033000 2661.669189 2799.124756
759 35.080000 2661.669189 2793.813477
760 35.124000 2661.669189 2796.553467
761 35.171000 2661.669189 2805.570068
762 35.217000 2661.669189 2801.101563
763 35.263000 2661.669189 2801.703857
764 35.309000 2661.669189 2795.542236
765 35.355000 2661.669189 2795.495117
766 35.404000 2661.669189 2792.818115
767 35.448000 2661.669189 2794.365967
768 35.497000 2661.669189 2802.600342
769 35.540000 2661.669189 2798.799316
770 35.589000 2661.669189 2793.142090
771 35.638000 2661.669189 2808.514404
772 35.684000 2661.669189 2809.073486
773 35.730000 2661.669189 2801.667236
774 35.773000 2661.669189 2800.044678
775 35.819000 2661.669189 2812.389893
776 35.861000 2661.669189 2814.231201
777 35.906000 2661.669189 2811.299805
778 35.951000 2661.669189 2809.009033
779 35.993000 2661.669189 2806.729492
780 36.037000 2661.669189 2800.941162
781 36.090000 2661.669189 2797.774414
782 36.132000 2661.669189 2807.748535
783 36.176000 2661.669189 2804.135254
784 36.221000 2661.669189 2803.978760
785 36.264000 2661.669189 2803.064941
786 36.312000 2661.669189 2799.051270
787 36.357000 2661.669189 2798.022217
788 36.401000 2661.669189 2797.956055
789 36.440000 2661.669189 2797.108398
790 36.482000 2661.669189 2791.983398
791 36.528000 2661.669189 2790.430420
792 36.575000 2661.669189 2789.194580
793 36.616000 2661.669189 2793.568115
794 36.663000 2661.669189 2791.876465
795 36.706000 2661.669189 2788.293457
796 36.748000 2661.669189 2785.355225
797 36.793000 2661.669189 2784.388672
798 36.834000 2661.669189 2783.842529
799 36.878000 2661.669189 2784.881348
800 36.918000 2661.669189 2785.486816
801 36.969000 2661.669189 2788.780273
802 37.016000 2661.669189 2783.426025
803 37.060000 2661.669189 2781.334961
804 37.105000 2661.669189 2780.979736
805 37.149000 2661.669189 2783.076660
806 37.197000 2661.669189 2783.055908
807 37.244000 2661.669189 2786.526367
808 37.292000 2661.669189 2789.174805
809 37.338000 2661.669189 2792.897461
810 37.388000 2661.669189 2793.119629
811 37.436000 2661.669189 2795.678955
812 37.481000 2661.669189 2798.765381
813 37.526000 2661.669189 2794.485596
814 37.567000 2661.669189 2792.846191
815 37.615000 2661.669189 2789.869141
816 37.662000 2661.669189 2789.345703
817 37.704000 2661.669189 2787.195313
818 37.749000 2661.669189 2785.547607
819 37.798000 2661.669189 2783.852783
820 37.840000 2661.669189 2783.187500
821 37.887000 2661.669189 2781.561279
822 37.952000 2661.669189 2779.688232
823 38.008000 2661.669189 2778.693115
824 38.056000 2661.669189 2778.146973
825 38.103000 2661.669189 2781.627441
826 38.151000 2661.669189 2776.693115
827 38.197000 2661.669189 2779.208984
828 38.245000 2661.669189 2784.493408
829 38.289000 2661.669189 2781.443115
830 38.338000 2661.669189 2795.567139
831 38.387000 2661.669189 2797.095703
832 38.432000 2661.669189 2805.373047
833 38.483000 2661.669189 2800.811279
834 38.529000 2661.669189 2798.623779
835 38.573000 2661.669189 2788.002441
836 38.620000 2661.669189 2791.060059
837 38.664000 2661.669189 2788.236572
838 38.714000 2661.669189 2787.060303
839 38.759000 2661.669189 2786.992188
840 38.801000 2661.669189 2784.793457
841 38.846000 2661.669189 2781.788086
842 38.892000 2661.669189 2786.980225
843 38.936000 2661.669189 2785.042725
844 38.985000 2661.669189 2783.715820
845 39.031000 2661.669189 2787.583496
846 39.078000 2661.669189 2781.975586
847 39.122000 2661.669189 2780.822754
848 39.166000 2661.669189 2784.697266
849 39.210000 2661.669189 2785.071045
850 39.261000 2661.669189 2788.373779
851 39.306000 2661.669189 2789.864014
852 39.344000 2661.669189 2785.933350
853 39.389000 2661.669189 2784.018066
854 39.432000 2661.669189 2780.697510
855 39.480000 2661.669189 2775.636963
856 39.530000 2661.669189 2774.048828
857 39.570000 2661.669189 2773.001953
858 39.617000 2661.669189 2772.716797
859 39.658000 2661.669189 2772.864014
860 39.700000 2661.669189 2772.229980
861 39.748000 2661.669189 2771.865723
862 39.793000 2661.669189 2770.632080
863 39.836000 2661.669189 2779.067139
864 39.884000 2661.669189 2775.670898
865 39.934000 2661.669189 2781.726318
866 39.976000 2661.669189 2786.099121
867 40.026000 2661.669189 2794.353027
868 40.074000 2661.669189 2795.886475
869 40.119000 2661.669189 2803.191162
870 40.160000 2661.669189 2797.395508
871 40.214000 2661.669189 2795.455078
872 40.255000 2661.669189 2790.384033
873 40.310000 2661.669189 2786.724121
874 40.357000 2661.669189 2790.935547
875 40.397000 2661.669189 2800.892578
876 40.446000 2661.669189 2803.567139
877 40.493000 2661.669189 2803.635742
878 40.539000 2661.669189 2800.843994
879 40.594000 2661.669189 2796.419678
880 40.642000 2661.669189 2796.988037
881 40.686000 2661.669189 2794.798340
882 40.734000 2661.669189 2791.321045
883 40.782000 2661.669189 2791.103027
884 40.826000 2661.669189 2790.975342
885 40.869000 2661.669189 2790.785645
886 40.916000 2661.669189 2788.670410
887 40.966000 2661.669189 2800.817383
888 41.016000 2661.669189 2798.037109
889 41.065000 2661.669189 2792.305908
890 41.117000 2661.669189 2789.481445
891 41.164000 2661.669189 2789.871826
892 41.211000 2661.669189 2791.407227
893 41.262000 2661.669189 2787.090088
894 41.311000 2661.669189 2784.216797
895 41.354000 2661.669189 2782.180420
896 41.402000 2661.669189 2779.820313
897 41.452000 2661.669189 2776.352539
898 41.496000 2661.669189 2776.517578
