0 0.000000 45876.496094 47352.980469
1 0.175000 43921.238281 47352.980469
2 0.369000 43513.804688 46210.101563
3 0.571000 42653.441406 45560.464844
4 0.766000 41969.023438 44957.683594
5 0.962000 41860.265625 44585.691406
6 1.137000 41760.382813 44269.074219
7 1.316000 41496.718750 44007.746094
8 1.492000 41363.574219 43692.996094
9 1.666000 41275.750000 43428.664063
10 1.856000 41040.855469 43235.105469
11 2.035000 40910.378906 42997.550781
12 2.223000 40654.835938 42789.871094
13 2.426000 40649.968750 42601.394531
14 2.589000 40547.593750 42459.031250
15 2.773000 40547.593750 42317.804688
16 2.970000 40377.898438 42155.226563
17 3.158000 40246.203125 42048.175781
18 3.387000 40205.054688 41931.289063
19 3.621000 40065.195313 41819.171875
20 3.859000 40060.339844 41684.804688
21 4.147000 40038.000000 41570.132813
22 4.369000 39954.070313 41495.914063
23 4.548000 39954.070313 41366.816406
24 4.735000 39948.707031 41278.136719
25 4.923000 39842.355469 41215.980469
26 5.115000 39842.355469 41121.628906
27 5.292000 39832.734375 41047.496094
28 5.481000 39832.734375 40978.003906
29 5.646000 39796.082031 40918.488281
30 5.822000 39730.785156 40947.156250
31 5.983000 39684.011719 40891.703125
32 6.177000 39684.011719 40769.664063
33 6.346000 39627.972656 40691.816406
34 6.535000 39594.648438 40645.035156
35 6.706000 39570.476563 40577.953125
36 6.864000 39511.621094 40528.269531
37 7.032000 39511.621094 40479.718750
38 7.226000 39484.253906 40521.406250
39 7.401000 39473.546875 40464.648438
40 7.569000 39357.601563 40412.746094
41 7.734000 39357.601563 40379.949219
42 7.933000 39357.601563 40320.574219
43 8.111000 39357.601563 40279.671875
44 8.291000 39357.601563 40254.144531
45 8.464000 39327.902344 40231.816406
46 8.648000 39327.902344 40214.031250
47 8.806000 39256.320313 40209.261719
48 8.998000 39256.320313 40199.308594
49 9.172000 39256.320313 40178.839844
50 9.329000 39256.320313 40158.886719
51 9.520000 39160.777344 40203.671875
52 9.709000 39160.777344 40128.312500
53 9.875000 39160.777344 40194.238281
54 10.055000 39160.777344 40147.085938
55 10.235000 39035.652344 40135.781250
56 10.405000 39035.652344 40119.640625
57 10.583000 39035.652344 40123.503906
58 10.759000 39035.652344 40093.628906
59 10.933000 39035.652344 40088.300781
60 11.110000 39035.652344 40115.218750
61 11.288000 39035.652344 40105.898438
62 11.481000 39035.652344 40079.203125
63 11.642000 38991.675781 40095.050781
64 11.825000 38991.675781 40076.468750
65 11.990000 38970.402344 40072.921875
66 12.160000 38942.968750 40064.363281
67 12.330000 38942.968750 40119.148438
68 12.527000 38942.968750 40079.804688
69 12.717000 38942.968750 40051.656250
70 12.892000 38942.968750 40031.394531
71 13.074000 38942.968750 39991.531250
72 13.249000 38942.968750 39975.093750
73 13.439000 38942.968750 39972.386719
74 13.603000 38942.968750 39962.035156
75 13.766000 38942.968750 39960.921875
76 13.930000 38942.968750 39973.738281
77 14.133000 38942.968750 39951.585938
78 14.327000 38942.968750 39944.988281
79 14.514000 38942.968750 39941.035156
80 14.675000 38942.968750 39935.375000
81 14.849000 38942.968750 39959.835938
82 15.045000 38942.968750 39957.046875
83 15.219000 38942.968750 39993.628906
84 15.403000 38942.968750 39988.796875
85 15.599000 38942.968750 39979.695313
86 15.782000 38942.968750 39963.058594
87 15.963000 38942.968750 39949.246094
88 16.131000 38942.968750 39936.187500
89 16.297000 38942.968750 39930.066406
90 16.496000 38942.968750 39925.082031
91 16.669000 38942.968750 39918.722656
92 16.846000 38942.968750 39911.578125
93 17.021000 38942.968750 39909.695313
94 17.204000 38942.968750 39941.804688
95 17.386000 38942.968750 39938.843750
96 17.569000 38942.968750 39936.050781
97 17.746000 38942.968750 39928.289063
98 17.927000 38942.968750 39923.308594
99 18.119000 38942.968750 39922.210938
100 18.283000 38942.968750 39915.585938
101 18.466000 38942.968750 39913.476563
102 18.651000 38942.968750 39912.214844
103 18.822000 38942.968750 39909.125000
104 18.998000 38942.968750 39907.695313
105 19.156000 38942.968750 39905.648438
106 19.342000 38942.968750 39896.679688
107 19.523000 38942.968750 39896.593750
108 19.688000 38942.968750 39955.613281
109 19.877000 38942.968750 39951.781250
110 20.031000 38942.968750 39963.609375
111 20.208000 38942.968750 39925.523438
112 20.379000 38942.968750 39922.550781
113 20.548000 38942.968750 39932.359375
114 20.718000 38942.968750 39924.859375
115 20.881000 38942.968750 39920.417969
116 21.055000 38942.968750 39908.136719
117 21.266000 38942.968750 39996.773438
118 21.437000 38942.968750 40062.449219
119 21.618000 38942.968750 40142.710938
120 21.804000 38942.968750 40123.546875
121 21.989000 38938.976563 40103.105469
122 22.161000 38938.976563 40071.625000
123 22.340000 38938.976563 40029.843750
124 22.499000 38938.976563 40027.343750
125 22.674000 38938.976563 40172.914063
126 22.887000 38938.976563 40203.757813
127 23.083000 38938.976563 40166.769531
128 23.260000 38938.976563 40198.531250
129 23.432000 38938.976563 40179.367188
130 23.610000 38938.976563 40162.363281
131 23.848000 38938.976563 40119.164063
132 24.038000 38938.976563 40137.730469
133 24.219000 38938.976563 40127.078125
134 24.394000 38938.976563 40153.191406
135 24.570000 38938.976563 40144.183594
136 24.747000 38938.976563 40132.585938
137 24.924000 38938.976563 40127.777344
138 25.104000 38938.976563 40094.882813
139 25.293000 38938.976563 40119.769531
140 25.476000 38938.976563 40112.460938
141 25.646000 38938.976563 40092.343750
142 25.834000 38938.976563 40086.253906
143 26.026000 38938.976563 40099.097656
144 26.271000 38938.976563 40093.886719
145 26.451000 38938.976563 40077.421875
146 26.615000 38938.976563 40109.074219
147 26.805000 38938.976563 40101.238281
148 26.993000 38938.976563 40082.343750
149 27.177000 38938.976563 40066.546875
150 27.351000 38938.976563 40058.789063
151 27.527000 38938.976563 40049.242188
152 27.753000 38938.976563 40054.316406
153 27.944000 38938.976563 40042.632813
154 28.131000 38938.976563 40041.386719
155 28.347000 38938.976563 40035.640625
156 28.521000 38938.976563 40056.261719
157 28.699000 38938.976563 40018.789063
158 28.870000 38938.976563 39997.734375
159 29.050000 38938.976563 40076.015625
160 29.253000 38938.976563 40063.125000
161 29.418000 38938.976563 40037.890625
162 29.613000 38938.976563 40058.378906
163 29.808000 38938.976563 40051.148438
164 29.978000 38938.976563 40049.273438
165 30.153000 38938.976563 40046.347656
166 30.340000 38938.976563 40014.164063
167 30.513000 38938.976563 40002.445313
168 30.680000 38938.976563 39990.953125
169 30.849000 38938.976563 39988.449219
170 31.040000 38938.976563 39982.796875
171 31.221000 38938.976563 39979.324219
172 31.397000 38938.976563 39976.691406
173 31.600000 38938.976563 40032.738281
174 31.800000 38938.976563 40066.261719
175 31.985000 38938.976563 40032.425781
176 32.273000 38938.976563 40021.628906
177 32.489000 38938.976563 39991.531250
178 32.707000 38938.976563 39986.371094
179 32.944000 38938.976563 39978.078125
180 33.149000 38938.976563 39968.761719
181 33.341000 38938.976563 39953.308594
182 33.555000 38938.976563 39950.246094
183 33.813000 38938.976563 39940.699219
184 34.036000 38938.976563 40071.085938
185 34.246000 38938.976563 40042.621094
186 34.491000 38938.976563 40024.039063
187 34.729000 38938.976563 40009.582031
188 34.956000 38938.976563 40006.261719
189 35.155000 38938.976563 39994.421875
190 35.349000 38938.976563 39990.910156
191 35.522000 38938.976563 39969.718750
192 35.722000 38938.976563 39961.328125
193 35.915000 38938.976563 39973.488281
194 36.083000 38938.976563 39968.562500
195 36.272000 38938.976563 39955.242188
196 36.465000 38938.976563 39947.847656
197 36.648000 38938.976563 39999.613281
198 36.854000 38938.976563 39976.238281
199 37.076000 38938.976563 39973.128906
200 37.267000 38938.976563 39968.863281
201 37.588000 38938.976563 39983.101563
202 37.797000 38938.976563 39973.320313
203 38.008000 38938.976563 39994.671875
204 38.193000 38938.976563 39988.683594
205 38.382000 38938.976563 40075.542969
206 38.555000 38938.976563 40057.324219
207 38.742000 38938.976563 40161.953125
208 38.953000 38938.976563 40096.531250
209 39.123000 38938.976563 40106.058594
210 39.291000 38938.976563 40098.765625
211 39.459000 38938.976563 40092.585938
212 39.657000 38938.976563 40114.285156
213 39.842000 38938.976563 40096.980469
214 40.036000 38938.976563 40078.609375
215 40.214000 38938.976563 40147.257813
216 40.400000 38938.976563 40157.007813
217 40.625000 38938.976563 40152.539063
218 40.796000 38938.976563 40120.089844
219 40.964000 38938.976563 40109.941406
220 41.157000 38938.976563 40067.078125
221 41.347000 38938.976563 40059.945313
222 41.519000 38938.976563 40086.523438
223 41.700000 38938.976563 40083.027344
224 41.878000 38938.976563 40130.015625
225 42.064000 38938.976563 40095.550781
226 42.244000 38938.976563 40086.496094
227 42.430000 38938.976563 40124.558594
228 42.602000 38938.976563 40109.289063
229 42.789000 38938.976563 40198.058594
230 42.966000 38938.976563 40141.425781
231 43.145000 38938.976563 40100.718750
232 43.318000 38938.976563 40085.683594
233 43.480000 38938.976563 40119.886719
234 43.668000 38938.976563 40112.773438
235 43.861000 38938.976563 40081.296875
236 44.047000 38938.976563 40078.136719
237 44.238000 38938.976563 40073.835938
238 44.482000 38938.976563 40067.089844
239 44.670000 38938.976563 40081.335938
240 44.868000 38938.976563 40068.023438
241 45.043000 38938.976563 40063.058594
242 45.237000 38938.976563 40110.039063
243 45.418000 38938.976563 40099.855469
244 45.619000 38938.976563 40184.007813
245 45.804000 38938.976563 40199.652344
246 46.097000 38938.976563 40180.539063
247 46.288000 38938.976563 40217.882813
248 46.456000 38938.976563 40173.691406
249 46.650000 38938.976563 40164.027344
250 46.827000 38938.976563 40148.050781
251 47.002000 38938.976563 40124.121094
252 47.208000 38938.976563 40190.050781
253 47.376000 38938.976563 40139.343750
254 47.550000 38938.976563 40116.578125
255 47.729000 38938.976563 40100.179688
256 47.920000 38938.976563 40157.265625
257 48.086000 38938.976563 40120.503906
258 48.278000 38938.976563 40110.648438
259 48.476000 38938.976563 40099.042969
260 48.668000 38938.976563 40085.328125
261 48.840000 38938.976563 40062.203125
262 48.997000 38938.976563 40038.765625
263 49.172000 38938.976563 40027.109375
264 49.349000 38938.976563 40021.703125
265 49.539000 38938.976563 40010.398438
266 49.701000 38938.976563 39983.511719
267 49.884000 38938.976563 39963.691406
268 50.046000 38938.976563 39960.933594
269 50.214000 38938.976563 39950.363281
270 50.394000 38938.976563 40020.000000
271 50.571000 38938.976563 39987.402344
272 50.723000 38938.976563 39983.113281
273 50.901000 38938.976563 40089.281250
274 51.076000 38938.976563 40020.121094
275 51.254000 38938.976563 40020.121094
276 51.435000 38938.976563 40089.632813
277 51.634000 38938.976563 40036.218750
278 51.820000 38938.976563 40050.273438
279 51.991000 38938.976563 40040.011719
280 52.173000 38938.976563 40032.878906
281 52.350000 38938.976563 40006.292969
282 52.512000 38938.976563 39995.828125
283 52.683000 38938.976563 39975.820313
284 52.854000 38938.976563 39969.511719
285 53.036000 38938.976563 39965.726563
286 53.205000 38938.976563 39962.218750
287 53.378000 38938.976563 39954.089844
288 53.544000 38938.976563 39943.515625
289 53.697000 38938.976563 40039.054688
290 53.870000 38938.976563 40029.414063
291 54.071000 38938.976563 39990.406250
292 54.319000 38938.976563 39967.304688
293 54.541000 38938.976563 39959.953125
294 54.706000 38938.976563 40002.093750
295 54.895000 38938.976563 39981.316406
296 55.072000 38938.976563 40014.539063
297 55.335000 38938.976563 39979.296875
298 55.502000 38938.976563 39995.363281
299 55.663000 38938.976563 39987.378906
300 55.841000 38938.976563 39979.453125
301 56.011000 38938.976563 39973.691406
302 56.184000 38938.976563 40017.921875
303 56.368000 38938.976563 40010.238281
304 56.536000 38938.976563 39976.863281
305 56.713000 38938.976563 40020.312500
306 56.873000 38938.976563 40008.554688
307 57.056000 38938.976563 39980.558594
308 57.248000 38938.976563 39972.972656
309 57.413000 38938.976563 39950.671875
310 57.581000 38938.976563 39940.847656
311 57.797000 38938.976563 39937.558594
312 57.993000 38938.976563 39926.910156
313 58.197000 38938.976563 39952.625000
314 58.385000 38938.976563 39943.886719
315 58.624000 38938.976563 39953.820313
316 58.901000 38938.976563 39987.597656
317 59.173000 38938.976563 39961.746094
318 59.375000 38938.976563 39977.082031
319 59.606000 38938.976563 39952.535156
320 59.825000 38938.976563 39952.109375
321 60.026000 38938.976563 39959.335938
322 60.221000 38938.976563 39950.683594
323 60.421000 38938.976563 39967.007813
324 60.617000 38938.976563 39959.503906
325 60.912000 38938.976563 39944.378906
326 61.169000 38938.976563 39958.113281
327 61.403000 38938.976563 39964.468750
328 61.652000 38938.976563 39956.820313
329 61.889000 38938.976563 39948.585938
330 62.146000 38938.976563 39938.488281
331 62.397000 38938.976563 39928.843750
332 62.665000 38938.976563 39921.449219
333 62.932000 38938.976563 39918.476563
334 63.269000 38938.976563 39915.136719
335 63.585000 38938.976563 39906.226563
336 63.796000 38938.976563 39898.531250
337 63.990000 38938.976563 39935.652344
338 64.236000 38938.976563 39918.066406
339 64.409000 38938.976563 39942.218750
340 64.604000 38938.976563 39959.777344
341 64.795000 38938.976563 39952.390625
342 64.997000 38938.976563 39969.296875
343 65.182000 38938.976563 40009.300781
344 65.374000 38938.976563 39996.910156
345 65.603000 38938.976563 39983.175781
346 65.808000 38938.976563 39962.683594
347 66.033000 38938.976563 39948.332031
348 66.238000 38938.976563 39942.058594
349 66.435000 38938.976563 39917.605469
350 66.623000 38938.976563 39917.179688
351 66.821000 38938.976563 39902.886719
352 67.026000 38938.976563 39886.738281
353 67.230000 38938.976563 39876.683594
354 67.432000 38938.976563 39875.296875
355 67.633000 38938.976563 39872.894531
356 67.827000 38938.976563 39913.292969
357 67.999000 38938.976563 39883.058594
358 68.180000 38938.976563 39880.023438
359 68.378000 38938.976563 39872.859375
360 68.615000 38938.976563 39925.613281
361 68.826000 38938.976563 39890.960938
362 69.024000 38938.976563 39958.343750
363 69.229000 38938.976563 39933.769531
364 69.408000 38938.976563 39932.246094
365 69.620000 38938.976563 39904.734375
366 69.816000 38938.976563 39887.089844
367 69.996000 38938.976563 39937.828125
368 70.192000 38938.976563 39954.308594
369 70.374000 38938.976563 39952.515625
370 70.543000 38938.976563 40084.601563
371 70.762000 38938.976563 40050.796875
372 70.986000 38938.976563 40037.746094
373 71.194000 38938.976563 40025.023438
374 71.417000 38938.976563 40015.988281
375 71.610000 38938.976563 39996.468750
376 71.808000 38938.976563 39981.246094
377 72.015000 38938.976563 39964.636719
378 72.202000 38938.976563 39963.710938
379 72.379000 38938.976563 39999.234375
380 72.598000 38938.976563 39984.898438
381 72.791000 38938.976563 39966.644531
382 73.005000 38938.976563 39938.335938
383 73.191000 38938.976563 39935.027344
384 73.389000 38938.976563 39949.718750
385 73.601000 38938.976563 39936.542969
386 73.788000 38938.976563 39931.078125
387 73.974000 38938.976563 40001.488281
388 74.145000 38938.976563 39994.253906
389 74.334000 38938.976563 40002.886719
390 74.535000 38938.976563 40001.257813
391 74.731000 38938.976563 39990.648438
392 74.933000 38938.976563 39987.777344
393 75.130000 38938.976563 39983.816406
394 75.313000 38938.976563 39978.875000
395 75.515000 38938.976563 39977.683594
396 75.711000 38938.976563 39969.988281
397 75.903000 38938.976563 39954.234375
398 76.153000 38938.976563 39985.906250
399 76.341000 38938.976563 40062.613281
400 76.540000 38938.976563 40050.855469
401 76.725000 38938.976563 40030.121094
402 76.937000 38938.976563 40016.445313
403 77.120000 38938.976563 39975.683594
404 77.319000 38938.976563 39963.046875
405 77.560000 38938.976563 39953.554688
406 77.757000 38938.976563 39947.632813
407 77.958000 38938.976563 39938.011719
408 78.127000 38938.976563 39933.488281
409 78.320000 38938.976563 39931.703125
410 78.518000 38938.976563 39927.796875
411 78.720000 38938.210938 39918.648438
412 78.932000 38938.210938 39968.183594
413 79.121000 38938.210938 39938.980469
414 79.307000 38938.210938 39920.824219
415 79.496000 38931.191406 39911.203125
416 79.684000 38931.191406 39982.351563
417 79.883000 38931.191406 39947.601563
418 80.067000 38931.191406 39935.511719
419 80.273000 38931.191406 39929.324219
420 80.475000 38931.191406 40002.375000
421 80.668000 38931.191406 39995.140625
422 80.858000 38931.191406 39982.671875
423 81.061000 38931.191406 39972.648438
424 81.270000 38931.191406 39964.113281
425 81.467000 38931.191406 39941.750000
426 81.651000 38931.191406 39941.753906
427 81.854000 38931.191406 39933.007813
428 82.032000 38931.191406 39981.664063
429 82.216000 38931.191406 39949.175781
430 82.424000 38931.191406 39993.156250
431 82.621000 38931.191406 40071.421875
432 82.812000 38931.191406 40001.171875
433 83.004000 38931.191406 40005.792969
434 83.186000 38931.191406 40052.441406
435 83.410000 38931.191406 40027.863281
436 83.645000 38931.191406 40003.359375
437 83.883000 38931.191406 39988.996094
438 84.114000 38931.191406 40032.289063
439 84.369000 38931.191406 40019.367188
440 84.563000 38931.191406 40039.929688
441 84.763000 38931.191406 40022.320313
442 84.952000 38931.191406 40017.511719
443 85.160000 38931.191406 40006.246094
444 85.328000 38931.191406 39997.976563
445 85.528000 38931.191406 39992.640625
446 85.727000 38931.191406 39976.199219
447 85.936000 38931.191406 39967.941406
448 86.130000 38931.191406 40022.964844
449 86.317000 38931.191406 39972.273438
450 86.496000 38931.191406 40022.632813
451 86.690000 38931.191406 39949.675781
452 86.886000 38931.191406 39993.812500
453 87.102000 38931.191406 39986.621094
454 87.307000 38931.191406 39998.574219
455 87.519000 38931.191406 39995.453125
456 87.732000 38931.191406 39975.328125
457 87.945000 38931.191406 39968.531250
458 88.134000 38931.191406 39963.199219
459 88.326000 38931.191406 39945.457031
460 88.531000 38931.191406 39938.906250
461 88.728000 38931.191406 40034.148438
462 88.918000 38931.191406 39991.679688
463 89.107000 38931.191406 39974.378906
464 89.315000 38931.191406 39988.121094
465 89.494000 38931.191406 40083.796875
466 89.679000 38931.191406 40121.945313
467 89.859000 38931.191406 40035.953125
468 90.070000 38931.191406 40016.980469
469 90.276000 38931.191406 40004.886719
470 90.426000 38931.191406 39992.816406
471 90.630000 38931.191406 39992.128906
472 90.906000 38931.191406 39988.738281
473 91.115000 38931.191406 39996.734375
474 91.341000 38931.191406 39981.136719
475 91.553000 38931.191406 40011.898438
476 91.758000 38931.191406 40006.148438
477 91.952000 38931.191406 40026.261719
478 92.145000 38931.191406 40030.230469
479 92.372000 38931.191406 40013.964844
480 92.554000 38931.191406 39995.816406
481 92.742000 38931.191406 39972.421875
482 92.924000 38931.191406 39965.328125
483 93.118000 38931.191406 40003.855469
484 93.329000 38931.191406 39982.894531
485 93.503000 38931.191406 39966.960938
486 93.708000 38931.191406 39961.703125
487 93.878000 38931.191406 39959.042969
488 94.074000 38931.191406 39946.566406
489 94.272000 38931.191406 39942.425781
490 94.467000 38931.191406 39995.476563
491 94.638000 38931.191406 40019.960938
492 94.839000 38931.191406 39995.355469
493 95.021000 38931.191406 39989.621094
494 95.213000 38931.191406 39984.609375
495 95.406000 38931.191406 39981.816406
496 95.622000 38931.191406 39980.636719
497 95.828000 38931.191406 40073.296875
498 96.039000 38931.191406 40106.656250
499 96.221000 38931.191406 40091.281250
500 96.435000 38931.191406 40083.210938
501 96.625000 38931.191406 40080.734375
502 96.833000 38931.191406 40066.699219
503 97.044000 38931.191406 40039.984375
504 97.253000 38931.191406 40008.593750
505 97.443000 38931.191406 40074.019531
506 97.641000 38931.191406 40093.050781
507 97.825000 38931.191406 40034.953125
508 98.023000 38931.191406 40010.726563
509 98.192000 38931.191406 40036.378906
510 98.379000 38931.191406 40106.367188
511 98.574000 38931.191406 40152.375000
512 98.767000 38931.191406 40113.011719
513 98.938000 38931.191406 40200.550781
514 99.130000 38931.191406 40221.792969
515 99.314000 38931.191406 40203.562500
516 99.506000 38931.191406 40184.480469
517 99.699000 38931.191406 40161.699219
518 99.876000 38931.191406 40135.058594
519 100.064000 38931.191406 40191.125000
520 100.266000 38931.191406 40167.300781
521 100.462000 38931.191406 40146.796875
522 100.668000 38931.191406 40153.414063
523 100.848000 38931.191406 40153.011719
524 101.039000 38931.191406 40117.585938
525 101.230000 38931.191406 40111.390625
526 101.410000 38931.191406 40099.281250
527 101.604000 38931.191406 40084.734375
528 101.794000 38931.191406 40070.566406
529 101.990000 38931.191406 40063.183594
530 102.181000 38931.191406 40112.320313
531 102.380000 38931.191406 40221.628906
532 102.580000 38931.191406 40193.828125
533 102.778000 38931.191406 40159.187500
534 102.988000 38931.191406 40195.082031
535 103.182000 38931.191406 40202.964844
536 103.384000 38931.191406 40163.226563
537 103.596000 38931.191406 40144.140625
538 103.788000 38931.191406 40082.128906
539 103.981000 38931.191406 40053.253906
540 104.203000 38931.191406 40070.062500
541 104.387000 38931.191406 40065.960938
542 104.579000 38931.191406 40046.457031
543 104.793000 38931.191406 40044.121094
544 104.980000 38931.191406 40030.785156
545 105.179000 38931.191406 40026.449219
546 105.374000 38931.191406 40014.753906
547 105.569000 38931.191406 40012.652344
548 105.782000 38931.191406 40001.886719
549 105.978000 38931.191406 39994.269531
550 106.177000 38931.191406 40046.546875
551 106.392000 38931.191406 40045.109375
552 106.583000 38931.191406 40014.921875
553 106.775000 38931.191406 40121.906250
554 106.999000 38931.191406 40095.933594
555 107.186000 38931.191406 40082.074219
556 107.384000 38931.191406 40067.371094
557 107.569000 38931.191406 40052.003906
558 107.763000 38931.191406 40039.445313
559 107.961000 38931.191406 40034.648438
560 108.175000 38931.191406 40015.156250
561 108.398000 38931.191406 39996.546875
562 108.595000 38931.191406 39981.265625
563 108.798000 38931.191406 39973.656250
564 109.005000 38931.191406 39968.703125
565 109.223000 38931.191406 39963.746094
566 109.400000 38931.191406 39951.343750
567 109.599000 38931.191406 39966.417969
568 109.827000 38931.191406 39963.640625
569 110.016000 38931.191406 39954.078125
570 110.220000 38931.191406 39947.855469
571 110.399000 38931.191406 39939.757813
572 110.578000 38931.191406 39964.109375
573 110.772000 38931.191406 39943.484375
574 110.940000 38931.191406 39939.503906
575 111.138000 38931.191406 39935.949219
576 111.343000 38931.191406 39931.164063
577 111.542000 38931.191406 39943.000000
578 111.728000 38931.191406 40012.753906
579 111.930000 38931.191406 39993.828125
580 112.137000 38931.191406 39981.816406
581 112.322000 38931.191406 39978.734375
582 112.505000 38931.191406 40042.984375
583 112.704000 38931.191406 40032.238281
584 112.892000 38931.191406 40010.468750
585 113.076000 38931.191406 39988.628906
586 113.257000 38931.191406 39983.984375
587 113.430000 38931.191406 39971.363281
588 113.622000 38931.191406 39964.847656
589 113.813000 38931.191406 39991.378906
590 113.986000 38931.191406 40027.390625
591 114.189000 38931.191406 40015.343750
592 114.362000 38931.191406 40011.296875
593 114.573000 38931.191406 40002.191406
594 114.788000 38931.191406 39981.109375
595 114.966000 38931.191406 39980.253906
596 115.172000 38931.191406 39975.765625
597 115.358000 38931.191406 39961.460938
598 115.529000 38931.191406 39959.726563
599 115.781000 38931.191406 39947.718750
600 115.970000 38931.191406 39936.660156
601 116.168000 38931.191406 39999.207031
602 116.359000 38931.191406 39953.285156
603 116.517000 38931.191406 39945.765625
604 116.694000 38931.191406 39936.835938
605 116.908000 38931.191406 39934.121094
606 117.109000 38931.191406 40055.699219
607 117.299000 38931.191406 40118.324219
608 117.509000 38931.191406 40082.515625
609 117.698000 38931.191406 40049.054688
610 117.912000 38931.191406 40031.242188
611 118.090000 38931.191406 40015.394531
612 118.273000 38931.191406 39994.101563
613 118.448000 38931.191406 40022.238281
614 118.627000 38931.191406 40028.960938
615 118.834000 38931.191406 40011.683594
616 119.018000 38931.191406 40004.187500
617 119.202000 38931.191406 40001.820313
618 119.395000 38931.191406 39984.238281
619 119.568000 38931.191406 39964.695313
620 119.771000 38931.191406 39962.226563
621 119.980000 38931.191406 39961.351563
622 120.191000 38931.191406 39959.632813
623 120.380000 38931.191406 39976.507813
624 120.578000 38931.191406 39966.300781
625 120.759000 38931.191406 39948.335938
626 120.939000 38931.191406 39944.660156
627 121.184000 38931.191406 40024.585938
628 121.386000 38931.191406 39960.011719
629 121.586000 38931.191406 39957.691406
630 121.759000 38931.191406 39938.382813
631 121.960000 38931.191406 39936.187500
632 122.152000 38931.191406 39932.011719
633 122.317000 38931.191406 39927.066406
634 122.507000 38931.191406 39922.140625
635 122.692000 38931.191406 39913.062500
636 122.880000 38931.191406 39912.691406
637 123.061000 38931.191406 39911.753906
638 123.242000 38931.191406 39930.539063
639 123.435000 38931.191406 39928.074219
640 123.645000 38931.191406 39970.578125
641 123.817000 38931.191406 40011.316406
642 124.020000 38931.191406 40002.351563
643 124.200000 38931.191406 39988.398438
644 124.403000 38931.191406 39987.671875
645 124.590000 38931.191406 39959.675781
646 124.762000 38931.191406 39953.351563
647 124.962000 38931.191406 40022.722656
648 125.160000 38931.191406 39972.558594
649 125.368000 38931.191406 40062.351563
650 125.569000 38931.191406 40016.402344
651 125.758000 38931.191406 39976.644531
652 125.974000 38931.191406 39968.125000
653 126.155000 38931.191406 40017.703125
654 126.366000 38931.191406 39985.343750
655 126.565000 38931.191406 39971.664063
656 126.761000 38931.191406 39966.792969
657 126.969000 38931.191406 39951.277344
658 127.171000 38931.191406 39983.769531
659 127.365000 38931.191406 39964.453125
660 127.539000 38931.191406 39958.187500
661 127.739000 38931.191406 40004.699219
662 127.918000 38931.191406 40075.046875
663 128.119000 38931.191406 40119.621094
664 128.301000 38931.191406 40086.265625
665 128.504000 38931.191406 40071.585938
666 128.687000 38931.191406 40058.921875
667 128.888000 38931.191406 40094.425781
668 129.084000 38931.191406 40032.812500
669 129.278000 38931.191406 40020.015625
670 129.471000 38931.191406 40024.324219
671 129.652000 38931.191406 40038.328125
672 129.836000 38931.191406 40007.445313
673 130.044000 38931.191406 39973.812500
674 130.244000 38931.191406 39973.296875
675 130.435000 38931.191406 39971.726563
676 130.629000 38931.191406 39947.890625
677 130.820000 38931.191406 39978.511719
678 131.007000 38931.191406 39967.890625
679 131.208000 38931.191406 39961.781250
680 131.368000 38931.191406 39955.183594
681 131.564000 38931.191406 39947.945313
682 131.763000 38931.191406 39945.492188
683 131.949000 38931.191406 39965.718750
684 132.144000 38931.191406 39932.890625
685 132.377000 38931.191406 39931.742188
686 132.580000 38931.191406 39924.675781
687 132.762000 38931.191406 39914.105469
688 132.950000 38931.191406 39970.476563
689 133.159000 38931.191406 39968.085938
690 133.327000 38931.191406 39958.875000
691 133.528000 38931.191406 39926.796875
692 133.699000 38931.191406 39921.683594
693 133.860000 38931.191406 39911.613281
694 134.064000 38931.191406 39911.289063
695 134.255000 38931.191406 39908.933594
696 134.451000 38931.191406 39908.933594
697 134.639000 38931.191406 39897.542969
698 134.838000 38931.191406 39892.738281
699 135.019000 38931.191406 39882.066406
700 135.192000 38931.191406 39876.746094
701 135.377000 38931.191406 39899.128906
702 135.557000 38931.191406 39922.750000
703 135.753000 38931.191406 39922.226563
704 135.960000 38931.191406 40041.871094
705 136.190000 38931.191406 40011.726563
706 136.369000 38931.191406 40012.234375
707 136.575000 38931.191406 39953.632813
708 136.795000 38931.191406 39961.164063
709 137.002000 38931.191406 39954.640625
710 137.225000 38931.191406 39949.578125
711 137.453000 38931.191406 39931.519531
712 137.692000 38931.191406 39923.480469
713 137.920000 38931.191406 39920.761719
714 138.110000 38931.191406 39912.203125
715 138.294000 38931.191406 39909.304688
716 138.493000 38931.191406 39917.386719
717 138.663000 38931.191406 39911.457031
718 138.848000 38832.628906 40021.335938
719 139.014000 38832.628906 39961.031250
720 139.201000 38832.628906 39946.683594
721 139.392000 38832.628906 39927.632813
722 139.564000 38832.628906 39946.226563
723 139.743000 38832.628906 39909.382813
724 139.992000 38832.628906 39909.203125
725 140.200000 38832.628906 39903.828125
726 140.404000 38832.628906 39993.316406
727 140.609000 38832.628906 39981.003906
728 140.856000 38832.628906 39965.835938
729 141.089000 38832.628906 39955.558594
730 141.373000 38832.628906 39953.089844
731 141.566000 38832.628906 39952.320313
732 141.864000 38832.628906 40030.531250
733 142.072000 38832.628906 40022.886719
734 142.260000 38832.628906 39978.367188
735 142.464000 38832.628906 39966.398438
736 142.669000 38832.628906 39950.839844
737 142.870000 38832.628906 39937.523438
738 143.085000 38832.628906 39962.648438
739 143.310000 38832.628906 39953.640625
740 143.514000 38832.628906 39951.781250
741 143.753000 38832.628906 39917.656250
742 143.943000 38832.628906 39906.187500
743 144.143000 38832.628906 39958.203125
744 144.315000 38832.628906 39943.210938
745 144.508000 38832.628906 39940.734375
746 144.704000 38832.628906 39940.734375
747 144.897000 38832.628906 39929.835938
748 145.075000 38832.628906 39927.218750
749 145.280000 38832.628906 39906.320313
750 145.497000 38832.628906 39963.761719
751 145.713000 38832.628906 39958.179688
752 145.909000 38832.628906 39949.171875
753 146.115000 38832.628906 39919.816406
754 146.313000 38832.628906 39910.140625
755 146.513000 38832.628906 39908.886719
756 146.719000 38832.628906 39891.953125
757 146.928000 38832.628906 39891.675781
758 147.137000 38832.628906 40026.113281
759 147.311000 38832.628906 40011.632813
760 147.524000 38832.628906 39941.386719
761 147.721000 38832.628906 39931.988281
762 147.909000 38832.628906 39930.960938
763 148.088000 38832.628906 39955.546875
764 148.282000 38832.628906 39932.941406
765 148.454000 38832.628906 39927.191406
766 148.636000 38832.628906 40055.972656
767 148.800000 38832.628906 39987.226563
768 149.000000 38832.628906 40016.660156
769 149.199000 38832.628906 40056.460938
770 149.410000 38832.628906 40041.859375
771 149.604000 38832.628906 40016.632813
772 149.798000 38832.628906 39994.621094
773 150.008000 38832.628906 39987.085938
774 150.189000 38832.628906 39973.109375
775 150.368000 38832.628906 39960.968750
776 150.560000 38832.628906 39954.546875
777 150.730000 38832.628906 39968.054688
778 150.937000 38832.628906 39960.246094
779 151.143000 38832.628906 39982.992188
780 151.334000 38832.628906 39969.914063
781 151.503000 38832.628906 39959.039063
782 151.701000 38832.628906 39956.425781
783 151.934000 38832.628906 39956.425781
784 152.123000 38832.628906 39935.531250
785 152.323000 38832.628906 39931.925781
786 152.525000 38832.628906 39931.460938
787 152.739000 38832.628906 39921.105469
788 152.962000 38832.628906 39913.531250
789 153.148000 38832.628906 39910.906250
790 153.312000 38832.628906 39909.835938
791 153.508000 38832.628906 39907.425781
792 153.699000 38832.628906 39904.164063
793 153.891000 38832.628906 39898.234375
794 154.061000 38832.628906 39898.238281
795 154.249000 38832.628906 39893.675781
796 154.458000 38832.628906 39892.457031
797 154.646000 38832.628906 39892.195313
798 154.855000 38832.628906 39889.042969
799 155.059000 38832.628906 39888.925781
800 155.240000 38832.628906 39886.269531
801 155.420000 38832.628906 39886.269531
802 155.590000 38832.628906 40041.785156
803 155.775000 38832.628906 40037.367188
804 155.964000 38832.628906 40011.890625
805 156.145000 38832.628906 40010.949219
806 156.353000 38832.628906 39985.750000
807 156.536000 38832.628906 39929.324219
808 156.760000 38832.628906 39921.664063
809 156.956000 38832.628906 39916.226563
810 157.141000 38832.628906 39910.886719
811 157.326000 38832.628906 39970.312500
812 157.516000 38832.628906 39960.871094
813 157.698000 38832.628906 39988.328125
814 157.902000 38832.628906 40012.871094
815 158.076000 38832.628906 40036.343750
816 158.263000 38832.628906 39990.070313
817 158.458000 38832.628906 39985.488281
818 158.632000 38832.628906 39971.953125
819 158.837000 38832.628906 39956.871094
820 159.027000 38832.628906 39953.316406
821 159.208000 38832.628906 39985.601563
822 159.398000 38832.628906 39979.460938
823 159.589000 38832.628906 39974.125000
824 159.799000 38832.628906 39998.960938
825 160.003000 38832.628906 40015.421875
826 160.194000 38832.628906 40003.027344
827 160.375000 38832.628906 40000.398438
828 160.568000 38832.628906 39997.199219
829 160.764000 38832.628906 39986.972656
830 160.952000 38832.628906 39971.671875
831 161.125000 38832.628906 39954.816406
832 161.321000 38832.628906 39984.011719
833 161.520000 38832.628906 39976.761719
834 161.712000 38832.628906 39975.289063
835 161.898000 38832.628906 40069.171875
836 162.081000 38832.628906 40059.019531
837 162.258000 38832.628906 40040.101563
838 162.446000 38832.628906 40024.792969
839 162.627000 38832.628906 40025.011719
840 162.815000 38832.628906 40014.980469
841 163.012000 38832.628906 40044.660156
842 163.203000 38832.628906 40022.960938
843 163.385000 38832.628906 39990.773438
844 163.572000 38832.628906 39977.324219
845 163.760000 38832.628906 39955.589844
846 163.959000 38832.628906 39955.628906
847 164.143000 38832.628906 39976.660156
848 164.346000 38832.628906 39951.082031
849 164.538000 38832.628906 39986.539063
850 164.734000 38832.628906 40098.425781
851 164.926000 38832.628906 40108.726563
852 165.103000 38832.628906 40066.523438
853 165.330000 38832.628906 40051.167969
854 165.552000 38832.628906 40041.550781
855 165.728000 38832.628906 40038.175781
856 165.908000 38832.628906 40022.125000
857 166.092000 38832.628906 40016.406250
858 166.292000 38832.628906 40005.699219
859 166.482000 38832.628906 39984.480469
860 166.677000 38832.628906 39981.574219
861 166.893000 38832.628906 39977.296875
862 167.081000 38832.628906 39972.671875
863 167.272000 38832.628906 39968.746094
864 167.471000 38832.628906 39958.242188
865 167.658000 38832.628906 40000.191406
866 167.861000 38832.628906 40039.308594
867 168.074000 38832.628906 40027.656250
868 168.258000 38832.628906 40107.292969
869 168.441000 38832.628906 40043.851563
870 168.645000 38832.628906 40039.960938
871 168.826000 38832.628906 40027.152344
872 169.021000 38832.628906 40004.875000
873 169.210000 38832.628906 40139.855469
874 169.401000 38832.628906 40135.097656
875 169.617000 38832.628906 40122.765625
876 169.824000 38832.628906 40118.988281
877 170.010000 38832.628906 40099.960938
878 170.211000 38832.628906 40056.882813
879 170.382000 38832.628906 40065.058594
880 170.590000 38832.628906 40059.593750
881 170.790000 38832.628906 40043.949219
882 170.975000 38832.628906 40100.066406
883 171.165000 38832.628906 40135.523438
884 171.370000 38832.628906 40098.472656
885 171.565000 38832.628906 40060.031250
886 171.757000 38832.628906 40032.550781
887 171.943000 38832.628906 40020.578125
888 172.111000 38832.628906 40029.878906
889 172.325000 38832.628906 39982.656250
890 172.529000 38832.628906 39962.976563
891 172.709000 38832.628906 39940.910156
892 172.891000 38832.628906 39939.761719
893 173.084000 38832.628906 40013.074219
894 173.288000 38832.628906 40006.835938
895 173.491000 38832.628906 39950.863281
896 173.683000 38832.628906 39947.976563
897 173.872000 38832.628906 39947.324219
898 174.063000 38832.628906 39939.882813
899 174.272000 38832.628906 39934.980469
900 174.479000 38832.628906 39929.621094
901 174.667000 38832.628906 39927.156250
902 174.855000 38832.628906 39922.753906
903 175.065000 38832.628906 39903.238281
904 175.257000 38832.628906 39895.035156
905 175.464000 38832.628906 39947.285156
906 175.647000 38832.628906 39997.015625
907 175.819000 38832.628906 39962.679688
908 176.011000 38832.628906 39959.558594
909 176.236000 38832.628906 39940.523438
910 176.449000 38832.628906 39935.960938
911 176.658000 38832.628906 39980.621094
912 176.839000 38832.628906 39969.675781
913 177.022000 38832.628906 40048.183594
914 177.202000 38832.628906 39988.289063
915 177.396000 38832.628906 39970.566406
916 177.573000 38832.628906 39962.140625
917 177.753000 38832.628906 40000.824219
918 177.936000 38832.628906 39996.226563
919 178.112000 38832.628906 39986.234375
920 178.275000 38832.628906 39982.187500
921 178.466000 38832.628906 39977.683594
922 178.627000 38832.628906 39988.324219
923 178.831000 38832.628906 39974.226563
924 179.036000 38832.628906 39958.167969
925 179.242000 38832.628906 39955.656250
926 179.444000 38832.628906 39954.812500
927 179.611000 38832.628906 39942.835938
928 179.806000 38832.628906 39940.769531
929 180.005000 38832.628906 39938.640625
930 180.196000 38832.628906 39963.511719
931 180.383000 38832.628906 39992.242188
932 180.549000 38832.628906 39998.796875
933 180.732000 38832.628906 40043.660156
934 180.919000 38832.628906 40057.164063
935 181.127000 38832.628906 40041.421875
936 181.344000 38832.628906 40000.984375
937 181.565000 38832.628906 40034.996094
938 181.728000 38832.628906 40018.597656
939 181.913000 38832.628906 39994.140625
940 182.098000 38832.628906 39988.335938
941 182.291000 38832.628906 39979.875000
942 182.463000 38832.628906 40010.679688
943 182.659000 38832.628906 39988.664063
944 182.843000 38832.628906 39988.214844
945 183.027000 38832.628906 40036.632813
946 183.198000 38832.628906 40020.929688
947 183.355000 38832.628906 39989.582031
948 183.545000 38832.628906 40012.523438
949 183.728000 38832.628906 40003.109375
950 183.912000 38832.628906 39992.796875
951 184.095000 38832.628906 40037.976563
952 184.286000 38832.628906 40035.109375
953 184.486000 38832.628906 40022.531250
954 184.684000 38832.628906 40005.746094
955 184.886000 38832.628906 39997.613281
956 185.081000 38832.628906 39989.960938
957 185.282000 38832.628906 40060.363281
958 185.468000 38832.628906 40149.421875
959 185.663000 38832.628906 40134.023438
960 185.854000 38832.628906 40092.089844
961 186.043000 38832.628906 40084.128906
962 186.240000 38832.628906 40040.773438
963 186.423000 38832.628906 40022.183594
964 186.629000 38832.628906 40061.128906
965 186.824000 38832.628906 40057.886719
966 187.024000 38832.628906 40064.250000
967 187.221000 38832.628906 40123.808594
968 187.422000 38832.628906 40113.683594
969 187.575000 38832.628906 40089.992188
970 187.760000 38832.628906 40016.000000
971 187.965000 38832.628906 40001.808594
972 188.138000 38832.628906 39992.453125
973 188.324000 38832.628906 40013.613281
974 188.509000 38832.628906 39994.062500
975 188.709000 38832.628906 39985.453125
976 188.894000 38832.628906 39983.464844
977 189.078000 38832.628906 39982.152344
978 189.269000 38832.628906 39978.242188
979 189.461000 38832.628906 39969.402344
980 189.630000 38832.628906 40011.074219
981 189.829000 38832.628906 40026.906250
982 190.030000 38832.628906 40010.031250
983 190.194000 38832.628906 39992.363281
984 190.380000 38832.628906 39989.808594
985 190.567000 38832.628906 39988.441406
986 190.782000 38832.628906 39986.914063
987 190.979000 38832.628906 39983.816406
988 191.174000 38832.628906 39969.960938
989 191.370000 38832.628906 39958.414063
990 191.577000 38832.628906 39957.890625
991 191.752000 38832.628906 39937.781250
992 191.933000 38832.628906 39967.015625
993 192.124000 38832.628906 39954.011719
994 192.323000 38832.628906 39942.480469
995 192.510000 38832.628906 40045.800781
996 192.691000 38832.628906 40067.332031
997 192.893000 38832.628906 40061.046875
998 193.067000 38832.628906 40045.812500
999 193.263000 38832.628906 40053.359375
1000 193.473000 38832.628906 40029.906250
1001 193.662000 38832.628906 40004.781250
1002 193.854000 38832.628906 39997.289063
1003 194.047000 38832.628906 39976.742188
1004 194.232000 38832.628906 40003.519531
1005 194.426000 38832.628906 39994.234375
1006 194.617000 38832.628906 39976.113281
1007 194.792000 38832.628906 40050.269531
1008 194.981000 38832.628906 40032.683594
1009 195.173000 38832.628906 39996.691406
1010 195.370000 38832.628906 39983.656250
1011 195.560000 38832.628906 39983.054688
1012 195.751000 38832.628906 40020.289063
1013 195.957000 38832.628906 40013.996094
1014 196.168000 38832.628906 39977.550781
1015 196.346000 38832.628906 39973.511719
1016 196.519000 38832.628906 39971.128906
1017 196.724000 38832.628906 40006.722656
1018 196.916000 38832.628906 39945.933594
1019 197.101000 38832.628906 39942.367188
1020 197.320000 38832.628906 39938.304688
1021 197.535000 38832.628906 40018.984375
1022 197.746000 38832.628906 40028.191406
1023 197.955000 38832.628906 39971.460938
1024 198.163000 38832.628906 39987.914063
1025 198.355000 38832.628906 40021.906250
1026 198.537000 38832.628906 40049.003906
1027 198.735000 38832.628906 40042.175781
1028 198.927000 38832.628906 40033.718750
1029 199.135000 38832.628906 39995.109375
1030 199.325000 38832.628906 39991.609375
1031 199.527000 38832.628906 40010.562500
1032 199.734000 38832.628906 40005.445313
1033 199.926000 38832.628906 39984.953125
1034 200.095000 38832.628906 39975.515625
1035 200.258000 38832.628906 39975.023438
1036 200.433000 38832.628906 39963.632813
1037 200.646000 38832.628906 39994.882813
1038 200.842000 38832.628906 39984.503906
1039 201.042000 38832.628906 39958.503906
1040 201.246000 38832.628906 40038.046875
1041 201.447000 38832.628906 39974.316406
1042 201.645000 38832.628906 40001.281250
1043 201.828000 38832.628906 40131.511719
1044 202.020000 38832.628906 40069.976563
1045 202.194000 38832.628906 40021.121094
1046 202.377000 38832.628906 40006.820313
1047 202.568000 38832.628906 40008.453125
1048 202.763000 38832.628906 40001.371094
1049 202.957000 38832.628906 39985.726563
1050 203.165000 38832.628906 40029.203125
1051 203.377000 38832.628906 39999.972656
1052 203.568000 38832.628906 39972.546875
1053 203.776000 38832.628906 39970.585938
1054 203.944000 38832.628906 39950.218750
1055 204.139000 38832.628906 39939.535156
1056 204.350000 38832.628906 39962.890625
1057 204.539000 38832.628906 39942.503906
1058 204.746000 38832.628906 39921.613281
1059 204.940000 38832.628906 39963.277344
1060 205.125000 38832.628906 39934.246094
1061 205.300000 38832.628906 39933.265625
1062 205.493000 38832.628906 39921.507813
1063 205.672000 38832.628906 39920.644531
1064 205.900000 38832.628906 39903.558594
1065 206.090000 38832.628906 39884.714844
1066 206.299000 38832.628906 39881.898438
1067 206.477000 38832.628906 39877.707031
1068 206.667000 38832.628906 39875.402344
1069 206.856000 38832.628906 39867.648438
1070 207.045000 38832.628906 39867.597656
1071 207.239000 38832.628906 39908.339844
1072 207.481000 38832.628906 39926.140625
1073 207.770000 38832.628906 39901.281250
1074 208.023000 38832.628906 39892.589844
1075 208.265000 38832.628906 39895.046875
1076 208.504000 38832.628906 39969.941406
1077 208.712000 38832.628906 39928.859375
1078 208.909000 38832.628906 39920.875000
1079 209.115000 38832.628906 39910.253906
1080 209.310000 38832.628906 39948.226563
1081 209.489000 38832.628906 39946.777344
1082 209.690000 38832.628906 39929.011719
1083 209.906000 38832.628906 39942.179688
1084 210.102000 38832.628906 39991.468750
1085 210.286000 38832.628906 39986.746094
1086 210.488000 38832.628906 40040.789063
1087 210.707000 38832.628906 39976.941406
1088 210.908000 38832.628906 39953.433594
1089 211.073000 38832.628906 39943.082031
1090 211.264000 38832.628906 39978.425781
1091 211.460000 38832.628906 39937.359375
1092 211.655000 38832.628906 39917.593750
1093 211.835000 38832.628906 39909.511719
1094 212.035000 38832.628906 39905.757813
1095 212.211000 38832.628906 39895.082031
1096 212.389000 38832.628906 39894.246094
1097 212.575000 38832.628906 39931.203125
1098 212.787000 38832.628906 39991.093750
1099 212.983000 38832.628906 39937.218750
1100 213.182000 38832.628906 39930.640625
1101 213.379000 38832.628906 39925.234375
1102 213.564000 38832.628906 39975.183594
1103 213.760000 38832.628906 39932.113281
1104 213.962000 38832.628906 39941.289063
1105 214.145000 38832.628906 39977.031250
1106 214.332000 38832.628906 39973.800781
1107 214.521000 38832.628906 39955.539063
1108 214.707000 38832.628906 39949.261719
1109 214.890000 38832.628906 39947.863281
1110 215.098000 38832.628906 39942.343750
1111 215.302000 38832.628906 39938.667969
1112 215.469000 38832.628906 39953.191406
1113 215.684000 38832.628906 39951.859375
1114 215.873000 38832.628906 39941.296875
1115 216.054000 38832.628906 39935.593750
1116 216.259000 38832.628906 39920.289063
1117 216.466000 38832.628906 39894.058594
1118 216.690000 38832.628906 39932.433594
1119 216.887000 38832.628906 39966.640625
1120 217.085000 38832.628906 39945.027344
1121 217.256000 38832.628906 39945.027344
1122 217.464000 38832.628906 39911.527344
1123 217.652000 38832.628906 39909.085938
1124 217.847000 38832.628906 39947.796875
1125 218.052000 38832.628906 39931.574219
1126 218.262000 38832.628906 39925.644531
1127 218.471000 38832.628906 39924.902344
1128 218.646000 38832.628906 39968.851563
1129 218.833000 38832.628906 39958.445313
1130 219.056000 38832.628906 39958.445313
1131 219.268000 38832.628906 39955.933594
1132 219.440000 38832.628906 39944.421875
1133 219.649000 38832.628906 39931.078125
1134 219.840000 38832.628906 39921.253906
1135 220.038000 38832.628906 39946.480469
1136 220.234000 38832.628906 39969.070313
1137 220.415000 38832.628906 39957.441406
1138 220.596000 38832.628906 39952.136719
1139 220.809000 38832.628906 39975.554688
1140 220.995000 38832.628906 39969.164063
1141 221.199000 38832.628906 40041.257813
1142 221.386000 38832.628906 39996.402344
1143 221.566000 38832.628906 39988.781250
1144 221.778000 38832.628906 40037.078125
1145 221.977000 38832.628906 40003.550781
1146 222.161000 38832.628906 39990.585938
1147 222.360000 38832.628906 39972.289063
1148 222.566000 38832.628906 39946.011719
1149 222.768000 38832.628906 39930.406250
1150 222.960000 38832.628906 39929.933594
1151 223.168000 38832.628906 39908.351563
1152 223.372000 38832.628906 39901.613281
1153 223.581000 38832.628906 39887.859375
1154 223.778000 38832.628906 39882.671875
1155 223.982000 38832.628906 39870.738281
1156 224.191000 38832.628906 39870.164063
1157 224.367000 38832.628906 39865.199219
1158 224.566000 38832.628906 39862.023438
1159 224.774000 38832.628906 39861.335938
1160 224.957000 38832.628906 39924.363281
1161 225.177000 38832.628906 39877.011719
1162 225.381000 38832.628906 39862.117188
1163 225.581000 38832.628906 39927.218750
1164 225.793000 38832.628906 39918.925781
1165 226.044000 38832.628906 39915.453125
1166 226.251000 38832.628906 39910.937500
1167 226.415000 38832.628906 39905.687500
1168 226.624000 38832.628906 39889.156250
1169 226.822000 38832.628906 39882.050781
1170 227.013000 38832.628906 39878.148438
1171 227.228000 38832.628906 39858.199219
1172 227.414000 38832.628906 39855.144531
1173 227.599000 38832.628906 39853.019531
1174 227.794000 38832.628906 39847.765625
1175 227.992000 38832.628906 39892.296875
1176 228.208000 38832.628906 39865.121094
1177 228.424000 38832.628906 39864.070313
1178 228.611000 38832.628906 39862.378906
1179 228.806000 38832.628906 39855.988281
1180 229.030000 38832.628906 39949.632813
1181 229.232000 38832.628906 39887.312500
1182 229.436000 38832.628906 39887.066406
1183 229.623000 38832.628906 40017.238281
1184 229.817000 38832.628906 39918.300781
1185 229.992000 38832.628906 39899.941406
1186 230.183000 38832.628906 39893.402344
1187 230.393000 38832.628906 39889.722656
1188 230.587000 38832.628906 39921.523438
1189 230.779000 38832.628906 39902.121094
1190 230.983000 38832.628906 39913.281250
1191 231.168000 38832.628906 39897.945313
1192 231.338000 38832.628906 39895.476563
1193 231.536000 38832.628906 39894.398438
1194 231.713000 38832.628906 39891.468750
1195 231.913000 38832.628906 39889.496094
1196 232.118000 38832.628906 39884.058594
1197 232.317000 38832.628906 39953.609375
1198 232.519000 38832.628906 39917.734375
1199 232.728000 38832.628906 39890.390625
1200 232.930000 38832.628906 39888.250000
1201 233.114000 38832.628906 39883.226563
1202 233.310000 38832.628906 39937.527344
1203 233.506000 38832.628906 39916.933594
1204 233.712000 38832.628906 39914.226563
1205 233.936000 38832.628906 39890.503906
1206 234.114000 38832.628906 39868.937500
1207 234.313000 38832.628906 39903.265625
1208 234.506000 38832.628906 39874.878906
1209 234.669000 38832.628906 39864.316406
1210 234.834000 38832.628906 39861.535156
1211 235.001000 38832.628906 39858.636719
1212 235.213000 38832.628906 39856.359375
1213 235.399000 38832.628906 39853.527344
1214 235.590000 38832.628906 39849.468750
1215 235.789000 38832.628906 39875.843750
1216 235.999000 38832.628906 39873.269531
1217 236.181000 38832.628906 39871.988281
1218 236.372000 38832.628906 39858.093750
