0 0.000000 45331.019531 47213.226563
1 0.198000 44080.808594 47213.226563
2 0.394000 43745.972656 46228.058594
3 0.628000 42846.613281 45482.171875
4 0.843000 42644.773438 45006.945313
5 1.050000 42171.847656 44851.988281
6 1.271000 41893.683594 44645.574219
7 1.508000 41645.472656 44212.371094
8 1.703000 41225.234375 43861.058594
9 1.881000 40801.242188 43601.625000
10 2.074000 40474.976563 43324.285156
11 2.263000 40405.171875 43083.250000
12 2.459000 40396.406250 43149.890625
13 2.660000 40127.281250 42879.246094
14 2.845000 40127.281250 42701.089844
15 3.053000 40107.765625 42569.820313
16 3.244000 40086.320313 42432.105469
17 3.446000 40012.261719 42499.929688
18 3.645000 39954.765625 42270.718750
19 3.828000 39913.796875 42136.351563
20 4.015000 39913.796875 41952.953125
21 4.210000 39913.796875 41807.941406
22 4.375000 39913.796875 41831.933594
23 4.570000 39843.605469 41716.703125
24 4.760000 39843.605469 41638.031250
25 4.971000 39745.390625 41610.460938
26 5.194000 39745.390625 41665.601563
27 5.398000 39692.957031 41480.589844
28 5.564000 39683.968750 41372.222656
29 5.747000 39683.968750 41279.753906
30 5.925000 39678.648438 41454.289063
31 6.117000 39678.648438 41271.734375
32 6.318000 39654.398438 41435.316406
33 6.508000 39654.398438 41263.644531
34 6.692000 39654.398438 41271.707031
35 6.884000 39654.398438 41168.265625
36 7.084000 39654.398438 41173.015625
37 7.269000 39654.398438 41073.039063
38 7.441000 39612.753906 41175.449219
39 7.623000 39544.328125 41289.125000
40 7.819000 39544.328125 41188.066406
41 8.005000 39544.328125 41132.710938
42 8.188000 39544.328125 41257.656250
43 8.400000 39544.328125 41125.949219
44 8.611000 39544.328125 41139.867188
45 8.783000 39544.328125 41052.550781
46 8.970000 39544.328125 41096.218750
47 9.144000 39467.410156 41015.429688
48 9.335000 39467.410156 40952.246094
49 9.504000 39467.410156 41269.000000
50 9.694000 39467.410156 41122.773438
51 9.898000 39467.410156 40934.179688
52 10.106000 39467.410156 40792.222656
53 10.296000 39467.410156 40743.515625
54 10.502000 39467.410156 40723.082031
55 10.708000 39467.410156 40737.210938
56 10.899000 39462.093750 40691.726563
57 11.103000 39462.093750 40812.476563
58 11.308000 39462.093750 40863.593750
59 11.492000 39462.093750 40782.050781
60 11.671000 39281.871094 40758.125000
61 11.870000 39281.871094 40700.472656
62 12.059000 39281.871094 40634.066406
63 12.246000 39274.140625 40582.253906
64 12.452000 39274.140625 40605.136719
65 12.627000 39274.140625 40562.300781
66 12.814000 39274.140625 40549.632813
67 13.003000 39274.140625 40571.628906
68 13.194000 39274.140625 40766.222656
69 13.391000 39274.140625 40713.281250
70 13.591000 39274.140625 40642.566406
71 13.790000 39274.140625 40722.730469
72 13.987000 39274.140625 40720.121094
73 14.174000 39274.140625 40669.191406
74 14.381000 39274.140625 40647.472656
75 14.559000 39267.324219 40617.941406
76 14.735000 39267.324219 40610.183594
77 14.917000 39267.324219 40580.664063
78 15.109000 39267.324219 40676.535156
79 15.320000 39267.324219 40593.710938
80 15.519000 39267.324219 40553.128906
81 15.691000 39267.324219 40623.171875
82 15.867000 39267.324219 40702.253906
83 16.038000 39267.324219 40610.281250
84 16.221000 39267.324219 40636.277344
85 16.415000 39267.324219 40587.171875
86 16.613000 39267.324219 40637.324219
87 16.822000 39267.324219 40580.003906
88 17.010000 39267.324219 40528.351563
89 17.183000 39267.324219 40486.902344
90 17.365000 39267.324219 40665.953125
91 17.557000 39267.324219 40672.457031
92 17.743000 39267.324219 40629.304688
93 17.922000 39267.324219 40856.937500
94 18.108000 39267.324219 40796.496094
95 18.292000 39267.324219 40727.660156
96 18.476000 39267.324219 40776.664063
97 18.680000 39267.324219 40673.199219
98 18.881000 39267.324219 40772.917969
99 19.083000 39267.324219 40683.644531
100 19.279000 39267.324219 40636.113281
101 19.452000 39267.324219 40510.957031
102 19.636000 39267.324219 40693.097656
103 19.827000 39267.324219 40673.652344
104 20.031000 39267.324219 40659.937500
105 20.215000 39267.324219 40637.132813
106 20.392000 39267.324219 40615.339844
107 20.612000 39267.324219 40572.324219
108 20.781000 39267.324219 40570.765625
109 20.979000 39267.324219 40579.828125
110 21.184000 39267.324219 40520.078125
111 21.376000 39267.324219 40528.074219
112 21.557000 39267.324219 40555.238281
113 21.747000 39267.324219 40568.582031
114 21.921000 39267.324219 40572.519531
115 22.098000 39267.324219 40612.773438
116 22.285000 39267.324219 40811.843750
117 22.466000 39267.324219 40794.367188
118 22.651000 39267.324219 40669.414063
119 22.845000 39267.324219 40613.796875
120 23.023000 39267.324219 40609.621094
121 23.208000 39267.324219 40561.871094
122 23.393000 39267.324219 40526.640625
123 23.604000 39267.324219 40488.062500
124 23.808000 39267.324219 40531.023438
125 23.999000 39267.324219 40506.167969
126 24.213000 39267.324219 40523.074219
127 24.400000 39267.324219 40472.449219
128 24.588000 39267.324219 40635.699219
129 24.799000 39267.324219 40619.621094
130 24.973000 39267.324219 40588.027344
131 25.160000 39267.324219 40561.156250
132 25.439000 39267.324219 40587.054688
133 25.634000 39267.324219 40547.210938
134 25.832000 39267.324219 40663.941406
135 25.994000 39267.324219 40545.777344
136 26.184000 39267.324219 40566.308594
137 26.370000 39267.324219 40514.773438
138 26.578000 39267.324219 40473.496094
139 26.775000 39267.324219 40457.332031
140 26.967000 39267.324219 40633.414063
141 27.167000 39267.324219 40546.132813
142 27.369000 39267.324219 40504.093750
143 27.567000 39267.324219 40461.996094
144 27.763000 39267.324219 40597.640625
145 27.969000 39267.324219 40604.585938
146 28.175000 39267.324219 40646.328125
147 28.370000 39267.324219 40567.652344
148 28.570000 39267.324219 40625.597656
149 28.763000 39267.324219 40609.843750
150 28.954000 39267.324219 40559.777344
151 29.155000 39267.324219 40505.765625
152 29.349000 39267.324219 40612.773438
153 29.570000 39267.324219 40546.886719
154 29.759000 39267.324219 40635.335938
155 29.923000 39267.324219 40659.816406
156 30.089000 39267.324219 40867.125000
157 30.281000 39267.324219 40745.675781
158 30.476000 39267.324219 40653.050781
159 30.664000 39267.324219 40614.035156
160 30.854000 39267.324219 40940.570313
161 31.049000 39267.324219 40883.980469
162 31.275000 39267.324219 40794.523438
163 31.452000 39267.324219 40728.480469
164 31.644000 39267.324219 40672.558594
165 31.840000 39267.324219 40690.781250
166 32.034000 39267.324219 40859.843750
167 32.223000 39267.324219 40738.351563
168 32.412000 39267.324219 40934.800781
169 32.598000 39267.324219 40831.457031
170 32.799000 39267.324219 40841.796875
171 32.985000 39267.324219 40698.921875
172 33.153000 39267.324219 40641.921875
173 33.333000 39267.324219 40851.136719
174 33.504000 39267.324219 40726.312500
175 33.699000 39267.324219 40643.144531
176 33.893000 39267.324219 40716.285156
177 34.085000 39267.324219 40690.582031
178 34.277000 39267.324219 40609.925781
179 34.495000 39267.324219 40761.988281
180 34.691000 39267.324219 40896.531250
181 34.875000 39267.324219 40713.378906
182 35.102000 39267.324219 40826.757813
183 35.292000 39267.324219 40982.925781
184 35.482000 39267.324219 41007.468750
185 35.690000 39267.324219 40873.593750
186 35.886000 39267.324219 40737.203125
187 36.085000 39267.324219 40785.542969
188 36.287000 39267.324219 40858.136719
189 36.507000 39267.324219 40832.738281
190 36.707000 39267.324219 40784.816406
191 36.916000 39267.324219 40855.074219
192 37.122000 39267.324219 40767.015625
193 37.303000 39267.324219 40774.019531
194 37.487000 39267.324219 40740.824219
195 37.691000 39267.324219 40865.132813
196 37.879000 39267.324219 40922.906250
197 38.049000 39267.324219 41077.964844
198 38.229000 39267.324219 40915.351563
199 38.419000 39267.324219 40763.484375
200 38.588000 39267.324219 40877.179688
201 38.780000 39267.324219 40724.437500
202 38.956000 39267.324219 40873.121094
203 39.167000 39267.324219 41119.851563
204 39.374000 39267.324219 40871.039063
205 39.564000 39267.324219 40888.871094
206 39.759000 39267.324219 40919.218750
207 39.954000 39267.324219 40868.910156
208 40.133000 39267.324219 40920.753906
209 40.333000 39267.324219 41025.449219
210 40.500000 39267.324219 41024.707031
211 40.708000 39267.324219 40981.785156
212 40.911000 39267.324219 40885.175781
213 41.102000 39267.324219 40861.183594
214 41.298000 39267.324219 40778.019531
215 41.498000 39148.281250 40826.175781
216 41.662000 39148.281250 40806.730469
217 41.844000 39148.281250 40932.050781
218 42.024000 39148.281250 40886.921875
219 42.205000 39148.281250 40788.015625
220 42.400000 39148.281250 40727.289063
221 42.584000 39148.281250 40683.085938
222 42.783000 39148.281250 40652.511719
223 42.958000 39148.281250 40742.222656
224 43.158000 39148.281250 40673.683594
225 43.345000 39148.281250 40868.164063
226 43.535000 39148.281250 41079.621094
227 43.707000 39148.281250 41073.550781
228 43.878000 39148.281250 41078.703125
229 44.051000 39148.281250 40993.941406
230 44.232000 39148.281250 40981.238281
231 44.430000 39148.281250 41091.992188
232 44.639000 39148.281250 40949.523438
233 44.837000 39148.281250 40906.757813
234 45.028000 39148.281250 40986.636719
235 45.197000 39148.281250 41028.519531
236 45.376000 39148.281250 41025.683594
237 45.555000 39148.281250 40947.507813
238 45.760000 39148.281250 40944.863281
239 45.986000 39148.281250 41000.414063
240 46.146000 39148.281250 41096.480469
241 46.336000 39148.281250 41037.218750
242 46.532000 39148.281250 40883.566406
243 46.729000 39148.281250 40896.031250
244 46.923000 39148.281250 40831.910156
245 47.117000 39148.281250 40808.710938
246 47.308000 39148.281250 40774.890625
247 47.472000 39148.281250 40789.808594
248 47.691000 39148.281250 40730.210938
249 47.898000 39148.281250 40669.097656
250 48.106000 39148.281250 40578.824219
251 48.305000 39148.281250 40643.195313
252 48.519000 39148.281250 40709.335938
253 48.713000 39148.281250 40660.433594
254 48.915000 39148.281250 40612.691406
255 49.111000 39148.281250 40599.523438
256 49.303000 39148.281250 40575.300781
257 49.507000 39148.281250 40558.156250
258 49.681000 39148.281250 40492.113281
259 49.879000 39148.281250 40608.621094
260 50.052000 39148.281250 40576.855469
261 50.266000 39148.281250 40538.449219
262 50.484000 39148.281250 40535.324219
263 50.678000 39148.281250 40794.093750
264 50.860000 39148.281250 40752.953125
265 51.050000 39148.281250 40859.523438
266 51.284000 39148.281250 40856.050781
267 51.457000 39148.281250 40783.687500
268 51.637000 39148.281250 40732.191406
269 51.840000 39148.281250 40674.816406
270 52.040000 39148.281250 40696.550781
271 52.243000 39148.281250 40609.031250
272 52.434000 39148.281250 40565.699219
273 52.637000 39148.281250 40546.636719
274 52.835000 39148.281250 40535.332031
275 53.027000 39148.281250 40833.183594
276 53.204000 39148.281250 40814.699219
277 53.384000 39148.281250 40721.683594
278 53.583000 39148.281250 40638.859375
279 53.783000 39148.281250 40769.406250
280 53.984000 39148.281250 40693.468750
281 54.183000 39148.281250 40815.144531
282 54.370000 39148.281250 40777.609375
283 54.560000 39148.281250 40765.253906
284 54.757000 39148.281250 40711.742188
285 54.947000 39148.281250 40689.359375
286 55.124000 39148.281250 40650.234375
287 55.307000 39148.281250 40665.777344
288 55.492000 39148.281250 40630.085938
289 55.675000 39148.281250 40606.941406
290 55.861000 39148.281250 40840.835938
291 56.045000 39148.281250 40872.644531
292 56.199000 39148.281250 40728.929688
293 56.384000 39148.281250 40682.101563
294 56.567000 39148.281250 40645.078125
295 56.740000 39148.281250 40854.757813
296 56.930000 39148.281250 40715.265625
297 57.106000 39148.281250 40784.406250
298 57.313000 39148.281250 40980.066406
299 57.505000 39148.281250 40929.941406
300 57.709000 39148.281250 40955.011719
301 57.891000 39148.281250 40806.656250
302 58.078000 39148.281250 40725.234375
303 58.255000 39148.281250 40886.785156
304 58.458000 39148.281250 40773.128906
305 58.646000 39148.281250 40723.343750
306 58.824000 39148.281250 40672.855469
307 59.019000 39148.281250 40650.644531
308 59.217000 39148.281250 40704.402344
309 59.424000 39148.281250 40664.582031
310 59.600000 39148.281250 40615.203125
311 59.779000 39148.281250 40569.453125
312 59.980000 39148.281250 40530.054688
313 60.168000 39148.281250 40520.378906
314 60.352000 39148.281250 40625.222656
315 60.547000 39148.281250 40744.789063
316 60.731000 39148.281250 40736.839844
317 60.933000 39148.281250 40656.296875
318 61.117000 39148.281250 40615.039063
319 61.299000 39148.281250 40585.785156
320 61.479000 39148.281250 40532.636719
321 61.684000 39148.281250 40675.089844
322 61.878000 39148.281250 40545.164063
323 62.075000 39148.281250 40576.574219
324 62.260000 39148.281250 40574.984375
325 62.434000 39148.281250 40549.988281
326 62.616000 39148.281250 40674.691406
327 62.800000 39148.281250 40671.316406
328 62.970000 39148.281250 40753.789063
329 63.148000 39148.281250 41014.101563
330 63.326000 39148.281250 40810.921875
331 63.527000 39148.281250 40789.546875
332 63.722000 39148.281250 40796.308594
333 63.908000 39148.281250 40702.140625
334 64.096000 39148.281250 40773.140625
335 64.283000 39148.281250 40833.484375
336 64.463000 39148.281250 40724.851563
337 64.661000 39148.281250 40674.144531
338 64.864000 39148.281250 40681.230469
339 65.060000 39148.281250 40709.996094
340 65.248000 39148.281250 40629.500000
341 65.431000 39148.281250 40558.746094
342 65.616000 39148.281250 40616.785156
343 65.809000 39148.281250 40508.785156
344 65.978000 39148.281250 40466.816406
345 66.174000 39148.281250 40441.656250
346 66.369000 39148.281250 40427.078125
347 66.587000 39148.281250 40420.101563
348 66.784000 39148.281250 40463.152344
349 66.981000 39148.281250 40484.351563
350 67.171000 39148.281250 40508.851563
351 67.367000 39148.281250 40450.968750
352 67.564000 39148.281250 40504.246094
353 67.745000 39148.281250 40646.011719
354 67.921000 39148.281250 40673.492188
355 68.121000 39148.281250 40831.015625
356 68.315000 39148.281250 40942.183594
357 68.511000 39148.281250 40860.808594
358 68.683000 39148.281250 40920.765625
359 68.875000 39148.281250 40785.175781
360 69.069000 39148.281250 40799.460938
361 69.252000 39148.281250 40851.320313
362 69.441000 39148.281250 40799.683594
363 69.620000 39148.281250 40681.832031
364 69.813000 39148.281250 40645.878906
365 70.009000 39148.281250 40697.628906
366 70.210000 39148.281250 40797.011719
367 70.416000 39148.281250 40751.550781
368 70.621000 39148.281250 40716.156250
369 70.789000 39148.281250 40694.324219
370 70.962000 39148.281250 40816.027344
371 71.131000 39148.281250 40765.230469
372 71.336000 39148.281250 40729.632813
373 71.537000 39148.281250 40696.519531
374 71.715000 39148.281250 40666.699219
375 71.899000 39148.281250 41016.585938
376 72.094000 39148.281250 40997.953125
377 72.304000 39148.281250 40737.753906
378 72.499000 39148.281250 40678.769531
379 72.681000 39148.281250 40671.507813
380 72.876000 39148.281250 40634.628906
381 73.064000 39148.281250 40852.929688
382 73.254000 39148.281250 40907.316406
383 73.441000 39148.281250 40729.535156
384 73.623000 39148.281250 40685.339844
385 73.817000 39148.281250 40755.359375
386 73.992000 39148.281250 40754.085938
387 74.165000 39148.281250 40737.851563
388 74.362000 39148.281250 40745.609375
389 74.524000 39148.281250 40713.804688
390 74.695000 39148.281250 40811.343750
391 74.872000 39148.281250 40718.488281
392 75.055000 39148.281250 40688.203125
393 75.223000 39148.281250 40688.351563
394 75.400000 39148.281250 40642.316406
395 75.584000 39148.281250 40571.746094
396 75.781000 39148.281250 40532.984375
397 75.954000 39148.281250 40507.429688
398 76.164000 39148.281250 40571.781250
399 76.351000 39148.281250 40578.222656
400 76.563000 39148.281250 40576.664063
401 76.764000 39148.281250 40546.218750
402 76.953000 39148.281250 40505.816406
403 77.153000 39148.281250 40503.910156
404 77.343000 39148.281250 40563.855469
405 77.523000 39148.281250 40586.863281
406 77.694000 39148.281250 40781.277344
407 77.881000 39148.281250 40797.269531
408 78.052000 39148.281250 40706.742188
409 78.245000 39148.281250 40663.464844
410 78.431000 39148.281250 40687.210938
411 78.611000 39148.281250 40648.417969
412 78.799000 39148.281250 40755.562500
413 78.989000 39148.281250 40851.621094
414 79.179000 39148.281250 40728.515625
415 79.364000 39148.281250 40703.273438
416 79.558000 39148.281250 40993.835938
417 79.742000 39148.281250 40869.390625
418 79.939000 39148.281250 40985.066406
419 80.134000 39148.281250 41066.414063
420 80.340000 39148.281250 40984.484375
421 80.554000 39148.281250 40884.390625
422 80.715000 39148.281250 40957.640625
423 80.901000 39148.281250 41029.539063
424 81.112000 39148.281250 41066.566406
425 81.290000 39148.281250 41066.546875
426 81.473000 39148.281250 40840.101563
427 81.658000 39148.281250 40695.890625
428 81.840000 39148.281250 40612.281250
429 82.015000 39148.281250 40683.210938
430 82.208000 39148.281250 40798.558594
431 82.374000 39148.281250 40659.304688
432 82.554000 39148.281250 40614.734375
433 82.743000 39148.281250 40612.632813
434 82.955000 39148.281250 40673.605469
435 83.165000 39148.281250 40700.597656
436 83.339000 39148.281250 40621.648438
437 83.548000 39148.281250 40715.347656
438 83.740000 39148.281250 40744.699219
439 83.928000 39148.281250 40825.128906
440 84.107000 39148.281250 40748.218750
441 84.288000 39148.281250 40838.289063
442 84.453000 39148.281250 40762.574219
443 84.648000 39148.281250 40756.218750
444 84.836000 39148.281250 40819.988281
445 85.018000 39148.281250 40749.949219
446 85.227000 39148.281250 40787.281250
447 85.390000 39148.281250 40881.859375
448 85.580000 39148.281250 40759.195313
449 85.786000 39148.281250 40680.421875
450 85.957000 39148.281250 40645.796875
451 86.133000 39148.281250 40591.773438
452 86.324000 39148.281250 40662.960938
453 86.536000 39148.281250 40969.210938
454 86.708000 39148.281250 40693.859375
455 86.875000 39148.281250 40680.921875
456 87.080000 39148.281250 40618.378906
457 87.290000 39148.281250 40564.757813
458 87.488000 39148.281250 40513.289063
459 87.685000 39148.281250 40509.781250
460 87.856000 39148.281250 40553.121094
461 88.040000 39148.281250 40519.359375
462 88.211000 39148.281250 40462.050781
463 88.396000 39148.281250 40516.679688
464 88.588000 39148.281250 40470.718750
465 88.778000 39148.281250 40552.687500
466 88.956000 39148.281250 40564.601563
467 89.149000 39148.281250 40398.648438
468 89.325000 39148.281250 40493.546875
469 89.491000 39148.281250 40415.152344
470 89.674000 39148.281250 40462.335938
471 89.878000 39148.281250 40538.628906
472 90.072000 39148.281250 40579.593750
473 90.263000 39148.281250 40731.199219
474 90.453000 39148.281250 40768.433594
475 90.640000 39148.281250 40773.203125
476 90.860000 39148.281250 40794.421875
477 91.068000 39148.281250 40698.160156
478 91.278000 39148.281250 40651.441406
479 91.488000 39148.281250 40704.265625
480 91.706000 39148.281250 40712.230469
481 91.902000 39148.281250 40777.714844
482 92.091000 39148.281250 40756.523438
483 92.271000 39148.281250 40827.781250
484 92.464000 39148.281250 41091.140625
485 92.671000 39148.281250 40817.625000
486 92.854000 39148.281250 40759.414063
487 93.047000 39148.281250 40711.632813
488 93.246000 39148.281250 40686.429688
489 93.452000 39148.281250 40706.277344
490 93.646000 39148.281250 40619.562500
491 93.836000 39148.281250 40591.917969
492 94.030000 39148.281250 40547.910156
493 94.236000 39148.281250 40539.953125
494 94.447000 39148.281250 40623.863281
495 94.660000 39148.281250 40753.128906
496 94.855000 39148.281250 40596.738281
497 95.057000 39148.281250 40642.011719
498 95.246000 39148.281250 40580.265625
499 95.426000 39148.281250 40552.828125
500 95.621000 39148.281250 40577.675781
501 95.814000 39148.281250 40672.046875
502 95.988000 39148.281250 40618.656250
503 96.192000 39148.281250 40587.453125
504 96.393000 39148.281250 40692.550781
505 96.583000 39148.281250 40716.101563
506 96.777000 39148.281250 40793.996094
507 96.980000 39148.281250 40736.445313
508 97.187000 39148.281250 40697.335938
509 97.402000 39148.281250 40660.714844
510 97.584000 39148.281250 40540.453125
511 97.782000 39148.281250 40821.113281
512 97.968000 39148.281250 40723.949219
513 98.182000 39148.281250 40816.652344
514 98.377000 39148.281250 40662.023438
515 98.590000 39148.281250 40575.984375
516 98.789000 39148.281250 40501.371094
517 98.988000 39148.281250 40463.343750
518 99.187000 39148.281250 40436.343750
519 99.377000 39148.281250 40374.230469
520 99.574000 39148.281250 40338.378906
521 99.766000 39148.281250 40321.281250
522 99.953000 39148.281250 40308.281250
523 100.151000 39148.281250 40322.792969
524 100.329000 39148.281250 40346.042969
525 100.518000 39148.281250 40324.589844
526 100.701000 39148.281250 40404.503906
527 100.910000 39148.281250 40373.265625
528 101.104000 39148.281250 40504.925781
529 101.331000 39148.281250 40437.527344
530 101.648000 39148.281250 40513.914063
531 101.837000 39148.281250 40470.648438
532 102.005000 39148.281250 40636.636719
533 102.218000 39148.281250 40677.218750
534 102.439000 39148.281250 40703.843750
535 102.659000 39148.281250 40724.925781
536 102.854000 39148.281250 40672.390625
537 103.053000 39148.281250 40679.015625
538 103.244000 39148.281250 40857.765625
539 103.418000 39148.281250 40910.023438
540 103.605000 39148.281250 40855.582031
541 103.785000 39148.281250 40968.425781
542 103.966000 39148.281250 40875.074219
543 104.151000 39148.281250 40761.675781
544 104.349000 39148.281250 40760.023438
545 104.532000 39148.281250 40816.746094
546 104.744000 39148.281250 40762.710938
547 104.926000 39148.281250 40680.882813
548 105.148000 39148.281250 40751.675781
549 105.364000 39148.281250 40632.945313
550 105.592000 39148.281250 40568.703125
551 105.804000 39148.281250 40766.074219
552 106.026000 39148.281250 40815.832031
553 106.247000 39148.281250 40950.414063
554 106.512000 39148.281250 40915.703125
555 106.706000 39148.281250 40828.406250
556 106.910000 39148.281250 40769.597656
557 107.115000 39148.281250 40751.539063
558 107.322000 39148.281250 40729.980469
559 107.494000 39148.281250 40964.503906
560 107.676000 39148.281250 41174.890625
561 107.865000 39148.281250 40870.109375
562 108.054000 39148.281250 40874.968750
563 108.250000 39148.281250 40994.449219
564 108.444000 39148.281250 40971.824219
565 108.641000 39148.281250 40831.148438
566 108.852000 39148.281250 40890.101563
567 109.050000 39148.281250 40926.308594
568 109.245000 39148.281250 40782.234375
569 109.462000 39148.281250 40808.851563
570 109.672000 39148.281250 40833.691406
571 109.873000 39148.281250 40817.390625
572 110.076000 39148.281250 41037.054688
573 110.277000 39148.281250 40925.839844
574 110.466000 39148.281250 40800.574219
575 110.683000 39148.281250 40822.683594
576 110.872000 39148.281250 40795.113281
577 111.066000 39148.281250 40900.296875
578 111.271000 39148.281250 40788.300781
579 111.493000 39148.281250 40723.117188
580 111.685000 39148.281250 40807.046875
581 111.882000 39148.281250 40868.636719
582 112.044000 39148.281250 40931.757813
583 112.241000 39148.281250 40836.019531
584 112.424000 39148.281250 40739.007813
585 112.623000 39148.281250 40759.550781
586 112.783000 39148.281250 40903.667969
587 112.993000 39148.281250 40922.011719
588 113.170000 39148.281250 40774.675781
589 113.365000 39148.281250 40708.648438
590 113.562000 39148.281250 40668.707031
591 113.740000 39148.281250 40810.093750
592 113.954000 39148.281250 40853.234375
593 114.147000 39148.281250 40836.796875
594 114.345000 39148.281250 40856.531250
595 114.549000 39148.281250 40747.917969
596 114.767000 39148.281250 40694.488281
597 114.973000 39148.281250 40615.949219
598 115.177000 39148.281250 40748.253906
599 115.373000 39148.281250 40695.296875
600 115.583000 39148.281250 40829.304688
601 115.755000 39148.281250 40731.347656
602 115.950000 39148.281250 40625.808594
603 116.141000 39148.281250 40597.753906
604 116.336000 39148.281250 40550.226563
605 116.514000 39148.281250 40485.871094
606 116.702000 39148.281250 40531.957031
607 116.899000 39148.281250 40537.253906
608 117.097000 39148.281250 40558.390625
609 117.303000 39148.281250 40592.835938
610 117.517000 39148.281250 40569.773438
611 117.703000 39148.281250 40653.527344
612 117.882000 39148.281250 40534.593750
613 118.072000 39148.281250 40478.179688
614 118.265000 39148.281250 40443.503906
615 118.448000 39148.281250 40520.882813
616 118.660000 39148.281250 40473.515625
617 118.851000 39148.281250 40445.167969
618 119.063000 39148.281250 40470.320313
619 119.246000 39148.281250 40465.644531
620 119.430000 39148.281250 40433.699219
621 119.645000 39148.281250 40551.324219
622 119.838000 39148.281250 40677.750000
623 120.051000 39148.281250 40737.898438
624 120.229000 39148.281250 40723.539063
625 120.424000 39148.281250 40731.210938
626 120.619000 39148.281250 40654.878906
627 120.841000 39148.281250 40804.492188
628 121.034000 39148.281250 40750.250000
629 121.228000 39148.281250 40869.574219
630 121.404000 39148.281250 40871.359375
631 121.591000 39148.281250 41015.511719
632 121.778000 39148.281250 41065.128906
633 121.978000 39148.281250 41113.507813
634 122.157000 39148.281250 41096.164063
635 122.356000 39148.281250 40917.144531
636 122.552000 39148.281250 40867.671875
637 122.744000 39148.281250 40951.835938
638 122.922000 39148.281250 40956.367188
639 123.101000 39148.281250 40887.335938
640 123.282000 39148.281250 40982.222656
641 123.476000 39148.281250 40930.546875
642 123.688000 39148.281250 41080.597656
643 123.879000 39148.281250 40956.441406
644 124.075000 39148.281250 40856.511719
645 124.266000 39148.281250 40702.199219
646 124.486000 39148.281250 40702.101563
647 124.683000 39148.281250 40775.593750
648 124.863000 39148.281250 40833.750000
649 125.048000 39148.281250 40730.046875
650 125.244000 39148.281250 40791.921875
651 125.428000 39148.281250 40732.023438
652 125.606000 39148.281250 40690.093750
653 125.776000 39148.281250 40722.773438
654 125.987000 39148.281250 40670.843750
655 126.189000 39148.281250 40698.664063
656 126.388000 39148.281250 40663.253906
657 126.585000 39148.281250 40872.906250
658 126.780000 39148.281250 40701.781250
659 126.965000 39148.281250 40659.546875
660 127.136000 39148.281250 40727.949219
661 127.345000 39148.281250 40748.101563
662 127.525000 39148.281250 41035.925781
663 127.707000 39148.281250 40932.550781
664 127.907000 39148.281250 40961.246094
665 128.109000 39148.281250 40917.953125
666 128.277000 39148.281250 40880.644531
667 128.458000 39148.281250 40983.824219
668 128.639000 39148.281250 40915.503906
669 128.874000 39148.281250 40967.441406
670 129.066000 39148.281250 40852.210938
671 129.238000 39148.281250 40865.703125
672 129.425000 39148.281250 40844.042969
673 129.609000 39148.281250 40836.300781
674 129.790000 39148.281250 40776.609375
675 129.981000 39148.281250 40731.796875
676 130.167000 39148.281250 40791.121094
677 130.340000 39148.281250 40817.542969
678 130.522000 39148.281250 40807.707031
679 130.727000 39148.281250 40785.851563
680 130.918000 39148.281250 40712.097656
681 131.099000 39148.281250 40878.324219
682 131.276000 39148.281250 41076.113281
683 131.465000 39148.281250 40793.894531
684 131.644000 39148.281250 40717.980469
685 131.877000 39148.281250 40683.093750
686 132.080000 39148.281250 40819.593750
687 132.273000 39148.281250 40765.484375
688 132.457000 39148.281250 40741.449219
689 132.632000 39148.281250 40753.781250
690 132.819000 39148.281250 40932.382813
691 133.015000 39148.281250 40910.183594
692 133.176000 39148.281250 40804.750000
693 133.360000 39148.281250 40907.351563
694 133.533000 39148.281250 40813.238281
695 133.707000 39148.281250 40758.253906
696 133.901000 39148.281250 40702.093750
697 134.084000 39148.281250 40739.046875
698 134.289000 39148.281250 40700.082031
699 134.465000 39148.281250 40634.929688
700 134.654000 39148.281250 40658.148438
701 134.855000 39148.281250 40627.718750
702 135.056000 39148.281250 40598.871094
703 135.244000 39148.281250 40573.277344
704 135.431000 39148.281250 40802.160156
705 135.608000 39148.281250 40860.984375
706 135.789000 39148.281250 40761.011719
707 135.992000 39148.281250 40892.000000
708 136.174000 39148.281250 40866.023438
709 136.339000 39148.281250 40767.457031
710 136.521000 39148.281250 40843.167969
711 136.706000 39148.281250 40727.035156
712 136.925000 39148.281250 40685.328125
713 137.105000 39148.281250 40624.449219
714 137.318000 39148.281250 40672.429688
715 137.485000 39148.281250 40662.921875
716 137.678000 39148.281250 40778.265625
717 137.849000 39148.281250 40717.007813
718 138.057000 39148.281250 40711.191406
719 138.244000 39148.281250 40771.339844
720 138.427000 39148.281250 40680.570313
721 138.609000 39148.281250 40642.695313
722 138.778000 39148.281250 40622.242188
723 138.958000 39148.281250 40594.742188
724 139.150000 39148.281250 40574.117188
725 139.315000 39148.281250 40622.601563
726 139.501000 39148.281250 40758.859375
727 139.721000 39148.281250 40681.421875
728 139.909000 39148.281250 40733.398438
729 140.096000 39148.281250 40665.003906
730 140.281000 39148.281250 40672.226563
731 140.463000 39148.281250 40646.531250
732 140.644000 39148.281250 40592.605469
733 140.859000 39148.281250 40569.953125
734 141.020000 39148.281250 40528.191406
735 141.209000 39148.281250 40560.609375
736 141.400000 39148.281250 40508.898438
737 141.605000 39148.281250 40475.488281
738 141.802000 39148.281250 40462.515625
739 141.991000 39148.281250 40443.257813
740 142.166000 39148.281250 40435.265625
741 142.388000 39148.281250 40427.621094
742 142.554000 39148.281250 40394.109375
743 142.767000 39148.281250 40370.785156
744 142.953000 39148.281250 40347.433594
745 143.162000 39148.281250 40335.035156
746 143.360000 39148.281250 40385.433594
747 143.538000 39148.281250 40791.164063
748 143.739000 39148.281250 40738.550781
749 143.945000 39148.281250 40722.625000
750 144.109000 39148.281250 40762.441406
751 144.315000 39148.281250 40750.246094
752 144.471000 39148.281250 40647.113281
753 144.655000 39148.281250 40640.371094
754 144.840000 39148.281250 40597.269531
755 145.048000 39148.281250 40618.937500
756 145.232000 39148.281250 40551.929688
757 145.422000 39148.281250 40496.648438
758 145.604000 39148.281250 40451.476563
759 145.787000 39148.281250 40664.921875
760 145.976000 39148.281250 40512.968750
761 146.185000 39148.281250 40656.335938
762 146.370000 39148.281250 40496.871094
763 146.544000 39148.281250 40457.062500
764 146.722000 39148.281250 40451.484375
765 146.922000 39148.281250 40428.664063
766 147.103000 39148.281250 40433.890625
767 147.300000 39148.281250 40419.246094
768 147.485000 39148.281250 40389.789063
769 147.668000 39148.281250 40377.222656
770 147.841000 39148.281250 40352.234375
771 148.050000 39148.281250 40331.816406
772 148.228000 39148.281250 40518.074219
773 148.432000 39148.281250 40435.332031
774 148.605000 39148.281250 40352.957031
775 148.783000 39148.281250 40444.765625
776 148.967000 39148.281250 40389.523438
777 149.154000 39148.281250 40734.203125
778 149.345000 39148.281250 40648.972656
779 149.522000 39148.281250 40517.640625
780 149.705000 39148.281250 40430.718750
781 149.902000 39148.281250 40404.773438
782 150.095000 39148.281250 40373.414063
783 150.286000 39148.281250 40469.824219
784 150.451000 39148.281250 40372.914063
785 150.646000 39148.281250 40355.675781
786 150.840000 39148.281250 40532.296875
787 151.019000 39148.281250 40360.703125
788 151.210000 39148.281250 40337.933594
789 151.390000 39148.281250 40287.328125
790 151.586000 39148.281250 40285.269531
791 151.759000 39148.281250 40281.015625
792 151.966000 39148.281250 40267.585938
793 152.153000 39148.281250 40266.703125
794 152.346000 39148.281250 40551.144531
795 152.530000 39148.281250 40742.554688
796 152.742000 39148.281250 40652.882813
797 152.947000 39148.281250 40541.078125
798 153.122000 39148.281250 40441.828125
799 153.327000 39148.281250 40452.984375
800 153.529000 39148.281250 40536.453125
801 153.730000 39148.281250 40630.949219
802 153.910000 39148.281250 40728.187500
803 154.141000 39148.281250 40927.292969
804 154.338000 39148.281250 40921.449219
805 154.539000 39148.281250 40847.261719
806 154.733000 39148.281250 40862.414063
807 154.912000 39148.281250 40680.714844
808 155.108000 39148.281250 40671.453125
809 155.284000 39148.281250 40740.257813
810 155.493000 39148.281250 40653.210938
811 155.669000 39148.281250 40605.070313
812 155.839000 39148.281250 40677.824219
813 156.060000 39148.281250 40575.593750
814 156.234000 39148.281250 40585.351563
815 156.428000 39148.281250 40686.906250
816 156.624000 39148.281250 40536.210938
817 156.810000 39148.281250 40519.011719
818 157.012000 39148.281250 40663.218750
819 157.212000 39148.281250 40666.535156
820 157.404000 39148.281250 40543.359375
821 157.581000 39148.281250 40652.242188
822 157.762000 39148.281250 40795.332031
823 157.951000 39148.281250 40671.988281
824 158.150000 39148.281250 40594.039063
825 158.346000 39148.281250 40717.421875
826 158.526000 39148.281250 40798.468750
827 158.705000 39148.281250 40931.371094
828 158.895000 39148.281250 40873.031250
829 159.076000 39148.281250 40896.691406
830 159.275000 39148.281250 40885.277344
831 159.468000 39148.281250 40762.039063
832 159.631000 39148.281250 40661.179688
833 159.815000 39148.281250 40619.601563
834 159.998000 39148.281250 40715.003906
835 160.179000 39148.281250 40711.925781
836 160.374000 39148.281250 40819.019531
837 160.544000 39148.281250 40766.914063
838 160.756000 39148.281250 40858.683594
839 160.959000 39148.281250 40790.011719
840 161.156000 39148.281250 40940.425781
841 161.369000 39148.281250 40878.093750
842 161.551000 39148.281250 40727.554688
843 161.739000 39148.281250 40656.781250
844 161.968000 39148.281250 40644.109375
845 162.190000 39148.281250 40615.132813
846 162.396000 39148.281250 40582.125000
847 162.591000 39148.281250 40533.914063
848 162.758000 39148.281250 40503.578125
849 162.942000 39148.281250 40540.835938
850 163.151000 39148.281250 40498.449219
851 163.346000 39148.281250 40477.386719
852 163.555000 39148.281250 40435.972656
853 163.733000 39148.281250 40517.921875
854 163.917000 39148.281250 40482.113281
855 164.094000 39148.281250 40474.679688
856 164.306000 39148.281250 40464.070313
857 164.507000 39148.281250 40458.664063
858 164.693000 39148.281250 40426.109375
859 164.879000 39148.281250 40504.246094
860 165.084000 39148.281250 40477.542969
861 165.262000 39148.281250 40436.273438
862 165.473000 39148.281250 40443.238281
863 165.666000 39148.281250 40440.695313
864 165.832000 39148.281250 40398.578125
865 166.024000 39148.281250 40516.835938
866 166.210000 39148.281250 40431.589844
867 166.410000 39148.281250 40455.164063
868 166.615000 39148.281250 40420.488281
869 166.803000 39148.281250 40414.859375
870 167.001000 39148.281250 40395.941406
871 167.203000 39148.281250 40374.265625
872 167.382000 39148.281250 40365.167969
873 167.554000 39148.281250 40511.656250
874 167.744000 39148.281250 40559.210938
875 167.924000 39148.281250 40469.183594
876 168.103000 39148.281250 40448.953125
877 168.294000 39148.281250 40558.097656
878 168.494000 39148.281250 40399.636719
879 168.677000 39148.281250 40503.511719
880 168.879000 39148.281250 40605.703125
881 169.042000 39148.281250 40614.011719
882 169.216000 39148.281250 40676.957031
883 169.393000 39148.281250 40568.800781
884 169.573000 39148.281250 40460.847656
885 169.770000 39148.281250 40541.433594
886 169.964000 39148.281250 40576.976563
887 170.155000 39148.281250 40564.792969
888 170.350000 39148.281250 40659.351563
889 170.522000 39148.281250 40632.761719
890 170.734000 39148.281250 40596.371094
891 170.924000 39148.281250 40523.339844
892 171.116000 39148.281250 40575.574219
893 171.340000 39148.281250 40686.695313
894 171.526000 39148.281250 40547.593750
895 171.731000 39148.281250 40492.949219
896 171.910000 39148.281250 40532.941406
897 172.085000 39148.281250 40507.773438
898 172.262000 39148.281250 40485.453125
899 172.459000 39148.281250 40478.226563
900 172.660000 39148.281250 40571.218750
901 172.837000 39148.281250 40612.609375
902 173.045000 39148.281250 40522.800781
903 173.233000 39148.281250 40466.800781
904 173.429000 39148.281250 40481.378906
905 173.634000 39148.281250 40464.566406
906 173.820000 39148.281250 40413.003906
907 174.008000 39148.281250 40460.820313
908 174.194000 39148.281250 40492.593750
909 174.389000 39148.281250 40447.218750
910 174.613000 39148.281250 40429.531250
911 174.817000 39148.281250 40403.015625
912 175.032000 39148.281250 40407.074219
913 175.229000 39148.281250 40639.183594
914 175.398000 39148.281250 40568.687500
915 175.594000 39148.281250 40755.503906
916 175.794000 39148.281250 40873.218750
917 175.982000 39148.281250 40764.496094
918 176.174000 39148.281250 40733.382813
919 176.356000 39148.281250 40643.199219
920 176.557000 39148.281250 40843.648438
921 176.752000 39148.281250 40837.390625
922 176.959000 39148.281250 40831.644531
923 177.171000 39148.281250 40794.808594
924 177.350000 39148.281250 40748.558594
925 177.549000 39148.281250 40710.675781
926 177.726000 39148.281250 40610.914063
927 177.921000 39148.281250 40832.992188
928 178.101000 39148.281250 40779.468750
929 178.294000 39148.281250 40746.656250
930 178.477000 39148.281250 40668.527344
931 178.655000 39148.281250 40649.335938
932 178.822000 39148.281250 40602.207031
933 179.012000 39148.281250 40592.101563
934 179.196000 39148.281250 40666.046875
935 179.399000 39148.281250 40615.273438
936 179.587000 39148.281250 40548.359375
937 179.765000 39148.281250 40519.070313
938 179.969000 39148.281250 40574.171875
939 180.149000 39148.281250 40745.414063
940 180.324000 39148.281250 40676.984375
941 180.510000 39148.281250 40721.175781
942 180.708000 39148.281250 40681.476563
943 180.922000 39148.281250 40751.800781
944 181.118000 39148.281250 40715.281250
945 181.339000 39148.281250 40992.066406
946 181.527000 39148.281250 40659.121094
947 181.723000 39148.281250 40743.343750
948 181.884000 39148.281250 40662.773438
949 182.080000 39148.281250 40611.804688
950 182.277000 39148.281250 40682.589844
951 182.470000 39148.281250 40646.453125
952 182.669000 39148.281250 40672.675781
953 182.862000 39148.281250 40711.679688
954 183.054000 39148.281250 40598.164063
955 183.248000 39148.281250 40556.609375
956 183.457000 39148.281250 40522.808594
957 183.631000 39148.281250 40546.050781
958 183.827000 39148.281250 40647.441406
959 184.010000 39148.281250 40639.390625
960 184.197000 39148.281250 40661.734375
961 184.367000 39148.281250 40639.121094
962 184.565000 39148.281250 40597.082031
963 184.771000 39148.281250 40546.445313
964 184.956000 39148.281250 40534.476563
965 185.149000 39148.281250 40481.105469
966 185.357000 39148.281250 40598.199219
967 185.525000 39148.281250 40643.734375
968 185.721000 39148.281250 40556.687500
969 185.905000 39148.281250 40522.535156
970 186.081000 39148.281250 40682.781250
971 186.280000 39148.281250 40733.371094
972 186.488000 39148.281250 40778.734375
973 186.693000 39148.281250 40724.617188
974 186.887000 39148.281250 40758.082031
975 187.076000 39148.281250 40675.738281
976 187.271000 39148.281250 40662.468750
977 187.467000 39148.281250 40712.945313
978 187.640000 39148.281250 40655.621094
979 187.825000 39148.281250 40560.523438
980 188.015000 39148.281250 40529.226563
981 188.182000 39148.281250 40510.000000
982 188.380000 39148.281250 40659.496094
983 188.569000 39148.281250 40451.023438
984 188.753000 39148.281250 40475.308594
985 188.928000 39148.281250 40468.765625
986 189.138000 39148.281250 40605.945313
987 189.323000 39148.281250 40607.636719
988 189.500000 39148.281250 40618.312500
989 189.680000 39148.281250 40535.296875
990 189.859000 39148.281250 40498.878906
991 190.054000 39148.281250 40469.589844
992 190.229000 39148.281250 40437.945313
993 190.420000 39148.281250 40517.156250
994 190.604000 39148.281250 40497.585938
995 190.788000 39148.281250 40475.703125
996 190.990000 39148.281250 40466.929688
997 191.164000 39148.281250 40620.542969
998 191.349000 39148.281250 40616.503906
999 191.541000 39148.281250 40687.195313
1000 191.742000 39148.281250 40709.476563
1001 191.933000 39148.281250 40720.925781
1002 192.105000 39148.281250 40829.390625
1003 192.290000 39148.281250 40823.218750
1004 192.486000 39148.281250 40709.933594
1005 192.676000 39148.281250 40659.417969
1006 192.856000 39148.281250 40636.367188
1007 193.053000 39148.281250 40717.101563
1008 193.232000 39148.281250 40950.773438
1009 193.430000 39148.281250 40860.453125
1010 193.622000 39148.281250 40825.070313
1011 193.819000 39148.281250 40687.007813
1012 194.001000 39148.281250 40751.890625
1013 194.184000 39148.281250 40727.476563
1014 194.383000 39148.281250 40618.296875
1015 194.564000 39148.281250 40531.933594
1016 194.747000 39148.281250 40477.882813
1017 194.935000 39148.281250 40433.585938
1018 195.144000 39148.281250 40684.546875
1019 195.318000 39148.281250 40601.500000
1020 195.512000 39148.281250 40780.113281
1021 195.689000 39148.281250 40623.667969
1022 195.871000 39148.281250 40660.671875
1023 196.069000 39148.281250 40552.171875
1024 196.249000 39148.281250 40579.347656
1025 196.440000 39148.281250 40850.078125
1026 196.626000 39148.281250 40956.246094
1027 196.809000 39148.281250 40744.128906
1028 197.012000 39148.281250 40714.734375
1029 197.205000 39148.281250 40665.441406
1030 197.387000 39148.281250 40600.804688
1031 197.579000 39148.281250 40531.671875
1032 197.795000 39148.281250 40575.828125
1033 198.002000 39148.281250 40678.140625
1034 198.183000 39148.281250 40670.699219
1035 198.359000 39148.281250 40647.429688
1036 198.569000 39148.281250 40612.601563
1037 198.753000 39148.281250 40575.816406
1038 198.935000 39148.281250 40769.429688
1039 199.127000 39148.281250 40530.949219
1040 199.333000 39148.281250 40525.269531
1041 199.531000 39148.281250 40519.371094
1042 199.726000 39114.066406 40510.207031
1043 199.911000 39114.066406 40544.882813
1044 200.117000 39114.066406 40504.351563
1045 200.293000 39114.066406 40483.355469
1046 200.495000 39114.066406 40431.613281
1047 200.683000 39114.066406 40412.363281
1048 200.865000 39114.066406 40391.960938
1049 201.049000 39114.066406 40466.226563
1050 201.262000 39114.066406 40418.550781
1051 201.448000 39114.066406 40395.511719
1052 201.644000 39114.066406 40379.664063
1053 201.824000 39114.066406 40438.859375
1054 202.013000 39114.066406 40533.093750
1055 202.187000 39114.066406 40510.550781
1056 202.368000 39114.066406 40409.734375
1057 202.537000 39114.066406 40537.050781
1058 202.770000 39114.066406 40445.148438
1059 202.964000 39114.066406 40684.546875
1060 203.157000 39114.066406 40599.148438
1061 203.355000 39114.066406 40536.296875
1062 203.527000 39114.066406 40522.523438
1063 203.715000 39114.066406 40601.136719
1064 203.897000 39114.066406 40724.757813
1065 204.087000 39114.066406 40761.378906
1066 204.279000 39114.066406 40643.164063
1067 204.449000 39114.066406 40711.285156
1068 204.628000 39114.066406 40762.738281
1069 204.810000 39114.066406 40922.457031
1070 205.003000 39114.066406 40973.320313
1071 205.225000 39114.066406 41001.281250
1072 205.426000 39114.066406 40962.773438
1073 205.618000 39114.066406 40960.960938
1074 205.816000 39114.066406 40843.355469
1075 206.019000 39114.066406 40881.683594
1076 206.204000 39114.066406 40838.996094
1077 206.403000 39114.066406 40764.265625
1078 206.593000 39114.066406 40795.210938
1079 206.768000 39114.066406 40820.464844
1080 206.953000 39114.066406 40898.218750
1081 207.139000 39114.066406 40807.667969
1082 207.341000 39114.066406 40838.027344
1083 207.536000 39114.066406 40864.207031
1084 207.718000 39114.066406 40829.218750
1085 207.918000 39114.066406 40817.367188
1086 208.099000 39114.066406 40733.703125
1087 208.276000 39114.066406 40689.203125
1088 208.466000 39114.066406 40632.003906
1089 208.657000 39114.066406 40672.421875
1090 208.831000 39114.066406 40814.089844
1091 209.012000 39114.066406 40972.546875
1092 209.211000 39114.066406 40867.242188
1093 209.406000 39114.066406 40942.773438
1094 209.587000 39114.066406 40729.828125
1095 209.745000 39114.066406 40753.070313
1096 209.964000 39114.066406 40701.261719
1097 210.161000 39114.066406 40850.128906
1098 210.359000 39114.066406 40844.511719
1099 210.556000 39114.066406 40719.015625
1100 210.749000 39114.066406 40623.558594
1101 210.951000 39114.066406 40584.476563
1102 211.151000 39114.066406 40763.371094
1103 211.354000 39114.066406 40770.628906
1104 211.526000 39114.066406 40675.550781
1105 211.717000 39114.066406 40683.460938
1106 211.915000 39114.066406 40879.101563
1107 212.091000 39114.066406 40785.312500
1108 212.315000 39114.066406 40781.968750
1109 212.487000 39114.066406 40751.789063
1110 212.668000 39114.066406 40700.441406
1111 212.861000 39114.066406 40721.570313
1112 213.053000 39114.066406 40912.437500
1113 213.228000 39114.066406 40837.304688
1114 213.384000 39114.066406 40770.089844
1115 213.584000 39114.066406 40737.273438
1116 213.760000 39114.066406 40703.964844
1117 213.952000 39114.066406 40666.425781
1118 214.126000 39114.066406 40606.656250
1119 214.315000 39114.066406 40624.625000
1120 214.486000 39114.066406 40864.265625
1121 214.681000 39114.066406 40982.957031
1122 214.868000 39114.066406 40902.707031
1123 215.046000 39114.066406 40776.246094
1124 215.238000 39114.066406 40732.050781
1125 215.438000 39114.066406 40696.890625
1126 215.632000 39114.066406 40695.867188
1127 215.820000 39114.066406 40689.324219
1128 216.032000 39114.066406 40712.269531
1129 216.209000 39114.066406 40707.210938
1130 216.421000 39114.066406 40641.750000
1131 216.637000 39114.066406 40582.324219
1132 216.837000 39114.066406 40561.328125
1133 217.032000 39114.066406 40504.582031
1134 217.211000 39114.066406 40551.558594
1135 217.402000 39114.066406 40483.863281
1136 217.615000 39114.066406 40628.308594
1137 217.780000 39114.066406 40605.218750
1138 217.976000 39114.066406 40562.960938
1139 218.167000 39114.066406 40594.328125
1140 218.358000 39114.066406 40693.261719
1141 218.540000 39114.066406 40675.847656
1142 218.725000 39114.066406 40592.914063
1143 218.919000 39114.066406 40565.789063
1144 219.102000 39114.066406 40529.972656
1145 219.294000 39114.066406 40473.574219
1146 219.500000 39114.066406 40444.519531
1147 219.694000 39114.066406 40765.917969
1148 219.882000 39114.066406 40723.726563
1149 220.056000 39114.066406 40674.839844
1150 220.249000 39114.066406 40672.441406
1151 220.423000 39114.066406 40561.617188
1152 220.625000 39114.066406 40577.593750
1153 220.809000 39114.066406 40527.601563
1154 220.996000 39114.066406 40699.968750
1155 221.180000 39114.066406 40612.808594
1156 221.371000 39114.066406 40659.523438
1157 221.576000 39114.066406 40610.675781
1158 221.765000 39114.066406 40574.718750
1159 221.926000 39114.066406 40582.261719
1160 222.117000 39114.066406 40515.515625
1161 222.308000 39114.066406 40561.398438
1162 222.494000 39114.066406 40493.699219
1163 222.674000 39114.066406 40516.527344
1164 222.868000 39114.066406 40589.390625
1165 223.067000 39114.066406 40626.472656
1166 223.259000 39114.066406 40532.957031
1167 223.433000 39114.066406 40501.484375
1168 223.617000 39114.066406 40448.164063
1169 223.811000 39114.066406 40432.960938
1170 224.033000 39114.066406 40454.085938
1171 224.215000 39114.066406 40436.722656
1172 224.402000 39114.066406 40408.679688
1173 224.589000 39114.066406 40442.414063
1174 224.772000 39114.066406 40437.832031
1175 224.977000 39114.066406 40494.996094
1176 225.178000 39114.066406 40437.238281
1177 225.365000 39114.066406 40409.503906
1178 225.554000 39114.066406 40582.871094
1179 225.728000 39114.066406 40569.273438
1180 225.929000 39114.066406 40473.039063
1181 226.148000 39114.066406 40767.699219
1182 226.364000 39114.066406 40801.835938
1183 226.585000 39114.066406 40757.574219
1184 226.788000 39114.066406 40684.179688
1185 226.996000 39114.066406 40656.550781
1186 227.224000 39114.066406 40633.421875
1187 227.439000 39114.066406 40668.191406
1188 227.636000 39114.066406 40576.019531
1189 227.853000 39114.066406 40669.058594
1190 228.065000 39114.066406 40579.289063
1191 228.288000 39114.066406 40711.523438
1192 228.534000 39114.066406 40658.816406
1193 228.767000 39114.066406 40683.484375
1194 228.975000 39114.066406 40804.574219
1195 229.160000 39114.066406 40949.281250
1196 229.355000 39114.066406 40806.339844
1197 229.555000 39114.066406 40686.468750
1198 229.744000 39114.066406 40620.558594
1199 229.924000 39114.066406 40865.441406
1200 230.108000 39114.066406 40857.585938
1201 230.298000 39114.066406 40822.367188
1202 230.505000 39114.066406 40751.710938
1203 230.700000 39114.066406 40754.753906
1204 230.902000 39114.066406 40673.210938
1205 231.100000 39114.066406 40643.347656
1206 231.294000 39114.066406 40572.398438
1207 231.484000 39114.066406 40539.789063
1208 231.690000 39114.066406 40609.339844
1209 231.870000 39114.066406 40643.828125
1210 232.070000 39114.066406 40782.343750
1211 232.261000 39114.066406 40706.246094
1212 232.458000 39114.066406 40798.558594
1213 232.640000 39114.066406 40762.238281
1214 232.840000 39114.066406 40690.214844
1215 233.036000 39114.066406 40662.906250
1216 233.238000 39114.066406 40666.929688
1217 233.439000 39114.066406 40604.539063
1218 233.624000 39114.066406 40582.546875
1219 233.819000 39114.066406 40703.281250
1220 233.999000 39114.066406 40645.398438
1221 234.200000 39114.066406 40639.226563
1222 234.395000 39114.066406 40758.101563
1223 234.580000 39114.066406 40842.929688
1224 234.759000 39114.066406 40792.152344
1225 234.952000 39114.066406 40730.343750
1226 235.123000 39114.066406 40646.265625
1227 235.315000 39114.066406 40772.335938
1228 235.505000 39114.066406 40723.964844
1229 235.700000 39114.066406 40653.480469
1230 235.894000 39114.066406 40642.468750
1231 236.076000 39114.066406 40846.800781
1232 236.254000 39114.066406 40669.230469
1233 236.443000 39114.066406 40621.203125
1234 236.632000 39114.066406 40563.433594
1235 236.821000 39114.066406 40549.328125
1236 236.987000 39114.066406 40556.507813
1237 237.176000 39114.066406 40714.121094
1238 237.387000 39114.066406 40695.058594
1239 237.571000 39114.066406 40612.750000
1240 237.761000 39114.066406 40597.960938
1241 237.978000 39114.066406 40695.511719
1242 238.176000 39114.066406 40691.914063
1243 238.369000 39114.066406 40930.734375
1244 238.580000 39114.066406 40814.378906
1245 238.777000 39114.066406 40786.851563
1246 238.969000 39114.066406 40709.527344
1247 239.153000 39114.066406 40709.707031
1248 239.363000 39114.066406 40674.546875
1249 239.555000 39114.066406 40657.609375
1250 239.738000 39114.066406 40619.789063
1251 239.943000 39114.066406 40629.843750
1252 240.161000 39114.066406 40681.214844
1253 240.332000 39114.066406 40797.789063
1254 240.511000 39114.066406 40757.820313
1255 240.689000 39114.066406 40679.609375
1256 240.900000 39114.066406 40647.382813
1257 241.092000 39114.066406 40602.769531
1258 241.308000 39114.066406 40508.914063
1259 241.484000 39114.066406 40621.785156
1260 241.677000 39114.066406 40484.683594
1261 241.867000 39114.066406 40571.683594
1262 242.085000 39114.066406 40501.167969
1263 242.276000 39114.066406 40629.718750
1264 242.458000 39114.066406 40545.230469
1265 242.661000 39114.066406 40708.382813
1266 242.829000 39114.066406 40602.601563
1267 243.022000 39114.066406 40573.117188
1268 243.196000 39114.066406 40424.796875
1269 243.391000 39114.066406 40407.031250
1270 243.578000 39114.066406 40402.718750
1271 243.766000 39114.066406 40388.726563
1272 243.986000 39114.066406 40367.953125
1273 244.174000 39114.066406 40357.371094
1274 244.369000 39114.066406 40464.761719
1275 244.548000 39114.066406 40708.316406
1276 244.745000 39114.066406 40545.257813
1277 244.942000 39114.066406 40377.878906
1278 245.137000 39114.066406 40345.421875
1279 245.319000 39114.066406 40333.304688
1280 245.509000 39114.066406 40317.359375
1281 245.675000 39114.066406 40428.074219
1282 245.863000 39114.066406 40701.039063
1283 246.063000 39114.066406 40827.367188
1284 246.264000 39114.066406 40700.554688
1285 246.466000 39114.066406 40619.031250
1286 246.659000 39114.066406 40625.636719
1287 246.829000 39114.066406 40584.613281
1288 247.019000 39114.066406 40584.281250
1289 247.229000 39114.066406 40528.460938
1290 247.445000 39114.066406 40496.238281
1291 247.652000 39114.066406 40565.328125
1292 247.834000 39114.066406 40521.640625
1293 248.023000 39114.066406 40493.617188
1294 248.204000 39114.066406 40656.945313
1295 248.380000 39114.066406 40687.910156
1296 248.583000 39114.066406 40564.167969
1297 248.790000 39114.066406 40542.277344
1298 248.992000 39114.066406 40554.257813
1299 249.201000 39114.066406 40498.890625
1300 249.379000 39114.066406 40474.203125
1301 249.580000 39114.066406 40462.765625
1302 249.760000 39114.066406 40424.113281
1303 249.950000 39114.066406 40455.367188
1304 250.148000 39114.066406 40402.117188
1305 250.334000 39114.066406 40363.750000
1306 250.526000 39114.066406 40326.125000
1307 250.722000 39114.066406 40372.566406
1308 250.909000 39114.066406 40310.621094
1309 251.088000 39114.066406 40437.371094
1310 251.256000 39114.066406 40463.003906
1311 251.440000 39114.066406 40493.050781
1312 251.618000 39114.066406 40418.234375
1313 251.793000 39114.066406 40406.214844
1314 251.966000 39114.066406 40742.816406
1315 252.164000 39114.066406 40657.769531
1316 252.371000 39114.066406 40593.160156
1317 252.545000 39114.066406 40531.839844
1318 252.741000 39114.066406 40521.214844
1319 252.924000 39114.066406 40561.746094
1320 253.111000 39114.066406 40651.628906
1321 253.277000 39114.066406 40573.859375
1322 253.477000 39087.125000 40529.929688
1323 253.670000 39087.125000 40482.074219
1324 253.885000 39087.125000 40555.937500
1325 254.074000 39087.125000 40656.687500
1326 254.265000 39087.125000 40732.398438
1327 254.447000 39087.125000 40693.992188
1328 254.631000 39087.125000 40591.871094
1329 254.824000 39087.125000 40690.710938
1330 255.001000 39087.125000 40813.070313
1331 255.184000 39087.125000 40824.113281
1332 255.368000 39087.125000 40984.042969
1333 255.569000 39087.125000 40929.023438
1334 255.764000 39087.125000 40880.007813
1335 255.979000 39087.125000 40721.097656
1336 256.164000 39087.125000 40635.167969
1337 256.346000 39087.125000 40737.949219
1338 256.525000 39087.125000 40624.703125
1339 256.711000 39087.125000 40672.164063
1340 256.903000 39087.125000 40623.160156
1341 257.093000 39087.125000 40600.042969
1342 257.297000 39087.125000 40947.578125
1343 257.498000 39087.125000 40651.800781
1344 257.668000 39087.125000 40677.585938
1345 257.847000 39087.125000 40736.714844
1346 258.033000 39087.125000 40855.718750
1347 258.242000 39087.125000 40785.199219
1348 258.447000 39087.125000 40817.308594
1349 258.652000 39087.125000 40727.316406
1350 258.840000 39087.125000 40787.660156
1351 259.022000 39087.125000 40902.710938
1352 259.226000 39087.125000 40815.339844
1353 259.411000 39087.125000 40703.710938
1354 259.613000 39087.125000 40761.687500
1355 259.805000 39087.125000 40717.531250
1356 259.981000 39087.125000 40610.640625
1357 260.191000 39087.125000 40742.722656
1358 260.383000 39087.125000 40879.246094
1359 260.576000 39087.125000 40752.550781
1360 260.760000 39087.125000 40873.492188
1361 260.962000 39087.125000 40747.226563
1362 261.133000 39087.125000 40691.949219
1363 261.309000 39087.125000 40697.644531
1364 261.505000 39087.125000 40736.324219
1365 261.700000 39087.125000 40825.593750
1366 261.888000 39087.125000 40798.941406
1367 262.086000 39087.125000 40881.757813
1368 262.279000 39087.125000 40781.664063
1369 262.469000 39087.125000 40758.769531
1370 262.650000 39087.125000 40716.402344
1371 262.850000 39087.125000 40678.156250
1372 263.059000 39087.125000 40684.789063
1373 263.238000 39087.125000 40660.699219
1374 263.424000 39087.125000 40618.472656
1375 263.633000 39087.125000 40571.871094
1376 263.836000 39087.125000 40669.207031
1377 264.039000 39087.125000 40567.824219
1378 264.247000 39087.125000 40732.386719
1379 264.448000 39087.125000 40667.632813
1380 264.647000 39087.125000 40586.324219
1381 264.857000 39087.125000 40570.906250
1382 265.035000 39087.125000 40773.679688
1383 265.215000 39087.125000 40653.109375
1384 265.414000 39087.125000 40581.183594
1385 265.623000 39087.125000 40524.441406
1386 265.831000 39087.125000 40486.328125
1387 266.015000 39087.125000 40508.917969
1388 266.201000 39087.125000 40488.312500
1389 266.389000 39087.125000 40450.593750
1390 266.587000 39087.125000 40655.097656
1391 266.790000 39087.125000 40511.796875
1392 266.955000 39087.125000 40544.574219
1393 267.152000 39087.125000 40518.058594
1394 267.341000 39087.125000 40481.644531
1395 267.528000 39087.125000 40445.007813
1396 267.719000 39087.125000 40473.523438
1397 267.917000 39087.125000 40566.785156
1398 268.106000 39087.125000 40630.222656
1399 268.278000 39087.125000 40630.128906
1400 268.521000 39087.125000 40803.003906
1401 268.731000 39087.125000 40769.812500
1402 268.939000 39087.125000 40750.910156
1403 269.128000 39087.125000 40709.863281
1404 269.327000 39087.125000 40650.300781
1405 269.505000 39087.125000 40602.261719
1406 269.687000 39087.125000 40582.511719
1407 269.892000 39087.125000 40704.019531
1408 270.084000 39087.125000 40595.574219
1409 270.253000 39087.125000 40579.660156
1410 270.449000 39087.125000 40779.914063
1411 270.635000 39087.125000 40701.621094
1412 270.840000 39087.125000 40846.375000
1413 271.022000 39087.125000 40791.316406
1414 271.241000 39087.125000 40728.535156
1415 271.428000 39087.125000 40665.550781
1416 271.614000 39087.125000 40580.050781
1417 271.821000 39087.125000 40687.832031
1418 272.007000 39087.125000 40668.367188
1419 272.209000 39087.125000 40777.632813
1420 272.434000 39087.125000 40758.492188
1421 272.621000 39087.125000 40686.640625
1422 272.813000 39087.125000 40622.871094
1423 272.997000 39087.125000 40816.648438
1424 273.190000 39087.125000 40709.683594
1425 273.372000 39087.125000 40820.203125
1426 273.539000 39087.125000 40750.714844
1427 273.721000 39087.125000 40708.136719
1428 273.910000 39087.125000 40591.421875
1429 274.117000 39087.125000 40564.691406
1430 274.313000 39087.125000 40678.289063
1431 274.502000 39087.125000 40628.351563
1432 274.674000 39087.125000 40660.300781
1433 274.878000 39087.125000 40598.382813
1434 275.083000 39087.125000 40561.789063
1435 275.279000 39087.125000 40583.085938
1436 275.459000 39087.125000 40523.914063
1437 275.639000 39087.125000 40508.906250
1438 275.819000 39087.125000 40491.359375
1439 275.992000 39087.125000 40541.289063
1440 276.187000 39087.125000 40512.402344
1441 276.385000 39087.125000 40488.156250
1442 276.579000 39087.125000 40563.820313
1443 276.784000 39087.125000 40657.445313
1444 276.994000 39087.125000 40791.765625
1445 277.181000 39087.125000 40780.437500
1446 277.391000 39087.125000 40978.710938
1447 277.585000 39087.125000 40848.226563
1448 277.793000 39087.125000 40779.554688
1449 277.983000 39087.125000 40702.335938
1450 278.157000 39087.125000 40655.628906
1451 278.345000 39087.125000 40616.539063
1452 278.539000 39087.125000 40572.996094
1453 278.730000 39087.125000 40538.300781
1454 278.895000 39087.125000 40488.968750
1455 279.078000 39087.125000 40487.574219
1456 279.282000 39087.125000 40474.503906
1457 279.465000 39087.125000 40447.984375
1458 279.661000 39087.125000 40645.273438
1459 279.849000 39087.125000 40714.921875
1460 280.045000 39087.125000 40642.628906
1461 280.221000 39087.125000 40625.847656
1462 280.426000 39087.125000 40854.402344
1463 280.630000 39087.125000 40741.156250
1464 280.841000 39087.125000 40676.515625
1465 281.030000 39087.125000 40761.406250
1466 281.211000 39087.125000 40784.488281
1467 281.399000 39087.125000 40857.613281
1468 281.584000 39087.125000 40824.351563
1469 281.771000 39087.125000 40733.550781
1470 281.990000 39087.125000 40615.636719
1471 282.183000 39087.125000 40641.964844
1472 282.357000 39087.125000 40650.992188
1473 282.538000 39087.125000 40690.203125
1474 282.739000 39087.125000 40704.414063
1475 282.930000 39087.125000 40632.960938
1476 283.118000 39087.125000 40723.109375
1477 283.314000 39087.125000 40661.753906
1478 283.511000 39087.125000 40613.132813
1479 283.710000 39087.125000 40736.597656
1480 283.909000 39087.125000 40628.800781
1481 284.089000 39087.125000 40590.230469
1482 284.285000 39087.125000 40542.746094
1483 284.481000 39087.125000 40463.128906
1484 284.689000 39087.125000 40428.757813
1485 284.940000 39087.125000 40485.535156
1486 285.159000 39087.125000 40691.515625
1487 285.371000 39087.125000 40523.953125
1488 285.546000 39087.125000 40477.265625
1489 285.748000 39087.125000 40422.371094
1490 285.925000 39087.125000 40372.988281
1491 286.092000 39087.125000 40443.843750
1492 286.286000 39087.125000 40807.167969
1493 286.480000 39087.125000 40856.253906
1494 286.662000 39087.125000 40826.308594
1495 286.879000 39087.125000 40916.398438
1496 287.126000 39087.125000 40833.691406
1497 287.327000 39087.125000 40912.937500
1498 287.528000 39087.125000 40735.621094
1499 287.706000 39087.125000 40690.867188
1500 287.885000 39087.125000 40621.523438
1501 288.092000 39087.125000 40617.660156
1502 288.266000 39087.125000 40594.710938
1503 288.491000 39087.125000 40623.187500
1504 288.718000 39087.125000 40606.554688
1505 288.912000 39087.125000 40534.968750
1506 289.115000 39087.125000 40507.765625
1507 289.322000 39087.125000 40478.308594
1508 289.499000 39087.125000 40453.171875
1509 289.689000 39087.125000 40409.359375
1510 289.894000 39087.125000 40472.308594
1511 290.098000 39087.125000 40564.421875
1512 290.282000 39087.125000 40500.382813
1513 290.447000 39087.125000 40502.585938
1514 290.622000 39087.125000 40462.019531
1515 290.814000 39087.125000 40501.675781
1516 291.052000 39087.125000 40615.453125
1517 291.247000 39087.125000 40566.996094
1518 291.431000 39087.125000 40522.601563
1519 291.624000 39087.125000 40693.085938
1520 291.804000 39087.125000 40675.707031
1521 291.986000 39087.125000 40592.296875
1522 292.188000 39087.125000 40455.683594
1523 292.385000 39087.125000 40431.890625
1524 292.592000 39087.125000 40395.242188
1525 292.772000 39087.125000 40361.503906
1526 292.965000 39087.125000 40332.550781
1527 293.168000 39087.125000 40317.390625
1528 293.378000 39087.125000 40305.707031
1529 293.567000 39087.125000 40296.855469
1530 293.747000 39087.125000 40274.707031
1531 293.934000 39087.125000 40406.261719
1532 294.139000 39087.125000 40556.718750
1533 294.332000 39087.125000 40415.953125
1534 294.521000 39087.125000 40493.597656
1535 294.725000 39087.125000 40541.835938
1536 294.915000 39087.125000 40462.261719
1537 295.101000 39087.125000 40756.183594
1538 295.284000 39087.125000 40601.101563
1539 295.488000 39087.125000 40562.707031
1540 295.678000 39087.125000 40598.015625
1541 295.874000 39087.125000 40572.949219
1542 296.068000 39087.125000 40503.824219
1543 296.246000 39087.125000 40543.726563
1544 296.444000 39087.125000 40546.539063
1545 296.626000 39087.125000 40514.976563
1546 296.813000 39087.125000 40479.292969
1547 297.007000 39087.125000 40459.890625
1548 297.221000 39087.125000 40434.351563
1549 297.411000 39087.125000 40407.703125
1550 297.589000 39087.125000 40432.253906
1551 297.788000 39087.125000 40408.324219
1552 297.965000 39087.125000 40557.023438
1553 298.178000 39087.125000 40508.531250
1554 298.360000 39087.125000 40470.027344
1555 298.568000 39087.125000 40622.046875
1556 298.746000 39087.125000 40595.160156
1557 298.941000 39087.125000 40612.042969
1558 299.122000 39087.125000 40516.800781
1559 299.334000 39087.125000 40640.128906
1560 299.529000 39087.125000 40740.226563
1561 299.731000 39087.125000 40619.957031
1562 299.946000 39087.125000 40560.851563
1563 300.139000 39087.125000 40474.156250
1564 300.343000 39087.125000 40658.156250
1565 300.542000 39087.125000 40557.222656
1566 300.749000 39087.125000 40510.765625
1567 300.953000 39087.125000 40493.148438
1568 301.136000 39087.125000 40390.078125
1569 301.354000 39087.125000 40469.316406
1570 301.532000 39087.125000 40752.148438
1571 301.731000 39087.125000 40610.886719
1572 301.935000 39087.125000 40579.421875
1573 302.133000 39087.125000 40593.828125
1574 302.327000 39087.125000 40764.320313
1575 302.572000 39087.125000 40682.421875
1576 302.776000 39087.125000 40644.726563
1577 302.969000 39087.125000 40584.574219
1578 303.165000 39087.125000 40530.726563
1579 303.352000 39087.125000 40504.628906
1580 303.555000 39087.125000 40444.902344
1581 303.724000 39087.125000 40519.648438
1582 303.917000 39087.125000 40431.734375
1583 304.103000 39087.125000 40410.906250
1584 304.289000 39087.125000 40441.175781
1585 304.454000 39087.125000 40519.093750
1586 304.654000 39087.125000 40455.148438
1587 304.862000 39087.125000 40609.574219
1588 305.074000 39087.125000 40585.074219
1589 305.267000 39087.125000 40535.566406
1590 305.490000 39087.125000 40380.511719
1591 305.695000 39087.125000 40529.585938
1592 305.887000 39087.125000 40558.949219
1593 306.087000 39087.125000 40573.859375
1594 306.276000 39087.125000 40415.386719
1595 306.468000 39087.125000 40383.097656
1596 306.674000 39087.125000 40358.371094
1597 306.856000 39087.125000 40472.230469
1598 307.056000 39087.125000 40373.769531
1599 307.295000 39087.125000 40466.636719
1600 307.494000 39087.125000 40549.835938
1601 307.676000 39087.125000 40529.429688
1602 307.888000 39087.125000 40515.285156
1603 308.079000 39087.125000 40460.707031
1604 308.284000 39087.125000 40439.914063
1605 308.465000 39087.125000 40452.574219
1606 308.653000 39087.125000 40464.246094
1607 308.857000 39087.125000 40555.351563
1608 309.074000 39087.125000 40447.066406
1609 309.260000 39087.125000 40515.800781
1610 309.465000 39087.125000 40532.601563
1611 309.658000 39087.125000 40559.457031
1612 309.871000 39087.125000 40520.289063
1613 310.058000 39087.125000 40557.386719
1614 310.245000 39087.125000 40708.546875
1615 310.449000 39087.125000 40707.058594
1616 310.651000 39087.125000 40632.914063
1617 310.840000 39087.125000 40728.449219
1618 311.029000 39087.125000 40679.820313
1619 311.269000 39087.125000 40723.359375
1620 311.483000 39087.125000 40676.109375
1621 311.684000 39087.125000 40669.078125
1622 311.882000 39087.125000 40899.777344
1623 312.077000 39087.125000 40916.199219
1624 312.268000 39087.125000 40790.210938
1625 312.474000 39087.125000 40739.531250
1626 312.673000 39087.125000 40802.554688
1627 312.871000 39087.125000 40833.902344
1628 313.056000 39087.125000 40785.929688
1629 313.239000 39087.125000 40705.156250
1630 313.432000 39087.125000 40828.761719
1631 313.640000 39087.125000 40746.085938
1632 313.852000 39087.125000 40618.175781
1633 314.046000 39087.125000 40688.511719
1634 314.246000 39087.125000 40669.683594
1635 314.442000 39087.125000 40722.113281
1636 314.621000 39087.125000 40678.558594
1637 314.805000 39087.125000 40636.128906
1638 315.003000 39087.125000 40699.312500
1639 315.201000 39087.125000 40609.203125
1640 315.408000 39087.125000 40551.343750
1641 315.587000 39087.125000 40521.332031
1642 315.777000 39087.125000 40553.496094
1643 315.968000 39087.125000 40489.773438
1644 316.166000 39087.125000 40528.140625
1645 316.357000 39087.125000 40515.160156
1646 316.562000 39087.125000 40488.406250
1647 316.756000 39087.125000 40575.730469
1648 316.958000 39087.125000 40748.304688
1649 317.156000 39087.125000 40595.488281
1650 317.352000 39087.125000 40704.367188
1651 317.543000 39087.125000 40653.550781
1652 317.735000 39087.125000 40608.824219
1653 317.951000 39087.125000 40651.183594
1654 318.141000 39087.125000 40682.296875
1655 318.318000 39087.125000 40587.585938
1656 318.506000 39087.125000 40544.031250
1657 318.697000 39087.125000 40691.093750
1658 318.891000 39087.125000 40582.023438
1659 319.074000 39087.125000 40658.078125
1660 319.282000 39087.125000 40637.335938
1661 319.482000 39087.125000 40540.890625
1662 319.687000 39087.125000 40621.925781
1663 319.888000 39087.125000 40674.671875
1664 320.091000 39087.125000 40542.503906
1665 320.300000 39087.125000 40496.199219
1666 320.501000 39087.125000 40494.960938
1667 320.706000 39087.125000 40436.570313
1668 320.937000 39087.125000 40523.164063
1669 321.140000 39087.125000 40714.800781
1670 321.329000 39087.125000 40760.144531
1671 321.529000 39087.125000 40551.906250
1672 321.712000 39087.125000 40561.351563
1673 321.907000 39087.125000 40525.027344
1674 322.090000 39087.125000 40576.027344
1675 322.281000 39087.125000 40564.355469
1676 322.492000 39087.125000 40618.929688
1677 322.682000 39087.125000 40572.902344
1678 322.888000 39087.125000 40546.636719
1679 323.103000 39087.125000 40647.703125
1680 323.291000 39087.125000 40503.734375
1681 323.476000 39087.125000 40454.257813
1682 323.674000 39087.125000 40626.640625
1683 323.846000 39087.125000 40527.648438
1684 324.043000 39087.125000 40486.453125
1685 324.214000 39087.125000 40552.902344
1686 324.414000 39087.125000 40472.175781
1687 324.619000 39087.125000 40420.214844
1688 324.817000 39087.125000 40546.730469
1689 325.002000 39087.125000 40622.171875
1690 325.185000 39087.125000 40576.890625
1691 325.379000 39087.125000 40536.214844
1692 325.580000 39087.125000 40500.417969
1693 325.807000 39087.125000 40639.234375
1694 326.018000 39087.125000 40736.250000
1695 326.219000 39087.125000 40582.906250
1696 326.412000 39087.125000 40557.851563
1697 326.613000 39087.125000 40556.609375
1698 326.826000 39087.125000 40493.539063
1699 327.035000 39087.125000 40402.968750
1700 327.235000 39087.125000 40368.488281
1701 327.457000 39087.125000 40340.703125
1702 327.683000 39087.125000 40344.140625
1703 327.884000 39087.125000 40351.808594
1704 328.072000 39087.125000 40318.886719
1705 328.264000 39087.125000 40557.574219
1706 328.447000 39087.125000 40519.371094
1707 328.626000 39087.125000 40740.574219
1708 328.797000 39087.125000 40720.230469
1709 328.988000 39087.125000 40544.636719
1710 329.174000 39087.125000 40510.257813
1711 329.383000 39087.125000 40544.843750
1712 329.581000 39087.125000 40707.679688
1713 329.780000 39087.125000 40531.500000
1714 329.975000 39087.125000 40478.246094
1715 330.169000 39087.125000 40459.027344
1716 330.356000 39087.125000 40545.699219
1717 330.539000 39087.125000 40500.671875
1718 330.731000 39087.125000 40492.640625
1719 330.941000 39087.125000 40594.007813
1720 331.139000 39087.125000 40477.339844
1721 331.336000 39087.125000 40456.488281
1722 331.523000 39087.125000 40633.558594
1723 331.733000 39087.125000 40692.398438
1724 331.928000 39087.125000 40913.671875
1725 332.130000 39087.125000 40614.878906
1726 332.350000 39087.125000 40657.042969
1727 332.571000 39087.125000 40591.679688
1728 332.782000 39087.125000 40729.531250
1729 332.982000 39087.125000 40628.085938
1730 333.168000 39087.125000 40892.800781
1731 333.355000 39087.125000 40760.585938
1732 333.535000 39087.125000 40716.027344
1733 333.734000 39087.125000 40714.855469
1734 333.917000 39087.125000 40665.175781
1735 334.117000 39087.125000 40632.828125
1736 334.314000 39087.125000 40708.773438
1737 334.494000 39087.125000 40608.175781
1738 334.691000 39087.125000 40574.964844
1739 334.892000 39087.125000 40564.089844
1740 335.079000 39087.125000 40551.449219
1741 335.276000 39087.125000 40570.281250
1742 335.466000 39087.125000 40703.335938
1743 335.654000 39087.125000 40587.960938
1744 335.883000 39087.125000 40575.277344
1745 336.074000 39087.125000 40553.464844
1746 336.263000 39087.125000 40522.367188
1747 336.452000 39087.125000 40490.082031
1748 336.631000 39087.125000 40452.394531
1749 336.817000 39087.125000 40528.906250
1750 337.019000 39087.125000 40498.496094
1751 337.230000 39087.125000 40464.644531
1752 337.409000 39087.125000 40538.953125
1753 337.598000 39087.125000 40585.273438
1754 337.790000 39087.125000 40472.808594
1755 337.982000 39087.125000 40631.054688
1756 338.169000 39087.125000 40832.398438
1757 338.372000 39087.125000 40866.710938
1758 338.551000 39087.125000 40789.746094
1759 338.741000 39087.125000 40666.636719
1760 338.929000 39087.125000 40930.222656
1761 339.126000 39087.125000 40787.191406
1762 339.315000 39087.125000 40838.484375
1763 339.525000 39087.125000 40778.812500
1764 339.705000 39087.125000 40665.031250
1765 339.883000 39087.125000 40574.632813
1766 340.094000 39087.125000 40542.574219
1767 340.308000 39087.125000 40492.941406
1768 340.494000 39087.125000 40651.738281
1769 340.678000 39087.125000 40644.695313
1770 340.883000 39087.125000 40768.539063
1771 341.091000 39087.125000 40731.960938
1772 341.289000 39087.125000 40649.515625
1773 341.476000 39087.125000 40781.906250
1774 341.689000 39087.125000 40723.730469
1775 341.896000 39087.125000 40610.984375
1776 342.074000 39087.125000 40540.593750
1777 342.258000 39087.125000 40708.484375
1778 342.464000 39087.125000 40786.808594
1779 342.660000 39087.125000 40676.605469
1780 342.886000 39087.125000 40756.828125
1781 343.106000 39087.125000 40613.855469
1782 343.296000 39087.125000 40578.074219
1783 343.514000 39087.125000 40692.082031
1784 343.741000 39087.125000 40659.691406
1785 343.924000 39087.125000 40586.820313
1786 344.127000 39087.125000 40633.917969
1787 344.302000 39087.125000 40762.207031
1788 344.519000 39087.125000 40785.828125
1789 344.710000 39087.125000 40634.296875
1790 344.930000 39087.125000 40573.808594
1791 345.146000 39087.125000 40564.273438
1792 345.365000 39087.125000 40575.585938
1793 345.574000 39087.125000 40537.609375
1794 345.749000 39087.125000 40640.261719
1795 345.947000 39087.125000 40603.898438
1796 346.139000 39087.125000 40585.988281
1797 346.347000 39087.125000 40561.710938
1798 346.551000 39087.125000 40544.664063
1799 346.753000 39087.125000 40499.648438
1800 346.952000 39087.125000 40460.812500
1801 347.155000 39087.125000 40432.546875
1802 347.354000 39087.125000 40422.621094
1803 347.554000 39087.125000 40410.718750
1804 347.744000 39087.125000 40396.707031
1805 347.937000 39087.125000 40386.476563
1806 348.141000 39087.125000 40357.140625
1807 348.322000 39087.125000 40346.625000
1808 348.506000 39087.125000 40524.140625
1809 348.706000 39087.125000 40345.667969
1810 348.891000 39087.125000 40415.515625
1811 349.121000 39087.125000 40408.691406
1812 349.307000 39087.125000 40388.136719
1813 349.484000 39087.125000 40589.929688
1814 349.697000 39087.125000 40611.695313
1815 349.900000 39087.125000 40577.203125
1816 350.104000 39087.125000 40503.343750
1817 350.291000 39087.125000 40533.375000
1818 350.477000 39087.125000 40475.761719
1819 350.675000 39087.125000 40563.246094
1820 350.862000 39087.125000 40518.949219
1821 351.023000 39087.125000 40470.429688
1822 351.213000 39087.125000 40748.308594
1823 351.428000 39087.125000 40552.031250
1824 351.622000 39087.125000 40592.246094
1825 351.822000 39087.125000 40757.890625
1826 352.001000 39087.125000 40890.710938
1827 352.207000 39087.125000 40857.878906
1828 352.390000 39087.125000 40708.554688
1829 352.595000 39087.125000 40669.875000
1830 352.789000 39087.125000 40791.476563
1831 352.980000 39087.125000 40743.968750
1832 353.181000 39087.125000 40745.949219
1833 353.392000 39087.125000 40673.351563
1834 353.604000 39087.125000 40584.484375
1835 353.820000 39087.125000 40582.718750
1836 354.015000 39087.125000 40636.191406
1837 354.204000 39087.125000 40615.828125
1838 354.420000 39087.125000 40656.199219
1839 354.625000 39087.125000 40618.816406
1840 354.809000 39087.125000 40708.796875
1841 355.003000 39087.125000 40785.429688
1842 355.190000 39087.125000 40863.378906
1843 355.352000 39087.125000 41006.191406
1844 355.553000 39087.125000 40852.800781
1845 355.747000 39087.125000 40781.113281
1846 355.961000 39087.125000 40723.296875
1847 356.154000 39087.125000 40704.910156
1848 356.361000 39087.125000 40744.058594
1849 356.559000 39087.125000 40658.906250
1850 356.764000 39087.125000 40573.703125
1851 356.954000 39087.125000 40681.351563
1852 357.169000 39087.125000 40693.234375
1853 357.373000 39087.125000 40948.250000
1854 357.573000 39087.125000 40735.800781
1855 357.789000 39087.125000 40841.898438
1856 357.996000 39087.125000 40631.777344
1857 358.184000 39087.125000 40615.851563
1858 358.365000 39087.125000 40588.769531
1859 358.554000 39087.125000 40622.113281
1860 358.746000 39087.125000 40830.066406
1861 358.924000 39087.125000 40708.644531
1862 359.110000 39087.125000 40583.871094
1863 359.333000 39087.125000 40679.988281
1864 359.506000 39087.125000 40827.457031
1865 359.702000 39087.125000 40757.054688
1866 359.900000 39087.125000 40717.718750
1867 360.118000 39087.125000 40706.933594
1868 360.303000 39087.125000 40711.195313
1869 360.494000 39087.125000 40860.273438
1870 360.675000 39087.125000 40892.906250
1871 360.880000 39087.125000 41020.570313
1872 361.065000 39087.125000 40975.511719
1873 361.272000 39087.125000 40875.843750
1874 361.471000 39087.125000 40777.734375
1875 361.674000 39087.125000 40680.835938
1876 361.855000 39087.125000 40609.097656
1877 362.055000 39087.125000 40567.367188
1878 362.241000 39087.125000 40619.679688
1879 362.437000 39087.125000 40524.187500
1880 362.628000 39087.125000 40651.488281
1881 362.806000 39087.125000 40663.546875
1882 363.001000 39087.125000 40758.917969
1883 363.203000 39087.125000 40592.519531
1884 363.414000 39087.125000 40561.593750
1885 363.621000 39087.125000 40529.921875
1886 363.812000 39087.125000 40504.906250
1887 363.994000 39087.125000 40466.199219
1888 364.200000 39087.125000 40458.953125
1889 364.413000 39087.125000 40423.121094
1890 364.606000 39087.125000 40449.968750
1891 364.800000 39087.125000 40404.406250
1892 364.992000 39087.125000 40447.308594
1893 365.173000 39087.125000 40425.898438
1894 365.357000 39087.125000 40377.074219
1895 365.553000 39087.125000 40431.554688
1896 365.748000 39087.125000 40407.410156
1897 365.942000 39087.125000 40380.015625
1898 366.132000 39087.125000 40377.050781
1899 366.326000 39087.125000 40732.093750
1900 366.523000 39087.125000 40731.867188
1901 366.738000 39087.125000 40745.160156
1902 366.933000 39087.125000 40635.082031
1903 367.104000 39087.125000 40598.328125
1904 367.272000 39087.125000 40684.250000
1905 367.456000 39087.125000 40871.878906
1906 367.635000 39087.125000 40882.199219
1907 367.824000 39087.125000 40966.343750
1908 368.007000 39087.125000 41002.984375
1909 368.205000 39087.125000 40893.410156
1910 368.359000 39087.125000 40809.500000
1911 368.557000 39087.125000 40869.597656
1912 368.750000 39087.125000 40784.628906
1913 368.940000 39087.125000 40728.980469
1914 369.117000 39087.125000 40676.164063
1915 369.310000 39087.125000 40782.828125
1916 369.532000 39087.125000 40631.898438
1917 369.719000 39087.125000 40590.425781
1918 369.907000 39087.125000 40659.351563
1919 370.076000 39087.125000 40639.835938
1920 370.266000 39087.125000 40599.343750
1921 370.474000 39087.125000 40653.058594
1922 370.664000 39087.125000 40599.945313
1923 370.858000 39087.125000 40782.273438
1924 371.063000 39087.125000 40738.351563
1925 371.255000 39087.125000 40761.863281
1926 371.445000 39087.125000 40713.781250
1927 371.637000 39087.125000 40749.968750
1928 371.836000 39087.125000 40643.777344
1929 372.006000 39087.125000 40606.562500
1930 372.192000 39087.125000 40586.289063
1931 372.385000 39087.125000 40553.953125
1932 372.587000 39087.125000 40550.828125
1933 372.783000 39087.125000 40796.593750
1934 372.993000 39087.125000 40691.015625
1935 373.195000 39087.125000 40690.546875
1936 373.399000 39087.125000 40645.101563
1937 373.606000 39087.125000 40553.621094
1938 373.809000 39087.125000 40502.578125
1939 373.999000 39087.125000 40474.667969
1940 374.186000 39087.125000 40446.476563
1941 374.403000 39087.125000 40418.871094
1942 374.620000 39087.125000 40487.988281
1943 374.800000 39087.125000 40442.453125
1944 374.986000 39087.125000 40591.746094
1945 375.175000 39087.125000 40580.910156
1946 375.366000 39087.125000 40577.605469
1947 375.572000 39087.125000 40611.878906
1948 375.782000 39087.125000 40584.648438
1949 375.985000 39087.125000 40731.210938
1950 376.187000 39087.125000 40655.488281
1951 376.389000 39087.125000 40596.359375
1952 376.593000 39087.125000 40748.316406
1953 376.789000 39087.125000 40683.199219
1954 376.964000 39087.125000 40658.738281
1955 377.164000 39087.125000 40441.816406
1956 377.388000 39087.125000 40417.632813
1957 377.582000 39087.125000 40506.015625
1958 377.786000 39087.125000 40644.566406
1959 377.980000 39087.125000 40633.710938
1960 378.173000 39087.125000 40616.140625
1961 378.367000 39087.125000 40579.093750
1962 378.570000 39087.125000 40524.105469
1963 378.754000 39087.125000 40585.058594
1964 378.963000 39087.125000 40636.191406
1965 379.160000 39087.125000 40556.156250
1966 379.366000 39087.125000 40778.679688
1967 379.573000 39087.125000 40726.117188
1968 379.804000 39087.125000 40649.550781
1969 380.009000 39087.125000 40671.085938
1970 380.215000 39087.125000 40642.949219
1971 380.384000 39087.125000 40671.867188
1972 380.569000 39087.125000 40848.414063
1973 380.756000 39087.125000 40631.882813
1974 380.978000 39087.125000 40643.945313
1975 381.188000 39087.125000 40692.589844
1976 381.462000 39087.125000 40810.820313
1977 381.685000 39087.125000 40719.503906
1978 381.871000 39087.125000 40648.941406
1979 382.060000 39087.125000 40910.859375
1980 382.252000 39087.125000 40930.933594
1981 382.469000 39087.125000 40976.546875
1982 382.676000 39087.125000 40918.859375
1983 382.876000 39087.125000 40797.253906
1984 383.109000 39087.125000 40719.593750
1985 383.303000 39087.125000 40805.824219
1986 383.502000 39087.125000 40766.906250
1987 383.690000 39087.125000 40673.218750
1988 383.923000 39087.125000 40615.886719
1989 384.125000 39087.125000 40541.667969
1990 384.296000 39087.125000 40705.589844
1991 384.488000 39087.125000 40687.996094
1992 384.689000 39087.125000 40545.656250
1993 384.876000 39087.125000 40687.332031
1994 385.074000 39087.125000 40538.472656
1995 385.266000 39087.125000 40503.191406
1996 385.464000 39087.125000 40633.519531
1997 385.688000 39087.125000 40775.253906
1998 385.892000 39087.125000 40666.351563
1999 386.070000 39087.125000 40700.527344
2000 386.283000 39087.125000 40736.289063
2001 386.459000 39087.125000 40770.031250
2002 386.661000 39087.125000 40771.093750
2003 386.831000 39087.125000 40794.492188
2004 387.005000 39087.125000 40736.074219
2005 387.197000 39087.125000 40705.746094
2006 387.389000 39087.125000 40645.601563
2007 387.579000 39087.125000 40580.523438
2008 387.794000 39087.125000 40857.363281
2009 387.985000 39087.125000 40959.476563
2010 388.197000 39087.125000 40765.328125
2011 388.380000 39087.125000 40686.472656
2012 388.587000 39087.125000 41036.496094
2013 388.786000 39087.125000 40936.757813
2014 388.983000 39087.125000 40887.816406
2015 389.165000 39087.125000 40988.820313
2016 389.372000 39087.125000 40872.488281
2017 389.563000 39087.125000 40824.363281
2018 389.756000 39087.125000 40799.707031
2019 389.959000 39087.125000 40833.042969
2020 390.155000 39087.125000 40720.515625
2021 390.345000 39087.125000 40725.175781
2022 390.573000 39087.125000 40678.101563
2023 390.778000 39087.125000 40624.968750
2024 390.986000 39087.125000 40602.800781
2025 391.175000 39087.125000 40573.972656
2026 391.396000 39087.125000 40535.304688
2027 391.578000 39087.125000 40496.824219
2028 391.778000 39087.125000 40525.746094
2029 391.970000 39087.125000 40513.199219
2030 392.174000 39087.125000 40584.015625
2031 392.386000 39087.125000 40606.621094
2032 392.633000 39087.125000 40593.132813
2033 392.829000 39087.125000 40733.148438
2034 393.021000 39087.125000 40669.984375
2035 393.212000 39087.125000 40720.023438
2036 393.413000 39087.125000 40590.902344
2037 393.584000 39087.125000 40528.535156
2038 393.797000 39087.125000 40502.511719
2039 394.002000 39087.125000 40449.328125
2040 394.207000 39087.125000 40422.378906
2041 394.387000 39087.125000 40404.863281
2042 394.578000 39087.125000 40418.199219
2043 394.785000 39087.125000 40525.292969
2044 394.968000 39087.125000 40445.062500
2045 395.162000 39087.125000 40381.933594
2046 395.362000 39087.125000 40369.175781
2047 395.560000 39087.125000 40386.000000
2048 395.765000 39087.125000 40580.531250
2049 395.965000 39087.125000 40674.042969
2050 396.165000 39087.125000 40626.816406
2051 396.370000 39087.125000 40584.277344
2052 396.568000 39087.125000 40549.765625
2053 396.766000 39087.125000 40640.093750
2054 396.951000 39087.125000 40663.527344
2055 397.115000 39087.125000 40669.230469
2056 397.332000 39087.125000 41023.398438
2057 397.527000 39087.125000 40848.386719
2058 397.717000 39087.125000 40721.925781
2059 397.919000 39087.125000 40895.550781
2060 398.111000 39087.125000 40950.238281
2061 398.295000 39087.125000 40881.492188
2062 398.510000 39087.125000 40911.921875
2063 398.709000 39087.125000 40826.835938
2064 398.923000 39087.125000 40921.933594
2065 399.130000 39087.125000 41010.113281
2066 399.341000 39087.125000 40950.300781
2067 399.555000 39087.125000 40782.835938
2068 399.766000 39087.125000 40995.707031
2069 400.017000 39087.125000 40917.929688
2070 400.228000 39087.125000 40874.457031
2071 400.408000 39087.125000 40837.050781
2072 400.590000 39087.125000 40903.015625
2073 400.821000 39087.125000 40877.640625
2074 401.000000 39087.125000 40853.574219
2075 401.207000 39087.125000 40789.132813
2076 401.410000 39087.125000 40801.777344
2077 401.616000 39087.125000 40760.964844
2078 401.806000 39087.125000 40676.175781
2079 402.007000 39087.125000 40584.277344
2080 402.210000 39087.125000 40657.242188
2081 402.395000 39087.125000 40597.851563
2082 402.582000 39087.125000 40576.246094
2083 402.781000 39087.125000 40520.679688
2084 402.976000 39087.125000 40536.949219
2085 403.182000 39087.125000 40589.203125
2086 403.379000 39087.125000 40624.566406
2087 403.563000 39087.125000 40685.664063
2088 403.743000 39087.125000 40588.750000
2089 403.933000 39087.125000 40547.628906
2090 404.113000 39087.125000 40585.128906
2091 404.317000 39087.125000 40650.218750
2092 404.502000 39087.125000 40681.046875
2093 404.698000 39087.125000 40622.242188
2094 404.910000 39087.125000 40654.179688
2095 405.102000 39087.125000 40626.203125
2096 405.288000 39087.125000 40681.253906
2097 405.484000 39087.125000 40703.316406
2098 405.678000 39087.125000 40893.472656
2099 405.851000 39087.125000 40863.238281
2100 406.047000 39087.125000 40858.535156
2101 406.235000 39087.125000 40825.324219
2102 406.432000 39087.125000 40755.933594
2103 406.645000 39087.125000 40718.796875
2104 406.855000 39087.125000 40688.890625
2105 407.060000 39087.125000 40780.816406
2106 407.282000 39087.125000 40727.585938
2107 407.471000 39087.125000 40682.535156
2108 407.665000 39087.125000 40619.808594
2109 407.875000 39087.125000 40592.343750
2110 408.090000 39087.125000 40670.253906
2111 408.292000 39087.125000 40651.238281
2112 408.497000 39087.125000 40673.289063
2113 408.691000 39087.125000 40629.750000
2114 408.876000 39087.125000 40550.226563
2115 409.058000 39087.125000 40496.074219
2116 409.241000 39087.125000 40517.019531
2117 409.438000 39087.125000 40499.996094
2118 409.632000 39087.125000 40581.148438
2119 409.839000 39087.125000 40525.671875
2120 410.030000 39087.125000 40524.707031
2121 410.224000 39087.125000 40497.156250
2122 410.399000 39087.125000 40506.187500
2123 410.604000 39087.125000 40653.683594
2124 410.807000 39087.125000 40751.195313
2125 411.019000 39087.125000 40833.851563
2126 411.202000 39087.125000 41131.640625
2127 411.378000 39087.125000 40861.183594
2128 411.551000 39087.125000 40714.074219
2129 411.764000 39087.125000 40653.132813
2130 411.973000 39087.125000 40622.496094
2131 412.171000 39087.125000 40781.785156
2132 412.369000 39087.125000 40647.976563
2133 412.576000 39087.125000 40614.949219
2134 412.758000 39087.125000 40730.621094
2135 412.951000 39087.125000 40643.238281
2136 413.144000 39087.125000 41021.218750
2137 413.337000 39087.125000 40701.453125
2138 413.530000 39087.125000 40633.328125
2139 413.703000 39087.125000 40585.500000
2140 413.882000 39087.125000 40533.101563
2141 414.087000 39087.125000 40692.386719
2142 414.302000 39087.125000 40598.390625
2143 414.512000 39087.125000 40579.402344
2144 414.694000 39087.125000 40693.816406
2145 414.892000 39087.125000 40601.871094
2146 415.077000 39087.125000 40575.976563
2147 415.296000 39087.125000 40656.878906
2148 415.480000 39087.125000 40632.101563
2149 415.694000 39087.125000 40592.355469
2150 415.878000 39087.125000 40516.097656
2151 416.065000 39087.125000 40681.765625
2152 416.266000 39087.125000 40781.574219
2153 416.466000 39087.125000 40658.046875
2154 416.662000 39087.125000 40551.625000
2155 416.836000 39087.125000 40506.734375
2156 417.032000 39087.125000 40797.574219
2157 417.233000 39087.125000 40629.929688
2158 417.423000 39087.125000 40560.566406
2159 417.622000 39087.125000 40619.480469
2160 417.811000 39087.125000 40595.359375
2161 417.982000 39087.125000 40635.585938
2162 418.159000 39087.125000 40746.789063
2163 418.387000 39087.125000 40709.980469
2164 418.577000 39087.125000 40751.628906
2165 418.776000 39087.125000 40691.179688
2166 418.988000 39087.125000 40676.199219
2167 419.197000 39087.125000 40853.984375
2168 419.376000 39087.125000 40876.937500
2169 419.577000 39087.125000 40845.890625
2170 419.764000 39087.125000 40928.593750
2171 419.944000 39087.125000 40902.687500
2172 420.124000 39087.125000 40860.281250
2173 420.306000 39087.125000 40731.148438
2174 420.485000 39087.125000 40682.519531
2175 420.643000 39087.125000 40713.648438
2176 420.822000 39087.125000 40656.945313
2177 421.020000 39087.125000 40702.093750
2178 421.192000 39087.125000 40616.851563
2179 421.385000 39087.125000 40680.101563
2180 421.588000 39087.125000 40587.953125
2181 421.812000 39087.125000 40737.484375
2182 422.042000 39087.125000 40753.386719
2183 422.276000 39087.125000 40841.796875
2184 422.502000 39087.125000 40911.515625
2185 422.685000 39087.125000 40788.855469
2186 422.904000 39087.125000 40875.210938
2187 423.116000 39087.125000 40900.464844
2188 423.385000 39087.125000 40773.253906
2189 423.642000 39087.125000 40868.773438
2190 423.843000 39087.125000 40806.316406
2191 424.043000 39087.125000 40782.691406
2192 424.226000 39087.125000 40632.578125
2193 424.440000 39087.125000 40548.101563
2194 424.629000 39087.125000 40659.921875
2195 424.815000 39087.125000 40863.265625
2196 425.008000 39087.125000 40681.562500
2197 425.193000 39087.125000 41123.796875
2198 425.391000 39087.125000 40911.058594
2199 425.592000 39087.125000 40934.183594
2200 425.770000 39087.125000 40858.253906
2201 425.960000 39087.125000 40867.093750
2202 426.121000 39087.125000 40761.191406
2203 426.325000 39087.125000 40785.390625
2204 426.522000 39087.125000 40866.140625
2205 426.720000 39087.125000 40836.023438
2206 426.907000 39087.125000 40684.671875
2207 427.101000 39087.125000 40735.949219
2208 427.299000 39087.125000 40731.164063
2209 427.513000 39087.125000 40733.640625
2210 427.730000 39087.125000 40757.890625
2211 427.926000 39087.125000 40809.636719
2212 428.121000 39087.125000 40677.246094
2213 428.308000 39087.125000 40639.488281
2214 428.510000 39087.125000 40703.218750
2215 428.687000 39087.125000 40666.234375
2216 428.874000 39087.125000 40639.410156
2217 429.053000 39087.125000 40607.933594
2218 429.282000 39087.125000 40674.363281
2219 429.499000 39087.125000 40895.726563
2220 429.713000 39087.125000 40809.566406
2221 429.918000 39087.125000 40974.597656
2222 430.164000 39087.125000 40792.050781
2223 430.364000 39087.125000 40719.328125
2224 430.570000 39087.125000 40693.789063
2225 430.775000 39087.125000 40678.828125
2226 430.958000 39087.125000 40829.546875
2227 431.147000 39087.125000 40753.957031
2228 431.343000 39087.125000 40642.882813
2229 431.517000 39087.125000 40639.937500
2230 431.707000 39087.125000 40617.921875
2231 431.916000 39087.125000 40636.765625
2232 432.115000 39087.125000 40751.492188
2233 432.339000 39087.125000 40669.933594
2234 432.561000 39087.125000 40764.636719
2235 432.751000 39087.125000 40763.109375
2236 432.928000 39087.125000 40719.289063
2237 433.114000 39087.125000 40657.859375
2238 433.309000 39087.125000 40720.937500
2239 433.489000 39087.125000 40599.488281
2240 433.713000 39087.125000 40567.832031
2241 433.895000 39087.125000 40571.929688
2242 434.079000 39087.125000 40552.851563
2243 434.269000 39087.125000 40502.218750
2244 434.480000 39087.125000 40492.664063
2245 434.678000 39087.125000 40519.480469
2246 434.872000 39087.125000 40446.414063
2247 435.050000 39087.125000 40531.496094
2248 435.253000 39087.125000 40436.593750
2249 435.439000 39087.125000 40414.519531
2250 435.633000 39087.125000 40404.464844
2251 435.843000 39087.125000 40474.925781
2252 436.028000 39087.125000 40461.785156
2253 436.218000 39087.125000 40464.773438
2254 436.399000 39087.125000 40533.003906
2255 436.595000 39087.125000 40444.695313
2256 436.784000 39087.125000 40372.851563
2257 436.965000 39087.125000 40351.363281
2258 437.149000 39087.125000 40339.433594
2259 437.350000 39087.125000 40312.695313
2260 437.540000 39087.125000 40471.222656
2261 437.724000 39087.125000 40360.765625
2262 437.926000 39087.125000 40327.496094
2263 438.148000 39087.125000 40324.183594
2264 438.354000 39087.125000 40312.531250
2265 438.514000 39087.125000 40277.886719
2266 438.679000 39087.125000 40345.582031
2267 438.859000 39087.125000 40299.257813
2268 439.059000 39087.125000 40409.359375
2269 439.235000 39087.125000 40369.996094
2270 439.425000 39087.125000 40328.917969
2271 439.615000 39087.125000 40454.933594
2272 439.811000 39087.125000 40521.554688
2273 440.010000 39087.125000 40478.699219
2274 440.203000 39087.125000 40452.988281
2275 440.379000 39087.125000 40404.570313
2276 440.575000 39087.125000 40377.480469
2277 440.801000 39087.125000 40366.640625
2278 440.995000 39087.125000 40323.156250
2279 441.213000 39087.125000 40362.882813
2280 441.409000 39087.125000 40329.378906
2281 441.592000 39087.125000 40327.320313
2282 441.772000 39087.125000 40306.664063
2283 441.932000 39087.125000 40397.765625
2284 442.095000 39087.125000 40635.140625
2285 442.296000 39087.125000 40590.621094
2286 442.503000 39087.125000 40436.781250
2287 442.697000 39087.125000 40369.328125
2288 442.897000 39087.125000 40520.378906
2289 443.087000 39087.125000 40400.789063
2290 443.277000 39087.125000 40390.406250
2291 443.474000 39087.125000 40476.746094
2292 443.672000 39087.125000 40547.902344
2293 443.909000 39087.125000 40453.839844
2294 444.116000 39087.125000 40428.859375
2295 444.319000 39087.125000 40564.976563
2296 444.500000 39087.125000 40489.859375
2297 444.682000 39087.125000 40535.953125
2298 444.858000 39087.125000 40686.707031
2299 445.040000 39087.125000 40571.511719
2300 445.259000 39087.125000 40497.789063
2301 445.468000 39087.125000 40431.054688
2302 445.650000 39087.125000 40395.058594
2303 445.831000 39087.125000 40377.074219
2304 446.002000 39087.125000 40360.835938
2305 446.209000 39087.125000 40328.890625
2306 446.437000 39087.125000 40481.363281
2307 446.643000 39087.125000 40482.824219
2308 446.840000 39087.125000 40465.417969
2309 447.035000 39087.125000 40492.085938
2310 447.247000 39087.125000 40516.746094
2311 447.448000 39087.125000 40500.773438
2312 447.633000 39087.125000 40482.292969
2313 447.842000 39087.125000 40588.578125
2314 448.018000 39087.125000 40544.187500
2315 448.203000 39087.125000 40512.023438
2316 448.429000 39087.125000 40620.906250
2317 448.619000 39087.125000 40456.585938
2318 448.807000 39087.125000 40422.378906
2319 449.005000 39087.125000 40461.113281
2320 449.200000 39087.125000 40453.125000
2321 449.401000 39087.125000 40506.468750
2322 449.624000 39087.125000 40520.195313
