0 0.000000 45527.203125 47136.503906
1 0.195000 44207.863281 47136.503906
2 0.378000 42076.777344 46083.160156
3 0.606000 41815.050781 45394.554688
4 0.802000 41578.074219 44911.273438
5 0.977000 41249.160156 44516.003906
6 1.150000 41161.949219 44181.480469
7 1.326000 41147.425781 43841.343750
8 1.508000 41113.851563 43605.566406
9 1.693000 40819.285156 43328.804688
10 1.878000 40787.183594 43072.386719
11 2.077000 40615.250000 42862.554688
12 2.239000 40402.937500 42657.324219
13 2.423000 40368.699219 42455.894531
14 2.598000 40363.742188 42315.246094
15 2.777000 40359.941406 42123.335938
16 2.944000 40356.265625 41994.355469
17 3.135000 39947.167969 41859.675781
18 3.335000 39938.125000 41731.636719
19 3.528000 39917.722656 41707.238281
20 3.721000 39900.046875 41553.386719
21 3.913000 39900.046875 41436.023438
22 4.082000 39881.066406 41342.851563
23 4.274000 39881.066406 41241.910156
24 4.469000 39866.183594 41172.050781
25 4.659000 39866.183594 41104.718750
26 4.840000 39866.183594 41086.453125
27 5.033000 39866.183594 41008.328125
28 5.218000 39804.382813 40916.960938
29 5.403000 39804.382813 40847.679688
30 5.601000 39682.183594 40779.542969
31 5.819000 39638.488281 40726.519531
32 5.982000 39638.488281 40733.324219
33 6.155000 39638.488281 40690.898438
34 6.347000 39569.410156 40764.757813
35 6.541000 39569.410156 40661.390625
36 6.722000 39566.664063 40605.011719
37 6.932000 39566.664063 40603.183594
38 7.109000 39566.664063 40569.960938
39 7.346000 39566.664063 40540.230469
40 7.539000 39474.148438 40513.187500
41 7.732000 39288.484375 40472.601563
42 7.954000 39288.484375 40425.816406
43 8.132000 39288.484375 40503.636719
44 8.293000 39288.484375 40491.035156
45 8.451000 39288.484375 40497.152344
46 8.650000 39288.484375 40510.972656
47 8.820000 39288.484375 40434.949219
48 9.012000 39288.484375 40459.691406
49 9.198000 39288.484375 40480.824219
50 9.405000 39288.484375 40465.082031
51 9.583000 39288.484375 40428.578125
52 9.778000 39288.484375 40394.363281
53 9.983000 39288.484375 40371.371094
54 10.174000 39288.484375 40344.566406
55 10.359000 39288.484375 40420.140625
56 10.529000 39288.484375 40362.976563
57 10.702000 39288.484375 40343.726563
58 10.865000 39288.484375 40316.671875
59 11.115000 39288.484375 40283.203125
60 11.306000 39288.484375 40256.023438
61 11.497000 39288.484375 40268.078125
62 11.665000 39288.484375 40270.906250
63 11.849000 39288.484375 40255.570313
64 12.031000 39288.484375 40244.800781
65 12.208000 39288.484375 40218.636719
66 12.374000 39288.484375 40212.710938
67 12.566000 39288.484375 40177.390625
68 12.748000 39288.484375 40160.664063
69 12.950000 39288.484375 40165.964844
70 13.142000 39288.484375 40191.609375
71 13.320000 39288.484375 40152.546875
72 13.515000 39288.484375 40129.843750
73 13.726000 39288.484375 40165.343750
74 13.912000 39288.484375 40149.960938
75 14.145000 39288.484375 40127.171875
76 14.334000 39288.484375 40140.167969
77 14.519000 39288.484375 40131.191406
78 14.698000 39288.484375 40117.207031
79 14.868000 39288.484375 40109.621094
80 15.064000 39288.484375 40097.953125
81 15.238000 39288.484375 40077.222656
82 15.441000 39288.484375 40067.761719
83 15.618000 39288.484375 40055.097656
84 15.797000 39288.484375 40043.437500
85 15.980000 39288.484375 40026.468750
86 16.181000 39288.484375 40025.343750
87 16.384000 39288.484375 40023.996094
88 16.553000 39288.484375 40019.351563
89 16.725000 39288.484375 40008.933594
90 16.891000 39288.484375 40012.558594
91 17.070000 39285.007813 40082.976563
92 17.254000 39285.007813 40152.496094
93 17.430000 39269.042969 40112.324219
94 17.609000 39269.042969 40110.425781
95 17.774000 39269.042969 40064.058594
96 17.965000 39269.042969 40069.480469
97 18.156000 39269.042969 40042.230469
98 18.329000 39269.042969 40060.695313
99 18.510000 39269.042969 40051.558594
100 18.691000 39269.042969 40015.894531
101 18.866000 39269.042969 40050.265625
102 19.048000 39269.042969 40036.253906
103 19.247000 39269.042969 40067.535156
104 19.416000 39269.042969 40065.476563
105 19.585000 39269.042969 40062.179688
106 19.763000 39269.042969 40017.453125
107 19.955000 39269.042969 40035.851563
108 20.137000 39269.042969 40004.859375
109 20.336000 39269.042969 39992.296875
110 20.493000 39269.042969 40076.597656
111 20.672000 39269.042969 40092.812500
112 20.869000 39269.042969 40084.820313
113 21.064000 39253.164063 40025.234375
114 21.264000 39253.164063 40017.132813
115 21.476000 39253.164063 39979.765625
116 21.667000 39253.164063 39964.300781
117 21.856000 39232.734375 40050.910156
118 22.029000 39123.402344 40004.792969
119 22.186000 38925.515625 39979.695313
120 22.360000 38925.515625 40035.898438
121 22.530000 38925.515625 39981.707031
122 22.707000 38925.515625 39979.390625
123 22.904000 38925.515625 39959.542969
124 23.096000 38925.515625 39997.367188
125 23.265000 38925.515625 39985.082031
126 23.445000 38925.515625 39974.824219
127 23.614000 38925.515625 39957.636719
128 23.789000 38925.515625 39991.300781
129 23.964000 38925.515625 40028.691406
130 24.137000 38925.515625 40011.796875
131 24.304000 38925.515625 39995.460938
132 24.478000 38925.515625 39993.207031
133 24.648000 38925.515625 39986.949219
134 24.827000 38925.515625 39976.417969
135 24.996000 38925.515625 39969.585938
136 25.178000 38925.515625 40013.441406
137 25.368000 38925.515625 39995.578125
138 25.542000 38925.515625 40008.621094
139 25.729000 38925.515625 39987.222656
140 25.900000 38925.515625 39971.675781
141 26.082000 38915.425781 40001.300781
142 26.263000 38915.425781 40032.500000
143 26.425000 38915.425781 40007.777344
144 26.614000 38915.425781 40059.933594
145 26.786000 38915.425781 40079.148438
146 26.969000 38915.425781 40033.128906
147 27.158000 38915.425781 40027.636719
148 27.347000 38915.425781 39999.054688
149 27.517000 38915.425781 39987.234375
150 27.694000 38915.425781 39982.863281
151 27.878000 38915.425781 40019.976563
152 28.038000 38915.425781 40050.746094
153 28.227000 38915.425781 40023.156250
154 28.402000 38915.425781 40009.027344
155 28.567000 38915.425781 40003.972656
156 28.736000 38915.425781 39996.636719
157 28.936000 38915.425781 39995.175781
158 29.103000 38915.425781 39994.898438
159 29.326000 38915.425781 39967.750000
160 29.515000 38915.425781 39963.773438
161 29.683000 38915.425781 40035.625000
162 29.873000 38915.425781 39993.164063
163 30.076000 38915.425781 39987.417969
164 30.275000 38915.425781 39956.554688
165 30.450000 38915.425781 39998.824219
166 30.639000 38915.425781 39992.839844
167 30.848000 38915.425781 40029.347656
168 31.026000 38915.425781 40009.085938
169 31.215000 38915.425781 39988.261719
170 31.412000 38915.425781 39986.574219
171 31.654000 38915.425781 39982.285156
172 31.843000 38915.425781 39979.132813
173 32.016000 38915.425781 40009.687500
174 32.206000 38915.425781 40005.367188
175 32.378000 38915.425781 39973.242188
176 32.572000 38915.425781 39944.851563
177 32.763000 38915.425781 39954.281250
178 32.958000 38915.425781 39944.808594
179 33.138000 38915.425781 39923.558594
180 33.322000 38915.425781 39918.972656
181 33.523000 38915.425781 39916.449219
182 33.721000 38915.425781 39912.269531
183 33.915000 38915.425781 39907.937500
184 34.090000 38915.425781 39937.585938
185 34.265000 38915.425781 39924.894531
186 34.448000 38915.425781 39920.914063
187 34.602000 38915.425781 39956.847656
188 34.783000 38915.425781 39949.132813
189 34.954000 38915.425781 39965.992188
190 35.138000 38915.425781 39958.851563
191 35.320000 38915.425781 39937.281250
192 35.488000 38915.425781 39933.406250
193 35.667000 38915.425781 39920.496094
194 35.851000 38915.425781 39964.636719
195 36.036000 38915.425781 39973.617188
196 36.202000 38915.425781 40025.941406
197 36.386000 38915.425781 39945.984375
198 36.561000 38915.425781 39979.527344
199 36.735000 38915.425781 39984.121094
200 36.896000 38915.425781 40061.453125
201 37.063000 38915.425781 40055.414063
202 37.253000 38915.425781 40034.953125
203 37.436000 38915.425781 40020.140625
204 37.622000 38915.425781 39994.621094
205 37.813000 38915.425781 39980.644531
206 37.988000 38915.425781 39953.304688
207 38.151000 38915.425781 39961.593750
208 38.312000 38915.425781 39959.773438
209 38.478000 38915.425781 39947.820313
210 38.661000 38915.425781 39937.441406
211 38.839000 38915.425781 39914.492188
212 39.021000 38915.425781 39917.609375
213 39.187000 38915.425781 39895.488281
214 39.379000 38915.425781 39893.289063
215 39.555000 38915.425781 39906.070313
216 39.781000 38915.425781 39890.890625
217 39.956000 38915.425781 39877.960938
218 40.143000 38915.425781 39862.996094
219 40.327000 38915.425781 39879.171875
220 40.526000 38915.425781 39871.566406
221 40.690000 38915.425781 39859.593750
222 40.877000 38915.425781 39854.808594
223 41.063000 38915.425781 39880.378906
224 41.237000 38915.425781 39878.496094
225 41.423000 38915.425781 39852.300781
226 41.611000 38915.425781 39845.292969
227 41.790000 38915.425781 39932.847656
228 41.953000 38915.425781 39862.281250
229 42.121000 38915.425781 39858.699219
230 42.296000 38915.425781 39854.703125
231 42.484000 38915.425781 39852.050781
232 42.668000 38915.425781 39864.468750
233 42.853000 38915.425781 39865.652344
234 43.030000 38915.425781 39861.968750
235 43.201000 38915.425781 39856.152344
236 43.376000 38915.425781 39854.398438
237 43.555000 38915.425781 39836.996094
238 43.748000 38915.425781 39833.703125
239 43.930000 38915.425781 39829.808594
240 44.116000 38915.425781 39824.429688
241 44.289000 38915.425781 39818.746094
