0 0.000000 45354.019531 47348.566406
1 0.102000 43921.136719 47348.566406
2 0.189000 43833.695313 49925.539063
3 0.281000 43405.246094 54235.613281
4 0.374000 43218.097656 55817.183594
5 0.496000 42941.929688 59292.480469
6 0.586000 42277.355469 62151.605469
7 0.671000 42267.132813 67441.164063
8 0.795000 42128.675781 69052.117188
9 0.906000 42127.855469 70365.867188
10 1.009000 41927.890625 70193.578125
11 1.100000 41732.589844 71166.914063
12 1.189000 41319.558594 72412.109375
13 1.281000 41220.167969 76668.765625
14 1.373000 41056.261719 76585.398438
15 1.470000 40900.511719 75741.023438
16 1.540000 40896.769531 73472.648438
17 1.638000 40804.949219 71980.476563
18 1.729000 40706.558594 69243.031250
19 1.811000 40519.214844 76447.968750
20 1.901000 40436.269531 73615.984375
21 1.985000 40436.269531 83469.296875
22 2.074000 40436.269531 80188.218750
23 2.162000 40374.667969 80276.687500
24 2.253000 40287.351563 88941.078125
25 2.346000 40266.281250 83767.156250
26 2.438000 40266.281250 82137.023438
27 2.527000 40266.281250 83459.078125
28 2.624000 40266.281250 97428.500000
29 2.706000 40266.281250 95058.382813
30 2.805000 40266.281250 85193.992188
31 2.891000 40266.281250 85947.437500
32 2.979000 40266.281250 83035.218750
33 3.063000 40266.281250 86540.859375
34 3.156000 40266.281250 86939.757813
35 3.240000 40266.281250 85133.976563
36 3.322000 40266.281250 82565.593750
37 3.398000 40266.281250 80191.031250
38 3.479000 40266.281250 85243.093750
39 3.567000 40266.281250 87485.093750
40 3.670000 40266.281250 88683.531250
41 3.780000 40266.281250 84939.406250
42 3.889000 40266.281250 85854.343750
43 3.988000 40266.281250 80468.171875
44 4.091000 40266.281250 86155.882813
45 4.185000 40266.281250 83816.539063
46 4.259000 40266.281250 86182.929688
47 4.342000 40266.281250 94946.859375
48 4.436000 40266.281250 94085.429688
49 4.531000 40266.281250 90636.296875
50 4.633000 40266.281250 93912.671875
51 4.746000 40266.281250 97066.179688
52 4.851000 40266.281250 94903.328125
53 4.950000 40266.281250 94463.476563
54 5.030000 40266.281250 87089.937500
55 5.119000 40266.281250 89464.492188
56 5.200000 40266.281250 90528.210938
57 5.298000 40266.281250 97853.539063
58 5.391000 40266.281250 94785.890625
59 5.472000 40266.281250 95976.140625
60 5.568000 40266.281250 94020.882813
61 5.664000 40266.281250 89293.796875
62 5.741000 40266.281250 93141.960938
63 5.832000 40266.281250 90985.179688
64 5.940000 40266.281250 89170.929688
65 6.059000 40266.281250 90110.710938
66 6.153000 40266.281250 83201.023438
67 6.240000 40266.281250 81407.921875
68 6.331000 40266.281250 82465.867188
69 6.414000 40266.281250 82483.359375
70 6.499000 40266.281250 80653.031250
71 6.599000 40266.281250 87329.679688
72 6.698000 40266.281250 91348.757813
73 6.785000 40266.281250 85988.820313
74 6.890000 40266.281250 85923.976563
75 6.991000 40266.281250 86759.328125
76 7.087000 40266.281250 91182.226563
77 7.171000 40266.281250 87662.289063
78 7.264000 40266.281250 83399.562500
79 7.346000 40266.281250 86242.937500
80 7.436000 40266.281250 91428.679688
81 7.507000 40266.281250 87749.750000
82 7.601000 40266.281250 87929.671875
83 7.700000 40266.281250 86753.570313
84 7.794000 40266.281250 82244.906250
85 7.874000 40266.281250 88506.179688
86 7.962000 40266.281250 84456.367188
87 8.058000 40266.281250 78859.726563
88 8.161000 40266.281250 86795.453125
89 8.238000 40266.281250 85511.960938
90 8.329000 40266.281250 87057.710938
91 8.416000 40266.281250 84154.742188
92 8.503000 40266.281250 88988.773438
93 8.593000 40266.281250 89736.257813
94 8.673000 40266.281250 86094.828125
95 8.764000 40266.281250 85966.710938
96 8.859000 40266.281250 86748.453125
97 8.943000 40266.281250 93290.687500
98 9.032000 40266.281250 93648.148438
99 9.128000 40266.281250 88057.531250
100 9.211000 40266.281250 86690.250000
101 9.295000 40266.281250 88140.601563
102 9.418000 40266.281250 92211.851563
103 9.524000 40266.281250 89712.203125
104 9.606000 40266.281250 87946.742188
105 9.708000 40266.281250 81260.523438
106 9.783000 40266.281250 89435.398438
107 9.862000 40266.281250 88347.367188
108 9.954000 40266.281250 93733.296875
109 10.049000 40266.281250 91627.929688
110 10.147000 40266.281250 91376.031250
111 10.233000 40266.281250 87864.820313
112 10.323000 40266.281250 87676.039063
113 10.409000 40266.281250 88134.523438
114 10.499000 40266.281250 90749.718750
115 10.585000 40266.281250 89950.851563
116 10.669000 40266.281250 93224.726563
117 10.760000 40266.281250 99296.242188
118 10.838000 40266.281250 91465.757813
119 10.923000 40266.281250 95929.531250
120 11.006000 40266.281250 92588.007813
121 11.089000 40266.281250 88069.062500
122 11.182000 40266.281250 91036.921875
123 11.269000 40266.281250 90907.843750
124 11.354000 40266.281250 91182.593750
125 11.438000 40266.281250 96303.226563
126 11.525000 40266.281250 92624.898438
127 11.614000 40266.281250 90739.789063
128 11.708000 40266.281250 100080.968750
129 11.806000 40266.281250 92645.789063
130 11.910000 40266.281250 94473.679688
131 12.009000 40266.281250 91433.320313
132 12.106000 40266.281250 83247.429688
133 12.199000 40266.281250 81665.273438
134 12.309000 40266.281250 78304.328125
135 12.392000 40266.281250 80475.625000
136 12.478000 40266.281250 88519.203125
137 12.573000 40266.281250 85665.750000
138 12.673000 40266.281250 82155.976563
139 12.762000 40266.281250 87897.890625
140 12.862000 40266.281250 89219.750000
141 12.962000 40266.281250 86238.523438
142 13.053000 40266.281250 83423.531250
143 13.145000 40266.281250 85843.562500
144 13.230000 40266.281250 84513.242188
145 13.320000 40266.281250 86815.648438
146 13.410000 40266.281250 84921.250000
147 13.481000 40266.281250 84632.437500
148 13.565000 40266.281250 88277.031250
149 13.639000 40266.281250 85135.453125
150 13.720000 40266.281250 80763.562500
151 13.811000 40266.281250 81506.179688
152 13.891000 40266.281250 84530.203125
153 13.985000 40266.281250 84977.320313
154 14.070000 40266.281250 84868.031250
155 14.157000 40266.281250 86725.398438
156 14.253000 40266.281250 91243.039063
157 14.342000 40266.281250 89521.359375
158 14.411000 40266.281250 89586.820313
159 14.492000 40266.281250 92122.500000
160 14.582000 40266.281250 95747.382813
161 14.664000 40266.281250 93955.671875
162 14.752000 40266.281250 90024.101563
163 14.840000 40266.281250 89565.468750
164 14.917000 40266.281250 85811.750000
165 15.027000 40266.281250 90366.359375
166 15.127000 40266.281250 90016.570313
167 15.220000 40266.281250 88775.937500
168 15.305000 40266.281250 83311.906250
169 15.381000 40266.281250 84760.203125
170 15.477000 40266.281250 83819.507813
171 15.573000 40266.281250 83518.554688
172 15.667000 40266.281250 80705.804688
173 15.753000 40266.281250 81285.640625
174 15.830000 40266.281250 86749.843750
175 15.927000 40266.281250 89888.710938
176 16.027000 40266.281250 89677.320313
177 16.104000 40266.281250 89595.593750
178 16.192000 40266.281250 93495.007813
179 16.277000 40266.281250 94428.929688
180 16.366000 40266.281250 90141.718750
181 16.457000 40266.281250 89398.148438
182 16.543000 40266.281250 87465.851563
183 16.641000 40266.281250 88025.500000
184 16.732000 40266.281250 90349.757813
185 16.814000 40266.281250 91309.710938
186 16.915000 40266.281250 86154.007813
187 17.012000 40266.281250 89517.968750
188 17.110000 40266.281250 90696.367188
189 17.196000 40266.281250 86587.976563
190 17.271000 40266.281250 83007.242188
191 17.372000 40266.281250 89146.593750
192 17.460000 40266.281250 90829.007813
193 17.538000 40266.281250 88242.406250
194 17.629000 40266.281250 84578.578125
195 17.722000 40266.281250 84717.937500
196 17.817000 40266.281250 84990.000000
197 17.909000 40266.281250 84146.671875
198 18.011000 40266.281250 88321.492188
199 18.104000 40266.281250 84495.492188
200 18.187000 40266.281250 89794.343750
201 18.272000 40266.281250 85329.093750
202 18.359000 40266.281250 84956.070313
203 18.440000 40266.281250 79179.867188
204 18.534000 40266.281250 82855.164063
205 18.614000 40266.281250 80645.257813
206 18.698000 40266.281250 76871.304688
207 18.788000 40266.281250 78592.960938
208 18.889000 40266.281250 75878.703125
209 18.977000 40266.281250 81068.015625
210 19.078000 40266.281250 87510.296875
211 19.167000 40266.281250 80976.046875
212 19.251000 40266.281250 79705.476563
213 19.336000 40266.281250 79535.187500
214 19.432000 40266.281250 79504.414063
215 19.522000 40266.281250 78727.343750
216 19.614000 40266.281250 79552.187500
217 19.719000 40266.281250 80159.843750
218 19.815000 40266.281250 76429.492188
219 19.904000 40266.281250 76015.648438
220 19.998000 40266.281250 78367.906250
221 20.085000 40266.281250 80191.468750
222 20.180000 40266.281250 83085.664063
223 20.265000 40266.281250 79412.156250
224 20.351000 40266.281250 81647.750000
225 20.429000 40266.281250 79947.812500
226 20.509000 40266.281250 77959.328125
227 20.598000 40266.281250 81808.898438
228 20.692000 40266.281250 80573.164063
229 20.764000 40266.281250 84265.039063
230 20.844000 40266.281250 86390.460938
231 20.936000 40266.281250 83710.335938
232 21.020000 40266.281250 86501.562500
233 21.108000 40266.281250 85894.656250
234 21.197000 40266.281250 83685.953125
235 21.291000 40266.281250 76780.031250
236 21.375000 40266.281250 74254.062500
237 21.466000 40266.281250 71847.187500
238 21.561000 40266.281250 79369.164063
239 21.648000 40266.281250 79484.968750
240 21.724000 40266.281250 79443.570313
241 21.809000 40266.281250 85429.570313
242 21.889000 40266.281250 84831.476563
243 21.981000 40266.281250 89985.851563
244 22.073000 40266.281250 87100.742188
245 22.155000 40266.281250 80323.703125
246 22.240000 40266.281250 88047.507813
247 22.329000 40266.281250 83968.203125
248 22.430000 40266.281250 85876.906250
249 22.517000 40266.281250 85422.078125
250 22.601000 40266.281250 84138.656250
251 22.701000 40266.281250 81338.945313
252 22.781000 40266.281250 85429.078125
253 22.861000 40266.281250 92242.742188
254 22.955000 40266.281250 88866.843750
255 23.047000 40266.281250 85412.906250
256 23.142000 40266.281250 80485.453125
257 23.227000 40266.281250 76305.882813
258 23.313000 40266.281250 74935.546875
259 23.397000 40266.281250 79285.492188
260 23.492000 40266.281250 79556.117188
261 23.571000 40266.281250 81103.164063
262 23.662000 40266.281250 79894.273438
263 23.755000 40266.281250 81922.734375
264 23.848000 40266.281250 77894.453125
265 23.936000 40266.281250 76129.984375
266 24.035000 40266.281250 74168.882813
267 24.143000 40266.281250 78027.148438
268 24.229000 40266.281250 81092.242188
269 24.301000 40266.281250 78806.054688
270 24.399000 40266.281250 80915.562500
271 24.485000 40266.281250 82814.382813
272 24.556000 40266.281250 84169.906250
273 24.637000 40266.281250 82559.031250
274 24.719000 40266.281250 84767.968750
275 24.812000 40266.281250 86640.343750
276 24.899000 40266.281250 91019.398438
277 24.989000 40266.281250 88964.859375
278 25.064000 40266.281250 87743.789063
279 25.161000 40266.281250 87526.140625
280 25.251000 40266.281250 85414.710938
281 25.339000 40266.281250 88017.992188
282 25.428000 40266.281250 93892.210938
283 25.523000 40266.281250 93827.671875
284 25.612000 40266.281250 94526.570313
285 25.697000 40266.281250 93767.210938
286 25.776000 40266.281250 93159.843750
287 25.870000 40266.281250 91396.656250
288 25.957000 40266.281250 90763.500000
289 26.058000 40266.281250 89653.937500
290 26.151000 40266.281250 89912.718750
291 26.242000 40266.281250 91167.359375
292 26.340000 40266.281250 88579.687500
293 26.436000 40266.281250 90620.671875
294 26.525000 40266.281250 87987.437500
295 26.617000 40266.281250 96000.453125
296 26.710000 40266.281250 100007.648438
297 26.795000 40266.281250 96634.210938
298 26.885000 40266.281250 91654.742188
299 26.969000 40266.281250 92948.570313
300 27.066000 40266.281250 90861.507813
301 27.158000 40266.281250 87469.273438
302 27.256000 40266.281250 85318.093750
303 27.340000 40266.281250 83464.523438
304 27.435000 40266.281250 80911.453125
305 27.542000 40266.281250 76889.296875
306 27.625000 40266.281250 83348.007813
307 27.707000 40266.281250 86293.828125
308 27.790000 40266.281250 86237.593750
309 27.875000 40266.281250 88612.812500
310 27.959000 40266.281250 99947.070313
311 28.040000 40266.281250 96692.921875
312 28.126000 40266.281250 97146.742188
313 28.211000 40266.281250 92227.437500
314 28.306000 40266.281250 99214.281250
315 28.389000 40266.281250 98666.242188
316 28.480000 40266.281250 105286.101563
317 28.569000 40266.281250 98656.429688
318 28.648000 40266.281250 98148.781250
319 28.736000 40266.281250 98091.898438
320 28.826000 40266.281250 96237.406250
321 28.910000 40266.281250 95775.492188
322 29.011000 40266.281250 94999.570313
323 29.099000 40266.281250 97626.062500
324 29.199000 40266.281250 92903.703125
325 29.291000 40266.281250 96266.992188
326 29.378000 40266.281250 96771.070313
327 29.468000 40266.281250 96538.953125
328 29.577000 40266.281250 91938.648438
329 29.683000 40266.281250 87211.976563
330 29.777000 40266.281250 89275.578125
331 29.877000 40266.281250 85325.351563
332 29.970000 40266.281250 84345.648438
333 30.074000 40266.281250 87262.367188
334 30.178000 40266.281250 92650.187500
335 30.254000 40266.281250 86970.851563
336 30.342000 40266.281250 82379.500000
337 30.435000 40266.281250 80568.703125
338 30.516000 40266.281250 90921.148438
339 30.599000 40266.281250 88911.570313
340 30.682000 40266.281250 90890.453125
341 30.782000 40266.281250 88356.937500
342 30.865000 40266.281250 84898.117188
343 30.955000 40266.281250 85442.718750
344 31.057000 40266.281250 89942.562500
345 31.153000 40266.281250 88498.820313
346 31.254000 40266.281250 84679.156250
347 31.348000 40266.281250 86447.859375
348 31.441000 40266.281250 84685.328125
349 31.537000 40266.281250 92482.968750
350 31.637000 40266.281250 92944.179688
351 31.727000 40266.281250 85970.210938
352 31.831000 40266.281250 89356.953125
353 31.917000 40266.281250 93478.156250
354 32.009000 40266.281250 100957.843750
355 32.104000 40266.281250 96981.578125
356 32.194000 40266.281250 92224.500000
357 32.292000 40266.281250 98382.820313
358 32.391000 40266.281250 94609.460938
359 32.493000 40266.281250 95185.718750
360 32.587000 40266.281250 91636.500000
361 32.684000 40266.281250 85254.726563
362 32.779000 40266.281250 86498.609375
363 32.867000 40266.281250 89791.351563
364 32.966000 40266.281250 88963.296875
365 33.066000 40266.281250 89908.507813
366 33.156000 40266.281250 92100.789063
367 33.252000 40266.281250 92745.500000
368 33.342000 40266.281250 89522.257813
369 33.433000 40266.281250 88410.328125
370 33.530000 40266.281250 93714.656250
371 33.612000 40266.281250 89981.140625
372 33.710000 40266.281250 86835.726563
373 33.801000 40266.281250 83192.890625
374 33.891000 40266.281250 90785.750000
375 33.994000 40266.281250 85823.320313
376 34.091000 40266.281250 83951.093750
377 34.188000 40266.281250 87314.929688
378 34.280000 40266.281250 91609.671875
379 34.392000 40266.281250 88644.843750
380 34.517000 40266.281250 87657.000000
381 34.611000 40266.281250 89836.000000
382 34.692000 40266.281250 87120.320313
383 34.786000 40266.281250 95443.906250
384 34.879000 40266.281250 96145.109375
385 34.977000 40266.281250 96803.273438
386 35.068000 40266.281250 90599.750000
387 35.152000 40266.281250 92827.539063
388 35.243000 40266.281250 100599.343750
389 35.344000 40266.281250 99794.718750
390 35.427000 40266.281250 95992.210938
391 35.516000 40266.281250 95792.093750
392 35.611000 40266.281250 92425.859375
393 35.703000 40266.281250 95764.156250
394 35.787000 40266.281250 90379.109375
395 35.892000 40266.281250 89792.398438
396 36.001000 40266.281250 83791.843750
397 36.112000 40266.281250 81164.648438
398 36.210000 40266.281250 81493.242188
399 36.308000 40266.281250 81571.578125
400 36.392000 40266.281250 83268.117188
401 36.490000 40266.281250 88291.906250
402 36.585000 40266.281250 85276.617188
403 36.671000 40266.281250 81307.117188
404 36.779000 40266.281250 79375.703125
405 36.885000 40266.281250 80920.976563
406 36.984000 40266.281250 87372.242188
407 37.072000 40266.281250 85184.632813
408 37.165000 40266.281250 81551.820313
409 37.254000 40266.281250 80600.992188
410 37.337000 40266.281250 86172.539063
411 37.431000 40266.281250 86910.867188
412 37.536000 40266.281250 86166.460938
413 37.616000 40266.281250 84844.429688
414 37.702000 40266.281250 80404.648438
415 37.794000 40266.281250 80266.226563
416 37.884000 40266.281250 82030.898438
417 37.981000 40266.281250 78366.328125
418 38.084000 40266.281250 76334.203125
419 38.176000 40266.281250 76278.523438
420 38.268000 40266.281250 83382.507813
421 38.363000 40266.281250 90001.640625
422 38.461000 40266.281250 85929.031250
423 38.536000 40266.281250 88497.812500
424 38.621000 40266.281250 88844.250000
425 38.709000 40266.281250 82372.812500
426 38.808000 40266.281250 84761.859375
427 38.895000 40266.281250 83464.718750
428 38.991000 40266.281250 86584.937500
429 39.081000 40266.281250 86713.218750
430 39.179000 40266.281250 85891.460938
431 39.279000 40266.281250 85076.898438
432 39.370000 40266.281250 86687.523438
433 39.456000 40266.281250 91272.218750
434 39.531000 40266.281250 92832.828125
435 39.625000 40266.281250 86232.281250
436 39.705000 40266.281250 95985.640625
437 39.800000 40266.281250 94639.632813
438 39.883000 40266.281250 97147.906250
439 39.997000 40266.281250 95026.882813
440 40.094000 40266.281250 91355.867188
441 40.178000 40266.281250 88338.437500
442 40.271000 40266.281250 88372.460938
443 40.364000 40266.281250 85415.437500
444 40.462000 40266.281250 91369.242188
445 40.558000 40266.281250 93390.398438
446 40.662000 40266.281250 97150.148438
447 40.743000 40266.281250 96052.140625
448 40.842000 40266.281250 92834.203125
449 40.950000 40266.281250 88610.289063
450 41.038000 40266.281250 90492.929688
451 41.145000 40266.281250 93271.179688
452 41.252000 40266.281250 88448.460938
453 41.353000 40266.281250 91720.546875
454 41.428000 40266.281250 94068.140625
455 41.517000 40266.281250 97067.789063
456 41.623000 40266.281250 94741.648438
457 41.724000 40266.281250 96508.437500
458 41.820000 40266.281250 91812.367188
459 41.929000 40266.281250 96286.140625
460 42.030000 40266.281250 94120.031250
461 42.118000 40266.281250 93077.382813
462 42.203000 40266.281250 89146.367188
463 42.296000 40266.281250 92318.406250
464 42.385000 40266.281250 92923.296875
465 42.478000 40266.281250 90479.851563
466 42.563000 40266.281250 93411.367188
467 42.650000 40266.281250 95039.601563
468 42.744000 40266.281250 91381.140625
469 42.834000 40266.281250 91220.078125
470 42.926000 40266.281250 87589.460938
471 43.013000 40266.281250 86899.500000
472 43.082000 40266.281250 86618.343750
473 43.166000 40266.281250 87387.656250
474 43.267000 40266.281250 87074.320313
475 43.367000 40266.281250 86652.820313
476 43.441000 40266.281250 87405.320313
477 43.524000 40266.281250 90897.828125
478 43.622000 40266.281250 86079.203125
479 43.713000 40266.281250 89080.632813
480 43.803000 40266.281250 92839.359375
481 43.880000 40266.281250 97065.132813
482 43.954000 40266.281250 93586.601563
483 44.039000 40266.281250 91521.843750
484 44.124000 40266.281250 92640.773438
485 44.215000 40266.281250 88387.226563
486 44.314000 40266.281250 93491.109375
487 44.412000 40266.281250 93615.117188
488 44.501000 40266.281250 87285.187500
489 44.597000 40266.281250 92894.929688
490 44.686000 40266.281250 85706.367188
491 44.780000 40266.281250 86247.218750
492 44.866000 40266.281250 88543.500000
493 44.958000 40266.281250 85532.312500
494 45.049000 40266.281250 81954.843750
495 45.144000 40266.281250 83083.656250
496 45.233000 40266.281250 79053.164063
497 45.322000 40266.281250 81967.656250
498 45.416000 40266.281250 85105.640625
499 45.497000 40266.281250 82815.445313
500 45.600000 40266.281250 91954.203125
501 45.693000 40266.281250 89363.257813
502 45.794000 40266.281250 89569.070313
503 45.899000 40266.281250 88306.750000
504 45.988000 40266.281250 87773.898438
505 46.075000 40266.281250 89578.539063
506 46.170000 40266.281250 84848.343750
507 46.265000 40266.281250 85378.898438
508 46.362000 40266.281250 83877.828125
509 46.447000 40266.281250 81675.601563
510 46.529000 40266.281250 87006.218750
511 46.624000 40266.281250 89026.757813
512 46.692000 40266.281250 85310.062500
513 46.779000 40266.281250 87529.460938
514 46.860000 40266.281250 80314.062500
515 46.937000 40266.281250 80482.421875
516 47.041000 40266.281250 83622.484375
517 47.129000 40266.281250 84312.890625
518 47.226000 40266.281250 85881.867188
519 47.321000 40266.281250 89447.546875
520 47.401000 40266.281250 89130.679688
521 47.485000 40266.281250 87918.203125
522 47.573000 40266.281250 95778.453125
523 47.645000 40266.281250 89533.570313
524 47.747000 40266.281250 94249.210938
525 47.837000 40266.281250 86424.953125
526 47.932000 40266.281250 84993.398438
527 48.013000 40266.281250 93083.437500
528 48.121000 40266.281250 87721.828125
529 48.227000 40266.281250 82077.539063
530 48.323000 40266.281250 83734.523438
531 48.418000 40266.281250 83644.351563
532 48.543000 40266.281250 83785.882813
533 48.647000 40266.281250 83452.265625
534 48.736000 40266.281250 84109.156250
535 48.838000 40266.281250 86032.937500
536 48.930000 40266.281250 92303.171875
537 49.015000 40266.281250 92712.710938
538 49.103000 40266.281250 94163.789063
539 49.191000 40266.281250 90289.343750
540 49.276000 40266.281250 93435.437500
541 49.368000 40266.281250 91066.171875
542 49.465000 40266.281250 93006.593750
543 49.562000 40266.281250 97795.398438
544 49.661000 40266.281250 91949.453125
545 49.753000 40266.281250 90367.468750
546 49.851000 40266.281250 88424.921875
547 49.943000 40266.281250 92652.007813
548 50.041000 40266.281250 85819.289063
549 50.133000 40266.281250 94064.398438
550 50.226000 40266.281250 90493.500000
551 50.315000 40266.281250 87012.023438
552 50.432000 40266.281250 83086.023438
553 50.522000 40266.281250 82386.562500
554 50.617000 40266.281250 86798.632813
555 50.699000 40266.281250 81251.273438
556 50.802000 40266.281250 82509.773438
557 50.880000 40266.281250 81085.390625
558 50.972000 40266.281250 87718.898438
559 51.058000 40266.281250 88549.593750
560 51.144000 40266.281250 92370.992188
561 51.235000 40266.281250 89008.406250
562 51.327000 40266.281250 88622.343750
563 51.414000 40266.281250 89875.523438
564 51.510000 40266.281250 88753.078125
565 51.605000 40266.281250 87412.281250
566 51.694000 40266.281250 84898.476563
567 51.788000 40266.281250 82055.664063
568 51.872000 40266.281250 83717.453125
569 51.960000 40266.281250 83531.609375
570 52.042000 40266.281250 85844.382813
571 52.136000 40266.281250 82660.992188
572 52.238000 40266.281250 78105.531250
573 52.330000 40266.281250 88762.429688
574 52.423000 40266.281250 86774.242188
575 52.516000 40266.281250 89249.640625
576 52.599000 40266.281250 94775.023438
577 52.695000 40266.281250 91169.281250
578 52.804000 40266.281250 85138.656250
579 52.897000 40266.281250 86099.617188
580 52.983000 40266.281250 87443.492188
581 53.066000 40266.281250 84210.976563
582 53.178000 40266.281250 90008.453125
583 53.270000 40266.281250 88112.148438
584 53.368000 40266.281250 87889.789063
585 53.447000 40266.281250 88346.062500
586 53.548000 40266.281250 88299.156250
587 53.643000 40266.281250 87934.109375
588 53.725000 40266.281250 90472.109375
589 53.819000 40266.281250 97542.250000
590 53.913000 40266.281250 89495.460938
591 54.015000 40266.281250 93565.210938
592 54.101000 40266.281250 93064.437500
593 54.188000 40266.281250 90654.843750
594 54.262000 40266.281250 93249.570313
595 54.344000 40266.281250 96770.140625
596 54.442000 40266.281250 91363.039063
597 54.534000 40266.281250 91623.343750
598 54.622000 40266.281250 91089.046875
599 54.725000 40266.281250 90575.671875
600 54.815000 40266.281250 92335.851563
601 54.891000 40266.281250 92612.242188
602 54.983000 40266.281250 97532.296875
603 55.079000 40266.281250 93970.937500
604 55.177000 40266.281250 97375.296875
605 55.273000 40266.281250 94184.656250
606 55.361000 40266.281250 96121.976563
607 55.428000 40266.281250 96766.070313
608 55.511000 40266.281250 97451.242188
609 55.590000 40266.281250 93030.539063
610 55.685000 40266.281250 95397.492188
611 55.796000 40266.281250 95147.742188
612 55.884000 40266.281250 97282.492188
613 55.971000 40266.281250 97692.281250
614 56.053000 40266.281250 99427.953125
615 56.138000 40266.281250 95864.539063
616 56.223000 40266.281250 94982.507813
617 56.322000 40266.281250 88097.703125
618 56.453000 40266.281250 90685.273438
619 56.555000 40266.281250 91411.703125
620 56.643000 40266.281250 94457.156250
621 56.731000 40266.281250 91276.929688
622 56.828000 40266.281250 91449.562500
623 56.918000 40266.281250 83415.210938
624 57.008000 40266.281250 85774.148438
625 57.107000 40266.281250 87555.070313
626 57.191000 40266.281250 83269.187500
627 57.285000 40266.281250 89284.500000
628 57.364000 40266.281250 87276.593750
629 57.455000 40266.281250 89435.843750
630 57.545000 40266.281250 87866.203125
631 57.645000 40266.281250 84882.500000
632 57.733000 40266.281250 84992.140625
633 57.813000 40266.281250 81561.085938
634 57.902000 40266.281250 91732.796875
635 57.990000 40266.281250 86723.320313
636 58.079000 40266.281250 89348.859375
637 58.171000 40266.281250 95282.179688
638 58.250000 40266.281250 90219.718750
639 58.336000 40266.281250 88532.546875
640 58.421000 40266.281250 87421.210938
641 58.502000 40266.281250 90046.289063
642 58.595000 40266.281250 86030.882813
643 58.690000 40266.281250 92762.039063
644 58.793000 40266.281250 91338.296875
645 58.881000 40266.281250 83480.328125
646 58.977000 40266.281250 85497.898438
647 59.068000 40266.281250 93880.453125
648 59.168000 40266.281250 97106.390625
649 59.262000 40266.281250 96417.687500
650 59.351000 40266.281250 91430.203125
651 59.457000 40266.281250 88527.320313
652 59.537000 40266.281250 86943.039063
653 59.632000 40266.281250 81740.898438
654 59.715000 40266.281250 87179.796875
655 59.802000 40266.281250 85071.531250
656 59.886000 40266.281250 88825.460938
657 59.988000 40266.281250 91569.843750
658 60.072000 40266.281250 85619.976563
659 60.152000 40266.281250 91372.000000
660 60.246000 40266.281250 96305.601563
661 60.344000 40266.281250 89468.781250
662 60.446000 40266.281250 88487.351563
663 60.533000 40266.281250 88376.000000
664 60.615000 40266.281250 88467.351563
665 60.706000 40266.281250 93239.796875
666 60.802000 40266.281250 93790.953125
667 60.892000 40266.281250 91266.453125
668 60.971000 40266.281250 96443.210938
669 61.075000 40266.281250 96340.226563
670 61.153000 40266.281250 96787.281250
671 61.238000 40266.281250 97642.609375
672 61.325000 40266.281250 96915.007813
673 61.407000 40266.281250 98627.140625
674 61.515000 40266.281250 96416.171875
675 61.612000 40266.281250 93873.507813
676 61.702000 40266.281250 93544.429688
677 61.790000 40266.281250 92562.593750
678 61.882000 40266.281250 94930.148438
679 61.991000 40266.281250 97023.218750
680 62.083000 40266.281250 90385.859375
681 62.183000 40266.281250 97919.226563
682 62.271000 40266.281250 94456.179688
683 62.357000 40266.281250 93472.046875
684 62.445000 40266.281250 95117.757813
685 62.533000 40266.281250 97040.890625
686 62.640000 40266.281250 91869.101563
687 62.735000 40266.281250 86958.492188
688 62.838000 40266.281250 88597.281250
689 62.941000 40266.281250 93494.062500
690 63.032000 40266.281250 89595.367188
691 63.127000 40266.281250 85177.921875
692 63.256000 40266.281250 87634.843750
693 63.348000 40266.281250 84948.593750
694 63.441000 40266.281250 83121.796875
695 63.531000 40266.281250 89758.546875
696 63.620000 40266.281250 87604.218750
697 63.713000 40266.281250 87292.101563
698 63.820000 40266.281250 87712.296875
699 63.909000 40266.281250 90099.492188
700 63.997000 40266.281250 94240.828125
701 64.089000 40266.281250 86901.367188
702 64.183000 40266.281250 88384.523438
703 64.286000 40266.281250 86269.718750
704 64.379000 40266.281250 81379.187500
705 64.469000 40266.281250 85479.531250
706 64.565000 40266.281250 86368.140625
707 64.661000 40266.281250 81886.687500
708 64.749000 40266.281250 84233.843750
709 64.833000 40266.281250 91516.000000
710 64.929000 40266.281250 86422.960938
711 65.015000 40266.281250 91072.828125
712 65.110000 40266.281250 92597.960938
713 65.204000 40266.281250 92869.062500
714 65.292000 40266.281250 93878.898438
715 65.388000 40266.281250 94051.312500
716 65.469000 40266.281250 85718.343750
717 65.560000 40266.281250 91407.218750
718 65.646000 40266.281250 87909.601563
719 65.729000 40266.281250 96804.781250
720 65.836000 40266.281250 99801.468750
721 65.924000 40266.281250 102609.531250
722 66.011000 40266.281250 95369.421875
723 66.117000 40266.281250 92337.820313
724 66.214000 40266.281250 89992.773438
725 66.302000 40266.281250 85779.890625
726 66.392000 40266.281250 85500.367188
727 66.487000 40266.281250 87729.500000
728 66.593000 40266.281250 84963.773438
729 66.676000 40266.281250 85630.421875
730 66.774000 40266.281250 93735.156250
731 66.852000 40266.281250 91539.609375
732 66.955000 40266.281250 95665.296875
733 67.041000 40266.281250 94521.687500
734 67.124000 40266.281250 91842.976563
735 67.226000 40266.281250 89737.796875
736 67.327000 40266.281250 87476.031250
737 67.428000 40266.281250 89013.906250
738 67.525000 40266.281250 85033.570313
739 67.614000 40266.281250 86622.617188
740 67.703000 40266.281250 84110.796875
741 67.783000 40266.281250 81037.296875
742 67.881000 40266.281250 78473.296875
743 67.968000 40266.281250 80641.757813
744 68.045000 40266.281250 79246.687500
745 68.134000 40266.281250 79137.695313
746 68.213000 40266.281250 80510.546875
747 68.296000 40266.281250 81633.078125
748 68.394000 40266.281250 79675.375000
749 68.506000 40266.281250 79168.085938
750 68.607000 40266.281250 79148.289063
751 68.696000 40266.281250 80991.718750
752 68.782000 40266.281250 87073.953125
753 68.867000 40266.281250 80857.218750
754 68.950000 40266.281250 94344.742188
755 69.058000 40266.281250 94557.320313
756 69.148000 40266.281250 91787.476563
757 69.248000 40266.281250 95178.218750
758 69.343000 40266.281250 84965.203125
759 69.415000 40266.281250 90074.242188
760 69.487000 40266.281250 90995.679688
761 69.581000 40266.281250 97619.320313
762 69.688000 40266.281250 87087.523438
763 69.776000 40266.281250 85727.171875
764 69.873000 40266.281250 85098.757813
765 69.969000 40266.281250 86144.117188
766 70.068000 40266.281250 81255.828125
767 70.154000 40266.281250 87362.476563
768 70.246000 40266.281250 93033.179688
769 70.339000 40266.281250 93632.242188
770 70.431000 40266.281250 90752.382813
771 70.514000 40266.281250 89315.460938
772 70.600000 40266.281250 93929.726563
773 70.696000 40266.281250 94806.570313
774 70.794000 40266.281250 91290.218750
775 70.889000 40266.281250 91370.617188
776 70.975000 40266.281250 87974.226563
777 71.062000 40266.281250 85646.531250
778 71.143000 40266.281250 84692.523438
779 71.249000 40266.281250 84867.937500
780 71.374000 40266.281250 84985.742188
781 71.460000 40266.281250 88665.398438
782 71.542000 40266.281250 88914.687500
783 71.636000 40266.281250 89416.132813
784 71.745000 40266.281250 95299.367188
785 71.834000 40266.281250 95887.070313
786 71.924000 40266.281250 91489.632813
787 71.991000 40266.281250 85214.976563
788 72.078000 40266.281250 95043.429688
789 72.175000 40266.281250 96504.039063
790 72.266000 40266.281250 95907.531250
791 72.365000 40266.281250 91358.039063
792 72.451000 40266.281250 84599.218750
793 72.544000 40266.281250 91569.156250
794 72.640000 40266.281250 89656.257813
795 72.730000 40266.281250 86458.820313
796 72.826000 40266.281250 87027.390625
797 72.919000 40266.281250 90875.382813
798 73.014000 40266.281250 84557.281250
799 73.094000 40266.281250 87422.507813
800 73.185000 40266.281250 93814.976563
801 73.270000 40266.281250 92093.257813
802 73.362000 40266.281250 87426.171875
803 73.459000 40266.281250 85815.726563
804 73.547000 40266.281250 87935.960938
805 73.634000 40266.281250 93238.429688
806 73.724000 40266.281250 97090.523438
807 73.815000 40266.281250 90927.093750
808 73.919000 40266.281250 92247.031250
809 74.019000 40266.281250 97071.906250
810 74.125000 40266.281250 89937.492188
811 74.198000 40266.281250 91677.671875
812 74.288000 40266.281250 92382.789063
813 74.374000 40266.281250 88202.750000
814 74.458000 40266.281250 91041.101563
815 74.544000 40266.281250 87322.687500
816 74.639000 40266.281250 86977.703125
817 74.721000 40266.281250 91154.929688
818 74.805000 40266.281250 98374.281250
819 74.907000 40266.281250 95571.171875
820 74.993000 40266.281250 98123.562500
821 75.103000 40266.281250 99971.617188
822 75.174000 40266.281250 99505.218750
823 75.271000 40266.281250 104534.359375
824 75.364000 40266.281250 103639.562500
825 75.455000 40266.281250 106501.476563
826 75.548000 40266.281250 100599.046875
827 75.637000 40266.281250 100073.109375
828 75.731000 40266.281250 100272.960938
829 75.811000 40266.281250 96543.273438
830 75.892000 40266.281250 99225.492188
831 75.971000 40266.281250 95342.312500
832 76.062000 40266.281250 107113.093750
833 76.147000 40266.281250 105475.257813
834 76.236000 40266.281250 110254.937500
835 76.323000 40266.281250 109822.976563
836 76.413000 40266.281250 112177.156250
837 76.498000 40266.281250 106957.992188
838 76.583000 40266.281250 101375.796875
839 76.656000 40266.281250 100179.703125
840 76.746000 40266.281250 95070.078125
841 76.826000 40266.281250 93766.656250
842 76.932000 40266.281250 101301.046875
843 77.015000 40266.281250 94482.921875
844 77.107000 40266.281250 94223.062500
845 77.192000 40266.281250 89538.437500
846 77.275000 40266.281250 86951.039063
847 77.367000 40266.281250 90640.671875
848 77.462000 40266.281250 94061.968750
849 77.557000 40266.281250 91323.609375
850 77.633000 40266.281250 87469.671875
851 77.731000 40266.281250 88030.148438
852 77.828000 40266.281250 82946.414063
853 77.919000 40266.281250 83988.273438
854 78.014000 40266.281250 89533.726563
855 78.107000 40266.281250 84095.328125
856 78.193000 40266.281250 90562.296875
857 78.289000 40266.281250 91165.632813
858 78.373000 40266.281250 87504.218750
859 78.464000 40266.281250 88201.828125
860 78.556000 40266.281250 89675.656250
861 78.645000 40266.281250 86597.687500
862 78.725000 40266.281250 83160.054688
863 78.824000 40266.281250 86563.179688
864 78.920000 40266.281250 89240.429688
865 79.018000 40266.281250 87823.132813
866 79.097000 40266.281250 88762.242188
867 79.184000 40266.281250 85462.257813
868 79.261000 40266.281250 89750.062500
869 79.358000 40266.281250 92375.929688
870 79.455000 40266.281250 90848.093750
871 79.574000 40266.281250 82844.632813
872 79.657000 40266.281250 82344.718750
873 79.758000 40266.281250 84241.992188
874 79.874000 40266.281250 78062.078125
875 79.953000 40266.281250 82076.968750
876 80.042000 40266.281250 81657.304688
877 80.132000 40266.281250 82977.617188
878 80.226000 40266.281250 82938.382813
879 80.327000 40266.281250 87068.468750
880 80.429000 40266.281250 81488.656250
881 80.514000 40266.281250 80673.007813
882 80.597000 40266.281250 81230.953125
883 80.706000 40266.281250 85215.609375
884 80.796000 40266.281250 82596.429688
885 80.897000 40266.281250 92012.367188
886 80.978000 40266.281250 87206.460938
887 81.062000 40266.281250 90040.476563
888 81.142000 40266.281250 86843.117188
889 81.236000 40266.281250 87617.867188
890 81.328000 40266.281250 85983.343750
891 81.431000 40266.281250 91611.187500
892 81.531000 40266.281250 86951.570313
893 81.623000 40266.281250 84118.390625
894 81.704000 40266.281250 83912.812500
895 81.792000 40266.281250 89940.078125
896 81.903000 40266.281250 90992.960938
897 81.991000 40266.281250 87439.906250
898 82.080000 40266.281250 82841.726563
899 82.167000 40266.281250 89021.406250
900 82.258000 40266.281250 88671.476563
901 82.343000 40266.281250 83369.101563
902 82.430000 40266.281250 80819.406250
903 82.511000 40266.281250 81559.726563
904 82.611000 40266.281250 86402.218750
905 82.690000 40266.281250 86571.421875
906 82.773000 40266.281250 85929.578125
907 82.858000 40266.281250 85784.687500
908 82.946000 40266.281250 82501.007813
909 83.040000 40266.281250 87250.718750
910 83.140000 40266.281250 84278.257813
911 83.225000 40266.281250 83917.039063
912 83.313000 40266.281250 86634.000000
913 83.397000 40266.281250 83656.476563
914 83.485000 40266.281250 88002.507813
915 83.565000 40266.281250 85681.679688
916 83.663000 40266.281250 89757.742188
917 83.743000 40266.281250 84969.148438
918 83.835000 40266.281250 80209.203125
919 83.929000 40266.281250 83539.343750
920 84.027000 40266.281250 88069.179688
921 84.132000 40266.281250 90152.539063
922 84.231000 40266.281250 89882.070313
923 84.329000 40266.281250 83098.484375
924 84.423000 40266.281250 80362.671875
925 84.523000 40266.281250 88530.171875
926 84.621000 40266.281250 93331.812500
927 84.705000 40266.281250 88807.250000
928 84.796000 40266.281250 100462.093750
929 84.890000 40266.281250 93456.007813
930 84.978000 40266.281250 86979.226563
931 85.064000 40266.281250 95113.843750
932 85.161000 40266.281250 92438.531250
933 85.241000 40266.281250 88258.812500
934 85.324000 40266.281250 87519.109375
935 85.401000 40266.281250 85250.226563
936 85.502000 40266.281250 90050.023438
937 85.601000 40266.281250 89975.476563
938 85.699000 40266.281250 88591.523438
939 85.793000 40266.281250 85692.578125
940 85.882000 40266.281250 85898.937500
941 85.971000 40266.281250 80637.210938
942 86.066000 40266.281250 78332.375000
943 86.143000 40266.281250 78576.984375
944 86.240000 40266.281250 78697.171875
945 86.343000 40266.281250 76175.296875
946 86.440000 40266.281250 83291.015625
947 86.530000 40266.281250 79000.203125
948 86.623000 40266.281250 83387.890625
949 86.703000 40266.281250 78668.101563
950 86.786000 40266.281250 78371.007813
951 86.884000 40266.281250 77730.531250
952 86.970000 40266.281250 85459.078125
953 87.065000 40266.281250 83849.195313
954 87.172000 40266.281250 84403.718750
955 87.278000 40266.281250 82813.601563
956 87.369000 40266.281250 85307.210938
957 87.465000 40266.281250 82058.015625
958 87.550000 40266.281250 79492.632813
959 87.629000 40266.281250 79337.671875
960 87.736000 40266.281250 77403.562500
961 87.826000 40266.281250 81019.828125
962 87.907000 40266.281250 79616.234375
963 88.003000 40266.281250 80687.742188
964 88.099000 40266.281250 76473.257813
965 88.196000 40266.281250 78739.296875
966 88.283000 40266.281250 78445.687500
967 88.370000 40266.281250 78775.789063
968 88.450000 40266.281250 80180.671875
969 88.541000 40266.281250 83003.953125
970 88.628000 40266.281250 81359.710938
971 88.725000 40266.281250 89836.796875
972 88.814000 40266.281250 84636.007813
973 88.922000 40266.281250 84099.718750
974 89.030000 40266.281250 84391.500000
975 89.120000 40266.281250 82324.234375
976 89.219000 40266.281250 84377.296875
977 89.313000 40266.281250 86746.843750
978 89.404000 40266.281250 83890.679688
979 89.514000 40266.281250 77740.421875
980 89.604000 40266.281250 83230.695313
981 89.694000 40266.281250 83685.710938
982 89.781000 40266.281250 92786.867188
983 89.863000 40266.281250 89366.562500
984 89.957000 40266.281250 92150.570313
985 90.047000 40266.281250 87908.140625
986 90.132000 40266.281250 88326.078125
987 90.235000 40266.281250 92077.007813
988 90.325000 40266.281250 87172.718750
989 90.422000 40266.281250 85232.007813
990 90.536000 40266.281250 91125.500000
991 90.627000 40266.281250 89101.796875
992 90.706000 40266.281250 91893.867188
993 90.800000 40266.281250 90841.617188
994 90.913000 40266.281250 87531.539063
995 90.987000 40266.281250 83037.851563
996 91.073000 40266.281250 83836.468750
997 91.162000 40266.281250 82455.687500
998 91.253000 40266.281250 81019.421875
999 91.349000 40266.281250 77614.500000
1000 91.465000 40266.281250 79589.906250
1001 91.557000 40266.281250 75973.898438
1002 91.644000 40266.281250 76085.132813
1003 91.727000 40266.281250 80825.601563
1004 91.814000 40266.281250 83238.304688
1005 91.916000 40266.281250 86412.921875
1006 92.024000 40266.281250 90508.289063
1007 92.124000 40266.281250 90442.867188
1008 92.214000 40266.281250 95784.976563
1009 92.319000 40266.281250 91415.781250
1010 92.399000 40266.281250 94326.351563
1011 92.490000 40266.281250 92859.187500
1012 92.574000 40266.281250 93058.789063
1013 92.653000 40266.281250 98995.937500
1014 92.743000 40266.281250 99932.992188
1015 92.844000 40266.281250 102189.757813
1016 92.931000 40266.281250 99628.609375
1017 93.019000 40266.281250 95281.906250
1018 93.109000 40266.281250 93338.679688
1019 93.205000 40266.281250 94887.617188
1020 93.295000 40266.281250 99442.570313
1021 93.376000 40266.281250 93730.609375
1022 93.462000 40266.281250 93654.398438
1023 93.545000 40266.281250 91829.523438
1024 93.646000 40266.281250 86600.492188
1025 93.740000 40266.281250 81086.687500
