0 0.000000 24698.500000 26839.099609
1 0.003000 23966.173828 26839.099609
2 0.013000 23455.320313 28287.232422
3 0.016000 22883.773438 28146.818359
4 0.020000 22883.773438 28405.380859
5 0.024000 22883.773438 28329.964844
6 0.027000 22690.144531 28624.310547
7 0.030000 22690.144531 27766.847656
8 0.032000 22690.144531 29019.474609
9 0.036000 22690.144531 29642.009766
10 0.041000 22690.144531 31635.595703
11 0.045000 22510.490234 33194.304688
12 0.048000 22510.490234 33676.574219
13 0.052000 21769.953125 34681.437500
14 0.056000 21769.953125 34261.121094
15 0.060000 21769.953125 33821.585938
16 0.063000 21769.953125 34347.230469
17 0.066000 21769.953125 34675.246094
18 0.069000 21769.953125 35933.808594
19 0.073000 21769.953125 34219.675781
20 0.076000 21769.953125 34095.542969
21 0.079000 21769.953125 34210.886719
22 0.082000 21769.953125 35600.664063
23 0.086000 21769.953125 35377.082031
24 0.089000 21769.953125 34932.960938
25 0.092000 21769.953125 36079.546875
26 0.096000 21605.183594 36742.953125
27 0.099000 21605.183594 36566.039063
28 0.101000 21605.183594 36371.425781
29 0.105000 21605.183594 35940.289063
30 0.108000 21605.183594 35866.273438
31 0.111000 21373.679688 35644.039063
32 0.115000 21373.679688 34727.804688
33 0.119000 21373.679688 33786.093750
34 0.123000 21373.679688 33631.515625
35 0.127000 21373.679688 33339.410156
36 0.130000 21373.679688 34187.789063
37 0.134000 21373.679688 33207.816406
38 0.137000 21373.679688 33600.531250
39 0.140000 21373.679688 33736.539063
40 0.144000 21373.679688 34599.800781
41 0.150000 21373.679688 34922.171875
42 0.154000 21373.679688 35427.363281
43 0.156000 21373.679688 34444.527344
44 0.160000 21373.679688 34947.183594
45 0.165000 21373.679688 35488.222656
46 0.169000 21373.679688 36131.789063
47 0.172000 21373.679688 34697.105469
48 0.175000 21373.679688 36085.300781
49 0.179000 21373.679688 36258.914063
50 0.183000 21373.679688 35873.101563
51 0.187000 21373.679688 35437.179688
52 0.190000 21373.679688 35477.027344
53 0.194000 21373.679688 34843.683594
54 0.197000 21373.679688 34253.191406
55 0.200000 21373.679688 33207.519531
56 0.204000 21373.679688 34102.152344
57 0.207000 21373.679688 34043.691406
58 0.210000 21373.679688 33852.726563
59 0.214000 21373.679688 34697.917969
60 0.218000 21373.679688 34573.003906
61 0.222000 21373.679688 35566.148438
62 0.226000 21373.679688 35505.238281
63 0.230000 21373.679688 34268.906250
64 0.233000 21373.679688 33905.816406
65 0.236000 21373.679688 32445.796875
66 0.239000 21373.679688 33623.292969
67 0.245000 21373.679688 34580.949219
68 0.248000 21373.679688 33839.226563
69 0.252000 21373.679688 33641.820313
70 0.255000 21373.679688 32865.523438
71 0.259000 21373.679688 33805.015625
72 0.262000 21373.679688 32615.568359
73 0.265000 21373.679688 33249.203125
74 0.269000 21373.679688 32599.181641
75 0.272000 21373.679688 31778.859375
76 0.277000 21373.679688 31306.001953
77 0.280000 21373.679688 33678.238281
78 0.284000 21373.679688 34900.562500
79 0.286000 21373.679688 35410.863281
80 0.292000 21373.679688 36362.558594
81 0.295000 21373.679688 37125.210938
82 0.298000 21373.679688 35438.789063
83 0.302000 21373.679688 34931.785156
84 0.306000 21373.679688 34283.082031
85 0.310000 21373.679688 34911.082031
86 0.313000 21373.679688 35137.550781
87 0.317000 21373.679688 36020.617188
88 0.320000 21373.679688 36017.539063
89 0.325000 21373.679688 35270.960938
90 0.328000 21373.679688 35745.675781
91 0.331000 21373.679688 34996.078125
92 0.335000 21373.679688 36037.859375
93 0.340000 21373.679688 36916.566406
94 0.343000 21373.679688 37854.144531
95 0.347000 21373.679688 37215.359375
96 0.351000 21373.679688 36975.875000
97 0.355000 21373.679688 37880.808594
98 0.358000 21373.679688 35757.863281
99 0.361000 21373.679688 34680.300781
100 0.364000 21373.679688 35807.238281
101 0.368000 21373.679688 35028.164063
102 0.373000 21373.679688 35245.781250
103 0.377000 21373.679688 34350.914063
104 0.380000 21373.679688 36536.031250
105 0.384000 21373.679688 37145.468750
106 0.386000 21373.679688 38257.175781
107 0.390000 21373.679688 38475.230469
108 0.394000 21373.679688 37146.914063
109 0.397000 21373.679688 37486.089844
110 0.400000 21373.679688 37262.726563
111 0.404000 21373.679688 36805.933594
112 0.407000 21373.679688 36622.691406
113 0.411000 21373.679688 36224.890625
114 0.414000 21373.679688 36168.000000
115 0.418000 21373.679688 37086.089844
116 0.422000 21373.679688 36258.730469
117 0.425000 21373.679688 35431.285156
118 0.428000 21373.679688 36019.386719
119 0.431000 21373.679688 35388.042969
120 0.435000 21373.679688 35984.441406
121 0.439000 21373.679688 35165.402344
122 0.443000 21373.679688 35488.109375
123 0.446000 21373.679688 34965.335938
124 0.449000 21373.679688 35119.539063
125 0.452000 21373.679688 33950.121094
126 0.455000 21373.679688 34356.511719
127 0.458000 21373.679688 35379.597656
128 0.461000 21373.679688 35147.941406
129 0.465000 21373.679688 35529.566406
130 0.468000 21373.679688 34890.550781
131 0.471000 21373.679688 34158.042969
132 0.475000 21373.679688 33698.773438
133 0.478000 21373.679688 33478.746094
134 0.482000 21373.679688 34078.003906
135 0.486000 21373.679688 33841.417969
136 0.490000 21373.679688 34898.800781
137 0.493000 21373.679688 33602.761719
138 0.497000 21373.679688 33603.910156
139 0.500000 21373.679688 33665.601563
140 0.503000 21373.679688 32780.464844
141 0.507000 21373.679688 34131.226563
142 0.510000 21373.679688 34521.511719
143 0.514000 21373.679688 34656.605469
144 0.517000 21373.679688 34245.378906
145 0.521000 21373.679688 34689.796875
146 0.524000 21373.679688 33425.832031
147 0.529000 21373.679688 32640.550781
148 0.531000 21373.679688 33648.523438
149 0.535000 21373.679688 33590.574219
150 0.538000 21373.679688 34479.980469
151 0.541000 21373.679688 33761.175781
152 0.545000 21373.679688 32591.605469
153 0.548000 21373.679688 31951.148438
154 0.552000 21373.679688 31972.841797
155 0.555000 21373.679688 32702.300781
156 0.560000 21373.679688 33214.687500
157 0.563000 21373.679688 33171.375000
158 0.567000 21373.679688 33447.488281
159 0.571000 21373.679688 34253.074219
160 0.577000 21373.679688 34508.808594
161 0.581000 21373.679688 35271.136719
162 0.584000 21373.679688 35897.425781
163 0.588000 21373.679688 35171.296875
164 0.592000 21373.679688 33823.468750
165 0.596000 21373.679688 33513.421875
166 0.600000 21373.679688 34154.085938
167 0.604000 21373.679688 33347.093750
168 0.609000 21373.679688 34772.617188
169 0.612000 21373.679688 35858.066406
170 0.615000 21373.679688 36031.945313
171 0.619000 21373.679688 36428.953125
172 0.622000 21373.679688 34575.011719
173 0.626000 21373.679688 35397.765625
174 0.630000 21373.679688 35626.761719
175 0.633000 21373.679688 34599.902344
176 0.637000 21373.679688 34115.753906
177 0.640000 21373.679688 34918.468750
178 0.644000 21373.679688 34862.078125
179 0.647000 21373.679688 34748.574219
180 0.651000 21373.679688 36771.898438
181 0.655000 21373.679688 36265.398438
182 0.659000 21373.679688 35747.480469
183 0.663000 21373.679688 34955.968750
184 0.667000 21373.679688 33702.902344
185 0.671000 21373.679688 34106.941406
186 0.675000 21373.679688 34642.066406
187 0.678000 21373.679688 33723.613281
188 0.681000 21373.679688 33557.296875
189 0.684000 21373.679688 33537.199219
190 0.688000 21373.679688 33931.636719
191 0.692000 21373.679688 33181.312500
192 0.695000 21373.679688 33006.738281
193 0.699000 21373.679688 33558.164063
194 0.702000 21373.679688 34215.792969
195 0.705000 21373.679688 33936.613281
196 0.709000 21373.679688 33650.484375
197 0.713000 21373.679688 33858.132813
198 0.715000 21373.679688 33767.656250
199 0.718000 21373.679688 34898.574219
200 0.722000 21373.679688 33773.175781
201 0.725000 21373.679688 34967.335938
202 0.729000 21373.679688 34710.289063
203 0.733000 21373.679688 33791.843750
204 0.737000 21373.679688 33057.953125
205 0.742000 21373.679688 34250.808594
206 0.745000 21373.679688 34331.859375
207 0.749000 21373.679688 33612.078125
208 0.752000 21373.679688 35508.328125
209 0.755000 21373.679688 35144.976563
210 0.759000 21373.679688 34390.097656
211 0.762000 21373.679688 33913.898438
212 0.766000 21373.679688 33491.558594
213 0.769000 21373.679688 33831.875000
214 0.772000 21373.679688 33295.628906
215 0.776000 21373.679688 33942.910156
216 0.780000 21373.679688 34988.957031
217 0.783000 21373.679688 35316.558594
218 0.786000 21373.679688 34811.421875
219 0.789000 21373.679688 35659.363281
220 0.795000 21373.679688 35881.664063
221 0.798000 21373.679688 34428.214844
222 0.802000 21373.679688 34891.566406
223 0.805000 21373.679688 35839.109375
224 0.808000 21373.679688 34810.734375
225 0.812000 21373.679688 34353.593750
226 0.815000 21373.679688 34036.656250
227 0.819000 21373.679688 34753.625000
228 0.822000 21373.679688 34460.835938
229 0.827000 21373.679688 35853.851563
230 0.830000 21373.679688 35124.136719
231 0.834000 21373.679688 34482.187500
232 0.837000 21373.679688 33202.781250
233 0.841000 21373.679688 35025.875000
234 0.844000 21373.679688 35464.691406
235 0.848000 21373.679688 34018.351563
236 0.851000 21373.679688 35432.238281
237 0.856000 21373.679688 34421.261719
238 0.859000 21373.679688 34429.855469
239 0.863000 21373.679688 33272.824219
240 0.867000 21373.679688 33844.050781
241 0.870000 21373.679688 34516.101563
242 0.875000 21373.679688 34681.726563
243 0.879000 21373.679688 35453.378906
244 0.883000 21373.679688 34355.312500
245 0.886000 21373.679688 34108.800781
246 0.890000 21373.679688 35050.003906
247 0.893000 21373.679688 35295.671875
248 0.897000 21373.679688 38206.441406
249 0.900000 21373.679688 38023.953125
250 0.903000 21373.679688 36986.519531
251 0.907000 21373.679688 36565.984375
252 0.910000 21373.679688 36025.757813
253 0.915000 21373.679688 36095.238281
254 0.917000 21373.679688 35211.890625
255 0.921000 21373.679688 35997.023438
256 0.926000 21373.679688 36360.984375
257 0.932000 21373.679688 36300.660156
258 0.938000 21373.679688 35185.148438
259 0.942000 21373.679688 34534.246094
260 0.946000 21373.679688 36564.648438
261 0.950000 21373.679688 35958.890625
262 0.953000 21373.679688 36296.339844
263 0.957000 21373.679688 35072.667969
264 0.962000 21373.679688 35834.550781
265 0.967000 21373.679688 35056.250000
266 0.973000 21373.679688 35382.031250
267 0.977000 21373.679688 36101.089844
268 0.982000 21373.679688 34930.316406
269 0.987000 21373.679688 35020.296875
270 0.992000 21373.679688 34336.628906
271 0.998000 21373.679688 35269.886719
272 1.004000 21373.679688 34531.835938
273 1.010000 21373.679688 34704.214844
274 1.013000 21373.679688 34497.671875
275 1.018000 21373.679688 34802.550781
276 1.022000 21373.679688 35096.679688
277 1.025000 21373.679688 34748.773438
278 1.029000 21373.679688 34038.980469
279 1.032000 21373.679688 33644.578125
280 1.036000 21373.679688 35242.082031
281 1.040000 21373.679688 36308.945313
282 1.044000 21373.679688 36175.906250
283 1.051000 21373.679688 35789.425781
284 1.060000 21373.679688 36170.179688
285 1.068000 21373.679688 35388.339844
286 1.074000 21373.679688 35593.773438
287 1.081000 21373.679688 37045.222656
288 1.088000 21373.679688 37555.386719
289 1.097000 21373.679688 36147.609375
290 1.102000 21373.679688 36318.148438
291 1.109000 21373.679688 35695.218750
292 1.113000 21373.679688 35770.027344
293 1.118000 21373.679688 36548.496094
294 1.126000 21373.679688 35544.503906
295 1.131000 21373.679688 36680.175781
296 1.138000 21373.679688 36360.476563
297 1.146000 21373.679688 35218.640625
298 1.151000 21373.679688 35584.914063
299 1.159000 21373.679688 35062.078125
300 1.164000 21373.679688 35581.589844
301 1.168000 21373.679688 34869.031250
302 1.174000 21373.679688 34577.281250
303 1.178000 21373.679688 33661.621094
304 1.181000 21373.679688 32650.832031
305 1.185000 21373.679688 33628.535156
306 1.190000 21373.679688 34233.738281
307 1.193000 21373.679688 34902.472656
308 1.196000 21373.679688 34487.980469
309 1.199000 21373.679688 35103.863281
310 1.203000 21373.679688 36898.492188
311 1.207000 21373.679688 36303.023438
312 1.210000 21373.679688 36255.914063
313 1.213000 21373.679688 35837.078125
314 1.217000 21373.679688 35886.742188
315 1.221000 21373.679688 36135.304688
316 1.225000 21373.679688 34529.195313
317 1.228000 21373.679688 35307.003906
318 1.231000 21373.679688 34322.941406
319 1.234000 21373.679688 35222.484375
320 1.238000 21373.679688 35043.066406
321 1.242000 21373.679688 35878.800781
322 1.245000 21373.679688 34498.992188
323 1.249000 21373.679688 33408.031250
324 1.252000 21373.679688 32805.058594
325 1.255000 21373.679688 33164.820313
326 1.259000 21373.679688 34213.308594
327 1.263000 21373.679688 33433.843750
328 1.267000 21373.679688 33469.453125
329 1.272000 21373.679688 32860.199219
330 1.275000 21373.679688 31697.136719
331 1.278000 21373.679688 33564.378906
332 1.281000 21373.679688 32856.812500
333 1.284000 21373.679688 34273.914063
334 1.288000 21373.679688 34446.417969
335 1.291000 21373.679688 34846.984375
336 1.295000 21373.679688 34506.925781
337 1.298000 21373.679688 34904.671875
338 1.302000 21373.679688 34925.289063
339 1.305000 21373.679688 35526.460938
340 1.308000 21373.679688 34527.035156
341 1.313000 21373.679688 33611.261719
342 1.316000 21373.679688 34053.406250
343 1.319000 21373.679688 33826.269531
344 1.322000 21373.679688 35173.421875
345 1.326000 21373.679688 35257.339844
346 1.330000 21373.679688 34328.468750
347 1.336000 21373.679688 33850.824219
348 1.340000 21373.679688 33222.531250
349 1.344000 21373.679688 32869.878906
350 1.348000 21373.679688 33407.753906
351 1.351000 21373.679688 33509.953125
352 1.354000 21373.679688 34270.949219
353 1.358000 21373.679688 33550.949219
354 1.361000 21373.679688 33185.117188
355 1.364000 21373.679688 32994.234375
356 1.368000 21373.679688 35191.390625
357 1.372000 21373.679688 34167.597656
358 1.376000 21373.679688 33404.457031
359 1.380000 21373.679688 32273.537109
360 1.383000 21373.679688 32040.324219
361 1.385000 21373.679688 33830.691406
362 1.391000 21373.679688 33985.351563
363 1.394000 21373.679688 34446.828125
364 1.398000 21373.679688 35631.218750
365 1.401000 21373.679688 33895.960938
366 1.405000 21373.679688 32944.992188
367 1.408000 21373.679688 33377.984375
368 1.412000 21373.679688 34108.414063
369 1.415000 21373.679688 33896.382813
370 1.417000 21373.679688 34038.968750
371 1.421000 21373.679688 35371.476563
372 1.425000 21373.679688 34687.605469
373 1.429000 21373.679688 34490.496094
374 1.432000 21373.679688 35110.871094
375 1.435000 21373.679688 34651.769531
376 1.441000 21373.679688 34165.394531
377 1.444000 21373.679688 34022.863281
378 1.447000 21373.679688 34078.671875
379 1.451000 21373.679688 35595.933594
380 1.454000 21373.679688 34019.093750
381 1.458000 21373.679688 33553.468750
382 1.462000 21373.679688 33078.046875
383 1.467000 21373.679688 33130.308594
384 1.471000 21373.679688 33653.531250
385 1.474000 21373.679688 34892.414063
386 1.478000 21373.679688 33819.417969
387 1.481000 21373.679688 32927.378906
388 1.484000 21373.679688 33878.175781
389 1.487000 21373.679688 34306.390625
390 1.490000 21373.679688 34059.320313
391 1.494000 21373.679688 34480.007813
392 1.498000 21373.679688 34812.316406
393 1.501000 21373.679688 34289.066406
394 1.505000 21373.679688 33646.324219
395 1.508000 21373.679688 32631.992188
396 1.511000 21373.679688 33919.285156
397 1.514000 21373.679688 32639.554688
398 1.518000 21373.679688 33024.898438
399 1.521000 21373.679688 33902.039063
400 1.524000 21373.679688 34009.757813
401 1.528000 21373.679688 34825.226563
402 1.532000 21373.679688 34722.648438
403 1.535000 21373.679688 33935.976563
404 1.539000 21373.679688 35664.398438
405 1.542000 21373.679688 34490.082031
406 1.545000 21373.679688 34228.597656
407 1.549000 21373.679688 34224.074219
408 1.552000 21373.679688 34747.496094
409 1.555000 21373.679688 35580.945313
410 1.559000 21373.679688 36323.890625
411 1.562000 21373.679688 35937.871094
412 1.565000 21373.679688 36081.859375
413 1.568000 21373.679688 37033.914063
414 1.571000 21373.679688 38818.363281
415 1.575000 21373.679688 39187.257813
416 1.579000 21373.679688 37662.503906
417 1.582000 21373.679688 38370.726563
418 1.586000 21373.679688 38836.125000
419 1.589000 21373.679688 38210.468750
420 1.593000 21373.679688 38502.484375
421 1.596000 21373.679688 37650.421875
422 1.599000 21373.679688 37207.914063
423 1.602000 21373.679688 37694.007813
424 1.605000 21373.679688 37511.468750
425 1.610000 21373.679688 36188.859375
426 1.613000 21373.679688 36662.375000
427 1.616000 21373.679688 36091.636719
428 1.619000 21373.679688 35787.363281
429 1.622000 21373.679688 35777.542969
430 1.627000 21373.679688 37163.542969
431 1.631000 21373.679688 36818.628906
432 1.634000 21373.679688 35610.253906
433 1.637000 21373.679688 37179.523438
434 1.643000 21373.679688 37782.125000
435 1.646000 21373.679688 38092.667969
436 1.649000 21373.679688 38272.023438
437 1.653000 21373.679688 38226.300781
438 1.660000 21373.679688 36971.769531
439 1.662000 21373.679688 36222.789063
440 1.666000 21373.679688 35569.003906
441 1.669000 21373.679688 35776.972656
442 1.674000 21373.679688 36028.148438
443 1.678000 21373.679688 35644.960938
444 1.681000 21373.679688 35119.265625
445 1.685000 21373.679688 36249.515625
446 1.689000 21373.679688 36653.410156
447 1.693000 21373.679688 36230.410156
448 1.696000 21373.679688 35700.078125
449 1.699000 21373.679688 34714.140625
450 1.702000 21373.679688 34448.453125
451 1.706000 21373.679688 33827.074219
452 1.709000 21373.679688 34326.683594
453 1.713000 21373.679688 34311.277344
454 1.716000 21373.679688 35331.386719
455 1.720000 21373.679688 36437.968750
456 1.723000 21373.679688 35061.031250
457 1.726000 21373.679688 34521.566406
458 1.729000 21373.679688 34369.203125
459 1.733000 21373.679688 34206.101563
460 1.735000 21373.679688 33858.972656
461 1.739000 21373.679688 34960.824219
462 1.742000 21373.679688 36407.613281
463 1.745000 21373.679688 35947.320313
464 1.749000 21373.679688 35855.214844
465 1.752000 21373.679688 35213.308594
466 1.756000 21373.679688 35297.390625
467 1.760000 21373.679688 34880.488281
468 1.764000 21373.679688 33862.695313
469 1.767000 21373.679688 33599.761719
470 1.771000 21373.679688 34393.046875
471 1.775000 21373.679688 35348.718750
472 1.779000 21373.679688 37212.796875
473 1.782000 21373.679688 36157.218750
474 1.786000 21373.679688 37023.308594
475 1.789000 21373.679688 37373.292969
476 1.793000 21373.679688 37034.179688
477 1.799000 21373.679688 36285.441406
478 1.802000 21373.679688 34770.437500
479 1.806000 21373.679688 34898.574219
480 1.809000 21373.679688 35433.707031
481 1.812000 21373.679688 36857.996094
482 1.815000 21373.679688 37002.234375
483 1.819000 21373.679688 36601.687500
484 1.822000 21373.679688 36507.285156
485 1.826000 21373.679688 35062.617188
486 1.829000 21373.679688 35391.839844
487 1.832000 21373.679688 35198.113281
488 1.835000 21373.679688 35830.453125
489 1.838000 21373.679688 36533.371094
490 1.842000 21373.679688 35707.335938
491 1.845000 21373.679688 34958.984375
492 1.848000 21373.679688 34083.687500
493 1.851000 21373.679688 34259.957031
494 1.855000 21373.679688 34218.773438
495 1.859000 21373.679688 34647.070313
496 1.862000 21373.679688 34247.515625
497 1.866000 21373.679688 34952.023438
498 1.869000 21373.679688 35043.089844
499 1.873000 21373.679688 34768.714844
500 1.877000 21373.679688 34617.964844
501 1.880000 21373.679688 34713.613281
502 1.883000 21373.679688 35039.488281
503 1.886000 21373.679688 35355.761719
504 1.889000 21373.679688 34955.718750
505 1.893000 21373.679688 35731.136719
506 1.896000 21373.679688 35029.164063
507 1.899000 21373.679688 34018.859375
508 1.902000 21373.679688 34781.710938
509 1.906000 21373.679688 35517.207031
510 1.910000 21373.679688 35307.105469
511 1.914000 21373.679688 35090.722656
512 1.917000 21373.679688 34595.261719
513 1.920000 21373.679688 35845.921875
514 1.927000 21373.679688 35737.484375
515 1.930000 21373.679688 36309.109375
516 1.933000 21373.679688 36267.062500
517 1.936000 21373.679688 38247.312500
518 1.940000 21373.679688 38102.960938
519 1.943000 21373.679688 37022.445313
520 1.946000 21373.679688 36883.238281
521 1.950000 21373.679688 40194.906250
522 1.954000 21373.679688 39262.773438
523 1.957000 21373.679688 38628.878906
524 1.960000 21373.679688 37239.460938
525 1.963000 21373.679688 36997.437500
526 1.967000 21373.679688 36631.156250
527 1.971000 21373.679688 36370.890625
528 1.974000 21373.679688 35586.433594
529 1.977000 21373.679688 36650.300781
530 1.980000 21373.679688 35705.074219
531 1.983000 21373.679688 35979.371094
532 1.987000 21373.679688 36763.023438
533 1.989000 21373.679688 37225.945313
534 1.992000 21373.679688 36714.710938
535 1.995000 21373.679688 38544.429688
536 1.998000 21373.679688 37877.289063
537 2.002000 21373.679688 37176.578125
538 2.005000 21373.679688 36344.312500
539 2.009000 21373.679688 36808.117188
540 2.012000 21373.679688 36216.835938
541 2.017000 21373.679688 35763.964844
542 2.020000 21373.679688 36844.281250
543 2.024000 21373.679688 36586.007813
544 2.027000 21373.679688 36078.593750
545 2.030000 21373.679688 36710.394531
546 2.033000 21373.679688 36489.585938
547 2.037000 21373.679688 36504.023438
548 2.040000 21373.679688 37150.800781
549 2.043000 21373.679688 36484.371094
550 2.046000 21373.679688 35815.421875
551 2.050000 21373.679688 35787.199219
552 2.053000 21373.679688 35508.667969
553 2.056000 21373.679688 35576.218750
554 2.059000 21373.679688 36361.460938
555 2.062000 21373.679688 36882.976563
556 2.066000 21373.679688 36151.164063
557 2.068000 21373.679688 35390.609375
558 2.071000 21373.679688 34247.742188
559 2.074000 21373.679688 33308.601563
560 2.077000 21373.679688 36373.640625
561 2.082000 21373.679688 34832.898438
562 2.085000 21373.679688 35171.023438
563 2.089000 21373.679688 35148.976563
564 2.092000 21373.679688 35048.937500
565 2.095000 21373.679688 36043.105469
566 2.098000 21373.679688 35713.859375
567 2.101000 21373.679688 34684.464844
568 2.104000 21373.679688 34543.035156
569 2.107000 21373.679688 33808.000000
570 2.111000 21373.679688 33797.640625
571 2.114000 21373.679688 34326.144531
572 2.117000 21373.679688 35006.496094
573 2.120000 21373.679688 35058.933594
574 2.123000 21373.679688 33995.304688
575 2.127000 21373.679688 33850.421875
576 2.130000 21373.679688 32664.787109
577 2.133000 21373.679688 32446.244141
578 2.137000 21373.679688 33127.996094
579 2.140000 21373.679688 31764.890625
580 2.144000 21373.679688 32604.773438
581 2.147000 21373.679688 33058.835938
582 2.151000 21373.679688 33729.378906
583 2.154000 21373.679688 33612.238281
584 2.157000 21373.679688 33590.113281
585 2.161000 21373.679688 33201.519531
586 2.164000 21373.679688 33732.152344
587 2.167000 21373.679688 34133.078125
588 2.170000 21373.679688 34713.871094
589 2.173000 21373.679688 35388.011719
590 2.177000 21373.679688 35842.691406
591 2.179000 21373.679688 35598.894531
592 2.182000 21373.679688 35733.175781
593 2.185000 21373.679688 35260.074219
594 2.188000 21373.679688 35064.109375
595 2.192000 21373.679688 35283.074219
596 2.195000 21373.679688 35589.554688
597 2.198000 21373.679688 35729.960938
598 2.200000 21373.679688 35433.191406
599 2.203000 21373.679688 35422.707031
600 2.207000 21373.679688 35764.214844
601 2.211000 21373.679688 35726.746094
602 2.214000 21373.679688 35620.773438
603 2.217000 21373.679688 34488.765625
604 2.222000 21373.679688 33008.144531
605 2.226000 21373.679688 33101.773438
606 2.229000 21373.679688 33825.449219
607 2.232000 21373.679688 34291.300781
608 2.235000 21373.679688 34857.328125
609 2.239000 21373.679688 37449.742188
610 2.243000 21373.679688 38258.898438
611 2.246000 21373.679688 36789.960938
612 2.250000 21373.679688 36610.042969
613 2.253000 21373.679688 35780.656250
614 2.257000 21373.679688 36386.593750
615 2.260000 21373.679688 36656.425781
616 2.263000 21373.679688 36511.882813
617 2.266000 21373.679688 36340.375000
618 2.270000 21373.679688 37490.042969
619 2.275000 21373.679688 37456.601563
620 2.279000 21373.679688 36275.246094
621 2.282000 21373.679688 36139.507813
622 2.286000 21373.679688 35266.191406
623 2.289000 21373.679688 34490.609375
624 2.293000 21373.679688 34762.335938
625 2.296000 21373.679688 35078.316406
626 2.299000 21373.679688 36723.039063
627 2.304000 21373.679688 36797.265625
628 2.307000 21373.679688 34855.773438
629 2.310000 21373.679688 34295.773438
630 2.313000 21373.679688 35657.078125
631 2.316000 21373.679688 35637.113281
632 2.320000 21373.679688 34832.617188
633 2.323000 21373.679688 35146.890625
634 2.326000 21373.679688 37066.484375
635 2.329000 21373.679688 35681.074219
636 2.332000 21373.679688 36562.308594
637 2.335000 21373.679688 37347.152344
638 2.338000 21373.679688 39083.964844
639 2.342000 21373.679688 36509.351563
640 2.345000 21373.679688 37645.316406
641 2.349000 21373.679688 37444.863281
642 2.352000 21373.679688 35989.714844
643 2.355000 21373.679688 36605.109375
644 2.358000 21373.679688 34698.921875
645 2.361000 21373.679688 34980.136719
646 2.364000 21373.679688 35039.183594
647 2.367000 21373.679688 34072.632813
648 2.370000 21373.679688 33776.628906
649 2.373000 21373.679688 33824.082031
650 2.376000 21373.679688 33425.136719
651 2.380000 21373.679688 33738.757813
652 2.383000 21373.679688 34074.066406
653 2.386000 21373.679688 34722.515625
654 2.389000 21373.679688 35096.718750
655 2.392000 21373.679688 33948.406250
656 2.396000 21373.679688 33983.269531
657 2.398000 21373.679688 34989.960938
658 2.402000 21373.679688 34565.863281
659 2.405000 21373.679688 35288.136719
660 2.408000 21373.679688 33872.957031
661 2.411000 21373.679688 34684.808594
662 2.414000 21373.679688 35357.214844
663 2.418000 21373.679688 35790.992188
664 2.421000 21373.679688 35516.128906
665 2.424000 21373.679688 35313.953125
666 2.427000 21373.679688 36054.703125
667 2.431000 21373.679688 36794.230469
668 2.435000 21373.679688 37726.574219
669 2.438000 21373.679688 37503.886719
670 2.441000 21373.679688 35564.546875
671 2.447000 21373.679688 36829.628906
672 2.450000 21373.679688 36880.988281
673 2.453000 21373.679688 36190.757813
674 2.456000 21373.679688 35327.351563
675 2.459000 21373.679688 36538.078125
676 2.463000 21373.679688 37365.050781
677 2.466000 21373.679688 36412.609375
678 2.469000 21373.679688 35026.441406
679 2.472000 21373.679688 33937.285156
680 2.476000 21373.679688 32949.007813
681 2.479000 21373.679688 32704.714844
682 2.482000 21373.679688 32320.908203
683 2.485000 21373.679688 33288.625000
684 2.488000 21373.679688 32995.031250
685 2.492000 21373.679688 34183.789063
686 2.495000 21373.679688 32643.560547
687 2.498000 21373.679688 31490.042969
688 2.501000 21373.679688 31707.320313
689 2.504000 21373.679688 31684.607422
690 2.507000 21373.679688 32790.187500
691 2.510000 21373.679688 34173.804688
692 2.513000 21373.679688 35592.398438
693 2.516000 21373.679688 35606.851563
694 2.519000 21373.679688 35294.886719
695 2.523000 21373.679688 35715.578125
696 2.527000 21373.679688 35619.003906
697 2.531000 21373.679688 35991.066406
698 2.535000 21373.679688 35777.449219
699 2.540000 21373.679688 33704.890625
700 2.543000 21373.679688 32908.996094
701 2.547000 21373.679688 32936.710938
702 2.551000 21373.679688 32444.117188
703 2.555000 21373.679688 32168.044922
704 2.561000 21373.679688 34374.863281
705 2.565000 21373.679688 34070.136719
706 2.568000 21373.679688 34126.796875
707 2.572000 21373.679688 34317.078125
708 2.576000 21373.679688 34556.195313
709 2.580000 21373.679688 35437.449219
710 2.584000 21373.679688 35494.027344
711 2.589000 21373.679688 35079.359375
712 2.592000 21373.679688 35019.386719
713 2.595000 21373.679688 35371.816406
714 2.599000 21373.679688 36061.992188
715 2.603000 21373.679688 34978.511719
716 2.607000 21373.679688 34200.871094
717 2.610000 21373.679688 34271.261719
718 2.613000 21373.679688 34820.390625
719 2.616000 21373.679688 34265.671875
720 2.620000 21373.679688 33069.066406
721 2.623000 21373.679688 32626.779297
722 2.627000 21373.679688 33683.570313
723 2.631000 21373.679688 36828.687500
724 2.634000 21373.679688 36398.433594
725 2.637000 21373.679688 35432.023438
726 2.641000 21373.679688 35936.960938
727 2.644000 21373.679688 35544.746094
728 2.646000 21373.679688 35212.949219
729 2.650000 21373.679688 35020.718750
730 2.653000 21373.679688 34277.050781
731 2.656000 21373.679688 34491.769531
732 2.659000 21373.679688 34842.414063
733 2.663000 21373.679688 34337.964844
734 2.666000 21373.679688 33244.367188
735 2.670000 21373.679688 34177.289063
736 2.673000 21373.679688 34348.617188
737 2.676000 21373.679688 33309.601563
738 2.679000 21373.679688 35198.828125
739 2.682000 21373.679688 34295.296875
740 2.686000 21373.679688 34131.835938
741 2.690000 21373.679688 34781.023438
742 2.693000 21373.679688 33680.039063
743 2.696000 21373.679688 32856.652344
744 2.699000 21373.679688 33810.906250
745 2.702000 21373.679688 33915.988281
746 2.705000 21373.679688 33332.195313
747 2.707000 21373.679688 32504.835938
748 2.710000 21373.679688 34064.546875
749 2.713000 21373.679688 34335.238281
750 2.717000 21373.679688 34911.718750
751 2.720000 21373.679688 34810.781250
752 2.723000 21373.679688 35198.851563
753 2.726000 21373.679688 35410.136719
754 2.730000 21373.679688 35431.828125
755 2.733000 21373.679688 35723.773438
756 2.736000 21373.679688 35549.585938
757 2.739000 21373.679688 34625.921875
758 2.742000 21373.679688 33593.828125
759 2.744000 21373.679688 33782.621094
760 2.750000 21373.679688 32451.929688
761 2.754000 21373.679688 32952.953125
762 2.757000 21373.679688 33481.441406
763 2.760000 21373.679688 32712.189453
764 2.763000 21373.679688 33719.394531
765 2.766000 21373.679688 34343.875000
766 2.770000 21373.679688 33668.726563
767 2.772000 21373.679688 34375.898438
768 2.776000 21373.679688 36257.566406
769 2.779000 21373.679688 35572.257813
770 2.782000 21373.679688 35472.089844
771 2.785000 21373.679688 35996.468750
772 2.789000 21373.679688 34884.445313
773 2.792000 21373.679688 35368.589844
774 2.796000 21373.679688 34948.976563
775 2.800000 21373.679688 34936.539063
776 2.803000 21373.679688 34669.949219
777 2.807000 21373.679688 33822.878906
778 2.812000 21373.679688 32917.738281
779 2.816000 21373.679688 32561.644531
780 2.820000 21373.679688 32468.296875
781 2.824000 21373.679688 32387.822266
782 2.830000 21373.679688 31989.417969
783 2.833000 21373.679688 33204.523438
784 2.838000 21373.679688 33157.671875
785 2.842000 21373.679688 33891.402344
786 2.845000 21373.679688 33818.031250
787 2.849000 21373.679688 33737.468750
788 2.853000 21373.679688 31873.152344
789 2.856000 21373.679688 31961.587891
790 2.861000 21373.679688 33441.601563
791 2.864000 21373.679688 33787.832031
792 2.867000 21373.679688 34314.468750
793 2.871000 21373.679688 35285.414063
794 2.875000 21373.679688 35591.359375
795 2.879000 21373.679688 36160.546875
796 2.882000 21373.679688 34667.707031
797 2.885000 21373.679688 35070.296875
798 2.888000 21373.679688 34970.199219
799 2.891000 21373.679688 35058.617188
800 2.895000 21373.679688 35054.777344
801 2.898000 21373.679688 34799.308594
802 2.901000 21373.679688 34304.015625
803 2.905000 21373.679688 34773.000000
804 2.908000 21373.679688 34773.886719
805 2.911000 21373.679688 34044.300781
806 2.914000 21373.679688 33800.375000
807 2.918000 21373.679688 34475.386719
808 2.921000 21373.679688 34428.746094
809 2.924000 21373.679688 33764.312500
810 2.928000 21373.679688 32725.445313
811 2.930000 21373.679688 33391.753906
812 2.934000 21373.679688 33138.191406
813 2.937000 21373.679688 32999.210938
814 2.940000 21373.679688 32551.251953
815 2.944000 21373.679688 31998.195313
816 2.947000 21373.679688 32823.109375
817 2.950000 21373.679688 33062.324219
818 2.954000 21373.679688 32380.255859
819 2.957000 21373.679688 34585.375000
820 2.960000 21373.679688 34031.246094
821 2.963000 21373.679688 34657.199219
822 2.967000 21373.679688 35898.261719
823 2.970000 21373.679688 34357.496094
824 2.973000 21373.679688 33095.218750
825 2.976000 21373.679688 33148.062500
826 2.980000 21373.679688 33776.976563
827 2.984000 21373.679688 32363.169922
828 2.986000 21373.679688 32427.054688
829 2.989000 21373.679688 32569.181641
830 2.993000 21373.679688 32187.685547
831 2.996000 21373.679688 33189.664063
832 3.002000 21373.679688 34304.441406
833 3.005000 21373.679688 33792.355469
834 3.008000 21373.679688 33902.714844
835 3.011000 21373.679688 34660.492188
836 3.014000 21373.679688 35365.593750
837 3.017000 21373.679688 35740.101563
838 3.021000 21373.679688 35259.277344
839 3.024000 21373.679688 34137.476563
840 3.026000 21373.679688 33021.964844
841 3.030000 21373.679688 34227.796875
842 3.033000 21373.679688 33349.175781
843 3.037000 21373.679688 34905.171875
844 3.040000 21373.679688 33931.378906
845 3.043000 21373.679688 35110.464844
846 3.046000 21373.679688 34333.265625
847 3.050000 21373.679688 34443.949219
848 3.053000 21373.679688 33476.093750
849 3.056000 21373.679688 33228.941406
850 3.059000 21373.679688 35910.824219
851 3.063000 21373.679688 35138.367188
852 3.066000 21373.679688 35102.273438
853 3.070000 21373.679688 34179.855469
854 3.074000 21373.679688 34733.101563
855 3.079000 21373.679688 34872.648438
856 3.082000 21373.679688 34564.398438
857 3.086000 21373.679688 34236.621094
858 3.089000 21373.679688 34155.308594
859 3.093000 21373.679688 34540.769531
860 3.096000 21373.679688 34191.808594
861 3.100000 21373.679688 33236.835938
862 3.104000 21373.679688 33737.425781
863 3.108000 21373.679688 33959.902344
864 3.111000 21373.679688 33457.925781
865 3.115000 21373.679688 34631.613281
866 3.118000 21373.679688 34372.824219
867 3.122000 21373.679688 35731.101563
868 3.126000 21373.679688 34660.789063
869 3.130000 21373.679688 34800.843750
870 3.133000 21373.679688 35387.449219
871 3.137000 21373.679688 35051.359375
872 3.142000 21373.679688 35564.519531
873 3.146000 21373.679688 35986.511719
874 3.149000 21373.679688 35681.679688
875 3.153000 21373.679688 36518.101563
876 3.157000 21373.679688 36833.203125
877 3.161000 21373.679688 36050.949219
878 3.164000 21373.679688 35259.699219
879 3.167000 21373.679688 35526.375000
880 3.170000 21373.679688 34311.335938
881 3.175000 21373.679688 35618.691406
882 3.178000 21373.679688 35705.625000
883 3.181000 21373.679688 34803.218750
884 3.186000 21373.679688 35825.265625
885 3.188000 21373.679688 35926.605469
886 3.192000 21373.679688 35160.171875
887 3.195000 21373.679688 34302.777344
888 3.198000 21373.679688 34721.945313
889 3.201000 21373.679688 35687.734375
890 3.204000 21373.679688 36428.957031
891 3.207000 21373.679688 36798.035156
892 3.210000 21373.679688 38020.148438
893 3.213000 21373.679688 38557.957031
894 3.217000 21373.679688 37857.886719
895 3.221000 21373.679688 39438.628906
896 3.224000 21373.679688 39198.699219
897 3.227000 21373.679688 38222.808594
898 3.231000 21373.679688 36843.347656
899 3.234000 21373.679688 36685.347656
900 3.237000 21373.679688 35736.449219
901 3.241000 21373.679688 36432.519531
902 3.244000 21373.679688 38261.000000
903 3.246000 21373.679688 36487.359375
904 3.249000 21373.679688 36212.421875
905 3.252000 21373.679688 36184.804688
906 3.255000 21373.679688 34965.656250
907 3.259000 21373.679688 35615.019531
908 3.263000 21373.679688 34428.925781
909 3.300000 21373.679688 35032.085938
910 3.307000 21373.679688 34794.328125
911 3.314000 21373.679688 35230.058594
912 3.316000 21373.679688 36066.792969
913 3.320000 21373.679688 36487.628906
914 3.324000 21373.679688 36781.375000
915 3.327000 21373.679688 36106.316406
916 3.330000 21373.679688 35238.523438
917 3.333000 21373.679688 35120.414063
918 3.336000 21373.679688 35445.343750
919 3.339000 21373.679688 35776.453125
920 3.343000 21373.679688 36342.398438
921 3.346000 21373.679688 35246.824219
922 3.349000 21373.679688 34846.800781
923 3.351000 21373.679688 36269.480469
924 3.356000 21373.679688 35747.929688
925 3.359000 21373.679688 36383.195313
926 3.362000 21373.679688 35382.812500
927 3.365000 21373.679688 35231.085938
928 3.369000 21373.679688 35433.449219
929 3.372000 21373.679688 34680.933594
930 3.375000 21373.679688 34002.988281
931 3.380000 21373.679688 33994.910156
932 3.384000 21373.679688 33814.195313
933 3.387000 21373.679688 32987.179688
934 3.390000 21373.679688 32927.199219
935 3.392000 21373.679688 34290.226563
936 3.397000 21373.679688 34270.175781
937 3.399000 21373.679688 35250.656250
938 3.403000 21373.679688 35362.566406
939 3.406000 21373.679688 33950.121094
940 3.410000 21373.679688 33254.109375
941 3.414000 21373.679688 34896.296875
942 3.417000 21373.679688 35056.699219
943 3.420000 21373.679688 34879.023438
944 3.423000 21373.679688 34202.796875
945 3.426000 21373.679688 32727.722656
946 3.429000 21373.679688 34968.660156
947 3.433000 21373.679688 35172.328125
948 3.436000 21373.679688 35477.933594
949 3.439000 21373.679688 35732.449219
950 3.441000 21373.679688 35468.863281
951 3.445000 21373.679688 35129.070313
952 3.448000 21373.679688 34752.863281
953 3.451000 21373.679688 35385.234375
954 3.454000 21373.679688 35716.191406
955 3.458000 21373.679688 34871.890625
956 3.461000 21373.679688 35332.972656
957 3.465000 21373.679688 34250.675781
958 3.469000 21373.679688 34218.425781
959 3.471000 21373.679688 33777.468750
960 3.476000 21373.679688 34934.738281
961 3.480000 21373.679688 35641.808594
962 3.483000 21373.679688 35149.437500
963 3.486000 21373.679688 35885.023438
964 3.490000 21373.679688 36410.460938
965 3.493000 21373.679688 35482.039063
966 3.497000 21373.679688 35504.984375
967 3.500000 21373.679688 34447.996094
968 3.503000 21373.679688 35352.078125
969 3.506000 21373.679688 34880.699219
970 3.509000 21373.679688 34923.976563
971 3.512000 21373.679688 34881.253906
972 3.516000 21373.679688 34196.460938
973 3.521000 21373.679688 34687.925781
974 3.524000 21373.679688 34245.851563
975 3.527000 21373.679688 34654.941406
976 3.530000 21373.679688 35506.414063
977 3.533000 21373.679688 36367.730469
978 3.537000 21373.679688 35785.695313
979 3.540000 21373.679688 35170.472656
980 3.544000 21373.679688 35135.597656
981 3.547000 21373.679688 36746.933594
982 3.551000 21373.679688 34931.292969
983 3.556000 21373.679688 34120.156250
984 3.560000 21373.679688 33041.628906
985 3.563000 21373.679688 32821.937500
986 3.566000 21373.679688 32828.210938
987 3.570000 21373.679688 33093.347656
988 3.575000 21373.679688 32817.359375
989 3.579000 21373.679688 34302.871094
990 3.583000 21373.679688 34556.832031
991 3.589000 21373.679688 35034.726563
992 3.593000 21373.679688 35527.941406
993 3.597000 21373.679688 35610.847656
994 3.600000 21373.679688 35619.054688
995 3.607000 21373.679688 35731.453125
996 3.610000 21373.679688 35320.332031
997 3.614000 21373.679688 35175.792969
998 3.620000 21373.679688 37200.937500
999 3.623000 21373.679688 37373.550781
1000 3.626000 21373.679688 38173.750000
1001 3.630000 21373.679688 37071.949219
1002 3.633000 21373.679688 37062.531250
1003 3.637000 21373.679688 36907.562500
1004 3.640000 21373.679688 37473.433594
1005 3.643000 21373.679688 38611.664063
1006 3.646000 21373.679688 38357.597656
1007 3.651000 21373.679688 38552.148438
1008 3.654000 21373.679688 36624.261719
1009 3.657000 21373.679688 37448.281250
1010 3.661000 21373.679688 37156.710938
1011 3.665000 21373.679688 38000.234375
1012 3.668000 21373.679688 37790.199219
1013 3.671000 21373.679688 36940.753906
1014 3.675000 21373.679688 35566.523438
1015 3.678000 21373.679688 34653.808594
1016 3.681000 21373.679688 34193.476563
1017 3.685000 21373.679688 36164.843750
1018 3.689000 21373.679688 35921.136719
1019 3.692000 21373.679688 35644.875000
1020 3.695000 21373.679688 34144.921875
1021 3.699000 21373.679688 34726.996094
1022 3.702000 21373.679688 36221.246094
1023 3.706000 21373.679688 37384.386719
1024 3.709000 21373.679688 37521.343750
1025 3.713000 21373.679688 38461.394531
1026 3.717000 21373.679688 37761.968750
1027 3.720000 21373.679688 37827.765625
1028 3.724000 21373.679688 38721.296875
1029 3.727000 21373.679688 37179.226563
1030 3.731000 21373.679688 36947.824219
1031 3.734000 21373.679688 36743.968750
