0 0.000000 24698.500000 27162.068359
1 0.004000 23832.451172 27162.068359
2 0.009000 23796.095703 26679.601563
3 0.012000 23697.107422 26306.759766
4 0.015000 23565.302734 26015.775391
5 0.019000 23533.373047 25761.568359
6 0.022000 23500.666016 25534.222656
7 0.026000 22843.988281 25319.187500
8 0.029000 22843.988281 25070.232422
9 0.032000 22843.988281 24874.841797
10 0.036000 22843.988281 24677.339844
11 0.041000 22843.988281 24516.380859
12 0.046000 22843.988281 24389.097656
13 0.050000 22615.980469 24240.787109
14 0.054000 22491.988281 24147.167969
15 0.058000 22491.988281 24007.212891
16 0.061000 22377.640625 23924.726563
17 0.065000 22316.441406 23834.144531
18 0.068000 22316.441406 23802.080078
19 0.072000 22316.441406 23752.574219
20 0.076000 22316.441406 23650.195313
21 0.079000 22316.441406 23550.097656
22 0.083000 22316.441406 23490.857422
23 0.086000 22316.441406 23437.960938
24 0.090000 22144.406250 23379.154297
25 0.093000 22144.406250 23325.554688
26 0.097000 22144.406250 23273.162109
27 0.100000 21998.662109 23221.472656
28 0.103000 21998.662109 23181.689453
29 0.107000 21998.662109 23168.710938
30 0.111000 21913.896484 23139.029297
31 0.116000 21913.896484 23086.210938
32 0.119000 21913.896484 23051.007813
33 0.122000 21913.896484 23007.248047
34 0.125000 21913.896484 22969.455078
35 0.130000 21913.896484 22900.292969
36 0.134000 21913.896484 22876.599609
37 0.137000 21913.896484 22854.130859
38 0.141000 21913.896484 22831.054688
39 0.145000 21913.896484 22801.171875
40 0.148000 21913.896484 22782.705078
41 0.151000 21856.064453 22765.500000
42 0.154000 21856.064453 22758.855469
43 0.158000 21832.126953 22733.546875
44 0.161000 21732.976563 22664.341797
45 0.164000 21732.976563 22629.865234
46 0.167000 21732.976563 22613.849609
47 0.171000 21732.976563 22600.410156
48 0.174000 21732.976563 22576.980469
49 0.178000 21689.373047 22573.484375
50 0.181000 21689.373047 22564.414063
51 0.185000 21689.373047 22555.255859
52 0.188000 21689.373047 22525.287109
53 0.192000 21646.445313 22501.158203
54 0.195000 21646.445313 22483.277344
55 0.199000 21646.439453 22464.769531
56 0.202000 21625.380859 22447.386719
57 0.205000 21625.380859 22441.898438
58 0.209000 21625.380859 22434.515625
59 0.212000 21625.380859 22432.605469
60 0.215000 21625.380859 22403.982422
61 0.219000 21625.380859 22391.732422
62 0.224000 21547.724609 22385.632813
63 0.227000 21547.724609 22376.800781
64 0.231000 21547.724609 22369.800781
65 0.235000 21547.724609 22364.849609
66 0.239000 21547.724609 22356.136719
67 0.242000 21547.724609 22344.130859
68 0.246000 21547.724609 22344.130859
69 0.248000 21547.724609 22341.279297
70 0.252000 21547.724609 22331.132813
71 0.255000 21547.724609 22327.857422
72 0.259000 21547.724609 22326.234375
73 0.261000 21547.724609 22324.494141
74 0.265000 21547.724609 22322.998047
75 0.269000 21547.724609 22321.765625
76 0.271000 21547.724609 22314.515625
77 0.274000 21547.724609 22312.015625
78 0.279000 21547.724609 22310.865234
79 0.282000 21547.724609 22308.152344
80 0.286000 21547.724609 22304.462891
81 0.289000 21547.724609 22299.089844
82 0.292000 21547.724609 22298.849609
83 0.295000 21547.724609 22298.849609
84 0.298000 21547.724609 22271.376953
85 0.302000 21547.724609 22270.710938
86 0.305000 21547.724609 22267.943359
87 0.308000 21547.724609 22258.072266
88 0.311000 21547.724609 22253.394531
89 0.315000 21547.724609 22251.964844
90 0.318000 21547.724609 22251.964844
91 0.321000 21547.724609 22249.847656
92 0.325000 21547.724609 22227.259766
93 0.329000 21547.724609 22227.259766
94 0.332000 21547.724609 22220.654297
95 0.336000 21547.724609 22217.591797
96 0.340000 21547.724609 22212.572266
97 0.342000 21547.724609 22201.740234
98 0.346000 21547.724609 22191.193359
99 0.349000 21547.724609 22190.832031
100 0.353000 21547.724609 22183.748047
101 0.356000 21547.724609 22183.748047
102 0.359000 21547.724609 22182.626953
103 0.363000 21547.724609 22176.337891
104 0.366000 21547.724609 22175.226563
105 0.369000 21547.724609 22173.707031
106 0.372000 21547.724609 22173.707031
107 0.375000 21547.724609 22172.357422
108 0.380000 21547.724609 22172.357422
109 0.384000 21547.724609 22172.357422
110 0.387000 21547.724609 22172.357422
111 0.390000 21547.724609 22172.357422
112 0.394000 21547.724609 22171.488281
113 0.397000 21547.724609 22171.488281
114 0.401000 21547.724609 22171.488281
115 0.404000 21547.724609 22171.277344
116 0.408000 21547.724609 22171.277344
117 0.412000 21547.724609 22171.277344
118 0.415000 21547.724609 22171.277344
119 0.418000 21547.724609 22171.277344
120 0.421000 21547.724609 22170.697266
121 0.425000 21547.724609 22163.351563
122 0.428000 21547.724609 22163.269531
123 0.431000 21547.724609 22153.302734
124 0.434000 21547.724609 22148.117188
125 0.438000 21547.724609 22148.115234
126 0.442000 21547.724609 22148.115234
127 0.446000 21547.724609 22148.115234
128 0.449000 21547.724609 22147.658203
129 0.453000 21547.724609 22147.658203
130 0.457000 21547.724609 22147.500000
131 0.461000 21547.724609 22145.947266
132 0.463000 21547.724609 22145.947266
133 0.466000 21547.724609 22145.947266
134 0.471000 21547.724609 22145.947266
135 0.474000 21547.724609 22143.652344
136 0.477000 21547.724609 22143.652344
137 0.480000 21547.724609 22143.652344
138 0.484000 21547.724609 22143.652344
139 0.487000 21547.724609 22143.652344
140 0.490000 21547.724609 22143.652344
141 0.493000 21547.724609 22143.652344
142 0.497000 21547.724609 22143.652344
143 0.500000 21547.724609 22133.105469
144 0.505000 21547.724609 22133.105469
145 0.508000 21547.724609 22133.105469
146 0.511000 21547.724609 22133.105469
147 0.514000 21547.724609 22133.105469
148 0.518000 21547.724609 22131.982422
149 0.521000 21448.660156 22131.982422
150 0.525000 21448.660156 22129.507813
151 0.528000 21448.660156 22129.507813
152 0.532000 21448.660156 22129.507813
153 0.535000 21448.660156 22127.134766
154 0.538000 21448.660156 22127.134766
155 0.542000 21448.660156 22127.134766
156 0.545000 21448.660156 22127.134766
157 0.549000 21448.660156 22126.453125
158 0.553000 21448.660156 22121.082031
159 0.557000 21448.660156 22121.085938
160 0.561000 21448.660156 22119.511719
161 0.565000 21448.660156 22119.511719
162 0.568000 21448.660156 22118.945313
163 0.571000 21448.660156 22118.087891
164 0.575000 21448.660156 22118.087891
165 0.579000 21448.660156 22118.087891
166 0.584000 21448.660156 22115.742188
167 0.587000 21448.660156 22115.742188
168 0.590000 21448.660156 22108.349609
169 0.593000 21448.660156 22104.501953
170 0.596000 21448.660156 22098.792969
171 0.600000 21448.660156 22096.605469
172 0.603000 21448.660156 22094.488281
173 0.606000 21448.660156 22093.029297
174 0.610000 21448.660156 22089.908203
175 0.614000 21448.660156 22085.154297
176 0.617000 21448.660156 22084.480469
177 0.620000 21448.660156 22079.820313
178 0.623000 21448.660156 22079.820313
179 0.626000 21448.660156 22076.330078
180 0.630000 21448.660156 22067.857422
181 0.633000 21448.660156 22067.859375
182 0.636000 21448.660156 22067.859375
183 0.640000 21448.660156 22067.859375
184 0.643000 21448.660156 22066.296875
185 0.646000 21448.660156 22066.296875
186 0.650000 21448.660156 22066.296875
187 0.653000 21448.660156 22065.380859
188 0.656000 21448.660156 22063.265625
189 0.659000 21448.660156 22063.265625
190 0.663000 21448.660156 22062.318359
191 0.666000 21448.660156 22062.314453
192 0.669000 21448.660156 22062.314453
193 0.672000 21448.660156 22059.464844
194 0.676000 21448.660156 22059.464844
195 0.680000 21448.660156 22059.136719
196 0.683000 21448.660156 22055.814453
197 0.686000 21448.660156 22055.814453
198 0.689000 21448.660156 22055.814453
199 0.693000 21448.660156 22055.814453
200 0.697000 21448.660156 22055.097656
201 0.700000 21448.660156 22054.232422
202 0.703000 21448.660156 22054.232422
203 0.707000 21448.660156 22054.232422
204 0.710000 21448.660156 22048.519531
205 0.713000 21448.660156 22048.519531
206 0.716000 21448.660156 22048.519531
207 0.719000 21448.660156 22048.230469
208 0.722000 21448.660156 22048.144531
209 0.726000 21448.660156 22048.144531
210 0.729000 21448.660156 22048.144531
211 0.732000 21448.660156 22048.144531
212 0.735000 21448.660156 22048.144531
213 0.739000 21448.660156 22046.572266
214 0.742000 21448.654297 22046.572266
215 0.746000 21448.654297 22044.455078
216 0.749000 21448.654297 22044.455078
217 0.752000 21448.654297 22044.314453
218 0.755000 21448.654297 22044.314453
219 0.758000 21448.654297 22041.373047
220 0.762000 21448.654297 22034.525391
221 0.765000 21448.654297 22032.500000
222 0.769000 21448.654297 22028.898438
223 0.773000 21448.654297 22028.898438
224 0.777000 21448.654297 22028.080078
225 0.780000 21448.654297 22027.988281
226 0.783000 21448.654297 22017.439453
227 0.788000 21448.654297 22017.439453
228 0.791000 21448.654297 22013.339844
229 0.794000 21448.654297 22013.105469
230 0.798000 21448.654297 22011.970703
231 0.801000 21448.654297 22011.970703
232 0.804000 21448.654297 22011.970703
233 0.808000 21448.654297 22011.970703
234 0.811000 21448.654297 22006.259766
235 0.814000 21448.654297 22001.197266
236 0.817000 21448.654297 22001.197266
237 0.821000 21448.654297 22001.197266
238 0.824000 21448.654297 22001.197266
239 0.828000 21448.654297 22001.197266
240 0.831000 21448.654297 22001.115234
241 0.834000 21448.654297 21999.769531
242 0.837000 21448.654297 21999.769531
243 0.841000 21448.654297 21999.769531
244 0.844000 21448.654297 21994.320313
245 0.848000 21448.654297 21994.320313
246 0.852000 21448.654297 21993.587891
247 0.855000 21448.654297 21993.587891
248 0.859000 21448.654297 21991.615234
249 0.862000 21448.654297 21991.615234
250 0.866000 21448.654297 21991.615234
251 0.870000 21448.654297 21991.615234
252 0.873000 21448.654297 21991.615234
253 0.876000 21448.654297 21991.615234
254 0.879000 21448.654297 21991.615234
255 0.883000 21448.654297 21985.841797
256 0.886000 21448.654297 21985.841797
257 0.890000 21448.654297 21982.314453
258 0.892000 21448.654297 21979.000000
259 0.896000 21448.654297 21977.144531
260 0.899000 21448.654297 21977.144531
261 0.904000 21448.654297 21977.144531
262 0.907000 21448.654297 21977.144531
263 0.910000 21448.654297 21976.919922
264 0.913000 21448.654297 21976.525391
265 0.916000 21448.654297 21976.525391
266 0.919000 21448.654297 21976.332031
267 0.923000 21448.654297 21976.332031
268 0.926000 21448.654297 21974.251953
269 0.930000 21448.654297 21974.251953
270 0.933000 21448.654297 21971.601563
271 0.936000 21448.654297 21971.601563
272 0.939000 21448.654297 21970.892578
273 0.942000 21448.654297 21969.095703
274 0.946000 21448.654297 21969.095703
275 0.950000 21448.654297 21969.095703
276 0.953000 21448.654297 21968.560547
277 0.958000 21448.654297 21968.560547
278 0.963000 21448.654297 21968.351563
279 0.969000 21448.654297 21966.929688
280 0.973000 21448.654297 21960.273438
281 0.979000 21448.654297 21959.619141
282 0.982000 21448.654297 21950.804688
283 0.987000 21448.654297 21950.804688
284 0.991000 21448.654297 21950.804688
285 0.995000 21448.654297 21950.804688
286 0.999000 21448.654297 21949.757813
287 1.002000 21448.654297 21949.757813
288 1.005000 21448.654297 21948.185547
289 1.010000 21448.654297 21948.185547
290 1.013000 21448.654297 21948.185547
291 1.016000 21448.654297 21948.185547
292 1.019000 21448.654297 21947.357422
293 1.023000 21448.654297 21947.357422
294 1.027000 21448.654297 21947.357422
295 1.030000 21448.654297 21947.357422
296 1.033000 21448.654297 21947.357422
297 1.037000 21448.654297 21945.613281
298 1.041000 21448.654297 21945.613281
299 1.043000 21448.654297 21945.613281
300 1.047000 21448.654297 21945.460938
301 1.051000 21448.654297 21940.742188
302 1.054000 21448.654297 21932.988281
303 1.058000 21448.654297 21932.988281
304 1.060000 21448.654297 21926.562500
305 1.063000 21448.654297 21926.562500
306 1.067000 21448.654297 21926.562500
307 1.070000 21448.654297 21926.562500
308 1.073000 21448.654297 21926.562500
309 1.076000 21448.654297 21926.562500
310 1.079000 21448.654297 21926.562500
311 1.083000 21448.654297 21926.562500
312 1.086000 21448.654297 21920.851563
313 1.090000 21448.654297 21920.851563
314 1.092000 21448.654297 21920.851563
