0 0.000000 3094.278076 3313.997070
1 0.019000 3051.338135 3313.997070
2 0.041000 3001.962646 3723.600342
3 0.065000 3001.962646 3352.139160
4 0.093000 2970.768555 3605.124023
5 0.116000 2928.492432 4129.931152
6 0.138000 2895.575439 4267.187988
7 0.163000 2878.960693 4347.151367
8 0.188000 2876.142090 4296.354004
9 0.212000 2874.158936 4274.388672
10 0.236000 2874.158936 4095.262451
11 0.262000 2863.076904 4300.812012
12 0.282000 2863.076904 4426.406250
13 0.304000 2850.757568 4197.727051
14 0.326000 2850.757568 4409.005859
15 0.347000 2822.402832 4575.962402
16 0.372000 2818.628662 4684.947266
17 0.392000 2806.649170 4428.201660
18 0.412000 2806.649170 4565.916016
19 0.433000 2806.649170 4767.666016
20 0.453000 2806.649170 4539.857422
21 0.476000 2806.649170 4462.049805
22 0.499000 2806.649170 4442.968750
23 0.520000 2799.663330 4477.240723
24 0.546000 2799.663330 4797.050781
25 0.571000 2799.663330 4824.530762
26 0.589000 2799.663330 5184.663574
27 0.610000 2795.815186 5114.969238
28 0.632000 2795.815186 5133.587402
29 0.656000 2795.815186 5292.182617
30 0.679000 2784.339600 5111.985352
31 0.701000 2784.339600 5116.468262
32 0.723000 2784.339600 5033.818848
33 0.745000 2784.339600 5122.533691
34 0.773000 2784.339600 5150.430664
35 0.793000 2784.339600 5152.515137
36 0.817000 2784.339600 5118.709473
37 0.844000 2784.339600 5246.123535
38 0.869000 2784.339600 5044.710449
39 0.892000 2771.816162 5003.847656
40 0.913000 2771.816162 4896.953125
41 0.936000 2768.137695 4922.723633
42 0.960000 2759.212158 5011.993164
43 0.985000 2759.212158 4888.445313
44 1.010000 2754.069824 4595.164063
45 1.036000 2743.545410 4639.260254
46 1.060000 2740.528809 4565.208496
47 1.082000 2740.528809 4628.178223
48 1.101000 2740.528809 4831.476074
49 1.124000 2740.528809 4931.332031
50 1.146000 2740.528809 5143.194824
51 1.167000 2740.528809 5172.772461
52 1.188000 2740.528809 5211.350586
53 1.213000 2735.319092 5235.357910
54 1.237000 2735.319092 4880.200195
55 1.259000 2735.319092 4805.831543
56 1.279000 2735.319092 4709.016113
57 1.302000 2735.319092 4863.781738
58 1.322000 2735.319092 5148.576660
59 1.345000 2735.319092 5153.862305
60 1.367000 2735.319092 5013.200195
61 1.392000 2735.319092 4938.935547
62 1.413000 2735.319092 4933.080078
63 1.432000 2726.043945 4936.007324
64 1.456000 2726.043945 4920.714844
65 1.478000 2706.033691 4774.020508
66 1.500000 2706.033691 4574.656738
67 1.521000 2706.033691 4567.076660
68 1.542000 2706.033691 4768.435547
69 1.565000 2706.033691 5043.920898
70 1.585000 2706.033691 5012.992188
71 1.606000 2706.033691 4933.348633
72 1.623000 2706.033691 5001.412109
73 1.643000 2706.033691 4933.423340
74 1.665000 2706.033691 4972.569336
75 1.689000 2706.033691 5130.437012
76 1.711000 2706.033691 5191.463867
77 1.735000 2706.033691 5510.373047
78 1.755000 2706.033691 5696.172363
79 1.775000 2706.033691 5871.763672
80 1.797000 2706.033691 5538.510742
81 1.820000 2706.033691 5317.775391
82 1.839000 2706.033691 5021.570801
83 1.859000 2706.033691 5210.855957
84 1.882000 2706.033691 5362.578125
85 1.902000 2706.033691 5232.946289
86 1.923000 2706.033691 5314.871094
87 1.947000 2706.033691 5011.892090
88 1.967000 2706.033691 5366.681152
89 1.988000 2706.033691 5426.687988
90 2.006000 2706.033691 5466.439941
91 2.030000 2706.033691 5579.660156
92 2.055000 2706.033691 5283.308594
93 2.077000 2706.033691 5061.132324
94 2.100000 2706.033691 5112.757324
95 2.121000 2706.033691 4740.412598
96 2.146000 2706.033691 4853.931641
97 2.168000 2706.033691 4931.195801
98 2.189000 2706.033691 5094.845703
99 2.214000 2706.033691 4998.106934
100 2.240000 2706.033691 5232.701660
101 2.264000 2706.033691 5453.202637
102 2.285000 2706.033691 5316.250488
103 2.304000 2706.033691 5182.894043
104 2.326000 2706.033691 5223.496582
105 2.351000 2706.033691 5142.834473
106 2.377000 2706.033691 5181.475586
107 2.408000 2706.033691 5506.103027
108 2.436000 2706.033691 5479.151367
109 2.460000 2706.033691 5525.047363
110 2.488000 2706.033691 5663.431152
111 2.510000 2706.033691 5370.716797
112 2.531000 2706.033691 5279.204590
113 2.553000 2706.033691 5581.942383
114 2.579000 2706.033691 5660.841797
115 2.600000 2706.033691 5557.455078
116 2.621000 2706.033691 5698.978516
117 2.641000 2706.033691 5413.796875
118 2.665000 2706.033691 5411.105469
119 2.684000 2706.033691 5344.463867
120 2.706000 2706.033691 5404.399902
121 2.727000 2706.033691 5327.137695
122 2.749000 2706.033691 5228.085449
123 2.772000 2706.033691 5267.431641
124 2.793000 2706.033691 5177.030762
125 2.810000 2706.033691 5285.843750
126 2.832000 2706.033691 5504.827637
127 2.849000 2706.033691 5316.471191
128 2.870000 2706.033691 5379.234863
129 2.892000 2706.033691 5707.011230
130 2.917000 2706.033691 5444.814941
131 2.938000 2706.033691 5577.560547
132 2.959000 2706.033691 5361.479980
133 2.986000 2706.033691 5194.856445
134 3.007000 2706.033691 5305.360840
135 3.030000 2706.033691 5296.477051
136 3.052000 2706.033691 5214.126465
137 3.071000 2706.033691 5198.458496
138 3.095000 2706.033691 5289.857422
139 3.117000 2706.033691 5434.978027
140 3.139000 2706.033691 5694.330078
141 3.160000 2706.033691 5905.944336
142 3.182000 2706.033691 5820.823730
143 3.202000 2706.033691 5570.665527
144 3.222000 2706.033691 5406.345703
145 3.246000 2706.033691 5854.154785
146 3.264000 2706.033691 5584.763672
147 3.289000 2706.033691 5392.020020
148 3.311000 2706.033691 5677.662109
149 3.333000 2706.033691 5652.665527
150 3.356000 2706.033691 5546.961914
151 3.381000 2706.033691 5912.839355
152 3.402000 2706.033691 5884.377930
153 3.422000 2706.033691 5780.042480
154 3.445000 2706.033691 5833.927734
155 3.465000 2706.033691 5853.078613
156 3.488000 2706.033691 5969.666992
157 3.510000 2706.033691 5565.285645
158 3.532000 2706.033691 5665.421387
159 3.552000 2706.033691 5783.863281
160 3.574000 2706.033691 5899.895020
161 3.594000 2706.033691 5796.341797
162 3.618000 2706.033691 5624.237305
163 3.641000 2706.033691 5421.764160
164 3.668000 2706.033691 5349.181641
165 3.690000 2706.033691 5219.930176
166 3.713000 2706.033691 5227.726074
167 3.735000 2706.033691 5294.733887
168 3.755000 2706.033691 5222.007813
169 3.778000 2706.033691 5244.689941
170 3.801000 2706.033691 5189.139648
171 3.819000 2706.033691 5193.612305
172 3.840000 2706.033691 5273.134766
173 3.860000 2706.033691 5377.289551
174 3.882000 2706.033691 5319.410645
175 3.904000 2706.033691 5670.267578
176 3.924000 2706.033691 5551.189941
177 3.944000 2706.033691 5664.142090
178 3.968000 2706.033691 5600.316895
179 3.988000 2706.033691 5656.117676
180 4.007000 2706.033691 5371.174316
181 4.026000 2706.033691 5284.910645
182 4.048000 2706.033691 5306.191406
183 4.068000 2706.033691 5551.660156
184 4.093000 2706.033691 5427.205566
185 4.116000 2706.033691 5498.125488
186 4.139000 2706.033691 5385.582520
187 4.164000 2706.033691 5511.198242
188 4.186000 2706.033691 5710.743652
189 4.212000 2706.033691 5641.388184
190 4.233000 2706.033691 5339.646484
191 4.254000 2706.033691 5149.612793
192 4.278000 2706.033691 5376.330078
193 4.297000 2706.033691 5642.903809
194 4.319000 2706.033691 5413.193359
195 4.343000 2706.033691 5236.657715
196 4.367000 2706.033691 5467.435059
197 4.388000 2706.033691 5378.223633
198 4.410000 2706.033691 5353.087402
199 4.432000 2706.033691 5465.652344
200 4.452000 2706.033691 5499.084961
201 4.476000 2706.033691 5352.935547
202 4.499000 2706.033691 5486.326172
203 4.522000 2706.033691 5447.319824
204 4.545000 2706.033691 5187.905762
205 4.563000 2706.033691 5332.714355
206 4.587000 2706.033691 5457.290039
207 4.609000 2706.033691 5233.805176
208 4.631000 2706.033691 5508.507324
209 4.656000 2706.033691 5511.589844
210 4.683000 2706.033691 5321.983887
211 4.705000 2706.033691 5269.223633
212 4.725000 2706.033691 5152.041992
213 4.746000 2706.033691 5317.542480
214 4.768000 2706.033691 5284.687988
215 4.789000 2706.033691 5356.662598
216 4.812000 2706.033691 5330.116211
217 4.838000 2706.033691 5260.251465
218 4.859000 2706.033691 5129.905762
219 4.879000 2706.033691 5343.084473
220 4.897000 2706.033691 5134.945313
221 4.919000 2706.033691 5114.956543
222 4.946000 2706.033691 5064.786133
223 4.969000 2706.033691 5059.529297
224 4.988000 2706.033691 4848.163574
225 5.009000 2706.033691 5091.993164
226 5.027000 2706.033691 4975.731445
227 5.049000 2706.033691 4895.741211
228 5.068000 2706.033691 4926.153809
229 5.091000 2706.033691 5066.979492
230 5.114000 2706.033691 4994.427734
231 5.133000 2706.033691 5103.616699
232 5.155000 2706.033691 5038.731445
233 5.172000 2706.033691 4920.792480
234 5.195000 2706.033691 4920.129883
235 5.217000 2706.033691 4986.543945
236 5.236000 2706.033691 5122.934570
237 5.259000 2706.033691 5057.848145
238 5.282000 2706.033691 5007.687012
239 5.304000 2706.033691 5471.921387
240 5.325000 2706.033691 5455.071289
241 5.346000 2706.033691 5512.673828
242 5.365000 2706.033691 5308.309570
243 5.386000 2706.033691 5481.534180
244 5.411000 2706.033691 5749.566895
245 5.431000 2706.033691 5514.551758
246 5.454000 2706.033691 5260.236328
247 5.477000 2706.033691 5329.833984
248 5.502000 2706.033691 5265.709473
249 5.522000 2706.033691 5453.171875
250 5.546000 2706.033691 5464.574219
251 5.567000 2706.033691 5729.004883
252 5.589000 2706.033691 5569.341797
253 5.614000 2706.033691 5582.564941
254 5.634000 2706.033691 5289.577637
255 5.658000 2706.033691 4986.006348
256 5.684000 2706.033691 5069.738281
257 5.706000 2706.033691 5100.493164
258 5.731000 2706.033691 5074.009766
259 5.755000 2706.033691 5083.189453
260 5.781000 2706.033691 4954.677734
261 5.801000 2706.033691 4728.437500
262 5.825000 2706.033691 5323.173828
263 5.844000 2706.033691 5456.198242
264 5.864000 2706.033691 5201.321289
265 5.886000 2706.033691 5082.644531
266 5.906000 2706.033691 5367.556152
267 5.926000 2706.033691 5106.961426
268 5.948000 2706.033691 4927.937012
269 5.967000 2706.033691 4931.251465
270 5.989000 2706.033691 5156.384277
271 6.011000 2706.033691 5483.461914
272 6.031000 2706.033691 5270.149902
273 6.051000 2706.033691 5203.449707
274 6.071000 2706.033691 5245.943359
275 6.093000 2706.033691 4982.447266
276 6.114000 2706.033691 4943.458008
277 6.137000 2706.033691 4733.583984
278 6.157000 2706.033691 4877.983887
279 6.178000 2706.033691 5117.941406
280 6.203000 2706.033691 4879.100098
281 6.223000 2706.033691 4891.942871
282 6.244000 2706.033691 5158.043945
283 6.267000 2706.033691 5337.817383
284 6.288000 2706.033691 4958.481934
285 6.310000 2706.033691 4805.772949
286 6.330000 2706.033691 4596.112793
287 6.347000 2706.033691 4687.322266
288 6.370000 2706.033691 4642.046387
289 6.391000 2706.033691 5067.232422
290 6.410000 2706.033691 5061.905762
291 6.430000 2706.033691 5327.001953
292 6.449000 2706.033691 5374.087891
293 6.470000 2706.033691 5516.373047
294 6.490000 2706.033691 5507.672363
295 6.510000 2706.033691 5441.675781
296 6.531000 2706.033691 5768.107910
297 6.547000 2706.033691 5559.795410
298 6.568000 2706.033691 5660.785156
299 6.591000 2706.033691 5293.562500
300 6.614000 2706.033691 5018.169922
301 6.634000 2706.033691 5423.990234
302 6.653000 2706.033691 5347.052734
303 6.677000 2706.033691 5566.992676
304 6.702000 2706.033691 5381.621094
305 6.721000 2706.033691 5084.053223
306 6.744000 2706.033691 5245.520020
307 6.767000 2706.033691 5104.131836
308 6.790000 2706.033691 4722.778320
309 6.810000 2706.033691 5091.160156
310 6.831000 2706.033691 5029.839844
311 6.847000 2706.033691 5129.662109
312 6.867000 2706.033691 5408.524902
313 6.889000 2706.033691 5694.683594
314 6.913000 2706.033691 5673.543945
315 6.935000 2706.033691 5654.187988
316 6.955000 2706.033691 5756.948242
317 6.975000 2706.033691 5394.743164
318 6.997000 2706.033691 5405.881836
319 7.023000 2706.033691 5224.678223
320 7.046000 2706.033691 5303.071289
321 7.069000 2706.033691 5390.429199
322 7.089000 2706.033691 5761.151855
323 7.112000 2706.033691 5727.827637
324 7.138000 2706.033691 5620.708984
325 7.161000 2706.033691 5410.028320
326 7.184000 2706.033691 5273.170410
327 7.205000 2706.033691 5313.125488
328 7.229000 2706.033691 5500.129395
329 7.255000 2706.033691 5362.287109
330 7.282000 2706.033691 5614.170410
331 7.306000 2706.033691 5591.414551
332 7.327000 2706.033691 5848.687012
333 7.347000 2706.033691 5544.568848
334 7.370000 2706.033691 5578.968262
335 7.394000 2706.033691 5932.417480
336 7.413000 2706.033691 5963.860840
337 7.437000 2706.033691 5924.004883
338 7.458000 2706.033691 5575.698730
339 7.482000 2706.033691 5535.574219
340 7.504000 2706.033691 5491.731934
341 7.528000 2706.033691 5232.333984
342 7.550000 2706.033691 5077.681641
343 7.573000 2706.033691 5057.285156
344 7.595000 2706.033691 4937.314453
345 7.617000 2706.033691 5245.600098
346 7.637000 2706.033691 5108.373047
347 7.658000 2706.033691 5424.046387
348 7.679000 2706.033691 5338.437988
349 7.703000 2706.033691 5444.199219
350 7.728000 2706.033691 5480.292480
351 7.751000 2706.033691 5655.348145
352 7.771000 2706.033691 5624.293945
353 7.793000 2706.033691 5659.404297
354 7.812000 2706.033691 5667.018066
355 7.837000 2706.033691 5821.662598
356 7.859000 2706.033691 5454.700684
357 7.880000 2706.033691 5456.779785
358 7.900000 2706.033691 5591.418945
359 7.941000 2706.033691 5817.328613
360 7.970000 2706.033691 5324.758789
361 7.992000 2706.033691 5417.069824
362 8.016000 2706.033691 5253.217285
363 8.040000 2706.033691 5389.325684
364 8.061000 2706.033691 5240.492188
365 8.084000 2706.033691 5487.317383
366 8.108000 2706.033691 5844.883789
367 8.133000 2706.033691 5649.606445
368 8.155000 2706.033691 6002.578613
369 8.177000 2706.033691 5842.998047
370 8.199000 2706.033691 6072.127930
371 8.223000 2706.033691 5821.717285
372 8.243000 2706.033691 5852.294922
373 8.267000 2706.033691 6240.506836
374 8.287000 2706.033691 6229.627441
375 8.310000 2706.033691 6011.896973
376 8.336000 2706.033691 6014.259766
377 8.355000 2706.033691 5852.535645
378 8.380000 2706.033691 5709.663086
379 8.403000 2706.033691 5586.172363
380 8.424000 2706.033691 5513.361816
381 8.447000 2706.033691 5547.033691
382 8.469000 2706.033691 5312.493164
383 8.494000 2706.033691 5261.151367
384 8.515000 2706.033691 5164.174805
385 8.538000 2706.033691 5202.904297
386 8.561000 2706.033691 5482.994141
387 8.585000 2706.033691 5526.776367
388 8.606000 2706.033691 5293.323730
389 8.629000 2706.033691 5188.007813
390 8.648000 2706.033691 5041.400391
391 8.667000 2706.033691 4904.775391
392 8.689000 2706.033691 5017.154297
393 8.713000 2706.033691 5066.206055
394 8.736000 2706.033691 5296.325684
395 8.757000 2706.033691 5166.619141
396 8.777000 2706.033691 5300.915527
397 8.802000 2706.033691 5540.879883
398 8.823000 2706.033691 5339.751953
399 8.841000 2706.033691 5371.212402
400 8.864000 2706.033691 5471.927734
401 8.888000 2706.033691 5467.484375
402 8.909000 2706.033691 5526.803223
403 8.929000 2706.033691 5575.917480
404 8.956000 2706.033691 5280.228516
405 8.978000 2706.033691 5192.896484
406 8.999000 2706.033691 5071.012695
407 9.020000 2706.033691 5127.078125
408 9.041000 2706.033691 4897.728027
409 9.064000 2706.033691 4763.086426
410 9.086000 2706.033691 4763.467285
411 9.106000 2706.033691 4741.199219
412 9.132000 2706.033691 4758.170898
413 9.153000 2706.033691 4694.220703
414 9.177000 2706.033691 4866.490723
415 9.198000 2706.033691 5109.259766
416 9.221000 2706.033691 5184.990234
417 9.241000 2706.033691 5002.513672
418 9.260000 2706.033691 5221.404297
419 9.281000 2706.033691 5206.112305
420 9.303000 2706.033691 5317.573730
421 9.323000 2706.033691 5188.466797
422 9.348000 2706.033691 5388.378906
423 9.370000 2706.033691 5304.789551
424 9.389000 2706.033691 5372.771973
425 9.414000 2706.033691 5291.778320
426 9.436000 2706.033691 5203.317383
427 9.458000 2706.033691 5619.880859
428 9.477000 2706.033691 5643.778320
429 9.498000 2706.033691 5481.113770
430 9.520000 2706.033691 5448.570801
431 9.546000 2706.033691 5617.717285
432 9.570000 2706.033691 5552.649902
433 9.589000 2706.033691 5433.259766
434 9.611000 2706.033691 5844.064941
435 9.633000 2706.033691 5928.234863
436 9.656000 2706.033691 5848.394531
437 9.678000 2706.033691 5651.354980
438 9.699000 2706.033691 5903.656250
439 9.722000 2706.033691 5739.585449
440 9.750000 2706.033691 5843.504395
441 9.773000 2706.033691 5984.181152
442 9.810000 2706.033691 5583.725098
443 9.834000 2706.033691 5477.498047
444 9.862000 2706.033691 5580.862305
445 9.887000 2706.033691 5503.963867
446 9.909000 2706.033691 5470.332031
447 9.931000 2706.033691 5356.251465
448 9.955000 2706.033691 5461.748535
449 9.978000 2706.033691 5476.734863
450 10.000000 2706.033691 5698.398926
451 10.021000 2706.033691 5621.281738
452 10.045000 2706.033691 5550.810059
453 10.069000 2706.033691 5498.643066
454 10.088000 2706.033691 5762.558105
455 10.111000 2706.033691 5511.696289
456 10.137000 2706.033691 5495.852539
457 10.164000 2706.033691 5591.567383
458 10.190000 2706.033691 5531.401855
459 10.211000 2706.033691 5373.458008
460 10.234000 2706.033691 5411.762695
461 10.256000 2706.033691 5427.036133
462 10.282000 2706.033691 5352.018066
463 10.301000 2706.033691 5373.790527
464 10.324000 2706.033691 5865.830566
465 10.346000 2706.033691 5880.831055
466 10.368000 2706.033691 5582.702637
467 10.392000 2706.033691 5444.446289
468 10.418000 2706.033691 5399.616211
469 10.440000 2706.033691 5106.951172
470 10.462000 2706.033691 5284.151855
471 10.485000 2706.033691 5157.449219
472 10.505000 2706.033691 5351.090820
473 10.532000 2706.033691 5885.541016
474 10.556000 2706.033691 5817.507324
475 10.576000 2706.033691 5521.363281
476 10.596000 2706.033691 5906.501953
477 10.619000 2706.033691 6065.705078
478 10.641000 2706.033691 6176.029785
479 10.665000 2706.033691 6289.372070
480 10.689000 2706.033691 6242.884277
481 10.716000 2706.033691 6041.277344
482 10.739000 2706.033691 5895.697266
483 10.761000 2706.033691 5574.966309
484 10.783000 2706.033691 5696.174805
485 10.807000 2706.033691 5731.443848
486 10.827000 2706.033691 5701.403320
487 10.847000 2706.033691 5745.930176
488 10.868000 2706.033691 5825.680664
489 10.889000 2706.033691 5885.945801
490 10.914000 2706.033691 6134.205078
491 10.937000 2706.033691 6610.015137
492 10.961000 2706.033691 6234.390137
493 10.984000 2706.033691 6452.296387
494 11.005000 2706.033691 6110.491211
495 11.025000 2706.033691 6101.381836
496 11.047000 2706.033691 5977.680176
497 11.070000 2706.033691 5652.629395
498 11.094000 2706.033691 5233.451660
499 11.121000 2706.033691 5209.326660
500 11.143000 2706.033691 5041.489746
501 11.163000 2706.033691 5358.704590
502 11.182000 2706.033691 5468.764160
503 11.209000 2706.033691 5294.413574
504 11.232000 2706.033691 5461.928711
505 11.254000 2706.033691 5301.442383
506 11.275000 2706.033691 5219.613281
507 11.299000 2706.033691 5328.826172
508 11.321000 2706.033691 5391.319824
509 11.342000 2706.033691 5429.209961
510 11.363000 2706.033691 5649.306152
511 11.384000 2706.033691 5501.470215
512 11.405000 2706.033691 5113.636230
513 11.427000 2706.033691 5165.384766
514 11.447000 2706.033691 5087.483887
515 11.472000 2706.033691 5065.200684
516 11.495000 2706.033691 5189.713867
517 11.519000 2706.033691 5505.070801
518 11.540000 2706.033691 5605.786133
519 11.563000 2706.033691 5353.584473
520 11.586000 2706.033691 5257.665527
521 11.610000 2706.033691 5098.771973
522 11.633000 2706.033691 5330.308105
523 11.655000 2706.033691 5113.449707
524 11.675000 2706.033691 4995.083008
525 11.697000 2706.033691 5231.583984
526 11.722000 2706.033691 5873.002441
527 11.744000 2706.033691 5692.910645
528 11.769000 2706.033691 5461.928223
529 11.790000 2706.033691 5411.758301
530 11.813000 2706.033691 5646.069824
531 11.838000 2706.033691 5892.568359
532 11.860000 2706.033691 5371.737305
533 11.884000 2706.033691 5191.738281
534 11.905000 2706.033691 5123.732422
535 11.928000 2706.033691 5300.437012
536 11.950000 2706.033691 5055.863281
537 11.975000 2706.033691 5142.629883
538 11.997000 2706.033691 5149.618164
539 12.017000 2706.033691 5390.191895
540 12.046000 2706.033691 5255.850098
541 12.073000 2706.033691 5664.818848
542 12.102000 2706.033691 5714.685059
543 12.128000 2706.033691 5829.247559
544 12.150000 2706.033691 5619.405762
545 12.175000 2706.033691 5959.513184
546 12.201000 2706.033691 5727.653320
547 12.225000 2706.033691 5607.871094
548 12.247000 2706.033691 5365.713867
549 12.269000 2706.033691 5315.878906
550 12.294000 2706.033691 5234.708008
551 12.318000 2706.033691 5491.799316
552 12.340000 2706.033691 5505.408691
553 12.363000 2706.033691 5614.960449
554 12.386000 2706.033691 5468.228027
555 12.411000 2706.033691 5339.053711
556 12.433000 2706.033691 5730.399902
557 12.454000 2706.033691 5553.750000
558 12.475000 2706.033691 5905.645508
559 12.499000 2706.033691 5727.284180
560 12.520000 2706.033691 5482.153320
561 12.540000 2706.033691 5317.488281
562 12.562000 2706.033691 5420.198730
563 12.583000 2706.033691 5600.277344
564 12.603000 2706.033691 5525.761719
565 12.624000 2706.033691 5696.187500
566 12.646000 2706.033691 5917.757324
567 12.672000 2706.033691 5633.865723
568 12.693000 2706.033691 5443.245117
569 12.716000 2706.033691 5188.335938
570 12.740000 2706.033691 5454.790039
571 12.763000 2706.033691 5076.892578
572 12.785000 2706.033691 4952.803223
573 12.808000 2706.033691 5136.707520
574 12.830000 2706.033691 5434.828125
575 12.849000 2706.033691 5077.429199
576 12.873000 2706.033691 5398.243652
577 12.894000 2706.033691 5577.216797
578 12.916000 2706.033691 5543.978027
579 12.938000 2706.033691 5566.088867
580 12.957000 2706.033691 5496.479492
581 12.980000 2706.033691 5546.721680
582 13.003000 2706.033691 5762.818359
583 13.024000 2706.033691 5751.241211
584 13.049000 2706.033691 5750.605469
585 13.068000 2706.033691 5589.240723
586 13.087000 2706.033691 5773.229980
587 13.110000 2706.033691 5657.843262
588 13.132000 2706.033691 5382.109863
589 13.152000 2706.033691 5352.562988
590 13.175000 2706.033691 5258.624512
591 13.195000 2706.033691 5150.191406
592 13.215000 2706.033691 4987.414063
593 13.237000 2706.033691 4830.928223
594 13.261000 2706.033691 4838.938965
595 13.281000 2706.033691 5352.024414
596 13.301000 2706.033691 5228.112793
597 13.323000 2706.033691 5437.130859
598 13.346000 2706.033691 5182.945801
599 13.369000 2706.033691 5075.372070
600 13.392000 2706.033691 4852.031250
601 13.413000 2706.033691 4868.597656
602 13.436000 2706.033691 4799.280762
603 13.454000 2706.033691 5199.336914
604 13.476000 2706.033691 5318.941895
605 13.495000 2706.033691 5277.447266
606 13.516000 2706.033691 5261.817383
607 13.538000 2706.033691 5298.589844
608 13.557000 2706.033691 5111.833008
609 13.578000 2706.033691 5715.907715
610 13.600000 2706.033691 5756.649414
611 13.624000 2706.033691 6180.950684
612 13.644000 2706.033691 5760.557617
613 13.670000 2706.033691 5508.823730
614 13.692000 2706.033691 5753.057617
615 13.715000 2706.033691 5497.232910
616 13.738000 2706.033691 5494.656738
617 13.760000 2706.033691 5450.845703
618 13.784000 2706.033691 5326.009766
619 13.805000 2706.033691 5097.681152
620 13.826000 2706.033691 5334.096680
621 13.848000 2706.033691 5189.856445
622 13.868000 2706.033691 5029.207520
623 13.887000 2706.033691 5189.372559
624 13.908000 2706.033691 5378.993164
625 13.932000 2706.033691 5670.889160
626 13.955000 2706.033691 5343.153320
627 13.979000 2706.033691 5301.908691
628 14.004000 2706.033691 5414.365234
629 14.029000 2706.033691 5282.020508
630 14.053000 2706.033691 5389.946289
631 14.078000 2706.033691 5367.773926
632 14.101000 2706.033691 4975.311035
633 14.129000 2706.033691 5213.808594
634 14.154000 2706.033691 4905.042480
635 14.177000 2706.033691 4896.894531
636 14.202000 2706.033691 4737.469238
637 14.223000 2706.033691 4644.475098
638 14.244000 2706.033691 4599.587402
639 14.263000 2706.033691 4739.829102
640 14.292000 2706.033691 4707.004883
641 14.314000 2706.033691 4777.928223
642 14.334000 2706.033691 4802.642578
643 14.357000 2706.033691 4828.303223
644 14.383000 2706.033691 4931.993652
645 14.409000 2706.033691 5125.664063
646 14.442000 2706.033691 5061.962402
647 14.464000 2706.033691 4817.897461
648 14.490000 2706.033691 5014.829590
649 14.510000 2706.033691 5019.587402
650 14.535000 2706.033691 4844.956543
651 14.558000 2706.033691 4867.457031
652 14.582000 2706.033691 4805.664551
653 14.601000 2706.033691 4767.160156
654 14.623000 2706.033691 4946.190430
655 14.644000 2706.033691 4703.215820
656 14.667000 2706.033691 4762.738281
657 14.691000 2706.033691 4670.766113
658 14.715000 2706.033691 4746.801758
659 14.736000 2706.033691 4712.886230
660 14.756000 2706.033691 4694.914063
661 14.781000 2706.033691 4705.146484
662 14.807000 2706.033691 5036.381348
663 14.828000 2706.033691 4997.718262
664 14.853000 2706.033691 4714.096680
665 14.877000 2706.033691 4662.088867
666 14.902000 2706.033691 4897.377930
667 14.920000 2706.033691 5137.462402
668 14.941000 2706.033691 5267.079590
669 14.962000 2706.033691 5361.858887
670 14.985000 2706.033691 5150.904297
671 15.011000 2706.033691 5269.497559
672 15.036000 2706.033691 5329.237305
673 15.061000 2706.033691 5058.767090
674 15.085000 2706.033691 5370.524414
675 15.108000 2706.033691 5094.882813
676 15.137000 2706.033691 5174.700684
677 15.158000 2706.033691 5088.779297
678 15.182000 2706.033691 5094.952148
679 15.207000 2706.033691 5538.868164
680 15.229000 2706.033691 5836.177734
681 15.250000 2706.033691 5430.765137
682 15.273000 2706.033691 5045.812012
683 15.294000 2706.033691 5261.898926
684 15.316000 2706.033691 5710.169434
685 15.336000 2706.033691 5465.854980
686 15.359000 2706.033691 5284.850098
687 15.379000 2706.033691 5135.798340
688 15.402000 2706.033691 5115.086426
689 15.421000 2706.033691 5033.263184
690 15.442000 2706.033691 4940.840332
691 15.462000 2706.033691 5157.827637
692 15.484000 2706.033691 5336.848633
693 15.502000 2706.033691 5255.771973
694 15.522000 2706.033691 5170.697266
695 15.543000 2706.033691 4991.652832
696 15.567000 2706.033691 5085.917969
697 15.590000 2706.033691 5300.549805
698 15.611000 2706.033691 5371.310547
699 15.631000 2706.033691 5135.452148
700 15.652000 2706.033691 5186.034668
701 15.673000 2706.033691 5037.649902
702 15.696000 2706.033691 4891.688965
703 15.717000 2706.033691 4845.473145
704 15.739000 2706.033691 5365.080078
705 15.762000 2706.033691 5354.769531
706 15.785000 2706.033691 5589.085449
707 15.808000 2706.033691 5473.424805
708 15.829000 2706.033691 5239.693848
709 15.852000 2706.033691 5401.918945
710 15.873000 2706.033691 5354.314453
711 15.895000 2706.033691 5585.630859
712 15.916000 2706.033691 5377.037109
713 15.938000 2706.033691 5413.654297
714 15.961000 2706.033691 5779.521973
715 15.983000 2706.033691 5560.052734
716 16.005000 2706.033691 5558.495605
717 16.025000 2706.033691 5734.183105
718 16.055000 2706.033691 5596.900391
719 16.077000 2706.033691 5419.812988
720 16.097000 2706.033691 5457.790039
721 16.118000 2706.033691 5643.926270
722 16.138000 2706.033691 5753.791016
723 16.161000 2706.033691 5539.815430
724 16.180000 2706.033691 5476.895020
725 16.205000 2706.033691 5888.182617
726 16.224000 2706.033691 5561.062988
727 16.248000 2706.033691 5583.486816
728 16.270000 2706.033691 5411.861328
729 16.291000 2706.033691 5537.615723
730 16.317000 2706.033691 5550.194824
731 16.338000 2706.033691 5832.993164
732 16.360000 2706.033691 5505.876953
733 16.383000 2706.033691 5420.731445
734 16.405000 2706.033691 5290.666016
735 16.430000 2706.033691 5335.078125
736 16.490000 2706.033691 5331.936035
737 16.513000 2706.033691 5232.879883
738 16.539000 2706.033691 5169.398438
739 16.563000 2706.033691 5242.290527
740 16.589000 2706.033691 5262.691895
741 16.615000 2706.033691 5075.343262
742 16.637000 2706.033691 5075.907715
743 16.661000 2706.033691 4819.291992
744 16.685000 2706.033691 4831.365234
745 16.706000 2706.033691 4826.436523
746 16.731000 2706.033691 4753.994141
747 16.751000 2706.033691 4850.458008
748 16.775000 2706.033691 4844.443848
749 16.801000 2706.033691 4585.642578
750 16.821000 2706.033691 4658.420898
751 16.845000 2706.033691 4756.759277
752 16.864000 2706.033691 4936.850098
753 16.883000 2706.033691 5147.975586
754 16.900000 2706.033691 5313.861328
755 16.923000 2706.033691 5229.390137
756 16.947000 2706.033691 5255.427734
757 16.967000 2706.033691 5268.828613
758 16.987000 2706.033691 5329.441895
759 17.006000 2706.033691 5760.524414
760 17.026000 2706.033691 5442.813965
761 17.048000 2706.033691 5694.841309
762 17.086000 2706.033691 5625.424316
763 17.109000 2706.033691 5516.986816
764 17.127000 2706.033691 5312.732422
765 17.151000 2706.033691 5170.137695
766 17.173000 2706.033691 5251.930176
767 17.194000 2706.033691 5212.569824
768 17.216000 2706.033691 5333.895020
769 17.233000 2706.033691 5158.861328
770 17.255000 2706.033691 5053.219727
771 17.278000 2706.033691 4990.378906
772 17.300000 2706.033691 5012.585938
773 17.321000 2706.033691 5244.261719
774 17.343000 2706.033691 5171.560547
775 17.363000 2706.033691 5202.112305
776 17.384000 2706.033691 5229.398926
777 17.405000 2706.033691 5174.989746
778 17.423000 2706.033691 5379.930664
779 17.444000 2706.033691 5479.457031
780 17.465000 2706.033691 5633.847656
781 17.485000 2706.033691 5486.143555
782 17.509000 2706.033691 5686.570801
783 17.533000 2706.033691 5361.796387
784 17.558000 2706.033691 5312.298828
785 17.580000 2706.033691 5058.418457
786 17.603000 2706.033691 5321.273926
787 17.625000 2706.033691 5221.866699
788 17.648000 2706.033691 5384.827637
789 17.670000 2706.033691 5146.370117
790 17.692000 2706.033691 5262.231445
791 17.716000 2706.033691 5574.817383
792 17.739000 2706.033691 5448.584961
793 17.760000 2706.033691 5328.897949
794 17.780000 2706.033691 5318.240234
795 17.802000 2706.033691 5408.111816
796 17.821000 2706.033691 5574.017578
797 17.843000 2706.033691 5813.544922
798 17.865000 2706.033691 5954.696777
799 17.888000 2706.033691 6071.264160
800 17.910000 2706.033691 6039.091309
801 17.933000 2706.033691 5749.136230
802 17.960000 2706.033691 5955.375000
803 17.985000 2706.033691 5577.607422
804 18.005000 2706.033691 5715.062500
805 18.023000 2706.033691 5622.000488
806 18.045000 2706.033691 5863.166016
807 18.068000 2706.033691 5903.235840
808 18.095000 2706.033691 5826.376465
809 18.119000 2706.033691 5647.268555
810 18.142000 2706.033691 5430.840820
811 18.165000 2706.033691 5403.421875
812 18.189000 2706.033691 5495.509766
813 18.213000 2706.033691 5552.611328
814 18.235000 2706.033691 5616.591309
815 18.255000 2706.033691 6030.898926
816 18.275000 2706.033691 5693.364258
817 18.296000 2706.033691 5704.353516
818 18.325000 2706.033691 5973.026367
819 18.342000 2706.033691 5666.032715
820 18.362000 2706.033691 5792.839844
821 18.383000 2706.033691 5620.436035
822 18.404000 2706.033691 5409.949219
823 18.428000 2706.033691 5744.915527
824 18.447000 2706.033691 5659.096191
825 18.465000 2706.033691 6034.644531
826 18.489000 2706.033691 5854.588867
827 18.506000 2706.033691 5796.915527
828 18.525000 2706.033691 5902.433594
829 18.547000 2706.033691 6046.476074
830 18.568000 2706.033691 5900.812500
831 18.594000 2706.033691 5566.397949
832 18.616000 2706.033691 5559.728027
833 18.638000 2706.033691 5576.204590
834 18.663000 2706.033691 5616.584961
835 18.683000 2706.033691 5576.400391
836 18.707000 2706.033691 5642.576660
837 18.728000 2706.033691 5595.233887
838 18.751000 2706.033691 5455.665039
839 18.772000 2706.033691 5422.191895
840 18.790000 2706.033691 5452.151367
841 18.813000 2706.033691 5635.484863
842 18.839000 2706.033691 5947.997559
843 18.862000 2706.033691 5802.326660
844 18.885000 2706.033691 5778.421387
845 18.909000 2706.033691 5655.431152
846 18.926000 2706.033691 5553.524902
847 18.947000 2706.033691 5542.517090
848 18.965000 2706.033691 5420.981445
849 18.987000 2706.033691 5349.862305
850 19.008000 2706.033691 5908.001465
851 19.030000 2706.033691 5726.245117
852 19.051000 2706.033691 5734.466309
853 19.072000 2706.033691 5653.509277
854 19.096000 2706.033691 5500.837402
855 19.114000 2706.033691 5852.935547
856 19.136000 2706.033691 5612.578125
857 19.157000 2706.033691 5589.285156
858 19.179000 2706.033691 5701.022461
859 19.202000 2706.033691 5439.606934
860 19.224000 2706.033691 5060.416504
861 19.244000 2706.033691 5366.037109
862 19.264000 2706.033691 5543.691406
863 19.284000 2706.033691 5466.552734
864 19.303000 2706.033691 5586.809570
865 19.325000 2706.033691 5953.045410
866 19.345000 2706.033691 5743.327637
867 19.366000 2706.033691 5444.166016
868 19.389000 2706.033691 5489.921387
869 19.411000 2706.033691 5297.868652
870 19.435000 2706.033691 5208.796387
871 19.453000 2706.033691 5268.037109
872 19.475000 2706.033691 5337.498535
873 19.497000 2706.033691 5190.112793
874 19.520000 2706.033691 5296.560059
875 19.541000 2706.033691 5196.770508
876 19.565000 2706.033691 5077.446289
877 19.587000 2706.033691 5269.196289
878 19.606000 2706.033691 5230.246094
879 19.627000 2706.033691 6024.034180
880 19.650000 2706.033691 5650.670410
881 19.672000 2706.033691 5575.811035
882 19.695000 2706.033691 5438.899414
883 19.717000 2706.033691 5773.013184
884 19.742000 2706.033691 5926.689941
885 19.763000 2706.033691 5440.521484
886 19.786000 2706.033691 5243.740234
887 19.808000 2706.033691 5034.019531
888 19.828000 2706.033691 4854.865723
889 19.849000 2706.033691 4838.271973
890 19.871000 2706.033691 4810.437988
891 19.892000 2706.033691 4787.188965
892 19.913000 2706.033691 5218.292480
893 19.934000 2706.033691 5291.897949
894 19.956000 2706.033691 5220.425781
895 19.977000 2706.033691 5076.402344
896 20.000000 2706.033691 5086.021484
897 20.023000 2706.033691 4904.372070
898 20.044000 2706.033691 4840.256348
899 20.063000 2706.033691 5306.312012
900 20.086000 2706.033691 5704.807617
901 20.110000 2706.033691 5673.211914
902 20.130000 2706.033691 5703.271484
903 20.151000 2706.033691 5631.194824
904 20.169000 2706.033691 5509.286133
905 20.194000 2706.033691 5408.418945
906 20.222000 2706.033691 5472.448242
907 20.244000 2706.033691 5521.290527
908 20.267000 2706.033691 5401.563965
909 20.289000 2706.033691 5397.926758
910 20.312000 2706.033691 5286.113770
911 20.335000 2706.033691 5422.785645
912 20.356000 2706.033691 5193.231934
913 20.379000 2706.033691 4954.510254
914 20.400000 2706.033691 4936.270508
915 20.422000 2706.033691 4956.212891
916 20.446000 2706.033691 4948.107422
917 20.487000 2706.033691 5150.186035
918 20.510000 2706.033691 5069.594238
919 20.534000 2706.033691 5120.724609
920 20.558000 2706.033691 4947.072266
921 20.584000 2706.033691 5004.188477
922 20.608000 2706.033691 4857.733398
923 20.630000 2706.033691 4862.656738
924 20.651000 2706.033691 5256.277344
925 20.673000 2706.033691 5089.785156
926 20.695000 2706.033691 5445.830078
927 20.715000 2706.033691 5491.427734
928 20.735000 2706.033691 5799.922363
929 20.756000 2706.033691 5746.631836
930 20.782000 2706.033691 5519.480469
931 20.803000 2706.033691 5260.700684
932 20.825000 2706.033691 5364.553223
933 20.844000 2706.033691 5182.464844
934 20.870000 2706.033691 5065.090820
935 20.894000 2706.033691 5082.459473
936 20.919000 2706.033691 5393.493164
937 20.946000 2706.033691 5300.752441
938 20.970000 2706.033691 5420.363770
939 20.990000 2706.033691 5441.545410
940 21.011000 2706.033691 5553.325195
941 21.034000 2706.033691 5494.093750
942 21.056000 2706.033691 5345.049805
943 21.077000 2706.033691 5301.512695
944 21.099000 2706.033691 5106.826660
945 21.124000 2706.033691 5061.830078
946 21.147000 2706.033691 5301.638672
947 21.174000 2706.033691 5065.584961
948 21.199000 2706.033691 5027.269531
949 21.219000 2706.033691 4906.737305
950 21.242000 2706.033691 4994.140625
951 21.262000 2706.033691 4903.770508
952 21.285000 2706.033691 4853.472168
953 21.307000 2706.033691 4712.015625
954 21.327000 2706.033691 4943.768555
955 21.348000 2706.033691 4959.023926
956 21.373000 2706.033691 4807.974609
957 21.393000 2706.033691 4591.949219
958 21.420000 2706.033691 4782.152344
959 21.443000 2706.033691 5066.441895
960 21.474000 2706.033691 5471.370117
961 21.502000 2706.033691 5604.706055
962 21.528000 2706.033691 5507.162598
963 21.561000 2706.033691 5842.037598
964 21.583000 2706.033691 6211.157715
965 21.610000 2706.033691 6053.136230
966 21.635000 2706.033691 6238.410156
967 21.664000 2706.033691 6212.365234
968 21.695000 2706.033691 6279.797363
969 21.729000 2706.033691 6213.332031
970 21.758000 2706.033691 6038.435547
971 21.799000 2706.033691 6018.006348
972 21.835000 2706.033691 6025.876465
973 21.856000 2706.033691 5835.913574
974 21.882000 2706.033691 5959.020020
975 21.908000 2706.033691 5651.891113
976 21.933000 2706.033691 5542.987305
977 21.969000 2706.033691 5539.301270
978 21.991000 2706.033691 5337.549316
979 22.020000 2706.033691 5295.340820
980 22.046000 2706.033691 5206.030762
981 22.070000 2706.033691 5100.572266
982 22.094000 2706.033691 4973.100586
983 22.119000 2706.033691 5153.230957
984 22.143000 2706.033691 5168.346680
985 22.174000 2706.033691 5088.011719
986 22.203000 2706.033691 5255.373047
987 22.228000 2706.033691 5339.062500
988 22.257000 2706.033691 5241.891113
989 22.280000 2706.033691 5476.732422
990 22.302000 2706.033691 5604.042969
991 22.326000 2706.033691 5506.912598
992 22.358000 2706.033691 5712.004883
993 22.388000 2706.033691 5597.998047
994 22.408000 2706.033691 5625.633789
995 22.430000 2706.033691 5654.632324
996 22.455000 2706.033691 5394.185059
997 22.479000 2706.033691 5257.717285
998 22.500000 2706.033691 5088.557617
999 22.522000 2706.033691 5114.844727
1000 22.545000 2706.033691 5385.531738
1001 22.568000 2706.033691 5156.264160
1002 22.626000 2706.033691 4925.028320
1003 22.647000 2706.033691 4772.535156
1004 22.670000 2706.033691 4973.046387
1005 22.695000 2706.033691 5583.430664
1006 22.717000 2706.033691 5570.803711
1007 22.742000 2706.033691 5519.950195
1008 22.762000 2706.033691 5099.490234
1009 22.785000 2706.033691 5180.440430
1010 22.804000 2706.033691 5491.747070
1011 22.826000 2706.033691 5437.093750
1012 22.851000 2706.033691 5540.947266
1013 22.877000 2706.033691 5547.493652
1014 22.898000 2706.033691 5547.455566
1015 22.917000 2706.033691 5451.575684
1016 22.942000 2706.033691 5780.450195
1017 22.967000 2706.033691 5547.536133
1018 22.990000 2706.033691 5598.780762
1019 23.012000 2706.033691 5626.619141
1020 23.035000 2706.033691 5508.606934
1021 23.055000 2706.033691 5615.183594
1022 23.078000 2706.033691 5686.522461
1023 23.100000 2706.033691 5700.035156
1024 23.128000 2706.033691 5872.636719
1025 23.150000 2706.033691 5789.384277
1026 23.173000 2706.033691 5619.558105
1027 23.198000 2706.033691 5818.791992
1028 23.223000 2706.033691 5890.273926
1029 23.243000 2706.033691 5623.951172
1030 23.264000 2706.033691 5790.064453
1031 23.287000 2706.033691 6048.882324
1032 23.310000 2706.033691 5882.724609
1033 23.335000 2706.033691 5777.990723
1034 23.361000 2706.033691 5853.146973
1035 23.384000 2706.033691 5949.159180
1036 23.407000 2706.033691 5927.325684
1037 23.430000 2706.033691 5887.347656
1038 23.450000 2706.033691 5839.337402
1039 23.473000 2706.033691 5835.432617
1040 23.493000 2706.033691 5677.627930
1041 23.511000 2706.033691 5756.403809
1042 23.534000 2706.033691 5704.526367
1043 23.555000 2706.033691 5534.463867
1044 23.581000 2706.033691 5654.069824
1045 23.601000 2706.033691 5557.096191
1046 23.625000 2706.033691 5480.015137
1047 23.649000 2706.033691 5475.899414
1048 23.670000 2706.033691 5574.021973
1049 23.690000 2706.033691 5796.999512
1050 23.707000 2706.033691 5490.723633
1051 23.739000 2706.033691 5551.988770
1052 23.764000 2706.033691 5498.308105
1053 23.793000 2706.033691 5526.899902
1054 23.816000 2706.033691 5598.396484
1055 23.841000 2706.033691 5228.289551
1056 23.868000 2706.033691 5090.249512
1057 23.893000 2706.033691 5318.837402
1058 23.916000 2706.033691 5072.284668
1059 23.938000 2706.033691 5232.873535
1060 23.958000 2706.033691 5358.488281
1061 23.984000 2706.033691 5394.028809
1062 24.005000 2706.033691 5540.605469
1063 24.025000 2706.033691 5405.475586
1064 24.043000 2706.033691 5348.203613
1065 24.067000 2706.033691 5264.858887
