0 0.000000 45331.019531 47430.218750
1 0.081000 44694.097656 47430.218750
2 0.167000 43461.406250 46660.136719
3 0.256000 42889.199219 45809.023438
4 0.351000 42566.261719 45295.074219
5 0.449000 42037.835938 45145.488281
6 0.537000 41937.902344 44854.453125
7 0.615000 41383.191406 44486.519531
8 0.701000 41179.394531 44066.195313
9 0.814000 41061.941406 43697.105469
10 0.909000 40836.113281 43436.648438
11 1.005000 40315.546875 43192.539063
12 1.175000 40137.492188 42976.171875
13 1.340000 40108.792969 42705.539063
14 1.428000 40104.000000 42510.246094
15 1.527000 40077.746094 42642.433594
16 1.642000 40077.746094 42451.113281
17 1.752000 39995.648438 42088.406250
18 1.860000 39995.648438 41962.843750
19 1.956000 39995.648438 41781.644531
20 2.049000 39995.648438 41912.488281
21 2.162000 39849.414063 41741.234375
22 2.268000 39849.414063 41528.531250
23 2.377000 39829.894531 41739.445313
24 2.462000 39829.894531 41576.023438
25 2.555000 39734.894531 41443.546875
26 2.656000 39589.085938 41354.882813
27 2.750000 39527.519531 41285.859375
28 2.843000 39527.519531 41403.492188
29 2.963000 39527.519531 41289.761719
30 3.066000 39527.519531 41239.359375
31 3.179000 39503.558594 41179.781250
32 3.285000 39476.093750 41293.257813
33 3.382000 39476.093750 41196.285156
34 3.472000 39476.093750 41125.156250
35 3.564000 39476.093750 41125.046875
36 3.653000 39460.335938 41052.308594
37 3.745000 39382.035156 40975.531250
38 3.837000 39342.144531 41002.835938
39 3.915000 39267.941406 40908.550781
40 4.003000 39267.941406 40863.183594
41 4.092000 39267.941406 40838.152344
42 4.170000 39129.113281 41606.046875
43 4.253000 39129.113281 41208.636719
44 4.334000 39129.113281 41025.222656
45 4.422000 39129.113281 40905.636719
46 4.522000 39129.113281 41072.121094
47 4.605000 39129.113281 40965.085938
48 4.704000 39057.160156 40893.011719
49 4.791000 39057.160156 40960.671875
50 4.889000 39021.394531 41256.156250
51 4.987000 39021.394531 41301.589844
52 5.070000 39021.394531 41202.011719
53 5.152000 39021.394531 41194.800781
54 5.239000 39021.394531 41304.632813
55 5.316000 39021.394531 41256.945313
56 5.410000 39021.394531 41084.359375
57 5.511000 39021.394531 40991.660156
58 5.602000 39021.394531 41145.054688
59 5.705000 39021.394531 41190.289063
60 5.794000 39021.394531 41162.476563
61 5.886000 39021.394531 41142.832031
62 5.986000 39021.394531 41103.792969
63 6.082000 39021.394531 40963.128906
64 6.165000 39021.394531 40857.210938
65 6.277000 39021.394531 41196.023438
66 6.359000 39021.394531 41047.777344
67 6.458000 39021.394531 41000.507813
68 6.539000 39021.394531 40841.109375
69 6.617000 39021.394531 40814.156250
70 6.713000 39021.394531 40784.308594
71 6.799000 39021.394531 40664.878906
72 6.886000 39021.394531 40679.589844
73 6.974000 39021.394531 40644.695313
74 7.068000 39021.394531 40586.367188
75 7.165000 39021.394531 40567.933594
76 7.254000 39021.394531 40519.558594
77 7.343000 39017.718750 40492.191406
78 7.460000 39017.718750 40476.886719
79 7.552000 39017.718750 40680.417969
80 7.633000 39017.718750 40660.925781
81 7.725000 39017.718750 40552.179688
82 7.804000 39017.718750 40522.488281
83 7.890000 39017.718750 40454.570313
84 7.982000 39017.718750 40540.164063
85 8.081000 39017.718750 40481.226563
86 8.199000 39017.718750 40538.628906
87 8.333000 39017.718750 40474.335938
88 8.428000 39017.718750 40446.359375
89 8.504000 39017.718750 40508.484375
90 8.596000 39017.718750 40466.488281
91 8.683000 39017.718750 40512.199219
92 8.774000 39017.718750 40456.468750
93 8.879000 39017.718750 40426.343750
94 8.990000 39017.718750 40370.609375
95 9.090000 39017.718750 40520.335938
96 9.174000 39017.718750 40408.640625
97 9.278000 39017.718750 40372.226563
98 9.370000 39017.718750 40343.785156
99 9.460000 39017.718750 40497.746094
100 9.555000 39017.718750 40390.613281
101 9.662000 39017.718750 40332.867188
102 9.734000 39017.718750 40329.308594
103 9.834000 39017.718750 40256.386719
104 9.926000 39017.718750 40238.968750
105 10.030000 39017.718750 40209.738281
106 10.112000 39017.718750 40255.996094
107 10.205000 39017.718750 40223.230469
108 10.289000 39017.718750 40366.117188
109 10.383000 39017.718750 40467.585938
110 10.470000 39017.718750 40434.210938
111 10.570000 39017.718750 40549.472656
112 10.643000 39017.718750 40479.703125
113 10.766000 39017.718750 40697.984375
114 10.870000 39017.718750 40639.039063
115 10.973000 39017.718750 40583.625000
116 11.090000 39017.718750 40881.960938
117 11.178000 39017.718750 40861.703125
118 11.272000 39017.718750 40767.789063
119 11.368000 39017.718750 40590.863281
120 11.464000 39017.718750 40427.000000
121 11.546000 39017.718750 40396.656250
122 11.638000 39017.718750 40496.207031
123 11.742000 39017.718750 40445.214844
124 11.823000 39017.718750 40434.164063
125 11.927000 39017.718750 40483.109375
126 12.016000 39017.718750 40455.476563
127 12.101000 39017.718750 40424.863281
128 12.199000 39017.718750 40417.957031
129 12.296000 39017.718750 40416.890625
130 12.388000 39017.718750 40411.351563
131 12.487000 39017.718750 40708.726563
132 12.574000 39017.718750 40650.875000
133 12.666000 39017.718750 40827.031250
134 12.753000 39017.718750 40655.472656
135 12.839000 39017.718750 40762.781250
136 12.926000 39017.718750 40928.511719
137 13.020000 39017.718750 40887.121094
138 13.115000 39017.718750 40692.699219
139 13.207000 39017.718750 40672.820313
140 13.291000 39017.718750 40589.972656
141 13.368000 39017.718750 40585.136719
142 13.457000 39017.718750 40786.597656
143 13.548000 39017.718750 40746.445313
144 13.633000 39017.718750 40659.875000
145 13.728000 39017.718750 40802.937500
146 13.822000 39017.718750 40722.039063
147 13.917000 39017.718750 40674.125000
148 14.009000 39017.718750 40585.292969
149 14.098000 39017.718750 40523.996094
150 14.182000 39017.718750 40627.699219
151 14.265000 39017.718750 40709.519531
152 14.360000 39017.718750 40601.625000
153 14.440000 39017.718750 40509.558594
154 14.532000 39017.718750 40522.726563
155 14.627000 39017.718750 40537.640625
156 14.727000 39017.718750 40791.578125
157 14.812000 39017.718750 40761.136719
158 14.907000 39017.718750 40858.410156
159 14.987000 39017.718750 40790.601563
160 15.086000 39017.718750 40853.417969
161 15.170000 39017.718750 40797.445313
162 15.248000 39017.718750 40557.183594
163 15.345000 39017.718750 40684.023438
164 15.424000 39017.718750 40680.703125
165 15.509000 39017.718750 40776.496094
166 15.601000 39017.718750 40936.136719
167 15.690000 39017.718750 40740.773438
168 15.782000 39017.718750 40697.601563
169 15.863000 39017.718750 40751.628906
170 15.954000 39017.718750 40691.875000
171 16.038000 39017.718750 40591.007813
172 16.134000 39017.718750 40576.394531
173 16.242000 39017.718750 40914.515625
174 16.343000 39017.718750 40688.078125
175 16.471000 39017.718750 40624.554688
176 16.593000 39017.718750 40738.671875
177 16.680000 39017.718750 40668.636719
