0 0.000000 24698.500000 27156.693359
1 0.003000 24588.494141 27156.693359
2 0.010000 24498.500000 26527.925781
3 0.013000 24055.136719 26070.109375
4 0.016000 23740.847656 25844.650391
5 0.020000 23740.847656 25586.765625
6 0.024000 23484.000000 25369.175781
7 0.026000 23269.476563 25154.830078
8 0.029000 23269.476563 24934.250000
9 0.033000 22893.207031 24763.210938
10 0.036000 22854.968750 24602.783203
11 0.041000 22799.306641 24509.914063
12 0.045000 22799.306641 24417.119141
13 0.048000 22735.978516 24262.210938
14 0.051000 22326.423828 24120.199219
15 0.054000 22068.900391 24038.914063
16 0.057000 22068.900391 23903.806641
17 0.061000 22068.900391 23819.275391
18 0.064000 22068.900391 23704.306641
19 0.068000 22068.900391 23637.464844
20 0.071000 21919.666016 23560.347656
21 0.074000 21919.666016 23485.039063
22 0.077000 21919.666016 23375.119141
23 0.080000 21919.666016 23342.980469
24 0.083000 21884.089844 23299.234375
25 0.086000 21884.089844 23233.925781
26 0.089000 21884.089844 23193.865234
27 0.092000 21884.089844 23146.193359
28 0.095000 21884.089844 23109.750000
29 0.098000 21884.089844 23075.570313
30 0.102000 21884.089844 23061.607422
31 0.106000 21884.089844 23031.099609
32 0.109000 21527.464844 22984.398438
33 0.112000 21527.464844 22956.947266
34 0.116000 21527.464844 22914.742188
35 0.119000 21527.464844 22882.240234
36 0.122000 21527.464844 22845.242188
37 0.126000 21359.867188 22833.939453
38 0.129000 21359.867188 22798.994141
39 0.134000 21359.867188 22791.439453
40 0.137000 21359.867188 22784.490234
41 0.140000 21359.867188 22778.109375
42 0.144000 21359.867188 22760.964844
43 0.147000 21359.867188 22691.773438
44 0.150000 21359.867188 22686.818359
45 0.153000 21359.867188 22659.417969
46 0.156000 21359.867188 22633.275391
47 0.160000 21359.867188 22596.535156
48 0.163000 21359.867188 22586.068359
49 0.167000 21359.867188 22563.517578
50 0.169000 21359.867188 22560.966797
51 0.172000 21359.867188 22552.601563
52 0.175000 21359.867188 22481.984375
53 0.179000 21359.867188 22478.886719
54 0.182000 21359.867188 22478.339844
55 0.185000 21359.867188 22464.248047
56 0.188000 21359.867188 22460.695313
57 0.191000 21359.867188 22452.097656
58 0.194000 21359.867188 22437.210938
59 0.197000 21359.867188 22426.527344
60 0.200000 21359.867188 22424.421875
61 0.204000 21359.867188 22421.773438
62 0.207000 21359.867188 22402.431641
63 0.210000 21359.867188 22401.091797
64 0.214000 21359.867188 22390.613281
65 0.217000 21359.867188 22367.322266
66 0.220000 21359.867188 22359.529297
67 0.223000 21359.867188 22356.835938
68 0.226000 21359.867188 22354.988281
69 0.229000 21359.867188 22349.744141
70 0.232000 21359.867188 22347.091797
71 0.235000 21359.867188 22342.841797
72 0.238000 21359.867188 22333.382813
73 0.241000 21359.867188 22332.484375
74 0.245000 21359.867188 22332.197266
75 0.248000 21359.867188 22323.720703
76 0.251000 21359.867188 22323.474609
77 0.255000 21359.867188 22323.474609
78 0.258000 21359.867188 22323.474609
79 0.261000 21359.867188 22306.091797
80 0.265000 21359.867188 22305.568359
81 0.269000 21359.867188 22305.568359
82 0.272000 21359.867188 22305.386719
83 0.275000 21359.867188 22299.740234
84 0.277000 21359.867188 22299.220703
85 0.281000 21359.867188 22295.755859
86 0.284000 21359.867188 22293.095703
87 0.287000 21359.867188 22286.744141
88 0.290000 21359.867188 22286.742188
89 0.294000 21359.867188 22286.742188
90 0.298000 21359.867188 22280.005859
91 0.303000 21359.867188 22276.070313
92 0.307000 21359.867188 22276.052734
93 0.310000 21359.867188 22273.232422
94 0.316000 21359.867188 22273.232422
95 0.320000 21359.867188 22267.605469
96 0.324000 21359.867188 22266.109375
97 0.327000 21359.867188 22266.109375
98 0.330000 21359.867188 22260.277344
99 0.333000 21359.867188 22257.802734
100 0.337000 21359.867188 22255.460938
101 0.340000 21359.867188 22254.908203
102 0.342000 21359.867188 22254.908203
103 0.346000 21359.867188 22252.435547
104 0.349000 21359.867188 22252.039063
105 0.352000 21359.867188 22249.693359
106 0.356000 21359.867188 22249.693359
107 0.359000 21359.867188 22249.693359
108 0.362000 21359.867188 22248.480469
109 0.365000 21359.867188 22246.699219
110 0.368000 21359.867188 22241.177734
111 0.372000 21359.867188 22241.177734
112 0.375000 21359.867188 22234.466797
113 0.378000 21359.867188 22234.466797
114 0.381000 21359.867188 22232.095703
115 0.383000 21359.867188 22231.751953
116 0.387000 21359.867188 22224.890625
117 0.390000 21359.867188 22224.613281
118 0.394000 21359.867188 22220.025391
119 0.397000 21359.867188 22217.908203
120 0.400000 21359.867188 22217.751953
121 0.403000 21359.867188 22201.773438
122 0.406000 21359.867188 22201.769531
123 0.409000 21359.867188 22200.490234
124 0.412000 21359.867188 22200.296875
125 0.416000 21359.867188 22195.314453
126 0.419000 21359.867188 22195.314453
127 0.422000 21359.867188 22179.625000
128 0.425000 21359.867188 22178.089844
129 0.428000 21359.867188 22168.527344
130 0.432000 21359.867188 22168.527344
131 0.435000 21359.867188 22168.527344
132 0.439000 21359.867188 22167.259766
133 0.442000 21359.867188 22162.550781
134 0.445000 21359.867188 22162.550781
135 0.448000 21359.867188 22159.636719
136 0.451000 21359.867188 22157.855469
137 0.454000 21359.867188 22157.855469
