0 0.000000 45580.871094 47288.761719
1 0.093000 43462.496094 47288.761719
2 0.177000 42801.140625 46102.230469
3 0.263000 42711.207031 45318.171875
4 0.350000 42351.976563 44801.699219
5 0.438000 42157.093750 44568.796875
6 0.534000 41706.261719 44161.054688
7 0.631000 41144.691406 44053.996094
8 0.737000 40800.546875 43714.539063
9 0.819000 40499.742188 43448.070313
10 0.904000 40430.542969 43219.566406
11 1.000000 40421.980469 42975.531250
12 1.095000 40379.968750 42938.285156
13 1.183000 40222.027344 42725.355469
14 1.270000 40222.027344 42547.574219
15 1.362000 40102.671875 42518.406250
16 1.460000 40094.859375 42566.800781
17 1.558000 40063.449219 42293.953125
18 1.650000 40011.019531 42398.210938
19 1.734000 40011.019531 42156.816406
20 1.830000 39966.148438 41993.000000
21 1.923000 39966.148438 42322.550781
22 2.007000 39872.703125 42123.019531
23 2.082000 39872.703125 41986.253906
24 2.178000 39865.343750 41847.800781
25 2.263000 39849.621094 42088.226563
26 2.347000 39740.226563 42146.140625
27 2.442000 39740.226563 42084.351563
28 2.524000 39581.109375 41835.843750
29 2.604000 39581.109375 41696.691406
30 2.687000 39581.109375 41632.441406
31 2.778000 39577.433594 41549.437500
32 2.865000 39550.000000 41414.621094
33 2.967000 39532.957031 41548.632813
34 3.059000 39532.957031 41412.488281
35 3.145000 39511.671875 41314.691406
36 3.232000 39511.671875 41161.281250
37 3.324000 39443.230469 41088.902344
38 3.422000 39443.230469 40991.800781
39 3.526000 39443.230469 40942.058594
40 3.609000 39443.230469 40773.273438
41 3.699000 39443.230469 40739.750000
42 3.798000 39443.230469 40704.394531
43 3.878000 39443.230469 40628.242188
44 3.963000 39398.570313 40622.578125
45 4.046000 39398.570313 40593.113281
46 4.133000 39375.800781 41069.351563
47 4.223000 39253.320313 40987.578125
48 4.317000 39253.320313 40913.449219
49 4.409000 39253.320313 40837.648438
50 4.495000 39253.320313 40775.656250
51 4.575000 39253.320313 41193.121094
52 4.687000 39253.320313 41244.574219
53 4.769000 39253.320313 41028.105469
54 4.855000 39253.320313 41034.000000
55 4.950000 39247.164063 40877.410156
56 5.029000 39247.164063 40805.121094
57 5.108000 39247.164063 40748.054688
58 5.196000 39247.164063 40711.054688
59 5.280000 39247.164063 41393.488281
60 5.364000 39247.164063 41484.390625
61 5.445000 39247.164063 41172.523438
62 5.537000 39247.164063 41169.687500
63 5.630000 39247.164063 41030.320313
64 5.708000 39247.164063 41093.312500
65 5.802000 39182.277344 41443.933594
66 5.898000 39182.277344 41221.765625
67 5.998000 39182.277344 41054.746094
68 6.094000 39182.277344 40972.542969
69 6.177000 39182.277344 40915.296875
70 6.273000 39182.277344 40865.648438
71 6.358000 39182.277344 40809.039063
72 6.452000 39182.277344 40744.128906
73 6.536000 39182.277344 40744.871094
74 6.621000 39182.277344 40695.378906
75 6.719000 39182.277344 40663.875000
76 6.819000 39182.277344 40627.765625
77 6.913000 39182.277344 40609.988281
78 6.997000 39182.277344 40524.921875
79 7.079000 39182.277344 40454.015625
80 7.168000 39182.277344 40434.414063
81 7.256000 39182.277344 40411.277344
82 7.336000 39182.277344 40467.714844
83 7.423000 39182.277344 40440.601563
84 7.519000 39182.277344 40415.582031
85 7.619000 39182.277344 40408.128906
86 7.703000 39182.277344 40384.523438
87 7.807000 39182.277344 40371.921875
88 7.876000 39182.277344 40408.363281
89 7.957000 39182.277344 40485.316406
90 8.052000 39182.277344 40457.671875
91 8.132000 39182.277344 40523.539063
92 8.226000 39182.277344 40650.128906
93 8.293000 39182.277344 40631.332031
94 8.384000 39182.277344 40962.902344
95 8.478000 39182.277344 40881.218750
96 8.580000 39182.277344 40938.324219
97 8.667000 39182.277344 40901.074219
98 8.753000 39182.277344 40888.988281
99 8.846000 39182.277344 40792.171875
100 8.940000 39182.277344 40633.804688
101 9.025000 39182.277344 40731.476563
102 9.121000 39182.277344 40895.664063
103 9.203000 39182.277344 41013.808594
104 9.270000 39182.277344 41195.847656
105 9.346000 39182.277344 41064.671875
106 9.442000 39182.277344 41015.417969
107 9.529000 39182.277344 40836.042969
108 9.620000 39182.277344 40752.699219
109 9.718000 39182.277344 40727.101563
110 9.798000 39182.277344 40683.539063
111 9.878000 39182.277344 40673.085938
112 9.963000 39182.277344 40645.687500
113 10.027000 39182.277344 40601.093750
114 10.116000 39182.277344 40548.054688
115 10.196000 39182.277344 40660.882813
116 10.288000 39182.277344 40566.765625
117 10.380000 39182.277344 40541.417969
118 10.464000 39182.277344 40483.566406
119 10.553000 39182.277344 40441.714844
120 10.649000 39182.277344 40434.066406
121 10.749000 39182.277344 40418.304688
122 10.829000 39182.277344 40393.144531
123 10.925000 39182.277344 40380.433594
124 11.013000 39182.277344 40401.730469
125 11.099000 39182.277344 40600.968750
126 11.190000 39182.277344 40520.003906
127 11.270000 39182.277344 40473.554688
128 11.367000 39182.277344 40700.058594
129 11.459000 39182.277344 40685.203125
130 11.556000 39182.277344 40816.027344
131 11.665000 39182.277344 40727.992188
132 11.749000 39182.277344 40575.765625
133 11.850000 39182.277344 40781.195313
134 11.929000 39182.277344 40675.179688
135 12.010000 39182.277344 40582.664063
136 12.102000 39182.277344 40557.921875
137 12.178000 39182.277344 40858.828125
138 12.269000 39182.277344 40773.050781
139 12.372000 39182.277344 40568.015625
140 12.459000 39182.277344 40537.191406
141 12.547000 39182.277344 40531.894531
142 12.637000 39182.277344 40513.105469
143 12.734000 39182.277344 40478.328125
144 12.824000 39182.277344 40702.183594
145 12.905000 39182.277344 40542.406250
146 13.004000 39182.277344 40729.414063
147 13.103000 39182.277344 40793.496094
148 13.192000 39182.277344 40884.519531
149 13.284000 39182.277344 40845.414063
150 13.365000 39182.277344 40721.996094
151 13.462000 39182.277344 40589.675781
152 13.536000 39182.277344 40527.011719
153 13.624000 39182.277344 40497.156250
154 13.708000 39182.277344 40486.835938
155 13.798000 39182.277344 40462.843750
156 13.884000 39182.277344 40438.296875
157 13.970000 39182.277344 40380.277344
158 14.068000 39182.277344 40349.996094
159 14.155000 39182.277344 40348.550781
160 14.245000 39182.277344 40320.546875
161 14.318000 39182.277344 40369.136719
162 14.401000 39182.277344 40280.910156
163 14.486000 39182.277344 40254.031250
164 14.577000 39182.277344 40236.753906
165 14.662000 39182.277344 40713.761719
166 14.764000 39182.277344 40609.597656
167 14.842000 39182.277344 41156.843750
168 14.939000 39182.277344 41123.652344
169 15.042000 39182.277344 40941.476563
170 15.138000 39182.277344 40727.539063
171 15.220000 39182.277344 40605.753906
172 15.314000 39182.277344 40516.625000
173 15.390000 39182.277344 40450.859375
174 15.489000 39182.277344 40441.925781
175 15.580000 39182.277344 40945.785156
176 15.671000 39182.277344 41002.828125
177 15.755000 39182.277344 41009.441406
178 15.844000 39182.277344 40934.503906
179 15.932000 39182.277344 41003.023438
180 16.026000 39182.277344 40757.058594
181 16.124000 39182.277344 40836.835938
182 16.212000 39182.277344 40791.316406
183 16.298000 39182.277344 41039.261719
184 16.389000 39182.277344 40807.246094
185 16.481000 39182.277344 40978.371094
186 16.569000 39182.277344 40840.585938
187 16.653000 39182.277344 40719.722656
188 16.735000 39182.277344 40654.085938
189 16.824000 39182.277344 40623.621094
190 16.910000 39182.277344 40545.960938
191 16.993000 39182.277344 40521.796875
192 17.073000 39182.277344 40661.566406
193 17.148000 39182.277344 40715.753906
194 17.241000 39182.277344 41022.449219
195 17.333000 39182.277344 40874.691406
196 17.420000 39182.277344 40822.199219
197 17.510000 39182.277344 40711.039063
198 17.597000 39182.277344 40702.371094
199 17.698000 39182.277344 40648.046875
200 17.783000 39182.277344 40626.511719
201 17.882000 39182.277344 40623.414063
202 17.969000 39182.277344 40607.601563
203 18.069000 39182.277344 40577.289063
204 18.160000 39182.277344 40544.535156
205 18.248000 39182.277344 40579.890625
206 18.367000 39182.277344 40568.867188
207 18.448000 39182.277344 40520.687500
208 18.539000 39182.277344 40495.117188
209 18.624000 39182.277344 40483.265625
210 18.710000 39182.277344 40473.960938
211 18.799000 39182.277344 40761.859375
212 18.873000 39182.277344 41039.628906
213 18.962000 39182.277344 40931.503906
214 19.048000 39182.277344 40826.164063
215 19.152000 39182.277344 41072.179688
216 19.243000 39182.277344 41230.476563
217 19.340000 39182.277344 40938.386719
218 19.436000 39182.277344 40854.593750
219 19.509000 39182.277344 40788.386719
220 19.601000 39182.277344 40734.527344
221 19.680000 39182.277344 40669.066406
222 19.771000 39182.277344 40599.417969
223 19.873000 39182.277344 40542.863281
224 19.940000 39182.277344 40531.113281
225 20.033000 39182.277344 40676.503906
226 20.112000 39182.277344 40526.648438
227 20.193000 39182.277344 40881.648438
228 20.284000 39182.277344 40653.796875
229 20.371000 39182.277344 40524.261719
230 20.457000 39182.277344 40478.523438
231 20.552000 39182.277344 40414.265625
232 20.647000 39182.277344 40388.390625
233 20.737000 39182.277344 40371.875000
234 20.819000 39182.277344 40359.242188
235 20.908000 39182.277344 40353.160156
236 21.001000 39182.277344 40346.421875
237 21.092000 39182.277344 40332.886719
238 21.180000 39182.277344 40297.125000
239 21.271000 39182.277344 40360.304688
240 21.360000 39182.277344 40347.605469
241 21.455000 39182.277344 40334.550781
242 21.547000 39182.277344 40328.023438
243 21.644000 39182.277344 40304.917969
244 21.734000 39182.277344 40285.324219
245 21.819000 39182.277344 40281.078125
246 21.898000 39182.277344 40732.296875
247 21.987000 39182.277344 40473.527344
248 22.072000 39182.277344 40893.765625
249 22.156000 39182.277344 40819.386719
250 22.253000 39182.277344 40827.886719
251 22.333000 39182.277344 40745.949219
252 22.422000 39182.277344 40766.773438
253 22.512000 39182.277344 40722.511719
254 22.590000 39182.277344 40672.945313
255 22.676000 39182.277344 40588.566406
256 22.766000 39182.277344 40527.718750
257 22.851000 39182.277344 40503.250000
258 22.944000 39182.277344 40485.585938
259 23.022000 39182.277344 40736.695313
260 23.106000 39182.277344 40692.703125
261 23.193000 39182.277344 40658.386719
262 23.277000 39182.277344 40486.843750
263 23.367000 39182.277344 40448.906250
264 23.448000 39182.277344 40419.660156
265 23.539000 39182.277344 40387.378906
266 23.614000 39182.277344 40337.691406
267 23.700000 39182.277344 40549.667969
268 23.787000 39182.277344 40380.949219
269 23.871000 39182.277344 40373.933594
270 23.965000 39182.277344 40344.421875
271 24.061000 39182.277344 40517.296875
272 24.142000 39182.277344 40495.773438
273 24.228000 39182.277344 40404.214844
274 24.313000 39182.277344 40360.878906
275 24.393000 39182.277344 40302.539063
276 24.480000 39182.277344 40412.433594
277 24.563000 39182.277344 40402.574219
278 24.658000 39182.277344 40485.742188
279 24.751000 39182.277344 40339.292969
280 24.835000 39182.277344 40280.976563
281 24.932000 39182.277344 40259.085938
282 25.004000 39182.277344 40244.097656
283 25.079000 39182.277344 40202.554688
284 25.166000 39182.277344 40184.968750
285 25.248000 39182.277344 40164.593750
286 25.328000 39182.277344 40306.402344
287 25.406000 39182.277344 40250.300781
288 25.497000 39182.277344 40237.683594
289 25.589000 39182.277344 40193.750000
290 25.670000 39182.277344 40181.605469
291 25.755000 39182.277344 40158.308594
292 25.845000 39182.277344 40335.050781
293 25.934000 39182.277344 40277.269531
294 26.022000 39182.277344 40580.976563
295 26.094000 39182.277344 40482.074219
296 26.185000 39182.277344 40400.148438
297 26.284000 39182.277344 40414.386719
298 26.368000 39182.277344 40394.425781
299 26.463000 39182.277344 40225.332031
300 26.550000 39182.277344 40356.378906
301 26.626000 39182.277344 40331.375000
302 26.710000 39182.277344 40691.195313
303 26.788000 39182.277344 40530.746094
304 26.888000 39182.277344 40500.933594
305 26.982000 39182.277344 40471.753906
306 27.064000 39182.277344 40403.988281
307 27.154000 39182.277344 40313.628906
308 27.237000 39182.277344 40249.671875
309 27.332000 39182.277344 40240.648438
310 27.426000 39182.277344 40218.406250
311 27.502000 39182.277344 40281.488281
312 27.594000 39182.277344 40229.328125
313 27.690000 39182.277344 40286.054688
314 27.780000 39182.277344 40223.097656
315 27.864000 39182.277344 40212.953125
316 27.953000 39182.277344 40164.335938
317 28.042000 39182.277344 40328.562500
318 28.146000 39182.277344 40291.617188
319 28.235000 39182.277344 40542.515625
320 28.319000 39182.277344 40511.718750
321 28.407000 39182.277344 40368.441406
322 28.509000 39182.277344 40355.937500
323 28.610000 39182.277344 40341.816406
324 28.694000 39182.277344 40323.464844
325 28.780000 39182.277344 40270.234375
326 28.868000 39182.277344 40237.636719
327 28.969000 39182.277344 40325.835938
328 29.069000 39182.277344 40233.898438
329 29.158000 39182.277344 40304.996094
330 29.253000 39182.277344 40482.546875
331 29.349000 39182.277344 40659.187500
332 29.460000 39182.277344 40517.558594
333 29.551000 39182.277344 40599.996094
334 29.635000 39182.277344 40442.515625
335 29.719000 39182.277344 40454.042969
336 29.820000 39182.277344 40422.007813
337 29.918000 39182.277344 40402.468750
338 30.011000 39182.277344 40398.394531
339 30.106000 39182.277344 40583.972656
340 30.202000 39182.277344 40517.218750
341 30.294000 39182.277344 40503.000000
342 30.377000 39182.277344 40462.851563
343 30.473000 39182.277344 40559.093750
344 30.549000 39182.277344 40521.515625
345 30.631000 39182.277344 40549.000000
346 30.714000 39182.277344 40690.183594
347 30.786000 39182.277344 40702.089844
348 30.873000 39182.277344 40544.089844
349 30.956000 39182.277344 40495.988281
350 31.061000 39182.277344 40492.832031
351 31.161000 39182.277344 40491.113281
352 31.239000 39182.277344 40447.246094
353 31.325000 39182.277344 40421.792969
354 31.409000 39182.277344 40395.683594
355 31.500000 39182.277344 40369.289063
356 31.595000 39182.277344 40407.085938
357 31.683000 39182.277344 40368.238281
358 31.765000 39182.277344 40562.324219
359 31.862000 39182.277344 40481.515625
360 31.950000 39182.277344 40350.917969
361 32.041000 39182.277344 40318.609375
362 32.117000 39182.277344 40224.394531
363 32.220000 39182.277344 40258.503906
364 32.312000 39182.277344 40516.718750
365 32.397000 39182.277344 40294.351563
366 32.477000 39182.277344 40405.230469
367 32.559000 39182.277344 40642.746094
368 32.657000 39182.277344 40653.453125
369 32.754000 39182.277344 40557.468750
370 32.839000 39182.277344 40450.597656
371 32.917000 39182.277344 40338.824219
372 33.002000 39182.277344 40637.492188
373 33.093000 39182.277344 40605.464844
374 33.184000 39182.277344 40514.433594
375 33.278000 39182.277344 40418.511719
376 33.386000 39182.277344 40795.042969
377 33.492000 39182.277344 40946.148438
378 33.581000 39182.277344 40937.578125
379 33.726000 39182.277344 40700.843750
380 33.839000 39182.277344 40429.800781
381 33.935000 39182.277344 40409.445313
382 34.021000 39182.277344 40326.039063
383 34.107000 39182.277344 40319.378906
384 34.191000 39182.277344 40225.957031
385 34.272000 39182.277344 40204.312500
386 34.355000 39182.277344 40184.433594
387 34.432000 39182.277344 40167.789063
388 34.514000 39182.277344 40156.746094
389 34.619000 39182.277344 40469.726563
390 34.723000 39182.277344 40208.000000
391 34.815000 39182.277344 40191.539063
392 34.917000 39182.277344 40139.878906
393 35.021000 39182.277344 40132.496094
394 35.132000 39182.277344 40112.468750
395 35.230000 39182.277344 40095.859375
396 35.327000 39182.277344 40094.609375
397 35.414000 39182.277344 40091.164063
398 35.500000 39182.277344 40087.464844
399 35.589000 39182.277344 40078.171875
400 35.683000 39182.277344 40171.613281
401 35.763000 39182.277344 40171.613281
402 35.858000 39182.277344 40249.984375
403 35.951000 39182.277344 40194.128906
404 36.041000 39182.277344 40459.597656
405 36.122000 39182.277344 40399.519531
406 36.245000 39182.277344 40370.082031
407 36.346000 39182.277344 40293.601563
408 36.435000 39182.277344 40233.511719
409 36.500000 39182.277344 40231.988281
410 36.596000 39182.277344 40205.503906
411 36.691000 39182.277344 40199.386719
412 36.783000 39182.277344 40372.445313
413 36.872000 39182.277344 40314.203125
414 36.970000 39182.277344 40254.101563
415 37.054000 39182.277344 40235.347656
416 37.132000 39182.277344 40320.140625
417 37.232000 39182.277344 40307.882813
418 37.313000 39182.277344 40360.347656
419 37.393000 39182.277344 40482.140625
420 37.490000 39182.277344 40448.644531
421 37.585000 39182.277344 40442.097656
422 37.669000 39182.277344 40607.664063
423 37.764000 39182.277344 40539.492188
424 37.860000 39182.277344 40589.863281
425 37.961000 39182.277344 40794.042969
426 38.044000 39182.277344 40623.796875
427 38.130000 39182.277344 40626.746094
428 38.236000 39182.277344 40716.507813
429 38.330000 39182.277344 40674.273438
430 38.430000 39182.277344 40587.765625
431 38.523000 39182.277344 40556.375000
432 38.628000 39182.277344 40494.539063
433 38.761000 39182.277344 40567.746094
434 38.870000 39182.277344 40526.625000
435 38.975000 39182.277344 40461.523438
436 39.057000 39182.277344 40433.015625
437 39.134000 39182.277344 40983.195313
438 39.232000 39182.277344 40941.968750
439 39.314000 39182.277344 40910.890625
440 39.416000 39182.277344 40621.605469
441 39.504000 39182.277344 40477.582031
442 39.587000 39182.277344 40424.738281
443 39.678000 39182.277344 40413.710938
444 39.773000 39182.277344 40476.906250
445 39.859000 39182.277344 40453.617188
446 39.952000 39182.277344 40428.613281
447 40.042000 39182.277344 40600.023438
448 40.132000 39182.277344 40543.273438
449 40.237000 39182.277344 40419.761719
450 40.332000 39182.277344 40395.031250
451 40.421000 39182.277344 40641.738281
452 40.516000 39182.277344 40737.781250
453 40.602000 39182.277344 40632.851563
454 40.696000 39182.277344 40408.550781
455 40.807000 39182.277344 40357.304688
456 40.899000 39182.277344 40343.335938
457 41.002000 39182.277344 40342.468750
458 41.090000 39182.277344 40332.550781
459 41.202000 39182.277344 40331.171875
460 41.300000 39182.277344 40308.238281
461 41.406000 39182.277344 40400.019531
462 41.500000 39182.277344 40350.136719
463 41.598000 39182.277344 40550.617188
464 41.692000 39182.277344 40429.804688
465 41.831000 39182.277344 40682.496094
466 41.928000 39182.277344 40616.503906
467 42.037000 39182.277344 40603.753906
468 42.141000 39182.277344 40511.539063
469 42.263000 39182.277344 40493.402344
470 42.401000 39182.277344 40481.472656
471 42.516000 39182.277344 40767.105469
472 42.621000 39182.277344 40726.410156
473 42.749000 39182.277344 40802.613281
474 42.862000 39182.277344 40757.796875
475 42.965000 39182.277344 40724.968750
476 43.095000 39182.277344 40707.402344
477 43.201000 39182.277344 40684.160156
478 43.304000 39182.277344 40714.953125
479 43.394000 39182.277344 40689.539063
480 43.498000 39182.277344 40596.773438
481 43.584000 39182.277344 40575.742188
482 43.687000 39182.277344 40555.046875
483 43.795000 39182.277344 40546.683594
484 43.889000 39182.277344 40711.039063
485 43.983000 39182.277344 40684.046875
486 44.099000 39182.277344 40830.085938
487 44.195000 39182.277344 40644.859375
488 44.290000 39182.277344 40583.937500
489 44.373000 39182.277344 40560.472656
490 44.466000 39182.277344 40537.523438
491 44.554000 39182.277344 40492.023438
492 44.641000 39182.277344 40609.234375
493 44.726000 39182.277344 40686.390625
494 44.856000 39182.277344 40645.621094
495 44.958000 39182.277344 40861.210938
496 45.059000 39182.277344 40875.105469
497 45.156000 39182.277344 40970.718750
498 45.242000 39182.277344 40819.031250
499 45.339000 39182.277344 41046.023438
500 45.427000 39182.277344 40904.949219
501 45.512000 39182.277344 40776.578125
502 45.602000 39182.277344 40841.480469
503 45.689000 39182.277344 40734.847656
504 45.786000 39182.277344 40984.597656
505 45.896000 39182.277344 40799.003906
506 46.015000 39182.277344 40767.171875
507 46.114000 39182.277344 40685.703125
508 46.209000 39182.277344 40638.605469
509 46.299000 39182.277344 40835.875000
510 46.410000 39182.277344 40672.339844
511 46.510000 39182.277344 40620.703125
512 46.628000 39182.277344 40905.144531
513 46.735000 39182.277344 40945.175781
514 46.841000 39182.277344 40825.917969
515 46.945000 39182.277344 40696.121094
516 47.046000 39182.277344 40671.640625
517 47.191000 39182.277344 41159.777344
518 47.317000 39182.277344 41126.378906
519 47.423000 39182.277344 40795.535156
520 47.513000 39182.277344 40672.566406
521 47.613000 39182.277344 40689.804688
522 47.722000 39182.277344 40615.796875
523 47.838000 39182.277344 40598.093750
524 47.949000 39182.277344 40524.371094
525 48.050000 39182.277344 40506.699219
526 48.157000 39182.277344 40628.371094
527 48.245000 39182.277344 40578.859375
528 48.370000 39182.277344 40562.480469
529 48.482000 39182.277344 40533.097656
530 48.614000 39182.277344 40517.441406
531 48.718000 39182.277344 40496.406250
532 48.817000 39182.277344 40463.191406
533 48.926000 39182.277344 40427.738281
534 49.027000 39182.277344 40409.675781
535 49.147000 39182.277344 40393.875000
536 49.275000 39182.277344 40389.851563
537 49.373000 39182.277344 40499.136719
538 49.493000 39182.277344 40626.925781
539 49.586000 39182.277344 40542.976563
540 49.708000 39182.277344 40525.507813
541 49.863000 39182.277344 40478.628906
542 49.974000 39182.277344 40440.578125
543 50.097000 39182.277344 40401.960938
544 50.207000 39182.277344 40379.289063
545 50.321000 39182.277344 40441.820313
546 50.413000 39182.277344 40436.757813
547 50.518000 39182.277344 40370.054688
548 50.619000 39182.277344 40358.496094
549 50.717000 39182.277344 40353.941406
550 50.805000 39182.277344 40342.238281
551 50.923000 39182.277344 40310.765625
552 51.019000 39182.277344 40323.769531
553 51.123000 39182.277344 40305.656250
554 51.228000 39182.277344 40488.265625
555 51.351000 39182.277344 40454.968750
556 51.437000 39182.277344 40449.136719
557 51.548000 39182.277344 40384.976563
558 51.646000 39182.277344 40369.941406
559 51.748000 39182.277344 40367.421875
560 51.853000 39182.277344 40576.171875
561 51.978000 39182.277344 40838.398438
562 52.117000 39182.277344 40772.515625
563 52.216000 39182.277344 40579.453125
564 52.327000 39182.277344 40703.398438
565 52.411000 39182.277344 40583.683594
566 52.522000 39182.277344 40505.101563
567 52.640000 39182.277344 40462.128906
568 52.774000 39182.277344 40839.910156
569 52.878000 39182.277344 40589.414063
570 52.999000 39182.277344 40835.851563
571 53.106000 39182.277344 40635.378906
572 53.221000 39182.277344 40619.093750
573 53.340000 39182.277344 40566.562500
574 53.448000 39182.277344 40497.804688
575 53.585000 39182.277344 40481.429688
576 53.688000 39182.277344 40441.851563
577 53.797000 39182.277344 40479.707031
578 53.894000 39182.277344 40426.406250
579 53.997000 39182.277344 40313.621094
580 54.091000 39182.277344 40479.265625
581 54.196000 39182.277344 40397.378906
582 54.314000 39182.277344 40341.808594
583 54.409000 39182.277344 40337.718750
584 54.524000 39182.277344 40325.359375
585 54.631000 39182.277344 40319.234375
586 54.721000 39182.277344 40269.453125
587 54.823000 39182.277344 40255.902344
588 54.937000 39182.277344 40247.496094
589 55.043000 39182.277344 40463.687500
590 55.146000 39182.277344 40327.371094
591 55.258000 39182.277344 40323.148438
592 55.371000 39182.277344 40306.246094
593 55.475000 39182.277344 40323.058594
594 55.632000 39182.277344 40826.050781
595 55.758000 39182.277344 40408.246094
596 55.857000 39182.277344 40839.406250
597 55.978000 39182.277344 40730.242188
598 56.091000 39182.277344 40911.593750
599 56.200000 39182.277344 41322.812500
600 56.307000 39182.277344 41078.269531
601 56.421000 39182.277344 41020.640625
602 56.532000 39182.277344 40874.875000
603 56.632000 39182.277344 40872.976563
604 56.756000 39182.277344 41120.207031
605 56.848000 39182.277344 40821.726563
606 56.951000 39182.277344 40772.078125
607 57.070000 39182.277344 40709.144531
608 57.172000 39182.277344 40604.359375
609 57.305000 39182.277344 40483.933594
610 57.406000 39182.277344 40468.300781
611 57.519000 39182.277344 40447.300781
612 57.631000 39182.277344 40417.265625
613 57.740000 39182.277344 40465.019531
614 57.854000 39182.277344 40450.187500
615 57.957000 39182.277344 40412.691406
616 58.060000 39182.277344 40647.253906
617 58.176000 39182.277344 40583.484375
618 58.271000 39182.277344 40574.058594
619 58.372000 39182.277344 40549.804688
620 58.529000 39182.277344 40531.781250
621 58.643000 39182.277344 40451.761719
622 58.743000 39182.277344 40413.074219
623 58.855000 39182.277344 40455.574219
624 58.956000 39182.277344 40427.082031
625 59.075000 39182.277344 40420.851563
626 59.199000 39182.277344 40683.816406
627 59.335000 39182.277344 40677.046875
628 59.468000 39182.277344 40760.421875
629 59.575000 39182.277344 40708.433594
630 59.681000 39182.277344 40635.648438
631 59.807000 39182.277344 40627.304688
632 59.929000 39182.277344 40582.593750
633 60.021000 39182.277344 40544.601563
634 60.135000 39182.277344 40500.074219
635 60.253000 39182.277344 40402.968750
636 60.345000 39182.277344 40362.976563
637 60.445000 39182.277344 40995.273438
638 60.560000 39182.277344 40437.109375
639 60.676000 39182.277344 40642.226563
640 60.768000 39182.277344 40563.593750
641 60.861000 39182.277344 40595.691406
642 60.977000 39182.277344 40546.390625
643 61.088000 39182.277344 40435.074219
644 61.193000 39182.277344 40356.539063
645 61.335000 39182.277344 40338.726563
646 61.447000 39182.277344 40299.691406
647 61.560000 39182.277344 40296.101563
648 61.700000 39182.277344 40246.968750
649 61.803000 39182.277344 40306.187500
650 61.898000 39182.277344 40396.988281
651 62.014000 39182.277344 40357.000000
652 62.114000 39182.277344 40307.894531
653 62.212000 39182.277344 40349.296875
654 62.309000 39182.277344 40323.023438
655 62.419000 39182.277344 40312.046875
656 62.515000 39182.277344 40295.968750
657 62.608000 39182.277344 40264.480469
658 62.695000 39182.277344 40247.890625
659 62.816000 39182.277344 40473.265625
660 62.935000 39182.277344 40459.425781
661 63.042000 39182.277344 40439.488281
662 63.159000 39182.277344 40411.265625
663 63.287000 39182.277344 40381.921875
664 63.382000 39182.277344 40361.859375
665 63.482000 39182.277344 40352.097656
666 63.620000 39182.277344 40330.394531
667 63.725000 39182.277344 40782.503906
668 63.813000 39182.277344 40402.945313
669 63.924000 39182.277344 40683.664063
670 64.041000 39182.277344 40605.265625
671 64.181000 39182.277344 40469.578125
672 64.301000 39182.277344 40435.660156
673 64.395000 39182.277344 40378.003906
674 64.515000 39182.277344 40363.429688
675 64.632000 39182.277344 40324.859375
676 64.740000 39182.277344 40394.523438
677 64.845000 39182.277344 40544.550781
678 64.955000 39182.277344 40421.277344
679 65.072000 39182.277344 40404.089844
680 65.182000 39182.277344 40388.898438
681 65.284000 39182.277344 40658.121094
682 65.377000 39182.277344 40435.824219
683 65.487000 39182.277344 40408.277344
684 65.643000 39182.277344 40383.156250
685 65.764000 39182.277344 40664.003906
686 65.925000 39182.277344 40599.789063
687 66.024000 39182.277344 40690.207031
688 66.154000 39182.277344 40650.199219
689 66.254000 39182.277344 40550.281250
690 66.394000 39182.277344 40526.335938
691 66.507000 39182.277344 40480.625000
692 66.608000 39182.277344 40457.210938
693 66.704000 39182.277344 40593.019531
694 66.794000 39182.277344 40644.289063
695 66.895000 39182.277344 40927.246094
696 66.986000 39182.277344 40749.300781
697 67.081000 39182.277344 40617.851563
698 67.180000 39182.277344 40591.273438
699 67.285000 39182.277344 40516.265625
700 67.373000 39182.277344 40716.484375
701 67.480000 39182.277344 40645.726563
702 67.581000 39182.277344 40786.750000
703 67.692000 39182.277344 40662.335938
704 67.793000 39182.277344 40969.601563
705 67.947000 39182.277344 40877.449219
706 68.072000 39182.277344 40804.906250
707 68.218000 39182.277344 40741.460938
708 68.327000 39182.277344 40707.781250
709 68.419000 39182.277344 40664.707031
710 68.550000 39182.277344 40982.800781
711 68.664000 39182.277344 41030.238281
712 68.774000 39182.277344 41065.886719
713 68.885000 39182.277344 41161.343750
714 68.991000 39182.277344 41116.175781
715 69.097000 39182.277344 41211.015625
716 69.205000 39182.277344 41092.914063
717 69.323000 39182.277344 41012.746094
718 69.429000 39182.277344 40929.406250
719 69.567000 39182.277344 41046.203125
720 69.687000 39182.277344 41007.203125
721 69.787000 39182.277344 41057.816406
722 69.891000 39182.277344 41114.078125
723 69.995000 39182.277344 41238.050781
724 70.099000 39182.277344 41135.933594
725 70.208000 39182.277344 41043.171875
726 70.323000 39182.277344 40826.421875
727 70.436000 39182.277344 40912.074219
728 70.544000 39182.277344 40892.664063
729 70.642000 39182.277344 41108.082031
730 70.757000 39182.277344 41009.910156
731 70.921000 39182.277344 40958.890625
732 71.030000 39182.277344 40882.351563
733 71.120000 39182.277344 40766.593750
734 71.233000 39182.277344 40732.386719
735 71.336000 39182.277344 40631.285156
736 71.448000 39182.277344 40606.578125
737 71.580000 39182.277344 40584.589844
738 71.691000 39182.277344 40567.664063
739 71.810000 39182.277344 40559.066406
740 71.921000 39182.277344 40535.136719
741 72.017000 39182.277344 40512.566406
742 72.103000 39182.277344 40713.593750
743 72.198000 39182.277344 40828.972656
744 72.298000 39182.277344 40744.058594
745 72.388000 39182.277344 40711.484375
746 72.470000 39182.277344 40631.960938
747 72.575000 39182.277344 40584.886719
748 72.692000 39182.277344 40453.324219
749 72.809000 39182.277344 40438.136719
750 72.930000 39182.277344 40516.910156
751 73.051000 39182.277344 40458.765625
752 73.160000 39182.277344 40437.339844
753 73.283000 39182.277344 40361.136719
754 73.402000 39182.277344 40345.550781
755 73.506000 39182.277344 40451.738281
756 73.603000 39182.277344 40564.777344
757 73.713000 39182.277344 40483.753906
758 73.826000 39182.277344 40447.378906
759 73.928000 39182.277344 40855.578125
760 74.024000 39182.277344 40662.890625
761 74.121000 39182.277344 40534.390625
762 74.224000 39182.277344 40545.128906
763 74.331000 39182.277344 40470.578125
764 74.480000 39182.277344 40468.640625
765 74.585000 39182.277344 40443.707031
766 74.696000 39182.277344 40737.191406
767 74.821000 39182.277344 40602.253906
768 74.922000 39182.277344 40575.953125
769 75.037000 39182.277344 40529.750000
770 75.140000 39182.277344 40492.929688
771 75.246000 39182.277344 40481.070313
772 75.357000 39182.277344 40433.707031
773 75.474000 39182.277344 40490.183594
774 75.582000 39182.277344 40461.949219
775 75.673000 39182.277344 40433.109375
776 75.774000 39182.277344 40384.398438
777 75.881000 39182.277344 40367.218750
778 75.975000 39182.277344 40326.386719
779 76.096000 39182.277344 40542.343750
780 76.195000 39182.277344 40662.164063
781 76.304000 39182.277344 40651.199219
782 76.397000 39182.277344 40602.039063
783 76.507000 39182.277344 40573.406250
784 76.607000 39182.277344 40981.464844
785 76.725000 39182.277344 40972.582031
786 76.811000 39182.277344 40920.371094
787 76.922000 39182.277344 40857.164063
788 77.029000 39182.277344 40811.484375
789 77.169000 39182.277344 40758.003906
790 77.321000 39182.277344 40750.433594
791 77.436000 39182.277344 40709.019531
792 77.529000 39182.277344 40685.906250
793 77.646000 39182.277344 40643.261719
794 77.789000 39182.277344 40628.445313
795 77.918000 39182.277344 40582.308594
796 78.038000 39182.277344 40527.734375
797 78.136000 39182.277344 40470.296875
798 78.222000 39182.277344 40678.566406
799 78.327000 39182.277344 40456.230469
800 78.421000 39182.277344 40426.062500
801 78.518000 39182.277344 40397.226563
802 78.617000 39182.277344 40348.183594
803 78.730000 39182.277344 40341.484375
804 78.838000 39182.277344 40329.464844
805 78.939000 39182.277344 40555.128906
806 79.062000 39182.277344 40420.542969
807 79.178000 39182.277344 40358.898438
808 79.305000 39182.277344 40435.531250
809 79.409000 39182.277344 40362.191406
810 79.523000 39182.277344 40360.636719
811 79.654000 39182.277344 40333.109375
812 79.761000 39182.277344 40327.375000
813 79.856000 39182.277344 40327.375000
814 79.964000 39182.277344 40315.890625
815 80.087000 39182.277344 40430.019531
816 80.259000 39182.277344 40410.449219
817 80.348000 39182.277344 40396.144531
818 80.447000 39182.277344 40386.746094
819 80.562000 39182.277344 40460.242188
820 80.679000 39182.277344 40421.777344
821 80.781000 39182.277344 40627.648438
822 80.892000 39182.277344 40451.535156
823 80.995000 39182.277344 40447.273438
824 81.113000 39182.277344 40441.347656
825 81.229000 39182.277344 40407.058594
826 81.337000 39182.277344 40358.378906
827 81.423000 39182.277344 40353.140625
828 81.528000 39182.277344 40332.457031
829 81.643000 39182.277344 40321.390625
830 81.776000 39182.277344 40482.621094
831 81.881000 39182.277344 40742.757813
832 81.978000 39182.277344 40684.234375
833 82.081000 39182.277344 40624.742188
834 82.187000 39182.277344 40569.503906
835 82.276000 39182.277344 40545.566406
836 82.390000 39182.277344 40676.179688
837 82.474000 39182.277344 40603.578125
838 82.586000 39182.277344 40564.796875
839 82.692000 39182.277344 40546.386719
840 82.816000 39182.277344 40490.390625
841 82.937000 39182.277344 40475.265625
842 83.044000 39182.277344 40635.578125
843 83.194000 39182.277344 40638.960938
844 83.300000 39182.277344 40623.753906
845 83.416000 39182.277344 40576.023438
846 83.528000 39182.277344 40694.503906
847 83.639000 39182.277344 40667.183594
848 83.769000 39182.277344 40636.156250
849 83.893000 39182.277344 40954.183594
850 83.984000 39182.277344 40913.601563
851 84.109000 39182.277344 40880.714844
852 84.230000 39182.277344 40615.597656
853 84.336000 39182.277344 40662.582031
854 84.456000 39182.277344 40623.199219
855 84.569000 39182.277344 40612.441406
856 84.681000 39182.277344 41017.855469
857 84.783000 39182.277344 40777.851563
858 84.873000 39182.277344 40733.433594
859 84.983000 39182.277344 40724.523438
860 85.097000 39182.277344 40621.558594
861 85.198000 39182.277344 40542.726563
862 85.296000 39182.277344 40542.371094
863 85.383000 39182.277344 40582.039063
864 85.492000 39182.277344 40832.789063
865 85.605000 39182.277344 40594.960938
866 85.707000 39182.277344 40537.710938
867 85.810000 39182.277344 40532.144531
868 85.922000 39182.277344 40508.039063
869 86.086000 39182.277344 40494.453125
870 86.221000 39182.277344 40478.996094
871 86.336000 39182.277344 40470.515625
872 86.451000 39182.277344 40457.898438
873 86.562000 39182.277344 40432.550781
874 86.673000 39182.277344 40594.503906
875 86.786000 39182.277344 40625.371094
876 86.908000 39182.277344 40586.734375
877 87.006000 39182.277344 40756.203125
878 87.109000 39182.277344 40993.550781
879 87.217000 39182.277344 40875.281250
880 87.333000 39182.277344 40773.222656
881 87.420000 39182.277344 40752.437500
882 87.543000 39182.277344 40722.636719
883 87.636000 39182.277344 40655.769531
884 87.725000 39182.277344 40598.054688
885 87.815000 39182.277344 40538.382813
886 87.914000 39182.277344 40566.289063
887 88.008000 39182.277344 40564.128906
888 88.096000 39182.277344 40540.640625
889 88.178000 39182.277344 40482.949219
890 88.275000 39182.277344 40707.941406
891 88.366000 39182.277344 40807.269531
892 88.456000 39182.277344 40689.351563
893 88.536000 39182.277344 41041.781250
894 88.620000 39182.277344 41152.527344
895 88.720000 39182.277344 40987.605469
896 88.812000 39182.277344 40882.105469
897 88.910000 39182.277344 40848.906250
898 89.021000 39182.277344 40803.601563
899 89.113000 39182.277344 40917.359375
900 89.203000 39182.277344 40883.402344
901 89.306000 39182.277344 40837.199219
902 89.419000 39182.277344 40744.898438
903 89.513000 39182.277344 40694.703125
904 89.604000 39182.277344 40674.175781
905 89.711000 39182.277344 40647.914063
906 89.809000 39182.277344 40632.796875
907 89.911000 39182.277344 40607.230469
908 90.014000 39182.277344 40709.773438
909 90.134000 39182.277344 40603.453125
910 90.248000 39182.277344 40597.574219
911 90.407000 39182.277344 40619.843750
912 90.561000 39182.277344 40785.363281
913 90.689000 39182.277344 40724.390625
914 90.807000 39182.277344 40660.570313
915 90.938000 39182.277344 40894.609375
916 91.040000 39182.277344 40944.328125
917 91.162000 39182.277344 41235.996094
918 91.252000 39182.277344 40747.566406
919 91.354000 39182.277344 41135.015625
920 91.468000 39182.277344 41003.609375
921 91.582000 39182.277344 40903.718750
922 91.686000 39182.277344 40806.410156
923 91.791000 39182.277344 40762.226563
924 91.889000 39182.277344 40790.722656
925 91.998000 39182.277344 40724.335938
926 92.075000 39182.277344 40675.332031
927 92.198000 39182.277344 40627.113281
928 92.310000 39182.277344 40745.644531
929 92.416000 39182.277344 40726.085938
930 92.511000 39182.277344 41008.718750
931 92.608000 39182.277344 41073.230469
932 92.711000 39182.277344 40896.636719
933 92.814000 39182.277344 40780.699219
934 92.919000 39182.277344 40767.921875
935 93.041000 39182.277344 40814.007813
936 93.158000 39182.277344 40785.316406
937 93.315000 39182.277344 40734.511719
938 93.435000 39182.277344 40760.914063
939 93.525000 39182.277344 41111.351563
940 93.648000 39182.277344 41007.550781
941 93.759000 39182.277344 40938.695313
942 93.875000 39182.277344 40839.003906
943 93.978000 39182.277344 40784.640625
944 94.087000 39182.277344 41056.718750
945 94.201000 39182.277344 40861.664063
946 94.300000 39182.277344 40815.859375
947 94.399000 39182.277344 41361.500000
948 94.477000 39182.277344 41183.140625
949 94.562000 39182.277344 41024.773438
950 94.654000 39182.277344 40823.699219
951 94.748000 39182.277344 40956.015625
952 94.841000 39182.277344 40815.761719
953 94.938000 39182.277344 40762.906250
954 95.034000 39182.277344 40688.921875
955 95.120000 39182.277344 40655.308594
956 95.214000 39182.277344 40688.191406
957 95.320000 39182.277344 40655.824219
958 95.417000 39182.277344 40592.011719
959 95.504000 39182.277344 40748.511719
960 95.597000 39182.277344 40718.812500
961 95.689000 39182.277344 40775.378906
962 95.773000 39182.277344 40612.500000
963 95.868000 39182.277344 40754.023438
964 95.959000 39182.277344 40615.218750
965 96.049000 39182.277344 40564.859375
966 96.166000 39182.277344 40536.031250
967 96.247000 39182.277344 40500.773438
968 96.339000 39182.277344 40559.281250
969 96.433000 39182.277344 40663.515625
970 96.523000 39182.277344 40570.367188
971 96.604000 39182.277344 40557.710938
972 96.685000 39182.277344 40533.871094
973 96.772000 39182.277344 40709.148438
974 96.857000 39182.277344 40840.617188
975 96.951000 39182.277344 40832.300781
976 97.044000 39182.277344 40744.343750
977 97.132000 39182.277344 40695.433594
978 97.228000 39182.277344 40635.187500
979 97.316000 39182.277344 41656.613281
980 97.399000 39182.277344 41668.960938
981 97.499000 39182.277344 41564.746094
982 97.592000 39182.277344 41552.183594
983 97.679000 39182.277344 41596.761719
984 97.784000 39182.277344 41550.863281
985 97.897000 39182.277344 41459.300781
986 98.023000 39182.277344 41084.718750
987 98.155000 39182.277344 41006.378906
988 98.244000 39182.277344 40945.484375
989 98.345000 39182.277344 40888.031250
990 98.438000 39182.277344 40870.765625
991 98.529000 39182.277344 40908.121094
992 98.630000 39182.277344 40852.664063
993 98.731000 39182.277344 40822.394531
994 98.833000 39182.277344 40783.550781
995 98.929000 39182.277344 40885.457031
996 99.007000 39182.277344 40797.300781
997 99.086000 39182.277344 40782.878906
998 99.173000 39182.277344 40723.769531
999 99.255000 39182.277344 40708.109375
1000 99.357000 39182.277344 40683.347656
1001 99.436000 39182.277344 40940.261719
1002 99.522000 39182.277344 40980.371094
1003 99.620000 39182.277344 40933.734375
1004 99.711000 39182.277344 41397.664063
1005 99.807000 39182.277344 41187.953125
1006 99.887000 39182.277344 41094.687500
1007 99.972000 39182.277344 41049.449219
1008 100.064000 39182.277344 40927.621094
1009 100.156000 39182.277344 41023.375000
1010 100.231000 39182.277344 40974.648438
1011 100.320000 39182.277344 41281.324219
1012 100.398000 39182.277344 41093.796875
1013 100.478000 39182.277344 41125.683594
1014 100.559000 39182.277344 41078.812500
1015 100.658000 39182.277344 40935.511719
1016 100.749000 39182.277344 41058.914063
1017 100.836000 39182.277344 41185.621094
1018 100.925000 39182.277344 41319.539063
1019 101.028000 39182.277344 41291.140625
1020 101.114000 39182.277344 41133.828125
1021 101.193000 39182.277344 41026.691406
1022 101.304000 39182.277344 40994.191406
1023 101.384000 39182.277344 41078.671875
1024 101.476000 39182.277344 41012.238281
1025 101.574000 39182.277344 40941.671875
1026 101.673000 39182.277344 41098.679688
1027 101.774000 39182.277344 41333.351563
1028 101.873000 39182.277344 41090.058594
1029 101.958000 39182.277344 41059.281250
1030 102.049000 39182.277344 41064.175781
1031 102.129000 39182.277344 41187.750000
1032 102.213000 39182.277344 41080.316406
1033 102.299000 39182.277344 40991.746094
1034 102.383000 39182.277344 40943.988281
1035 102.474000 39182.277344 41356.929688
1036 102.572000 39182.277344 41177.125000
1037 102.661000 39182.277344 41030.738281
1038 102.751000 39182.277344 40948.523438
1039 102.843000 39182.277344 40895.281250
1040 102.918000 39182.277344 40799.144531
1041 103.020000 39182.277344 40788.535156
1042 103.115000 39182.277344 40760.761719
1043 103.210000 39182.277344 40697.371094
1044 103.300000 39182.277344 40665.300781
1045 103.392000 39182.277344 40614.246094
1046 103.482000 39182.277344 40639.996094
1047 103.568000 39182.277344 40633.371094
1048 103.655000 39182.277344 40587.902344
1049 103.735000 39182.277344 40578.492188
1050 103.844000 39182.277344 40574.000000
1051 103.934000 39182.277344 40551.468750
1052 104.021000 39182.277344 40551.074219
1053 104.123000 39182.277344 40886.558594
1054 104.216000 39182.277344 40814.070313
1055 104.310000 39182.277344 40749.871094
1056 104.402000 39182.277344 40630.281250
1057 104.503000 39182.277344 40611.578125
1058 104.608000 39182.277344 40589.875000
1059 104.690000 39182.277344 40552.953125
1060 104.770000 39182.277344 40604.390625
1061 104.860000 39182.277344 40704.292969
1062 104.959000 39182.277344 40681.710938
1063 105.053000 39182.277344 40806.187500
1064 105.138000 39182.277344 40717.687500
1065 105.235000 39182.277344 40632.308594
