0 0.000000 25526.927734 27077.800781
1 0.004000 24736.429688 27077.800781
2 0.006000 24560.966797 26465.355469
3 0.010000 24463.740234 25993.158203
4 0.013000 24142.017578 25681.802734
5 0.016000 23557.087891 25420.792969
6 0.019000 22811.761719 25123.949219
7 0.023000 22811.761719 24897.257813
8 0.027000 22674.398438 24763.617188
9 0.032000 22674.398438 24583.550781
10 0.036000 22357.763672 24400.748047
11 0.041000 22357.763672 24207.511719
12 0.043000 21994.542969 24135.261719
13 0.048000 21994.542969 24027.957031
14 0.051000 21854.388672 23887.585938
15 0.053000 21854.388672 23797.820313
16 0.058000 21854.388672 23756.824219
17 0.060000 21810.619141 23658.373047
18 0.064000 21710.242188 23602.515625
19 0.067000 21516.613281 23498.554688
20 0.070000 21516.613281 23441.937500
21 0.073000 21516.613281 23401.101563
22 0.077000 21516.613281 23361.269531
23 0.081000 21516.613281 23330.609375
24 0.083000 21516.613281 23238.365234
25 0.087000 21516.613281 23184.839844
26 0.091000 21516.613281 23134.142578
27 0.093000 21516.613281 23094.945313
28 0.097000 21516.613281 23019.533203
29 0.100000 21516.613281 22981.580078
30 0.103000 21516.613281 22953.072266
31 0.106000 21516.613281 22902.335938
32 0.111000 21516.613281 22877.044922
33 0.114000 21516.613281 22811.279297
34 0.118000 21516.613281 22793.119141
35 0.121000 21516.613281 22776.259766
36 0.124000 21516.613281 22752.955078
37 0.128000 21516.613281 22733.580078
38 0.130000 21516.613281 22709.904297
39 0.133000 21516.613281 22697.845703
40 0.137000 21516.613281 22650.470703
41 0.141000 21516.613281 22624.640625
42 0.143000 21516.613281 22616.908203
43 0.147000 21516.613281 22590.724609
44 0.150000 21516.613281 22571.097656
45 0.153000 21501.929688 22558.494141
46 0.157000 21501.929688 22522.029297
47 0.160000 21501.929688 22518.429688
48 0.163000 21501.929688 22476.279297
49 0.167000 21501.929688 22474.476563
50 0.170000 21501.929688 22465.035156
51 0.174000 21501.929688 22448.404297
52 0.178000 21501.929688 22436.539063
53 0.181000 21501.929688 22433.677734
54 0.184000 21501.929688 22417.197266
55 0.188000 21501.929688 22393.902344
56 0.191000 21501.929688 22379.242188
57 0.194000 21501.929688 22369.917969
58 0.197000 21501.929688 22351.925781
59 0.200000 21386.468750 22334.775391
60 0.205000 21386.468750 22313.732422
61 0.209000 21386.468750 22300.900391
62 0.212000 21386.468750 22278.759766
63 0.215000 21386.468750 22273.142578
64 0.218000 21386.468750 22267.619141
65 0.222000 21386.468750 22259.238281
66 0.224000 21386.468750 22252.400391
67 0.227000 21386.468750 22252.402344
68 0.231000 21386.468750 22241.023438
69 0.234000 21386.468750 22239.376953
70 0.237000 21386.468750 22231.089844
71 0.241000 21386.468750 22225.275391
72 0.243000 21386.468750 22222.738281
73 0.246000 21386.468750 22221.597656
74 0.250000 21386.468750 22219.300781
75 0.254000 21386.468750 22216.769531
76 0.257000 21386.468750 22214.105469
77 0.259000 21386.468750 22204.980469
78 0.262000 21386.468750 22204.078125
79 0.266000 21386.468750 22197.427734
80 0.269000 21386.468750 22189.810547
81 0.273000 21386.468750 22185.800781
82 0.275000 21386.468750 22185.800781
83 0.279000 21386.468750 22174.607422
84 0.283000 21386.468750 22174.605469
85 0.287000 21386.468750 22174.605469
86 0.290000 21386.468750 22169.974609
87 0.294000 21386.468750 22160.074219
88 0.297000 21386.468750 22159.759766
89 0.300000 21386.468750 22156.294922
90 0.303000 21386.468750 22149.205078
91 0.307000 21386.468750 22149.205078
92 0.310000 21386.468750 22140.689453
93 0.314000 21386.468750 22138.726563
94 0.317000 21386.468750 22138.726563
95 0.320000 21386.468750 22133.375000
96 0.323000 21386.468750 22133.089844
97 0.326000 21386.468750 22130.580078
98 0.330000 21386.468750 22128.769531
99 0.334000 21386.468750 22128.773438
100 0.337000 21386.468750 22120.972656
101 0.340000 21386.468750 22120.972656
102 0.343000 21386.468750 22120.972656
103 0.347000 21386.468750 22120.972656
104 0.351000 21386.468750 22119.160156
105 0.354000 21386.468750 22119.160156
106 0.357000 21386.468750 22119.160156
107 0.361000 21386.468750 22119.160156
108 0.364000 21386.468750 22118.357422
109 0.367000 21386.468750 22118.244141
110 0.370000 21386.468750 22117.724609
111 0.373000 21386.468750 22117.597656
112 0.377000 21386.468750 22117.597656
113 0.380000 21386.468750 22117.597656
114 0.383000 21386.468750 22117.597656
115 0.386000 21386.468750 22114.535156
116 0.389000 21386.468750 22114.535156
117 0.393000 21386.468750 22093.238281
118 0.396000 21386.468750 22093.238281
119 0.399000 21386.468750 22093.238281
120 0.402000 21386.468750 22093.238281
121 0.405000 21386.468750 22091.525391
122 0.409000 21386.468750 22090.238281
123 0.412000 21386.468750 22090.238281
124 0.415000 21386.468750 22088.775391
125 0.418000 21386.468750 22084.785156
126 0.421000 21386.468750 22084.669922
127 0.425000 21386.468750 22075.929688
128 0.428000 21386.468750 22075.410156
129 0.432000 21386.468750 22075.410156
130 0.436000 21386.468750 22074.419922
131 0.440000 21386.468750 22073.337891
132 0.442000 21386.468750 22071.220703
133 0.445000 21386.468750 22071.220703
134 0.448000 21386.468750 22071.205078
135 0.453000 21386.468750 22071.205078
136 0.456000 21386.468750 22070.789063
137 0.458000 21386.468750 22070.789063
138 0.461000 21386.468750 22070.707031
139 0.465000 21386.468750 22068.109375
140 0.469000 21386.468750 22068.109375
141 0.472000 21386.468750 22068.109375
142 0.474000 21386.468750 22068.109375
143 0.478000 21386.468750 22067.867188
144 0.481000 21386.468750 22067.867188
145 0.484000 21386.468750 22067.601563
146 0.487000 21386.468750 22067.382813
147 0.490000 21386.468750 22067.382813
148 0.493000 21386.468750 22067.382813
149 0.497000 21386.468750 22067.382813
150 0.500000 21386.468750 22067.382813
151 0.503000 21386.468750 22062.796875
152 0.507000 21386.468750 22054.570313
153 0.511000 21386.468750 22052.095703
154 0.514000 21386.468750 22052.095703
155 0.518000 21386.468750 22052.095703
156 0.522000 21386.468750 22050.169922
157 0.525000 21386.468750 22050.169922
158 0.528000 21386.468750 22050.169922
159 0.531000 21386.468750 22050.169922
160 0.536000 21386.468750 22050.169922
161 0.540000 21386.468750 22050.169922
162 0.543000 21386.468750 22041.007813
163 0.547000 21386.468750 22040.269531
164 0.550000 21386.468750 22040.269531
165 0.553000 21386.468750 22032.984375
166 0.557000 21386.468750 22032.984375
167 0.560000 21386.468750 22027.335938
168 0.565000 21386.468750 22026.630859
169 0.568000 21386.468750 22013.904297
170 0.571000 21386.468750 22013.800781
171 0.574000 21386.468750 22011.898438
172 0.577000 21386.468750 22011.898438
173 0.580000 21386.468750 22011.898438
174 0.584000 21386.468750 22010.876953
175 0.587000 21386.468750 21990.205078
176 0.590000 21386.468750 21990.203125
177 0.594000 21386.468750 21990.203125
178 0.597000 21386.468750 21990.203125
179 0.600000 21386.468750 21990.054688
180 0.603000 21386.468750 21989.837891
181 0.606000 21386.468750 21989.175781
182 0.611000 21386.468750 21988.992188
183 0.614000 21386.468750 21988.992188
184 0.617000 21386.468750 21988.992188
185 0.620000 21386.468750 21988.992188
186 0.623000 21386.468750 21988.992188
187 0.627000 21386.468750 21988.220703
188 0.631000 21386.468750 21988.220703
189 0.634000 21386.468750 21987.925781
190 0.637000 21386.468750 21986.919922
191 0.641000 21386.468750 21986.660156
192 0.644000 21386.468750 21978.414063
193 0.647000 21386.468750 21978.414063
194 0.650000 21386.468750 21969.839844
195 0.653000 21386.468750 21969.435547
196 0.657000 21386.468750 21969.435547
197 0.660000 21386.468750 21968.625000
198 0.664000 21386.468750 21968.625000
199 0.667000 21386.468750 21968.625000
200 0.671000 21386.468750 21968.625000
201 0.675000 21386.468750 21968.625000
202 0.678000 21386.468750 21967.835938
203 0.682000 21386.468750 21967.835938
204 0.685000 21386.468750 21967.835938
205 0.688000 21386.468750 21967.835938
206 0.691000 21386.468750 21965.775391
207 0.694000 21386.468750 21965.775391
208 0.699000 21386.468750 21965.775391
209 0.702000 21386.468750 21963.375000
210 0.707000 21386.468750 21963.375000
211 0.711000 21386.468750 21963.375000
212 0.714000 21386.468750 21963.375000
213 0.717000 21386.468750 21954.619141
214 0.721000 21386.468750 21954.619141
215 0.724000 21386.468750 21953.804688
216 0.727000 21386.468750 21953.804688
217 0.730000 21386.468750 21953.804688
218 0.733000 21386.468750 21951.970703
219 0.737000 21386.468750 21951.970703
220 0.740000 21386.468750 21951.970703
221 0.744000 21386.468750 21951.970703
222 0.746000 21386.468750 21951.970703
223 0.750000 21386.468750 21951.720703
224 0.754000 21386.468750 21951.435547
225 0.757000 21386.468750 21950.255859
226 0.760000 21386.468750 21950.255859
227 0.763000 21386.468750 21947.375000
228 0.767000 21386.468750 21944.240234
229 0.770000 21386.468750 21944.195313
230 0.774000 21386.468750 21940.570313
231 0.777000 21386.468750 21938.029297
232 0.781000 21386.468750 21938.029297
233 0.785000 21386.468750 21935.914063
234 0.789000 21386.468750 21935.904297
235 0.791000 21386.468750 21935.904297
236 0.794000 21386.468750 21935.904297
237 0.798000 21386.468750 21935.904297
238 0.801000 21386.468750 21933.759766
239 0.805000 21373.685547 21931.005859
240 0.808000 21373.685547 21929.419922
241 0.811000 21373.685547 21929.419922
242 0.814000 21373.685547 21929.224609
243 0.818000 21373.685547 21926.804688
244 0.821000 21373.685547 21925.289063
245 0.824000 21373.685547 21925.244141
246 0.827000 21373.685547 21923.660156
247 0.830000 21373.685547 21923.660156
248 0.833000 21373.685547 21923.660156
249 0.837000 21373.685547 21923.660156
250 0.840000 21373.685547 21921.064453
251 0.842000 21373.685547 21920.324219
252 0.846000 21373.685547 21920.324219
253 0.849000 21373.685547 21918.240234
254 0.853000 21373.685547 21916.890625
255 0.856000 21373.685547 21916.890625
256 0.859000 21373.685547 21916.605469
257 0.863000 21373.685547 21916.605469
258 0.866000 21373.685547 21916.605469
259 0.870000 21373.685547 21916.605469
260 0.873000 21373.685547 21915.220703
261 0.877000 21373.685547 21911.445313
262 0.881000 21373.685547 21905.050781
263 0.884000 21373.685547 21898.800781
264 0.888000 21373.685547 21898.800781
265 0.891000 21373.685547 21898.800781
266 0.894000 21373.685547 21898.800781
267 0.897000 21373.685547 21898.800781
268 0.901000 21373.685547 21898.320313
269 0.904000 21373.685547 21898.320313
270 0.906000 21373.685547 21898.320313
271 0.910000 21373.685547 21898.320313
272 0.913000 21373.685547 21898.320313
273 0.917000 21373.685547 21893.964844
274 0.920000 21373.685547 21890.619141
275 0.923000 21373.685547 21886.765625
276 0.926000 21373.685547 21880.830078
277 0.930000 21373.685547 21880.830078
278 0.933000 21373.685547 21880.804688
279 0.936000 21373.685547 21879.761719
280 0.940000 21373.685547 21865.921875
281 0.944000 21373.685547 21865.921875
282 0.947000 21373.685547 21865.001953
283 0.951000 21373.685547 21865.001953
284 0.953000 21373.685547 21859.455078
285 0.959000 21373.685547 21856.312500
286 0.965000 21373.685547 21856.312500
287 0.969000 21373.685547 21851.652344
288 0.973000 21373.685547 21851.652344
289 0.978000 21373.685547 21851.652344
290 0.981000 21373.685547 21851.652344
291 0.984000 21373.685547 21851.414063
292 0.988000 21373.685547 21851.414063
293 0.992000 21373.685547 21851.414063
294 0.995000 21373.685547 21847.304688
295 0.999000 21373.685547 21847.304688
296 1.002000 21373.685547 21847.304688
297 1.006000 21373.685547 21847.304688
298 1.009000 21373.685547 21847.304688
299 1.012000 21373.685547 21847.304688
300 1.015000 21373.685547 21840.724609
301 1.019000 21373.685547 21840.724609
302 1.022000 21373.685547 21840.439453
303 1.025000 21373.685547 21840.417969
304 1.029000 21373.685547 21840.417969
305 1.032000 21373.685547 21830.578125
306 1.035000 21373.685547 21830.578125
307 1.038000 21373.685547 21830.578125
308 1.041000 21373.685547 21829.365234
309 1.045000 21373.685547 21829.365234
310 1.048000 21373.685547 21825.537109
311 1.051000 21373.685547 21825.535156
312 1.054000 21373.685547 21825.535156
313 1.057000 21373.685547 21825.535156
314 1.060000 21373.685547 21825.535156
315 1.063000 21373.685547 21815.867188
316 1.066000 21373.685547 21805.943359
317 1.070000 21373.685547 21805.457031
318 1.073000 21373.685547 21805.457031
319 1.076000 21373.685547 21805.457031
320 1.080000 21373.685547 21805.421875
321 1.083000 21373.685547 21804.214844
322 1.086000 21373.685547 21801.519531
323 1.089000 21373.685547 21801.519531
324 1.092000 21373.685547 21801.519531
325 1.095000 21373.685547 21801.519531
326 1.098000 21373.685547 21801.519531
327 1.102000 21373.685547 21801.519531
328 1.105000 21373.685547 21801.519531
329 1.108000 21373.685547 21801.519531
330 1.111000 21373.685547 21796.835938
331 1.115000 21373.685547 21796.835938
332 1.118000 21373.685547 21796.550781
333 1.122000 21373.685547 21796.550781
334 1.124000 21373.685547 21796.550781
335 1.128000 21373.685547 21796.550781
336 1.131000 21373.685547 21796.158203
337 1.136000 21373.685547 21796.158203
338 1.139000 21373.685547 21794.869141
339 1.142000 21373.685547 21794.869141
340 1.146000 21373.685547 21794.869141
341 1.150000 21373.685547 21794.431641
342 1.154000 21373.685547 21794.431641
343 1.157000 21373.685547 21794.431641
344 1.160000 21373.685547 21794.431641
345 1.163000 21373.685547 21794.431641
346 1.166000 21373.685547 21794.431641
347 1.170000 21373.685547 21779.164063
348 1.173000 21373.685547 21779.042969
349 1.176000 21373.685547 21779.042969
350 1.179000 21373.685547 21777.960938
351 1.183000 21373.685547 21777.960938
352 1.186000 21373.685547 21776.445313
353 1.189000 21373.685547 21776.445313
354 1.192000 21373.685547 21776.445313
355 1.195000 21373.685547 21776.351563
356 1.198000 21373.685547 21776.351563
357 1.202000 21373.685547 21775.732422
358 1.205000 21373.685547 21775.732422
359 1.208000 21373.685547 21775.732422
360 1.212000 21373.685547 21761.443359
361 1.215000 21373.685547 21761.443359
362 1.218000 21373.685547 21761.044922
363 1.222000 21373.685547 21760.921875
364 1.224000 21373.685547 21760.921875
365 1.227000 21373.685547 21759.205078
366 1.231000 21373.685547 21758.832031
367 1.233000 21373.685547 21758.832031
368 1.236000 21373.685547 21756.216797
369 1.240000 21373.685547 21753.275391
370 1.243000 21373.685547 21749.787109
371 1.246000 21373.685547 21749.787109
372 1.249000 21373.685547 21749.787109
373 1.252000 21373.685547 21747.992188
374 1.255000 21373.685547 21747.921875
375 1.258000 21373.685547 21747.921875
376 1.262000 21373.685547 21747.921875
377 1.265000 21373.685547 21746.984375
378 1.268000 21373.685547 21745.189453
379 1.271000 21373.685547 21737.322266
380 1.274000 21373.685547 21736.759766
381 1.278000 21373.685547 21736.087891
382 1.281000 21373.685547 21736.087891
383 1.284000 21373.685547 21730.792969
384 1.287000 21373.685547 21730.792969
385 1.290000 21373.685547 21730.134766
386 1.294000 21373.685547 21729.742188
387 1.297000 21373.685547 21729.742188
388 1.300000 21373.685547 21729.742188
389 1.303000 21373.685547 21729.742188
390 1.306000 21373.685547 21729.742188
391 1.310000 21373.685547 21729.742188
392 1.313000 21373.685547 21729.742188
393 1.316000 21373.685547 21729.464844
394 1.319000 21373.685547 21729.464844
395 1.322000 21373.685547 21729.464844
396 1.326000 21373.685547 21729.464844
397 1.329000 21373.685547 21729.464844
398 1.332000 21373.685547 21729.464844
399 1.336000 21373.685547 21729.464844
400 1.340000 21373.685547 21729.464844
401 1.342000 21373.685547 21729.464844
402 1.346000 21373.685547 21720.787109
403 1.349000 21373.685547 21720.787109
404 1.352000 21373.685547 21720.787109
405 1.355000 21373.685547 21720.787109
406 1.359000 21373.685547 21720.787109
407 1.362000 21373.685547 21720.787109
408 1.365000 21373.685547 21720.787109
409 1.368000 21373.685547 21719.992188
410 1.372000 21373.685547 21719.644531
411 1.375000 21373.685547 21719.644531
412 1.378000 21373.685547 21715.425781
413 1.382000 21373.685547 21715.425781
414 1.384000 21373.685547 21715.355469
415 1.389000 21373.685547 21714.914063
416 1.392000 21373.685547 21714.914063
417 1.395000 21373.685547 21714.662109
418 1.398000 21373.685547 21714.662109
419 1.400000 21373.685547 21714.662109
420 1.405000 21373.685547 21714.662109
421 1.408000 21373.685547 21713.150391
422 1.411000 21373.677734 21713.150391
423 1.414000 21373.677734 21713.150391
424 1.417000 21373.677734 21713.150391
425 1.421000 21373.677734 21713.150391
426 1.425000 21373.677734 21712.710938
427 1.428000 21373.677734 21712.710938
428 1.431000 21373.677734 21712.535156
429 1.434000 21373.677734 21703.591797
430 1.438000 21373.677734 21703.591797
431 1.440000 21373.677734 21703.591797
432 1.443000 21373.677734 21702.892578
433 1.446000 21373.677734 21701.296875
434 1.450000 21373.677734 21699.755859
435 1.453000 21373.677734 21699.755859
436 1.457000 21373.677734 21699.755859
437 1.460000 21373.677734 21693.794922
438 1.463000 21373.677734 21688.023438
439 1.467000 21373.677734 21686.955078
440 1.470000 21373.677734 21686.955078
441 1.473000 21373.677734 21679.988281
442 1.477000 21373.677734 21675.251953
443 1.480000 21373.677734 21667.443359
444 1.485000 21373.677734 21667.443359
445 1.489000 21373.677734 21667.443359
446 1.492000 21373.677734 21666.710938
447 1.495000 21373.677734 21666.005859
448 1.498000 21373.677734 21664.314453
449 1.502000 21373.677734 21663.654297
450 1.505000 21373.677734 21655.552734
451 1.508000 21373.677734 21655.550781
452 1.512000 21373.677734 21655.550781
453 1.517000 21373.677734 21655.550781
454 1.520000 21373.677734 21654.722656
455 1.524000 21373.677734 21654.630859
456 1.527000 21373.677734 21654.392578
457 1.530000 21373.677734 21654.392578
458 1.533000 21373.677734 21654.392578
459 1.536000 21373.677734 21654.337891
460 1.539000 21373.677734 21649.042969
461 1.542000 21373.677734 21648.589844
462 1.545000 21373.677734 21648.589844
463 1.549000 21373.677734 21647.744141
464 1.552000 21373.677734 21647.345703
465 1.555000 21373.677734 21647.345703
466 1.558000 21373.677734 21647.345703
467 1.561000 21373.677734 21647.345703
468 1.564000 21373.677734 21647.197266
469 1.568000 21373.677734 21647.197266
470 1.571000 21373.677734 21647.197266
471 1.574000 21373.677734 21647.197266
472 1.579000 21373.677734 21647.197266
473 1.582000 21373.677734 21647.197266
474 1.586000 21373.677734 21647.197266
475 1.589000 21373.677734 21645.828125
476 1.592000 21373.677734 21645.828125
477 1.596000 21373.677734 21645.681641
478 1.599000 21373.677734 21645.681641
479 1.601000 21373.677734 21645.681641
480 1.605000 21373.677734 21643.867188
481 1.609000 21373.677734 21643.107422
482 1.612000 21373.677734 21643.107422
483 1.615000 21373.677734 21642.335938
484 1.619000 21373.677734 21642.335938
485 1.622000 21373.677734 21641.818359
486 1.625000 21373.677734 21641.060547
487 1.628000 21373.677734 21641.060547
488 1.632000 21373.677734 21639.544922
489 1.635000 21373.677734 21639.544922
490 1.639000 21373.677734 21634.664063
491 1.642000 21373.677734 21629.955078
492 1.645000 21373.677734 21629.955078
493 1.648000 21373.677734 21629.955078
494 1.652000 21373.677734 21629.955078
495 1.654000 21373.677734 21629.955078
496 1.658000 21373.677734 21629.955078
497 1.661000 21373.677734 21629.279297
498 1.664000 21373.677734 21627.630859
499 1.667000 21373.677734 21627.630859
500 1.672000 21373.677734 21627.630859
501 1.676000 21373.677734 21623.814453
502 1.679000 21373.677734 21623.812500
503 1.683000 21373.677734 21623.812500
504 1.687000 21373.677734 21622.324219
505 1.690000 21373.677734 21622.324219
506 1.693000 21373.677734 21621.359375
507 1.697000 21373.677734 21620.925781
508 1.700000 21373.677734 21620.925781
509 1.703000 21373.677734 21620.328125
510 1.707000 21373.677734 21620.328125
511 1.710000 21373.677734 21620.328125
512 1.713000 21373.677734 21620.328125
513 1.719000 21373.677734 21620.328125
514 1.722000 21373.677734 21620.328125
515 1.725000 21373.677734 21620.328125
516 1.729000 21373.677734 21615.447266
517 1.732000 21373.677734 21615.447266
518 1.736000 21373.677734 21613.623047
519 1.740000 21373.677734 21613.623047
520 1.742000 21373.677734 21613.623047
521 1.745000 21373.677734 21613.623047
522 1.749000 21373.677734 21613.623047
523 1.752000 21373.677734 21613.623047
524 1.755000 21373.677734 21613.552734
525 1.759000 21373.677734 21612.625000
526 1.762000 21373.677734 21612.625000
527 1.766000 21373.677734 21612.625000
528 1.769000 21373.677734 21612.625000
529 1.772000 21373.677734 21609.404297
530 1.776000 21373.677734 21609.404297
531 1.778000 21373.677734 21609.404297
532 1.783000 21373.677734 21609.404297
533 1.786000 21373.677734 21609.404297
534 1.789000 21373.677734 21609.404297
535 1.792000 21373.677734 21609.404297
536 1.796000 21373.677734 21609.404297
537 1.799000 21373.677734 21609.404297
538 1.802000 21373.677734 21609.404297
539 1.805000 21373.677734 21606.904297
540 1.809000 21373.677734 21606.527344
541 1.812000 21373.677734 21606.527344
542 1.815000 21373.677734 21606.527344
543 1.819000 21373.677734 21605.537109
544 1.822000 21373.677734 21605.537109
545 1.826000 21373.677734 21605.537109
546 1.829000 21373.677734 21605.283203
547 1.833000 21373.677734 21605.283203
548 1.836000 21373.677734 21605.283203
549 1.840000 21373.677734 21600.402344
550 1.845000 21373.677734 21600.402344
551 1.849000 21373.677734 21600.402344
552 1.851000 21373.677734 21600.402344
553 1.855000 21373.677734 21597.953125
554 1.858000 21373.677734 21597.953125
555 1.862000 21373.677734 21597.837891
556 1.866000 21373.677734 21597.837891
557 1.869000 21373.677734 21597.837891
558 1.871000 21373.677734 21597.837891
559 1.875000 21373.677734 21595.498047
560 1.878000 21373.677734 21594.703125
561 1.881000 21373.677734 21594.703125
562 1.885000 21373.677734 21593.785156
563 1.889000 21373.677734 21593.785156
564 1.892000 21373.677734 21593.785156
565 1.896000 21373.677734 21593.599609
566 1.899000 21373.677734 21593.597656
567 1.902000 21373.677734 21593.597656
568 1.906000 21373.677734 21593.597656
569 1.910000 21373.677734 21593.597656
570 1.913000 21373.677734 21593.597656
571 1.916000 21373.677734 21593.402344
572 1.919000 21373.677734 21593.402344
573 1.923000 21373.677734 21593.402344
574 1.927000 21373.677734 21588.062500
575 1.931000 21373.677734 21588.062500
576 1.934000 21373.677734 21587.865234
577 1.938000 21373.677734 21587.865234
578 1.941000 21373.677734 21587.865234
579 1.944000 21373.677734 21587.865234
580 1.948000 21373.677734 21587.865234
581 1.951000 21373.677734 21583.892578
582 1.954000 21373.677734 21583.892578
583 1.957000 21373.677734 21582.144531
584 1.960000 21373.677734 21581.767578
585 1.963000 21373.677734 21581.767578
586 1.967000 21373.677734 21580.945313
587 1.970000 21373.673828 21580.945313
588 1.975000 21373.673828 21580.945313
589 1.978000 21373.673828 21575.810547
590 1.981000 21373.673828 21575.212891
591 1.985000 21373.673828 21574.109375
592 1.988000 21373.673828 21573.912109
593 1.990000 21373.673828 21573.912109
594 1.993000 21373.673828 21573.912109
595 1.997000 21373.673828 21569.980469
596 2.000000 21373.673828 21569.783203
597 2.003000 21373.673828 21569.783203
598 2.006000 21373.673828 21568.800781
599 2.009000 21373.673828 21568.130859
600 2.012000 21373.673828 21566.595703
601 2.015000 21373.673828 21565.800781
602 2.019000 21373.673828 21565.800781
603 2.022000 21373.673828 21564.105469
604 2.026000 21373.673828 21562.339844
605 2.030000 21373.673828 21562.339844
606 2.033000 21373.673828 21561.660156
607 2.036000 21373.673828 21559.009766
608 2.039000 21373.673828 21559.009766
609 2.043000 21373.673828 21559.009766
610 2.047000 21373.673828 21559.009766
611 2.050000 21373.673828 21558.919922
612 2.053000 21373.673828 21558.039063
613 2.057000 21373.673828 21558.039063
614 2.061000 21373.673828 21558.039063
615 2.065000 21373.673828 21557.699219
616 2.068000 21373.673828 21557.699219
617 2.072000 21373.673828 21553.373047
618 2.075000 21373.673828 21553.373047
619 2.078000 21373.673828 21553.373047
620 2.081000 21373.673828 21551.806641
621 2.085000 21373.673828 21551.806641
622 2.088000 21373.673828 21551.806641
623 2.092000 21373.673828 21551.599609
624 2.095000 21373.673828 21547.867188
625 2.099000 21373.673828 21547.867188
626 2.102000 21373.673828 21546.898438
627 2.105000 21373.673828 21546.625000
628 2.109000 21373.673828 21546.625000
629 2.112000 21373.673828 21546.625000
630 2.115000 21373.673828 21545.462891
631 2.118000 21373.673828 21545.462891
632 2.121000 21373.673828 21545.462891
633 2.124000 21373.673828 21545.462891
634 2.128000 21373.673828 21545.462891
635 2.131000 21373.673828 21545.257813
636 2.134000 21373.673828 21542.607422
637 2.137000 21373.673828 21537.472656
638 2.140000 21373.673828 21537.472656
639 2.143000 21373.673828 21537.472656
640 2.146000 21373.673828 21537.472656
641 2.149000 21373.673828 21533.662109
642 2.152000 21373.673828 21533.662109
643 2.156000 21373.673828 21533.662109
644 2.159000 21373.673828 21533.662109
645 2.162000 21373.673828 21531.898438
646 2.165000 21373.673828 21528.632813
647 2.169000 21373.673828 21528.632813
648 2.172000 21373.673828 21524.671875
649 2.175000 21373.673828 21521.027344
650 2.178000 21373.673828 21521.027344
651 2.181000 21373.673828 21520.359375
652 2.185000 21373.673828 21520.359375
653 2.188000 21373.673828 21520.359375
654 2.192000 21373.673828 21518.509766
655 2.195000 21373.673828 21516.962891
656 2.198000 21373.673828 21516.962891
657 2.202000 21373.673828 21516.167969
658 2.206000 21373.673828 21516.167969
659 2.209000 21373.673828 21516.167969
660 2.211000 21373.673828 21515.962891
661 2.215000 21373.673828 21513.910156
662 2.219000 21373.673828 21513.115234
663 2.221000 21373.673828 21513.115234
664 2.225000 21373.673828 21513.115234
665 2.228000 21373.673828 21513.115234
666 2.231000 21373.673828 21512.242188
667 2.234000 21373.673828 21512.242188
668 2.238000 21373.673828 21512.242188
669 2.241000 21373.673828 21511.972656
670 2.244000 21373.673828 21511.972656
671 2.248000 21373.673828 21511.972656
672 2.251000 21373.673828 21511.972656
673 2.254000 21373.673828 21511.177734
674 2.257000 21373.673828 21511.177734
675 2.261000 21373.673828 21509.216797
676 2.265000 21373.673828 21509.216797
677 2.269000 21373.673828 21508.421875
678 2.272000 21373.673828 21508.421875
679 2.275000 21373.673828 21508.421875
680 2.278000 21373.673828 21508.332031
681 2.281000 21373.673828 21508.332031
682 2.284000 21373.673828 21505.679688
683 2.287000 21373.673828 21505.679688
684 2.291000 21373.673828 21505.679688
685 2.294000 21373.673828 21504.785156
686 2.297000 21373.673828 21503.720703
687 2.300000 21373.673828 21501.375000
688 2.303000 21373.673828 21501.375000
689 2.307000 21373.673828 21500.488281
690 2.310000 21373.673828 21500.488281
691 2.314000 21373.673828 21500.488281
692 2.317000 21373.673828 21500.273438
693 2.320000 21373.673828 21499.476563
694 2.323000 21373.673828 21499.476563
695 2.327000 21373.673828 21499.476563
696 2.331000 21373.673828 21496.626953
697 2.334000 21373.673828 21496.626953
698 2.337000 21373.673828 21496.626953
699 2.340000 21373.673828 21495.750000
700 2.345000 21373.673828 21495.750000
701 2.348000 21373.673828 21495.750000
702 2.351000 21373.673828 21495.750000
703 2.354000 21373.673828 21494.955078
704 2.359000 21373.673828 21494.160156
705 2.362000 21373.673828 21494.160156
706 2.365000 21373.673828 21494.160156
707 2.368000 21373.673828 21493.365234
708 2.371000 21373.673828 21492.570313
709 2.375000 21373.673828 21492.570313
710 2.378000 21373.673828 21492.570313
711 2.381000 21373.673828 21491.681641
712 2.385000 21373.673828 21489.720703
713 2.388000 21373.673828 21489.720703
714 2.392000 21373.673828 21489.720703
715 2.395000 21373.673828 21489.720703
716 2.398000 21373.673828 21488.925781
717 2.401000 21373.673828 21488.925781
718 2.404000 21373.673828 21488.925781
719 2.407000 21373.673828 21488.835938
720 2.411000 21373.673828 21488.835938
721 2.414000 21373.673828 21488.835938
722 2.417000 21373.673828 21488.835938
723 2.420000 21373.673828 21488.835938
724 2.424000 21373.673828 21488.835938
725 2.428000 21373.673828 21487.955078
726 2.431000 21373.673828 21487.955078
727 2.434000 21373.673828 21487.070313
728 2.438000 21373.673828 21487.070313
729 2.442000 21373.673828 21486.181641
730 2.445000 21373.673828 21486.005859
731 2.448000 21373.673828 21486.005859
732 2.451000 21373.673828 21486.005859
733 2.455000 21373.673828 21486.005859
734 2.458000 21373.673828 21486.005859
735 2.461000 21373.673828 21486.005859
736 2.464000 21373.673828 21486.005859
737 2.467000 21373.673828 21486.005859
738 2.471000 21373.673828 21486.005859
739 2.475000 21373.673828 21485.117188
740 2.478000 21373.673828 21483.351563
741 2.481000 21373.673828 21483.351563
742 2.485000 21373.673828 21483.351563
743 2.489000 21373.673828 21483.351563
744 2.492000 21373.673828 21483.351563
745 2.495000 21373.673828 21483.351563
746 2.498000 21373.673828 21483.351563
747 2.501000 21373.673828 21483.351563
748 2.505000 21373.673828 21483.351563
749 2.508000 21373.673828 21483.351563
750 2.512000 21373.673828 21482.464844
751 2.515000 21373.673828 21482.464844
752 2.518000 21373.673828 21482.464844
753 2.521000 21373.673828 21479.814453
754 2.525000 21373.673828 21479.814453
755 2.528000 21373.673828 21479.814453
756 2.531000 21373.673828 21479.814453
757 2.534000 21373.673828 21479.814453
758 2.538000 21373.673828 21479.814453
759 2.541000 21373.673828 21479.814453
760 2.544000 21373.673828 21479.814453
761 2.548000 21373.673828 21479.814453
762 2.551000 21373.673828 21479.564453
763 2.554000 21373.673828 21479.564453
764 2.557000 21373.673828 21479.564453
765 2.560000 21373.673828 21479.564453
766 2.565000 21373.673828 21479.564453
767 2.569000 21373.673828 21479.564453
768 2.572000 21373.673828 21478.679688
769 2.575000 21373.673828 21478.679688
770 2.578000 21373.673828 21477.162109
771 2.582000 21373.673828 21477.162109
772 2.584000 21373.673828 21473.632813
773 2.588000 21373.673828 21473.632813
774 2.591000 21373.673828 21473.464844
775 2.594000 21373.673828 21473.464844
776 2.597000 21373.673828 21473.464844
777 2.600000 21373.673828 21471.699219
778 2.604000 21373.673828 21471.445313
779 2.607000 21373.673828 21471.445313
780 2.610000 21373.673828 21471.445313
781 2.614000 21373.673828 21471.445313
782 2.617000 21373.673828 21471.445313
783 2.620000 21373.673828 21469.679688
784 2.623000 21373.673828 21469.679688
785 2.626000 21373.673828 21469.679688
786 2.630000 21373.673828 21467.914063
787 2.633000 21373.673828 21467.914063
788 2.636000 21373.673828 21467.914063
789 2.639000 21373.673828 21466.056641
790 2.643000 21373.673828 21466.056641
791 2.646000 21373.673828 21466.056641
792 2.650000 21373.673828 21466.056641
793 2.654000 21373.673828 21464.292969
794 2.657000 21373.673828 21464.292969
795 2.661000 21373.673828 21464.292969
796 2.664000 21373.673828 21464.292969
797 2.667000 21373.673828 21462.869141
798 2.670000 21373.673828 21462.869141
799 2.673000 21373.673828 21462.869141
800 2.677000 21373.673828 21462.869141
801 2.680000 21373.673828 21462.869141
802 2.683000 21373.673828 21461.105469
803 2.686000 21373.673828 21461.105469
804 2.690000 21373.673828 21461.105469
805 2.693000 21373.673828 21461.105469
806 2.697000 21373.673828 21459.339844
807 2.700000 21373.673828 21459.339844
808 2.703000 21373.673828 21459.085938
809 2.706000 21373.673828 21457.320313
810 2.710000 21373.673828 21457.320313
811 2.713000 21373.673828 21457.320313
812 2.717000 21373.673828 21457.320313
813 2.721000 21373.673828 21457.320313
814 2.724000 21373.673828 21457.320313
815 2.727000 21373.673828 21457.320313
816 2.730000 21373.673828 21457.320313
817 2.733000 21373.673828 21457.226563
818 2.737000 21373.673828 21457.226563
819 2.740000 21373.673828 21457.226563
820 2.743000 21373.673828 21457.226563
821 2.747000 21373.673828 21457.226563
822 2.750000 21373.673828 21457.226563
823 2.753000 21373.673828 21457.226563
824 2.756000 21373.673828 21455.464844
825 2.759000 21373.673828 21455.464844
826 2.762000 21373.673828 21455.464844
827 2.766000 21373.673828 21453.703125
828 2.769000 21373.673828 21453.703125
829 2.772000 21373.673828 21453.703125
830 2.775000 21373.673828 21453.703125
831 2.778000 21373.673828 21453.703125
832 2.782000 21373.673828 21453.445313
833 2.786000 21373.673828 21453.445313
834 2.789000 21373.673828 21453.445313
835 2.792000 21373.673828 21453.445313
836 2.795000 21373.673828 21453.445313
837 2.799000 21373.673828 21453.445313
838 2.802000 21373.673828 21453.267578
839 2.805000 21373.673828 21453.267578
840 2.809000 21373.673828 21453.267578
841 2.812000 21373.673828 21453.267578
842 2.816000 21373.673828 21453.267578
843 2.819000 21373.673828 21453.267578
844 2.822000 21373.673828 21453.267578
845 2.825000 21373.673828 21453.267578
846 2.828000 21373.673828 21453.267578
847 2.833000 21373.673828 21453.267578
848 2.836000 21373.673828 21452.115234
849 2.839000 21373.673828 21452.115234
850 2.843000 21373.673828 21452.115234
851 2.846000 21373.673828 21452.115234
852 2.850000 21373.673828 21452.115234
853 2.853000 21373.673828 21452.115234
854 2.856000 21373.673828 21452.115234
855 2.860000 21373.673828 21452.115234
856 2.864000 21373.673828 21452.115234
857 2.867000 21373.673828 21452.115234
858 2.871000 21373.673828 21452.115234
859 2.874000 21373.673828 21452.115234
860 2.878000 21373.673828 21452.115234
861 2.880000 21373.673828 21452.115234
862 2.884000 21373.673828 21452.115234
863 2.887000 21373.673828 21452.115234
864 2.890000 21373.673828 21452.115234
865 2.895000 21373.673828 21452.115234
866 2.898000 21373.673828 21452.115234
867 2.901000 21373.673828 21452.115234
868 2.904000 21373.673828 21452.115234
869 2.908000 21373.673828 21452.115234
870 2.912000 21373.673828 21452.115234
871 2.915000 21373.673828 21452.115234
872 2.918000 21373.673828 21452.115234
873 2.921000 21373.673828 21452.115234
874 2.925000 21373.673828 21452.115234
875 2.928000 21373.673828 21452.115234
876 2.931000 21373.673828 21452.115234
877 2.935000 21373.673828 21452.115234
878 2.939000 21373.673828 21452.115234
879 2.943000 21373.673828 21452.115234
880 2.946000 21373.673828 21452.115234
881 2.949000 21373.673828 21452.115234
882 2.952000 21373.673828 21452.115234
883 2.955000 21373.673828 21452.115234
884 2.958000 21373.673828 21452.115234
885 2.962000 21373.673828 21452.115234
886 2.965000 21373.673828 21450.962891
887 2.968000 21373.673828 21450.962891
888 2.972000 21373.673828 21450.962891
889 2.975000 21373.673828 21450.962891
890 2.979000 21373.673828 21450.962891
891 2.981000 21373.673828 21450.962891
892 2.985000 21373.673828 21450.962891
893 2.989000 21373.673828 21450.962891
894 2.992000 21373.673828 21450.962891
895 2.995000 21373.673828 21450.962891
896 2.998000 21373.673828 21450.962891
897 3.001000 21373.673828 21450.962891
898 3.006000 21373.673828 21450.962891
899 3.009000 21373.673828 21450.962891
900 3.012000 21373.673828 21450.962891
901 3.015000 21373.673828 21450.962891
902 3.019000 21373.673828 21450.962891
903 3.022000 21373.673828 21450.962891
904 3.025000 21373.673828 21450.962891
905 3.028000 21373.673828 21450.962891
906 3.032000 21373.673828 21450.962891
907 3.037000 21373.673828 21450.962891
908 3.040000 21373.673828 21450.962891
909 3.042000 21373.673828 21450.962891
910 3.045000 21373.673828 21450.962891
911 3.048000 21373.673828 21450.962891
912 3.051000 21373.673828 21450.884766
913 3.054000 21373.673828 21450.884766
914 3.057000 21373.673828 21450.884766
915 3.060000 21373.673828 21450.884766
916 3.063000 21373.673828 21450.884766
917 3.067000 21373.673828 21450.810547
918 3.070000 21373.673828 21450.810547
919 3.074000 21373.673828 21450.810547
920 3.077000 21373.673828 21450.810547
921 3.080000 21373.673828 21450.810547
922 3.084000 21373.673828 21450.810547
923 3.086000 21373.673828 21450.537109
924 3.089000 21373.673828 21449.386719
925 3.093000 21373.673828 21449.386719
926 3.098000 21373.673828 21449.386719
927 3.101000 21373.673828 21449.386719
928 3.105000 21373.673828 21449.386719
929 3.107000 21373.673828 21449.386719
930 3.110000 21373.673828 21449.386719
931 3.114000 21373.673828 21449.386719
932 3.117000 21373.673828 21449.386719
933 3.120000 21373.673828 21449.294922
934 3.123000 21373.673828 21449.039063
935 3.126000 21373.673828 21448.693359
936 3.129000 21373.673828 21448.693359
937 3.133000 21373.673828 21448.693359
938 3.136000 21373.673828 21448.693359
939 3.140000 21373.673828 21448.693359
940 3.145000 21373.673828 21448.693359
941 3.148000 21373.673828 21448.693359
942 3.151000 21373.673828 21448.693359
943 3.154000 21373.673828 21448.693359
944 3.157000 21373.673828 21448.693359
945 3.160000 21373.673828 21448.435547
946 3.163000 21373.673828 21448.435547
947 3.167000 21373.673828 21448.435547
948 3.169000 21373.673828 21448.435547
949 3.172000 21373.673828 21448.435547
950 3.175000 21356.587891 21448.164063
951 3.179000 21356.587891 21447.822266
952 3.182000 21356.587891 21447.822266
953 3.184000 21356.587891 21447.822266
954 3.188000 21356.587891 21447.822266
955 3.191000 21356.587891 21447.810547
956 3.194000 21356.587891 21447.810547
957 3.197000 21356.587891 21447.810547
958 3.200000 21356.587891 21447.810547
959 3.204000 21356.587891 21447.810547
960 3.206000 21356.587891 21447.810547
961 3.210000 21356.587891 21447.810547
962 3.213000 21356.587891 21447.810547
963 3.216000 21356.587891 21447.810547
964 3.220000 21356.587891 21447.810547
965 3.223000 21356.587891 21447.810547
966 3.226000 21356.587891 21447.537109
967 3.229000 21356.587891 21447.537109
968 3.232000 21356.587891 21447.537109
969 3.235000 21356.587891 21447.537109
970 3.238000 21356.587891 21447.537109
971 3.242000 21356.587891 21447.537109
972 3.245000 21356.587891 21447.537109
973 3.248000 21356.587891 21447.537109
974 3.251000 21356.587891 21447.537109
975 3.255000 21356.587891 21447.537109
976 3.258000 21356.587891 21447.537109
977 3.260000 21356.587891 21447.537109
978 3.263000 21356.587891 21447.537109
979 3.267000 21356.587891 21446.384766
980 3.271000 21356.587891 21446.384766
981 3.274000 21356.587891 21446.384766
982 3.277000 21356.587891 21446.384766
983 3.280000 21356.587891 21446.384766
984 3.284000 21356.587891 21446.384766
985 3.287000 21356.587891 21446.384766
986 3.291000 21356.587891 21446.044922
987 3.293000 21356.587891 21446.044922
988 3.297000 21356.587891 21445.953125
989 3.301000 21356.587891 21445.953125
990 3.304000 21356.587891 21445.953125
991 3.308000 21356.587891 21445.953125
992 3.311000 21356.587891 21445.953125
993 3.314000 21356.587891 21445.953125
994 3.318000 21356.587891 21445.953125
995 3.322000 21356.587891 21445.953125
996 3.325000 21356.587891 21445.953125
997 3.328000 21356.587891 21445.697266
998 3.331000 21356.587891 21445.697266
999 3.334000 21356.587891 21445.697266
1000 3.337000 21356.587891 21445.697266
1001 3.340000 21356.587891 21445.697266
1002 3.344000 21356.587891 21445.697266
1003 3.347000 21356.587891 21445.697266
1004 3.350000 21356.587891 21445.697266
1005 3.353000 21356.587891 21445.697266
1006 3.356000 21356.587891 21445.697266
1007 3.359000 21356.587891 21445.697266
1008 3.362000 21356.587891 21445.697266
1009 3.366000 21356.587891 21445.697266
1010 3.369000 21356.587891 21445.697266
1011 3.373000 21356.587891 21445.439453
1012 3.375000 21356.587891 21445.439453
1013 3.380000 21356.587891 21445.439453
1014 3.384000 21356.587891 21445.185547
1015 3.388000 21356.587891 21445.185547
1016 3.391000 21356.587891 21445.185547
1017 3.394000 21356.587891 21445.185547
1018 3.397000 21356.587891 21445.185547
1019 3.401000 21356.587891 21445.185547
1020 3.404000 21356.587891 21445.185547
1021 3.407000 21356.587891 21445.185547
1022 3.410000 21356.587891 21445.185547
1023 3.413000 21356.587891 21445.185547
1024 3.417000 21356.587891 21445.185547
1025 3.420000 21356.587891 21445.185547
1026 3.424000 21356.587891 21445.185547
1027 3.427000 21356.587891 21444.837891
1028 3.430000 21356.587891 21444.837891
1029 3.433000 21356.587891 21444.837891
1030 3.436000 21356.587891 21444.837891
1031 3.440000 21356.587891 21444.837891
1032 3.443000 21356.587891 21444.837891
1033 3.447000 21356.587891 21444.837891
1034 3.450000 21356.587891 21444.837891
1035 3.453000 21356.587891 21444.837891
1036 3.457000 21356.587891 21444.837891
1037 3.460000 21356.587891 21444.837891
1038 3.464000 21356.587891 21444.568359
1039 3.467000 21356.587891 21444.568359
1040 3.470000 21356.587891 21444.490234
1041 3.473000 21356.587891 21444.417969
1042 3.476000 21356.587891 21444.417969
1043 3.479000 21356.587891 21444.417969
1044 3.482000 21356.587891 21443.722656
1045 3.485000 21356.587891 21443.722656
1046 3.489000 21356.587891 21443.376953
1047 3.492000 21356.587891 21443.376953
1048 3.495000 21356.587891 21443.376953
1049 3.498000 21356.587891 21443.029297
1050 3.502000 21356.587891 21443.029297
1051 3.505000 21356.587891 21443.029297
1052 3.509000 21356.587891 21443.029297
1053 3.512000 21356.587891 21443.029297
1054 3.515000 21356.587891 21443.029297
1055 3.518000 21356.587891 21443.029297
1056 3.521000 21356.587891 21443.029297
1057 3.524000 21356.587891 21443.029297
1058 3.527000 21356.587891 21442.681641
1059 3.530000 21356.587891 21442.681641
1060 3.534000 21356.587891 21442.681641
1061 3.538000 21356.587891 21442.681641
1062 3.541000 21356.587891 21442.681641
1063 3.544000 21356.587891 21442.681641
1064 3.547000 21356.587891 21442.681641
1065 3.550000 21356.587891 21442.681641
1066 3.553000 21356.587891 21442.681641
1067 3.556000 21356.587891 21442.681641
1068 3.559000 21356.587891 21442.681641
1069 3.564000 21356.587891 21442.681641
1070 3.566000 21356.587891 21442.681641
1071 3.571000 21356.587891 21442.681641
1072 3.574000 21356.587891 21442.681641
1073 3.577000 21356.587891 21442.681641
1074 3.580000 21356.587891 21442.681641
1075 3.584000 21356.587891 21442.681641
1076 3.587000 21356.587891 21442.335938
1077 3.590000 21356.587891 21442.335938
1078 3.594000 21356.587891 21442.335938
1079 3.597000 21356.587891 21441.716797
1080 3.601000 21356.587891 21441.716797
1081 3.604000 21356.587891 21441.447266
1082 3.607000 21356.587891 21441.447266
1083 3.610000 21356.587891 21441.447266
1084 3.613000 21356.587891 21441.447266
1085 3.617000 21356.587891 21441.447266
1086 3.620000 21356.587891 21441.177734
1087 3.623000 21356.587891 21441.177734
1088 3.626000 21356.587891 21441.177734
1089 3.629000 21356.587891 21441.177734
1090 3.633000 21356.587891 21441.177734
1091 3.637000 21356.587891 21441.177734
1092 3.640000 21356.587891 21441.177734
1093 3.643000 21356.587891 21441.177734
1094 3.647000 21356.587891 21441.177734
1095 3.649000 21356.587891 21441.177734
1096 3.652000 21356.587891 21441.177734
1097 3.655000 21356.587891 21441.177734
1098 3.658000 21356.587891 21441.099609
1099 3.662000 21356.587891 21441.099609
1100 3.665000 21356.587891 21441.099609
1101 3.668000 21356.587891 21441.099609
1102 3.671000 21356.587891 21441.099609
1103 3.674000 21356.587891 21441.099609
1104 3.677000 21356.587891 21441.099609
1105 3.681000 21356.587891 21441.099609
1106 3.684000 21356.587891 21441.099609
1107 3.686000 21356.587891 21441.099609
1108 3.690000 21356.587891 21441.099609
1109 3.693000 21356.587891 21441.099609
1110 3.697000 21356.587891 21441.099609
1111 3.700000 21356.587891 21441.099609
1112 3.703000 21356.587891 21441.099609
1113 3.706000 21356.587891 21441.099609
1114 3.710000 21356.587891 21441.097656
1115 3.714000 21356.587891 21441.097656
1116 3.717000 21356.587891 21440.757813
1117 3.720000 21356.587891 21440.757813
1118 3.723000 21356.587891 21440.757813
1119 3.726000 21356.587891 21440.757813
1120 3.729000 21356.587891 21440.757813
1121 3.733000 21356.587891 21440.757813
1122 3.736000 21356.587891 21440.757813
1123 3.739000 21356.587891 21440.757813
1124 3.742000 21356.587891 21440.757813
1125 3.745000 21356.587891 21440.757813
1126 3.748000 21356.587891 21440.757813
1127 3.751000 21356.587891 21440.757813
1128 3.755000 21356.587891 21440.755859
1129 3.758000 21356.587891 21440.755859
1130 3.761000 21356.587891 21440.755859
1131 3.764000 21356.587891 21440.755859
1132 3.768000 21356.587891 21440.414063
1133 3.771000 21356.587891 21440.414063
1134 3.774000 21356.587891 21440.414063
1135 3.777000 21356.587891 21440.414063
1136 3.780000 21356.587891 21440.414063
1137 3.783000 21356.587891 21440.414063
1138 3.786000 21356.587891 21440.414063
1139 3.790000 21356.587891 21440.414063
1140 3.793000 21356.587891 21440.337891
1141 3.796000 21356.587891 21440.337891
1142 3.799000 21356.587891 21440.337891
1143 3.803000 21356.587891 21439.990234
1144 3.806000 21356.587891 21439.990234
1145 3.809000 21356.585938 21439.990234
1146 3.812000 21356.585938 21439.988281
1147 3.816000 21356.585938 21439.988281
1148 3.819000 21356.585938 21439.988281
1149 3.822000 21356.585938 21439.988281
1150 3.826000 21356.585938 21439.988281
1151 3.829000 21356.585938 21439.988281
1152 3.832000 21356.585938 21439.988281
1153 3.835000 21356.585938 21439.988281
1154 3.839000 21356.585938 21439.988281
1155 3.842000 21356.585938 21439.988281
1156 3.846000 21356.585938 21439.988281
1157 3.849000 21356.585938 21439.648438
1158 3.852000 21356.585938 21439.300781
1159 3.855000 21356.585938 21439.300781
1160 3.858000 21356.585938 21439.300781
1161 3.861000 21356.585938 21439.300781
1162 3.864000 21356.585938 21439.300781
1163 3.867000 21356.585938 21439.300781
1164 3.870000 21356.585938 21438.953125
1165 3.874000 21356.585938 21438.953125
1166 3.877000 21356.585938 21438.953125
1167 3.881000 21356.585938 21438.953125
1168 3.883000 21356.585938 21438.953125
1169 3.886000 21356.585938 21438.953125
1170 3.889000 21356.585938 21438.605469
1171 3.893000 21356.585938 21438.257813
1172 3.896000 21356.585938 21438.257813
1173 3.899000 21356.585938 21438.257813
1174 3.903000 21356.585938 21438.257813
1175 3.905000 21356.585938 21438.257813
1176 3.909000 21356.585938 21437.914063
1177 3.912000 21356.585938 21437.914063
1178 3.915000 21356.585938 21437.642578
1179 3.918000 21356.585938 21435.537109
1180 3.922000 21356.585938 21435.537109
1181 3.925000 21356.585938 21435.537109
1182 3.928000 21356.585938 21435.537109
1183 3.931000 21356.585938 21435.537109
1184 3.934000 21356.585938 21435.267578
1185 3.937000 21356.585938 21435.267578
1186 3.941000 21356.585938 21435.267578
1187 3.944000 21356.585938 21435.267578
1188 3.947000 21356.585938 21435.267578
1189 3.951000 21356.585938 21435.267578
1190 3.954000 21356.585938 21435.267578
1191 3.957000 21356.585938 21435.267578
1192 3.961000 21356.585938 21434.998047
1193 3.964000 21356.585938 21433.232422
1194 3.969000 21356.585938 21433.232422
1195 3.972000 21356.585938 21433.232422
1196 3.975000 21356.585938 21431.466797
1197 3.977000 21356.585938 21431.042969
1198 3.981000 21356.585938 21431.042969
1199 3.984000 21356.585938 21431.042969
1200 3.987000 21356.585938 21430.964844
1201 3.990000 21356.585938 21430.964844
1202 3.994000 21356.585938 21430.964844
1203 3.997000 21356.585938 21430.964844
1204 4.000000 21356.585938 21430.964844
1205 4.003000 21356.585938 21429.203125
1206 4.006000 21356.585938 21429.203125
1207 4.009000 21356.585938 21429.203125
1208 4.013000 21356.585938 21429.203125
1209 4.016000 21356.585938 21429.203125
1210 4.019000 21356.585938 21429.203125
1211 4.022000 21356.585938 21429.203125
1212 4.026000 21356.585938 21429.203125
1213 4.031000 21356.585938 21428.855469
1214 4.034000 21356.585938 21427.089844
1215 4.037000 21356.585938 21427.089844
1216 4.040000 21356.585938 21427.089844
1217 4.043000 21356.585938 21423.560547
1218 4.046000 21356.585938 21423.560547
1219 4.051000 21356.585938 21423.560547
1220 4.054000 21356.585938 21423.560547
1221 4.056000 21356.585938 21423.560547
1222 4.061000 21356.585938 21423.212891
1223 4.064000 21356.585938 21423.212891
1224 4.067000 21356.585938 21423.212891
1225 4.070000 21356.585938 21423.212891
1226 4.074000 21356.585938 21423.212891
1227 4.077000 21356.585938 21423.212891
1228 4.080000 21356.585938 21423.212891
1229 4.083000 21356.585938 21423.212891
1230 4.087000 21356.585938 21419.685547
1231 4.090000 21356.585938 21419.685547
1232 4.093000 21356.585938 21419.685547
1233 4.096000 21356.585938 21419.685547
1234 4.100000 21356.585938 21419.685547
1235 4.102000 21356.585938 21419.685547
1236 4.105000 21356.585938 21419.685547
1237 4.108000 21356.585938 21419.685547
1238 4.112000 21356.585938 21419.685547
1239 4.115000 21356.585938 21419.685547
1240 4.118000 21356.585938 21419.685547
1241 4.122000 21356.585938 21417.919922
1242 4.125000 21356.585938 21415.806641
1243 4.128000 21356.585938 21414.042969
1244 4.132000 21356.585938 21413.695313
1245 4.135000 21356.585938 21413.695313
1246 4.138000 21356.585938 21413.695313
1247 4.141000 21356.585938 21413.695313
1248 4.145000 21356.585938 21413.695313
1249 4.148000 21356.585938 21413.695313
1250 4.151000 21356.585938 21413.695313
1251 4.154000 21356.585938 21413.695313
1252 4.157000 21356.585938 21413.347656
1253 4.161000 21356.585938 21413.347656
1254 4.164000 21356.585938 21413.347656
1255 4.167000 21356.585938 21413.347656
1256 4.170000 21356.585938 21413.347656
1257 4.173000 21356.585938 21413.347656
1258 4.177000 21356.585938 21413.000000
1259 4.179000 21356.585938 21413.000000
1260 4.183000 21356.585938 21413.000000
1261 4.186000 21356.585938 21411.238281
1262 4.190000 21356.585938 21411.238281
1263 4.193000 21356.585938 21407.707031
1264 4.196000 21356.585938 21405.943359
1265 4.200000 21356.585938 21405.943359
1266 4.204000 21356.585938 21405.943359
1267 4.207000 21356.585938 21405.943359
1268 4.211000 21356.585938 21405.943359
1269 4.214000 21356.585938 21405.943359
1270 4.218000 21356.585938 21405.943359
1271 4.221000 21356.585938 21404.177734
1272 4.224000 21356.585938 21404.177734
1273 4.227000 21356.585938 21404.177734
1274 4.230000 21356.585938 21404.177734
1275 4.233000 21356.585938 21404.177734
1276 4.237000 21356.585938 21404.177734
1277 4.240000 21356.585938 21403.908203
1278 4.243000 21356.585938 21403.908203
1279 4.247000 21356.585938 21403.908203
1280 4.250000 21356.585938 21403.908203
1281 4.253000 21356.585938 21403.908203
1282 4.256000 21356.585938 21403.908203
1283 4.260000 21356.585938 21403.830078
1284 4.263000 21356.585938 21403.830078
1285 4.266000 21356.585938 21403.830078
1286 4.271000 21356.585938 21403.830078
1287 4.274000 21356.585938 21403.482422
1288 4.277000 21356.585938 21403.482422
1289 4.280000 21356.585938 21403.482422
1290 4.284000 21356.585938 21403.482422
1291 4.288000 21356.585938 21403.482422
1292 4.290000 21356.585938 21403.482422
1293 4.293000 21356.585938 21401.716797
1294 4.296000 21356.585938 21399.953125
1295 4.300000 21356.585938 21399.953125
1296 4.303000 21356.585938 21399.953125
1297 4.307000 21356.585938 21399.953125
1298 4.310000 21356.585938 21399.953125
1299 4.313000 21356.585938 21399.953125
1300 4.315000 21356.585938 21399.953125
1301 4.318000 21356.585938 21399.953125
1302 4.322000 21356.585938 21399.953125
1303 4.325000 21356.585938 21399.953125
1304 4.328000 21356.585938 21399.953125
1305 4.331000 21356.585938 21399.953125
1306 4.335000 21356.585938 21399.953125
1307 4.338000 21356.585938 21399.953125
1308 4.341000 21356.585938 21398.187500
1309 4.344000 21356.585938 21398.187500
1310 4.347000 21356.585938 21398.187500
1311 4.350000 21356.585938 21397.839844
1312 4.353000 21356.585938 21397.839844
1313 4.357000 21356.585938 21397.839844
1314 4.360000 21356.585938 21397.839844
1315 4.363000 21356.585938 21397.839844
1316 4.367000 21356.585938 21397.839844
1317 4.370000 21356.585938 21397.839844
1318 4.373000 21356.585938 21397.839844
1319 4.377000 21356.585938 21396.074219
1320 4.380000 21356.585938 21396.074219
1321 4.384000 21356.585938 21394.312500
1322 4.387000 21356.585938 21394.312500
1323 4.390000 21356.585938 21394.312500
1324 4.393000 21356.585938 21394.312500
1325 4.397000 21356.585938 21394.310547
1326 4.401000 21356.585938 21394.310547
1327 4.404000 21356.585938 21394.310547
1328 4.407000 21356.585938 21394.310547
1329 4.410000 21356.585938 21394.310547
1330 4.414000 21356.585938 21394.310547
1331 4.416000 21356.585938 21394.310547
1332 4.420000 21356.585938 21394.310547
1333 4.424000 21356.585938 21394.310547
1334 4.427000 21356.585938 21390.779297
1335 4.431000 21356.585938 21390.779297
1336 4.434000 21356.585938 21389.015625
1337 4.438000 21356.585938 21389.015625
1338 4.441000 21356.585938 21389.015625
1339 4.444000 21356.585938 21389.015625
1340 4.447000 21356.585938 21389.015625
1341 4.450000 21356.585938 21389.015625
1342 4.453000 21356.585938 21387.250000
1343 4.456000 21356.585938 21387.250000
1344 4.460000 21356.585938 21387.250000
1345 4.463000 21356.585938 21387.250000
1346 4.466000 21356.585938 21387.250000
1347 4.469000 21356.585938 21387.250000
1348 4.472000 21356.585938 21387.250000
1349 4.476000 21356.585938 21387.250000
1350 4.479000 21356.585938 21387.250000
1351 4.482000 21356.585938 21387.250000
1352 4.486000 21356.585938 21387.250000
1353 4.489000 21356.585938 21387.250000
1354 4.492000 21356.585938 21387.250000
1355 4.496000 21356.585938 21387.250000
1356 4.500000 21356.585938 21385.484375
1357 4.503000 21356.585938 21385.484375
1358 4.506000 21356.585938 21385.484375
1359 4.510000 21356.585938 21385.484375
1360 4.513000 21356.585938 21383.720703
1361 4.517000 21356.585938 21383.720703
1362 4.520000 21356.585938 21383.720703
1363 4.523000 21356.585938 21383.720703
1364 4.526000 21356.585938 21383.720703
1365 4.529000 21356.585938 21383.720703
1366 4.532000 21356.585938 21381.955078
1367 4.536000 21356.585938 21381.955078
1368 4.539000 21356.585938 21381.955078
1369 4.541000 21356.585938 21381.955078
1370 4.544000 21356.585938 21380.189453
1371 4.548000 21356.585938 21380.189453
1372 4.551000 21356.585938 21380.189453
1373 4.554000 21356.585938 21380.189453
1374 4.557000 21356.585938 21378.425781
1375 4.561000 21356.585938 21378.425781
1376 4.565000 21356.585938 21378.425781
1377 4.568000 21356.585938 21378.425781
1378 4.571000 21356.585938 21378.425781
1379 4.575000 21356.585938 21378.425781
1380 4.578000 21356.585938 21378.425781
1381 4.583000 21356.585938 21376.662109
1382 4.586000 21356.585938 21376.662109
1383 4.590000 21356.585938 21376.660156
1384 4.592000 21356.585938 21376.660156
1385 4.596000 21356.585938 21376.660156
1386 4.598000 21356.585938 21376.660156
1387 4.601000 21356.585938 21376.660156
1388 4.604000 21356.585938 21376.660156
1389 4.607000 21356.585938 21374.894531
1390 4.610000 21356.585938 21374.894531
1391 4.615000 21356.585938 21373.130859
1392 4.618000 21356.585938 21373.130859
1393 4.622000 21356.585938 21373.130859
1394 4.624000 21356.585938 21373.130859
1395 4.627000 21356.585938 21373.130859
1396 4.631000 21356.585938 21371.365234
1397 4.634000 21356.585938 21369.251953
1398 4.637000 21356.585938 21369.251953
1399 4.640000 21356.585938 21367.140625
1400 4.644000 21356.585938 21367.140625
1401 4.647000 21356.585938 21367.140625
1402 4.650000 21356.585938 21367.140625
1403 4.654000 21356.585938 21367.140625
1404 4.657000 21356.585938 21367.140625
1405 4.661000 21356.585938 21367.140625
1406 4.665000 21356.585938 21367.140625
1407 4.668000 21356.585938 21367.140625
1408 4.671000 21356.585938 21367.140625
1409 4.675000 21356.585938 21367.140625
1410 4.677000 21356.585938 21367.140625
1411 4.680000 21356.585938 21367.140625
1412 4.683000 21356.585938 21367.140625
1413 4.687000 21356.585938 21367.140625
1414 4.690000 21356.585938 21367.140625
1415 4.693000 21356.585938 21367.140625
1416 4.697000 21356.585938 21362.917969
1417 4.701000 21356.585938 21362.917969
1418 4.704000 21356.585938 21362.917969
1419 4.707000 21356.585938 21362.917969
1420 4.711000 21356.585938 21362.914063
1421 4.714000 21356.585938 21362.914063
1422 4.717000 21356.585938 21360.802734
1423 4.720000 21356.585938 21360.802734
1424 4.723000 21356.585938 21358.689453
1425 4.726000 21356.585938 21358.689453
1426 4.730000 21356.585938 21358.689453
1427 4.732000 21356.585938 21358.689453
1428 4.736000 21356.585938 21358.689453
1429 4.739000 21356.585938 21358.689453
1430 4.742000 21356.585938 21356.578125
1431 4.746000 21356.585938 21356.578125
1432 4.749000 21356.585938 21356.578125
1433 4.752000 21356.585938 21356.578125
1434 4.755000 21356.585938 21356.578125
1435 4.759000 21356.585938 21356.578125
1436 4.762000 21356.585938 21356.578125
1437 4.765000 21356.585938 21356.578125
1438 4.768000 21356.585938 21356.578125
1439 4.773000 21356.585938 21356.578125
1440 4.776000 21356.585938 21356.578125
1441 4.780000 21356.585938 21356.578125
1442 4.783000 21356.585938 21356.578125
1443 4.786000 21356.585938 21356.578125
1444 4.789000 21356.585938 21356.578125
1445 4.792000 21356.585938 21356.578125
1446 4.795000 21356.585938 21356.578125
1447 4.799000 21356.585938 21356.578125
1448 4.802000 21356.585938 21356.578125
1449 4.805000 21356.585938 21356.578125
1450 4.809000 21356.585938 21356.578125
1451 4.812000 21356.585938 21356.578125
1452 4.815000 21356.585938 21356.578125
1453 4.818000 21356.585938 21356.578125
1454 4.822000 21356.585938 21356.578125
1455 4.825000 21356.585938 21356.578125
1456 4.829000 21356.585938 21356.578125
1457 4.832000 21356.585938 21356.578125
1458 4.835000 21356.585938 21356.578125
1459 4.838000 21356.585938 21356.578125
1460 4.842000 21356.585938 21356.578125
1461 4.845000 21356.585938 21356.578125
1462 4.848000 21356.585938 21356.578125
1463 4.851000 21356.585938 21356.578125
1464 4.854000 21356.585938 21356.578125
1465 4.857000 21356.585938 21356.578125
1466 4.861000 21356.585938 21356.578125
1467 4.864000 21356.585938 21356.578125
1468 4.867000 21356.585938 21356.578125
1469 4.870000 21356.585938 21356.578125
1470 4.874000 21356.585938 21356.578125
1471 4.877000 21356.585938 21356.578125
1472 4.880000 21356.585938 21356.578125
1473 4.886000 21356.585938 21356.578125
1474 4.889000 21356.585938 21356.578125
1475 4.892000 21356.585938 21356.578125
1476 4.896000 21356.585938 21356.578125
1477 4.898000 21356.585938 21356.578125
1478 4.902000 21356.585938 21356.578125
1479 4.905000 21356.585938 21356.578125
1480 4.909000 21356.585938 21356.578125
1481 4.911000 21356.585938 21356.578125
1482 4.914000 21356.585938 21356.578125
1483 4.918000 21356.585938 21356.578125
1484 4.921000 21356.585938 21356.578125
1485 4.924000 21356.585938 21356.578125
1486 4.927000 21356.585938 21356.578125
1487 4.931000 21356.585938 21356.578125
1488 4.934000 21356.585938 21356.578125
1489 4.937000 21356.585938 21356.578125
1490 4.940000 21356.585938 21356.578125
1491 4.944000 21356.585938 21356.578125
1492 4.947000 21356.585938 21356.578125
1493 4.951000 21356.585938 21356.578125
1494 4.954000 21356.585938 21356.578125
1495 4.957000 21356.585938 21356.578125
1496 4.960000 21356.585938 21356.578125
1497 4.967000 21356.585938 21356.578125
1498 4.970000 21356.585938 21356.578125
1499 4.973000 21356.585938 21356.578125
1500 4.976000 21356.585938 21356.578125
1501 4.979000 21356.585938 21356.578125
1502 4.982000 21356.585938 21356.578125
1503 4.985000 21356.585938 21356.578125
1504 4.989000 21356.585938 21356.578125
1505 4.992000 21356.585938 21356.578125
1506 4.996000 21356.585938 21356.578125
1507 4.999000 21356.585938 21356.578125
1508 5.003000 21356.585938 21356.578125
1509 5.006000 21356.585938 21356.578125
1510 5.010000 21356.585938 21356.578125
1511 5.013000 21356.585938 21356.578125
1512 5.016000 21356.585938 21356.578125
1513 5.019000 21356.585938 21356.578125
1514 5.021000 21356.585938 21356.578125
1515 5.025000 21356.585938 21356.578125
1516 5.028000 21356.585938 21356.578125
1517 5.032000 21356.585938 21356.578125
1518 5.035000 21356.585938 21356.578125
1519 5.038000 21356.585938 21356.578125
1520 5.043000 21356.585938 21356.578125
1521 5.046000 21356.585938 21356.578125
1522 5.050000 21356.585938 21356.578125
1523 5.053000 21356.585938 21356.578125
1524 5.056000 21356.585938 21356.578125
1525 5.059000 21356.585938 21356.578125
1526 5.062000 21356.585938 21356.578125
1527 5.066000 21356.585938 21356.578125
1528 5.069000 21356.585938 21356.578125
1529 5.074000 21356.585938 21356.578125
1530 5.077000 21356.585938 21356.578125
1531 5.080000 21356.585938 21356.578125
1532 5.083000 21356.585938 21356.578125
1533 5.086000 21356.585938 21356.578125
1534 5.090000 21356.585938 21356.578125
1535 5.093000 21356.585938 21356.578125
1536 5.097000 21356.585938 21356.578125
1537 5.099000 21356.585938 21356.578125
1538 5.103000 21356.585938 21356.578125
1539 5.107000 21356.585938 21356.578125
1540 5.110000 21356.585938 21356.578125
1541 5.113000 21356.585938 21356.578125
1542 5.116000 21356.585938 21356.578125
1543 5.120000 21356.585938 21356.578125
1544 5.123000 21356.585938 21356.578125
1545 5.126000 21356.585938 21356.578125
1546 5.129000 21356.585938 21356.578125
1547 5.132000 21356.585938 21356.578125
1548 5.136000 21356.585938 21356.578125
1549 5.139000 21356.585938 21356.578125
1550 5.142000 21356.585938 21356.578125
1551 5.145000 21356.585938 21356.578125
1552 5.149000 21356.585938 21356.578125
1553 5.152000 21356.585938 21356.578125
1554 5.155000 21356.585938 21356.578125
1555 5.159000 21356.585938 21356.578125
1556 5.162000 21356.585938 21356.578125
1557 5.165000 21356.585938 21356.578125
1558 5.170000 21356.585938 21356.578125
1559 5.173000 21356.585938 21356.578125
1560 5.176000 21356.585938 21356.578125
1561 5.179000 21356.585938 21356.578125
1562 5.183000 21356.585938 21356.578125
1563 5.186000 21356.585938 21356.578125
1564 5.190000 21356.585938 21356.578125
1565 5.192000 21356.585938 21356.578125
1566 5.196000 21356.585938 21356.578125
1567 5.199000 21356.585938 21356.578125
1568 5.202000 21356.585938 21356.578125
1569 5.205000 21356.585938 21356.578125
1570 5.209000 21356.585938 21356.578125
1571 5.213000 21356.585938 21356.578125
1572 5.217000 21356.585938 21356.578125
1573 5.221000 21356.585938 21356.578125
1574 5.224000 21356.585938 21356.578125
1575 5.228000 21356.585938 21356.578125
1576 5.232000 21356.585938 21356.578125
1577 5.235000 21356.585938 21356.578125
1578 5.238000 21356.585938 21356.578125
1579 5.241000 21356.585938 21356.578125
1580 5.244000 21356.585938 21356.578125
1581 5.249000 21356.585938 21356.578125
1582 5.252000 21356.585938 21356.578125
1583 5.255000 21356.585938 21356.578125
1584 5.258000 21356.585938 21356.578125
1585 5.262000 21356.585938 21356.578125
1586 5.265000 21356.585938 21356.578125
1587 5.268000 21356.585938 21356.578125
1588 5.271000 21356.585938 21356.578125
1589 5.274000 21356.585938 21356.578125
1590 5.277000 21356.585938 21356.578125
1591 5.281000 21356.585938 21356.578125
1592 5.284000 21356.585938 21356.578125
1593 5.287000 21356.585938 21356.578125
1594 5.290000 21356.585938 21356.578125
1595 5.293000 21356.585938 21356.578125
1596 5.297000 21356.585938 21356.578125
1597 5.301000 21356.585938 21356.578125
1598 5.304000 21356.585938 21356.578125
1599 5.307000 21356.585938 21356.578125
1600 5.310000 21356.585938 21356.578125
1601 5.314000 21356.585938 21356.578125
1602 5.317000 21356.585938 21356.578125
1603 5.320000 21356.585938 21356.578125
1604 5.323000 21356.585938 21356.578125
1605 5.326000 21356.585938 21356.578125
1606 5.330000 21356.585938 21356.578125
1607 5.334000 21356.585938 21356.578125
1608 5.337000 21356.585938 21356.578125
1609 5.340000 21356.585938 21356.578125
1610 5.344000 21356.585938 21356.578125
1611 5.347000 21356.585938 21356.578125
1612 5.350000 21356.585938 21356.578125
1613 5.353000 21356.585938 21356.578125
1614 5.357000 21356.585938 21356.578125
1615 5.360000 21356.585938 21356.578125
1616 5.363000 21356.585938 21356.578125
1617 5.367000 21356.585938 21356.578125
1618 5.369000 21356.585938 21356.578125
1619 5.373000 21356.585938 21356.578125
1620 5.377000 21356.585938 21356.578125
1621 5.380000 21356.585938 21356.578125
1622 5.384000 21356.585938 21356.578125
1623 5.387000 21356.585938 21356.578125
1624 5.390000 21356.585938 21356.578125
1625 5.393000 21356.585938 21356.578125
1626 5.396000 21356.585938 21356.578125
1627 5.399000 21356.585938 21356.578125
1628 5.403000 21356.585938 21356.578125
1629 5.406000 21356.585938 21356.578125
1630 5.409000 21356.585938 21356.578125
1631 5.412000 21356.585938 21356.578125
1632 5.415000 21356.585938 21356.578125
1633 5.418000 21356.585938 21356.578125
1634 5.422000 21356.585938 21356.578125
1635 5.426000 21356.585938 21356.578125
1636 5.428000 21356.585938 21356.578125
1637 5.431000 21356.585938 21356.578125
1638 5.435000 21356.585938 21356.578125
1639 5.438000 21356.585938 21356.578125
1640 5.441000 21356.585938 21356.578125
1641 5.444000 21356.585938 21356.578125
1642 5.447000 21356.585938 21356.578125
1643 5.451000 21356.585938 21356.578125
1644 5.456000 21356.585938 21356.578125
1645 5.458000 21356.585938 21356.578125
