0 0.000000 45354.019531 47198.636719
1 0.082000 44112.136719 47198.636719
2 0.160000 43497.054688 46056.011719
3 0.252000 43031.707031 45403.609375
4 0.347000 42269.058594 44921.996094
5 0.434000 42116.605469 44400.285156
6 0.519000 41953.230469 43973.953125
7 0.607000 41339.714844 43696.703125
8 0.680000 41339.714844 43452.148438
9 0.770000 41326.664063 43224.300781
10 0.860000 40629.242188 43228.386719
11 0.939000 40602.988281 42957.785156
12 1.026000 40522.972656 42750.796875
13 1.119000 40477.269531 42636.613281
14 1.204000 40477.269531 42473.515625
15 1.293000 40243.230469 42279.941406
16 1.380000 40178.710938 42094.664063
17 1.466000 39797.070313 41996.996094
18 1.564000 39733.812500 41833.265625
19 1.651000 39733.812500 41692.976563
20 1.749000 39733.812500 41613.253906
21 1.839000 39663.175781 41497.343750
22 1.929000 39663.175781 41356.128906
23 2.020000 39589.421875 41216.375000
24 2.109000 39561.023438 41124.968750
25 2.194000 39466.648438 41113.656250
26 2.291000 39166.757813 41034.210938
27 2.368000 39166.757813 40955.031250
28 2.438000 39163.066406 40887.644531
29 2.528000 39122.105469 40816.859375
30 2.617000 39122.105469 40782.945313
31 2.716000 39122.105469 40742.386719
32 2.809000 39122.105469 40724.640625
33 2.891000 39122.105469 40664.648438
34 2.990000 39122.105469 40604.949219
35 3.082000 39122.105469 40573.324219
36 3.177000 39122.105469 40542.902344
37 3.276000 39122.105469 40560.113281
38 3.349000 39111.386719 40509.628906
39 3.440000 39111.386719 40664.656250
40 3.520000 39111.386719 40634.765625
41 3.616000 39111.277344 40586.292969
42 3.703000 39111.277344 40480.691406
43 3.802000 39111.277344 40443.359375
44 3.906000 39111.277344 40419.722656
45 3.981000 39111.277344 40393.328125
46 4.066000 39111.277344 40377.269531
47 4.155000 39111.277344 40477.296875
48 4.241000 39111.277344 40440.035156
49 4.328000 39111.277344 40431.886719
50 4.414000 39111.277344 40362.746094
51 4.496000 39111.277344 40346.953125
52 4.575000 39111.277344 40333.433594
53 4.665000 39111.277344 40422.437500
54 4.761000 39111.277344 40472.554688
55 4.853000 39111.277344 40462.886719
56 4.950000 39111.277344 40428.121094
57 5.031000 39111.277344 40414.765625
58 5.111000 39111.277344 40373.480469
59 5.196000 39111.277344 40349.683594
60 5.272000 39038.277344 40304.171875
61 5.357000 39038.277344 40278.187500
62 5.459000 39038.277344 40269.414063
63 5.550000 39038.277344 40257.199219
64 5.640000 39038.277344 40250.023438
65 5.715000 39033.796875 40229.082031
66 5.798000 39033.796875 40220.328125
67 5.870000 39033.796875 40211.078125
68 5.953000 39033.796875 40205.558594
69 6.038000 39033.796875 40196.023438
70 6.118000 39033.796875 40273.312500
71 6.200000 39033.796875 40214.277344
72 6.300000 39033.796875 40203.421875
73 6.384000 39033.796875 40194.296875
74 6.465000 39033.796875 40257.496094
75 6.563000 39033.796875 40231.753906
76 6.697000 39033.796875 40188.238281
77 6.830000 39033.796875 40180.851563
78 6.936000 39033.796875 40178.839844
79 7.041000 39033.796875 40169.820313
80 7.139000 39033.796875 40152.683594
81 7.247000 39033.796875 40139.503906
82 7.342000 39033.796875 40139.199219
83 7.432000 39033.796875 40128.011719
84 7.513000 39033.796875 40126.937500
85 7.612000 39033.796875 40178.746094
86 7.690000 39033.796875 40135.371094
87 7.781000 39033.796875 40207.160156
88 7.882000 39033.796875 40195.449219
89 7.962000 39033.796875 40282.921875
90 8.045000 39033.796875 40257.585938
91 8.136000 39033.796875 40208.015625
92 8.232000 39033.796875 40188.859375
93 8.327000 39033.796875 40166.140625
94 8.417000 39033.796875 40142.878906
95 8.509000 39033.796875 40138.113281
96 8.594000 39033.796875 40129.910156
97 8.683000 39033.796875 40124.914063
98 8.770000 39033.796875 40122.136719
99 8.855000 39033.796875 40112.335938
100 8.948000 39033.796875 40111.148438
101 9.035000 39033.796875 40158.265625
102 9.136000 39033.796875 40152.355469
103 9.219000 39033.796875 40147.609375
104 9.312000 39033.796875 40133.406250
105 9.387000 39033.796875 40229.359375
106 9.483000 39033.796875 40216.835938
107 9.586000 39033.796875 40140.531250
108 9.678000 39033.796875 40213.882813
109 9.769000 39033.796875 40145.921875
110 9.858000 39033.796875 40126.703125
111 9.936000 39033.796875 40092.781250
112 10.029000 39033.796875 40061.796875
113 10.111000 39033.796875 40048.605469
114 10.207000 39033.796875 40018.968750
115 10.292000 38996.929688 40002.363281
116 10.381000 38996.929688 39996.488281
117 10.474000 38996.929688 39994.156250
118 10.559000 38996.929688 39981.175781
119 10.653000 38996.929688 39972.148438
120 10.752000 38996.929688 39970.339844
121 10.860000 38996.929688 39966.628906
122 10.957000 38996.929688 39912.890625
123 11.043000 38996.929688 39909.781250
124 11.146000 38996.929688 39895.171875
125 11.248000 38996.929688 39891.812500
126 11.334000 38996.929688 39947.957031
127 11.421000 38996.929688 39907.003906
128 11.500000 38996.929688 39906.710938
129 11.584000 38996.929688 39944.605469
130 11.671000 38996.929688 39942.843750
131 11.762000 38996.929688 39979.496094
132 11.857000 38996.929688 39969.933594
133 11.930000 38996.929688 39968.738281
134 11.999000 38996.929688 39942.007813
135 12.101000 38996.929688 39934.171875
136 12.190000 38996.929688 39928.125000
137 12.288000 38980.222656 39916.031250
138 12.387000 38980.222656 39912.765625
139 12.488000 38980.222656 39893.386719
140 12.591000 38980.222656 39887.289063
141 12.687000 38980.222656 39872.566406
142 12.780000 38980.222656 39870.925781
143 12.860000 38980.222656 39870.925781
144 12.999000 38980.222656 39870.140625
145 13.095000 38980.222656 39869.132813
146 13.183000 38980.222656 39868.882813
147 13.272000 38980.222656 39868.191406
148 13.363000 38980.222656 39861.468750
149 13.467000 38980.222656 39859.800781
150 13.538000 38980.222656 39854.496094
151 13.630000 38980.222656 39848.769531
152 13.724000 38980.222656 39845.808594
153 13.805000 38980.222656 39831.468750
154 13.894000 38980.222656 39831.468750
155 13.988000 38980.222656 39806.406250
156 14.095000 38980.222656 39851.613281
157 14.226000 38980.222656 39820.515625
158 14.417000 38980.222656 39816.597656
159 14.520000 38980.222656 39815.277344
160 14.631000 38980.222656 39812.308594
161 14.733000 38980.222656 39809.949219
162 14.824000 38980.222656 39809.949219
163 14.934000 38980.222656 39809.949219
164 15.046000 38980.222656 39804.007813
165 15.163000 38980.222656 39797.777344
166 15.275000 38980.222656 39793.781250
167 15.370000 38980.222656 39900.285156
168 15.493000 38980.222656 39876.980469
169 15.602000 38980.222656 39871.078125
170 15.764000 38980.222656 39866.550781
171 15.862000 38980.222656 39865.300781
172 15.952000 38980.222656 39854.617188
173 16.049000 38980.222656 39848.453125
174 16.157000 38980.222656 39956.863281
175 16.279000 38980.222656 39933.863281
176 16.379000 38980.222656 39904.562500
177 16.466000 38980.222656 39998.871094
178 16.561000 38980.222656 39938.406250
179 16.654000 38980.222656 39913.308594
180 16.745000 38980.222656 39904.593750
181 16.841000 38980.222656 39897.105469
182 16.941000 38980.222656 39880.406250
183 17.047000 38961.714844 39872.308594
184 17.135000 38961.714844 39859.507813
185 17.216000 38961.714844 39859.507813
186 17.299000 38961.714844 39845.656250
187 17.396000 38961.714844 39843.718750
188 17.502000 38961.714844 39843.718750
189 17.595000 38961.714844 39843.156250
190 17.700000 38961.714844 39837.320313
191 17.790000 38961.714844 39831.988281
192 17.887000 38961.714844 39831.988281
193 17.971000 38961.714844 39830.710938
194 18.054000 38961.714844 39827.695313
195 18.147000 38961.714844 39818.988281
196 18.239000 38961.714844 39866.660156
197 18.319000 38961.714844 39864.707031
198 18.400000 38961.714844 39849.562500
199 18.493000 38961.714844 39844.046875
200 18.574000 38961.714844 39843.628906
201 18.674000 38961.714844 39843.628906
202 18.766000 38961.714844 39837.542969
203 18.862000 38961.714844 39837.542969
204 18.947000 38961.714844 39833.093750
205 19.035000 38961.714844 39822.988281
206 19.118000 38961.714844 39822.402344
207 19.215000 38961.714844 39822.402344
208 19.300000 38961.714844 39816.515625
209 19.387000 38961.714844 39816.515625
210 19.465000 38961.714844 39813.753906
211 19.563000 38961.714844 39810.214844
212 19.671000 38961.714844 39810.183594
213 19.753000 38961.714844 39810.183594
214 19.847000 38961.714844 39810.183594
215 19.942000 38961.714844 39802.320313
216 20.037000 38961.714844 39835.375000
217 20.136000 38961.714844 39834.855469
218 20.234000 38961.714844 39834.351563
219 20.327000 38961.714844 39833.886719
220 20.422000 38961.714844 39817.792969
221 20.511000 38961.714844 39815.414063
222 20.608000 38961.714844 39815.414063
223 20.690000 38961.714844 39809.406250
224 20.783000 38961.714844 39805.703125
225 20.863000 38961.714844 39801.816406
226 20.964000 38961.714844 39801.816406
227 21.060000 38961.714844 39801.816406
228 21.141000 38961.714844 39801.816406
229 21.217000 38961.714844 39801.816406
230 21.306000 38961.714844 39801.816406
231 21.380000 38961.714844 39874.945313
232 21.470000 38961.714844 39871.824219
233 21.550000 38961.714844 39813.796875
234 21.639000 38961.714844 39813.218750
235 21.728000 38961.714844 39811.433594
236 21.835000 38961.714844 39811.117188
237 21.932000 38961.714844 39867.667969
238 22.015000 38961.714844 39852.378906
239 22.114000 38961.714844 39869.347656
240 22.230000 38961.714844 39863.640625
241 22.311000 38961.714844 39863.640625
242 22.420000 38961.714844 39813.925781
243 22.523000 38961.714844 39813.789063
244 22.607000 38961.714844 39808.667969
245 22.696000 38961.714844 39806.292969
246 22.783000 38961.714844 39941.750000
247 22.868000 38961.714844 39941.468750
248 22.943000 38961.714844 39888.265625
249 23.048000 38961.714844 39865.179688
250 23.136000 38961.714844 39848.929688
251 23.226000 38961.714844 39817.425781
252 23.315000 38961.714844 39817.425781
253 23.414000 38961.714844 39817.015625
254 23.506000 38961.714844 39814.664063
255 23.605000 38961.714844 39855.003906
256 23.686000 38961.714844 39854.843750
257 23.790000 38961.714844 39852.378906
258 23.937000 38961.714844 39986.343750
259 24.028000 38961.714844 39920.332031
260 24.112000 38961.714844 39920.085938
261 24.212000 38961.714844 39919.878906
262 24.287000 38961.714844 39940.453125
263 24.397000 38961.714844 39922.507813
264 24.466000 38961.714844 39914.156250
265 24.594000 38961.714844 39903.496094
266 24.694000 38961.714844 39903.496094
267 24.800000 38961.714844 40019.691406
268 24.883000 38961.714844 39972.117188
269 24.980000 38961.714844 39913.605469
270 25.063000 38961.714844 40002.093750
271 25.155000 38961.714844 39970.460938
272 25.260000 38961.714844 39963.210938
273 25.347000 38961.714844 39956.394531
274 25.439000 38961.714844 39949.609375
275 25.545000 38961.714844 39944.847656
276 25.629000 38961.714844 39907.683594
277 25.721000 38961.714844 39907.683594
278 25.811000 38961.714844 39904.835938
279 25.903000 38961.714844 39904.203125
280 26.014000 38961.714844 39896.101563
281 26.099000 38961.714844 39887.238281
282 26.194000 38961.714844 39887.238281
283 26.274000 38961.714844 39886.996094
