0 0.000000 3134.466309 3342.446045
1 0.023000 3067.312500 3342.446045
2 0.050000 3049.816650 3276.030029
3 0.072000 2981.595459 3223.925049
4 0.092000 2971.721191 3197.447510
5 0.115000 2889.736572 3173.306152
6 0.137000 2881.894043 3144.202148
7 0.160000 2878.212402 3114.681152
8 0.182000 2854.511230 3092.193848
9 0.205000 2838.531738 3081.902100
10 0.232000 2827.150391 3059.671631
11 0.253000 2819.097656 3041.497070
12 0.275000 2817.993408 3029.051514
13 0.293000 2817.993408 3014.910889
14 0.316000 2806.843018 3005.852295
15 0.340000 2778.863281 3006.078369
16 0.361000 2775.089111 2995.784424
17 0.385000 2760.266357 2983.747803
18 0.407000 2760.266357 2961.401367
19 0.429000 2760.266357 2962.521973
20 0.449000 2760.266357 2955.003418
21 0.468000 2747.323242 2943.717773
22 0.488000 2743.972656 2936.718018
23 0.512000 2743.887207 2930.100342
24 0.534000 2740.890381 2923.890625
25 0.556000 2735.708740 2918.635742
26 0.578000 2725.534180 2911.925049
27 0.600000 2725.534180 2904.745117
28 0.621000 2725.534180 2900.520996
29 0.644000 2725.534180 2910.160645
30 0.663000 2725.534180 2900.623047
31 0.685000 2725.534180 2895.692871
32 0.705000 2725.534180 2911.706055
33 0.728000 2722.517578 2900.615967
34 0.751000 2722.517578 2892.735596
35 0.772000 2722.517578 2890.569336
36 0.794000 2722.517578 2888.069336
37 0.815000 2706.377197 2896.553467
38 0.839000 2706.377197 2887.474365
39 0.859000 2706.377197 2890.624268
40 0.881000 2706.377197 2887.822510
41 0.905000 2706.377197 2884.777588
42 0.928000 2706.377197 2880.978027
43 0.948000 2706.377197 2879.722412
44 0.971000 2706.377197 2877.870361
45 0.992000 2706.377197 2875.954346
46 1.015000 2706.377197 2874.327393
47 1.034000 2706.377197 2868.457520
48 1.055000 2706.377197 2877.978027
49 1.079000 2706.377197 2873.207275
50 1.103000 2706.377197 2871.431641
51 1.121000 2706.377197 2859.309326
52 1.140000 2706.377197 2887.214600
53 1.160000 2706.377197 2877.551270
54 1.181000 2706.377197 2870.301514
55 1.203000 2706.377197 2864.466553
56 1.224000 2706.377197 2882.548096
57 1.249000 2706.377197 2879.301270
58 1.273000 2706.377197 2869.664795
59 1.295000 2706.377197 2862.895264
60 1.316000 2706.377197 2859.764160
61 1.340000 2706.377197 2858.238770
62 1.360000 2706.377197 2857.453125
63 1.382000 2706.377197 2857.233398
64 1.406000 2706.377197 2863.701904
65 1.430000 2706.377197 2873.044434
66 1.452000 2706.377197 2871.582764
67 1.473000 2706.377197 2866.620605
68 1.493000 2706.377197 2859.459473
69 1.515000 2706.377197 2867.740723
70 1.534000 2706.377197 2862.825195
71 1.557000 2706.377197 2870.434082
72 1.581000 2706.377197 2866.305664
73 1.605000 2706.377197 2863.278320
74 1.623000 2706.377197 2871.277588
75 1.646000 2706.377197 2869.249756
76 1.666000 2706.377197 2866.521484
77 1.686000 2706.377197 2864.333984
78 1.709000 2706.377197 2868.823486
79 1.729000 2706.377197 2867.126953
80 1.747000 2706.377197 2864.831055
81 1.768000 2706.377197 2857.759277
82 1.790000 2706.377197 2866.759766
83 1.811000 2706.377197 2860.552734
84 1.832000 2706.377197 2856.004395
85 1.855000 2706.377197 2854.147217
86 1.876000 2706.377197 2851.381348
87 1.896000 2706.377197 2860.842529
88 1.915000 2706.377197 2855.686279
89 1.938000 2706.377197 2857.847900
90 1.958000 2706.377197 2859.268066
91 1.981000 2706.377197 2858.607910
92 2.002000 2706.377197 2857.828125
93 2.025000 2706.135986 2854.232422
94 2.046000 2706.135986 2857.434570
95 2.069000 2706.135986 2851.649414
96 2.094000 2706.135986 2856.661133
97 2.116000 2706.135986 2854.896484
98 2.138000 2706.135986 2851.253418
99 2.156000 2706.135986 2849.488037
100 2.180000 2706.135986 2845.744141
101 2.201000 2706.135986 2842.840820
102 2.222000 2706.135986 2840.887451
103 2.246000 2706.135986 2840.633057
104 2.268000 2706.135986 2840.398682
105 2.290000 2706.135986 2837.536133
106 2.309000 2706.135986 2853.486328
107 2.335000 2706.135986 2846.993164
108 2.360000 2706.135986 2842.320557
109 2.382000 2706.135986 2836.719727
110 2.406000 2706.135986 2834.504150
111 2.428000 2706.135986 2835.571289
112 2.447000 2703.423584 2835.402832
113 2.469000 2703.423584 2831.964600
114 2.492000 2703.423584 2838.911133
115 2.515000 2703.423584 2837.005371
116 2.536000 2703.423584 2834.499756
117 2.557000 2703.423584 2833.307129
118 2.579000 2703.423584 2831.900635
119 2.601000 2703.423584 2830.912598
120 2.622000 2703.423584 2838.288818
121 2.642000 2703.423584 2842.097168
122 2.664000 2703.423584 2836.984375
123 2.682000 2703.423584 2833.980225
124 2.705000 2703.423584 2832.442383
125 2.726000 2703.423584 2830.937744
126 2.750000 2703.423584 2830.197510
127 2.772000 2703.423584 2832.082275
128 2.790000 2703.423584 2831.828857
129 2.810000 2703.423584 2830.774170
130 2.835000 2703.423584 2830.232910
131 2.858000 2703.423584 2829.331055
132 2.879000 2703.423584 2845.674316
133 2.903000 2703.423584 2843.024170
134 2.928000 2703.423584 2836.136230
135 2.950000 2703.423584 2834.009766
136 2.973000 2703.423584 2831.731934
137 2.993000 2703.423584 2828.052246
138 3.013000 2703.423584 2846.662109
139 3.032000 2703.423584 2840.723145
140 3.052000 2703.423584 2834.980713
141 3.076000 2701.709473 2833.751221
142 3.097000 2701.709473 2843.075684
143 3.118000 2701.709473 2841.844971
144 3.143000 2701.709473 2849.833496
145 3.165000 2701.709473 2846.238037
146 3.189000 2701.709473 2843.521973
147 3.207000 2699.887451 2838.647461
148 3.227000 2699.887451 2834.939941
149 3.249000 2690.589111 2847.975586
150 3.269000 2690.589111 2846.404785
151 3.291000 2690.589111 2842.915039
152 3.308000 2683.767822 2838.179688
153 3.328000 2683.767822 2835.383057
154 3.349000 2683.767822 2834.233398
155 3.367000 2683.767822 2842.698486
156 3.390000 2683.767822 2839.230713
157 3.412000 2683.767822 2840.855957
158 3.435000 2683.767822 2837.492432
159 3.455000 2683.767822 2834.714355
160 3.478000 2683.767822 2841.424072
161 3.502000 2683.767822 2839.568359
162 3.523000 2683.767822 2830.716797
163 3.544000 2683.767822 2828.753174
164 3.563000 2683.767822 2836.420410
165 3.582000 2683.767822 2834.845703
166 3.604000 2683.767822 2833.116211
167 3.625000 2683.767822 2837.707764
168 3.646000 2683.767822 2837.471191
169 3.668000 2683.767822 2841.140869
170 3.690000 2683.767822 2851.924316
171 3.713000 2683.767822 2854.970703
172 3.731000 2683.767822 2853.818359
173 3.756000 2683.767822 2848.363770
174 3.779000 2683.767822 2844.181885
175 3.803000 2683.767822 2840.165039
176 3.824000 2683.767822 2833.294922
177 3.843000 2683.767822 2829.982178
178 3.865000 2683.767822 2837.183105
179 3.887000 2683.767822 2834.936035
180 3.909000 2683.767822 2829.135010
181 3.933000 2683.767822 2823.804688
182 3.956000 2683.767822 2826.759766
183 3.978000 2683.767822 2825.641846
184 3.996000 2683.767822 2834.867920
185 4.018000 2683.767822 2849.159180
186 4.036000 2683.767822 2843.842529
187 4.061000 2683.767822 2829.355957
188 4.080000 2683.767822 2821.369141
189 4.101000 2683.767822 2820.049805
190 4.121000 2683.767822 2818.839600
191 4.144000 2683.767822 2816.866455
192 4.168000 2683.767822 2815.329102
193 4.187000 2683.767822 2824.134033
194 4.207000 2683.767822 2827.153809
195 4.228000 2683.767822 2822.738037
196 4.250000 2683.767822 2821.338379
197 4.274000 2683.767822 2816.992432
198 4.296000 2683.767822 2815.079346
199 4.317000 2683.767822 2813.575684
200 4.340000 2683.767822 2811.350098
201 4.364000 2683.767822 2810.956787
202 4.385000 2683.767822 2809.242920
203 4.405000 2683.767822 2811.106934
204 4.429000 2683.767822 2816.463135
205 4.450000 2683.767822 2815.532715
206 4.470000 2683.767822 2815.321777
207 4.491000 2683.767822 2813.271240
208 4.513000 2683.767822 2812.472168
209 4.533000 2683.767822 2811.409424
210 4.556000 2683.767822 2803.510010
211 4.578000 2683.767822 2801.407471
212 4.602000 2683.767822 2801.022461
213 4.625000 2683.767822 2799.168945
214 4.643000 2683.767822 2800.281250
215 4.664000 2683.767822 2797.281250
216 4.686000 2683.767822 2797.183105
217 4.708000 2683.767822 2804.500977
218 4.731000 2683.767822 2800.733643
219 4.751000 2683.767822 2798.448730
220 4.776000 2683.767822 2796.248779
221 4.797000 2683.767822 2795.698730
222 4.819000 2683.767822 2790.845947
223 4.840000 2683.767822 2789.965088
224 4.864000 2683.767822 2789.396484
225 4.888000 2683.767822 2787.301270
226 4.911000 2683.767822 2787.177734
227 4.931000 2683.767822 2785.954102
228 4.952000 2683.767822 2785.454346
229 4.972000 2683.767822 2784.136963
230 4.994000 2683.767822 2781.761230
231 5.014000 2683.767822 2780.625000
232 5.038000 2683.767822 2780.536133
233 5.060000 2683.767822 2780.147461
234 5.082000 2683.767822 2780.051270
235 5.101000 2683.767822 2779.041260
236 5.123000 2683.767822 2779.041504
237 5.144000 2668.910889 2779.041504
238 5.162000 2668.910889 2784.490234
239 5.187000 2668.910889 2782.243652
240 5.209000 2668.910889 2782.243652
241 5.233000 2668.910889 2781.470947
242 5.258000 2668.910889 2779.936523
243 5.275000 2668.910889 2779.936523
244 5.298000 2668.910889 2782.525391
245 5.321000 2668.910889 2782.387451
246 5.342000 2668.910889 2794.783691
247 5.363000 2668.910889 2788.664063
248 5.389000 2668.910889 2785.370605
249 5.412000 2668.910889 2785.370605
250 5.431000 2668.910889 2795.953125
251 5.452000 2665.633789 2798.786621
252 5.474000 2665.633789 2795.634033
253 5.491000 2665.633789 2800.134766
254 5.511000 2665.633789 2797.166016
255 5.530000 2665.633789 2799.957764
256 5.549000 2665.633789 2799.146973
257 5.568000 2665.633789 2813.104004
258 5.589000 2665.633789 2802.980957
259 5.611000 2665.633789 2814.847168
260 5.636000 2665.633789 2803.515625
261 5.656000 2665.633789 2799.973145
262 5.676000 2665.633789 2793.918457
263 5.698000 2665.633789 2792.194336
264 5.720000 2665.633789 2790.010742
265 5.737000 2665.633789 2804.173096
266 5.762000 2665.633789 2796.577393
267 5.782000 2665.633789 2795.662598
268 5.804000 2665.633789 2793.237305
269 5.826000 2665.633789 2788.593018
270 5.849000 2665.633789 2782.142090
271 5.871000 2665.633789 2781.736572
272 5.890000 2665.633789 2778.418701
273 5.913000 2665.633789 2777.006836
274 5.937000 2665.633789 2776.341797
275 5.958000 2665.633789 2774.635986
276 5.981000 2665.633789 2783.810547
277 6.005000 2665.633789 2783.442871
278 6.024000 2665.633789 2778.368408
279 6.046000 2665.633789 2790.593750
280 6.066000 2665.633789 2783.134033
281 6.092000 2665.633789 2788.522217
282 6.114000 2665.633789 2788.173096
283 6.135000 2665.633789 2783.767578
284 6.154000 2665.633789 2783.485107
285 6.176000 2665.633789 2782.068359
286 6.198000 2665.633789 2780.710938
287 6.218000 2665.633789 2781.916016
288 6.240000 2665.633789 2779.625244
289 6.262000 2665.633789 2783.313721
290 6.286000 2665.633789 2782.156494
291 6.307000 2665.633789 2789.090820
292 6.327000 2665.633789 2801.684570
293 6.349000 2665.633789 2798.198486
294 6.369000 2665.633789 2789.126221
295 6.390000 2665.633789 2785.954102
296 6.410000 2665.633789 2778.917725
297 6.433000 2665.633789 2784.007813
298 6.454000 2665.633789 2783.141602
299 6.476000 2665.633789 2782.823242
300 6.497000 2665.633789 2782.823242
301 6.520000 2665.633789 2782.465332
302 6.540000 2665.633789 2791.950195
303 6.563000 2665.633789 2790.411865
304 6.585000 2665.633789 2788.994629
305 6.606000 2665.633789 2787.834717
306 6.629000 2665.633789 2783.979492
307 6.654000 2665.633789 2797.299316
308 6.677000 2665.633789 2809.961182
309 6.694000 2665.633789 2799.123535
310 6.713000 2665.633789 2792.694092
311 6.736000 2665.633789 2790.514160
312 6.757000 2665.633789 2787.843994
313 6.778000 2665.633789 2786.184082
314 6.800000 2665.633789 2785.177246
315 6.822000 2665.633789 2785.177246
316 6.846000 2665.633789 2791.754639
317 6.870000 2665.633789 2794.193359
318 6.890000 2665.633789 2791.530518
319 6.912000 2665.633789 2793.110596
320 6.933000 2665.633789 2798.967529
321 6.955000 2665.633789 2798.248535
322 6.973000 2665.633789 2797.391357
323 6.995000 2665.633789 2794.922852
324 7.017000 2665.633789 2794.565918
325 7.035000 2665.633789 2807.452148
326 7.057000 2665.633789 2803.009766
327 7.081000 2665.633789 2802.341553
328 7.103000 2665.633789 2797.980225
329 7.123000 2665.633789 2795.120117
330 7.145000 2665.633789 2793.871582
331 7.162000 2665.633789 2791.557861
332 7.184000 2665.633789 2788.513428
333 7.202000 2665.633789 2786.795410
334 7.225000 2665.633789 2786.531494
335 7.245000 2665.633789 2783.723633
336 7.267000 2665.633789 2786.994385
337 7.290000 2665.633789 2782.685059
338 7.312000 2665.633789 2782.655273
339 7.332000 2665.633789 2790.051514
340 7.356000 2665.633789 2787.166504
341 7.379000 2665.633789 2785.188965
342 7.402000 2665.633789 2790.554443
343 7.427000 2665.633789 2789.263184
344 7.448000 2665.633789 2788.156982
345 7.469000 2665.633789 2793.506348
346 7.488000 2665.633789 2789.218750
347 7.509000 2665.633789 2788.313477
348 7.530000 2665.633789 2798.929932
349 7.552000 2665.633789 2796.466797
350 7.573000 2665.633789 2806.070557
351 7.596000 2665.633789 2800.838379
352 7.618000 2665.633789 2797.044922
353 7.638000 2665.633789 2796.369141
354 7.662000 2665.633789 2795.169434
355 7.686000 2665.633789 2797.251465
356 7.711000 2665.633789 2801.003662
357 7.731000 2665.633789 2804.121826
358 7.753000 2665.633789 2815.468994
359 7.775000 2665.633789 2812.704346
360 7.796000 2665.633789 2815.667480
361 7.815000 2665.633789 2814.558350
362 7.840000 2665.633789 2813.712402
363 7.860000 2665.633789 2809.956299
364 7.883000 2665.633789 2806.297119
365 7.905000 2665.633789 2800.418701
366 7.929000 2665.633789 2807.800049
367 7.954000 2665.633789 2804.174316
368 7.975000 2665.633789 2800.052734
369 7.997000 2665.633789 2794.402832
370 8.017000 2665.633789 2793.249756
371 8.039000 2665.633789 2792.115967
372 8.059000 2665.633789 2790.242432
373 8.082000 2665.633789 2801.371826
374 8.104000 2665.633789 2801.135010
375 8.128000 2665.633789 2796.935303
376 8.147000 2665.633789 2796.223389
377 8.169000 2665.633789 2795.035645
378 8.190000 2665.633789 2793.985840
379 8.208000 2665.633789 2793.645996
380 8.229000 2665.633789 2793.537598
381 8.249000 2665.633789 2791.373779
382 8.268000 2665.633789 2795.255859
383 8.291000 2665.633789 2797.649170
384 8.312000 2665.633789 2807.870850
385 8.333000 2665.633789 2806.872070
386 8.356000 2665.633789 2804.305664
387 8.380000 2665.633789 2798.636475
388 8.400000 2665.633789 2795.499756
389 8.422000 2665.633789 2794.181152
390 8.444000 2665.633789 2793.806885
391 8.466000 2665.633789 2793.595215
392 8.488000 2665.633789 2802.565674
393 8.510000 2665.633789 2805.179443
394 8.533000 2665.633789 2799.772705
395 8.554000 2665.633789 2798.953125
396 8.574000 2665.633789 2797.677246
397 8.597000 2665.633789 2803.288818
398 8.621000 2665.633789 2802.012695
399 8.642000 2665.633789 2811.862305
400 8.666000 2665.633789 2805.761963
401 8.688000 2665.633789 2813.431641
402 8.711000 2665.633789 2819.234131
403 8.735000 2665.633789 2817.426270
404 8.755000 2665.633789 2812.043945
405 8.775000 2665.633789 2807.631348
406 8.797000 2665.633789 2803.699951
407 8.821000 2665.633789 2803.394043
408 8.844000 2665.633789 2801.004639
409 8.864000 2665.633789 2805.055420
410 8.885000 2665.633789 2800.712158
411 8.906000 2665.633789 2800.526611
412 8.932000 2665.633789 2800.179443
413 8.953000 2665.633789 2805.844482
414 8.975000 2665.633789 2831.187744
415 8.993000 2665.633789 2825.686279
416 9.014000 2665.633789 2824.557129
417 9.035000 2665.633789 2816.232422
418 9.056000 2665.633789 2814.400879
419 9.079000 2665.633789 2812.391357
420 9.100000 2665.633789 2807.652832
421 9.123000 2665.633789 2813.723145
422 9.143000 2665.633789 2810.145264
423 9.161000 2665.633789 2808.210938
424 9.183000 2665.633789 2800.246338
425 9.204000 2665.633789 2798.315430
426 9.227000 2665.633789 2793.696289
427 9.249000 2665.633789 2791.448486
428 9.269000 2665.633789 2791.097412
429 9.290000 2665.633789 2789.633789
430 9.309000 2665.633789 2787.050293
431 9.332000 2665.633789 2786.306885
432 9.352000 2665.633789 2785.885742
433 9.374000 2665.633789 2784.788330
434 9.392000 2665.633789 2783.408447
435 9.413000 2665.633789 2782.877930
436 9.436000 2665.633789 2781.693848
437 9.459000 2665.633789 2780.310059
438 9.481000 2665.633789 2790.980713
439 9.501000 2665.633789 2787.873047
440 9.521000 2665.633789 2785.216797
441 9.543000 2665.633789 2786.862305
442 9.564000 2665.633789 2784.430664
443 9.585000 2665.633789 2787.412598
444 9.607000 2665.633789 2785.732178
445 9.628000 2665.633789 2787.739014
446 9.649000 2665.633789 2784.887451
447 9.668000 2665.633789 2784.529785
448 9.691000 2665.633789 2782.312256
449 9.713000 2665.633789 2781.425537
450 9.733000 2665.633789 2796.716309
451 9.752000 2665.633789 2785.366211
452 9.776000 2665.633789 2784.479980
453 9.800000 2665.633789 2783.902100
454 9.820000 2665.633789 2783.529297
455 9.839000 2665.633789 2782.699951
456 9.859000 2665.633789 2781.519043
457 9.883000 2665.633789 2779.171143
458 9.904000 2665.633789 2782.436523
459 9.926000 2665.633789 2781.147217
460 9.945000 2665.633789 2789.957275
461 9.966000 2665.633789 2789.835693
462 9.985000 2665.633789 2789.166016
463 10.003000 2665.633789 2785.301514
464 10.024000 2665.633789 2784.201904
465 10.045000 2665.633789 2783.452393
466 10.066000 2665.633789 2783.150879
467 10.086000 2665.633789 2783.046631
468 10.108000 2665.633789 2783.931152
469 10.130000 2665.633789 2782.188477
470 10.154000 2665.633789 2780.385742
471 10.175000 2665.633789 2791.334717
472 10.196000 2665.633789 2787.607422
473 10.218000 2665.633789 2785.102539
474 10.239000 2665.633789 2781.718994
475 10.263000 2665.633789 2781.461182
476 10.286000 2665.633789 2776.681885
477 10.308000 2665.633789 2776.496338
478 10.330000 2665.633789 2775.419922
479 10.353000 2665.633789 2775.361816
480 10.373000 2665.633789 2775.344971
481 10.395000 2665.633789 2775.310059
482 10.422000 2665.633789 2774.987549
483 10.447000 2665.633789 2774.745117
484 10.469000 2665.633789 2780.791504
485 10.492000 2665.633789 2789.177490
486 10.513000 2665.633789 2788.281006
487 10.534000 2665.633789 2783.335938
488 10.554000 2665.633789 2783.028076
489 10.578000 2665.633789 2776.687744
490 10.602000 2665.633789 2775.965088
491 10.623000 2665.633789 2775.965088
492 10.645000 2665.633789 2775.464600
493 10.693000 2665.633789 2774.335693
494 10.730000 2665.633789 2774.064941
495 10.762000 2665.633789 2773.245361
496 10.793000 2665.633789 2774.864990
497 10.824000 2665.633789 2789.791260
498 10.850000 2665.633789 2784.106201
499 10.873000 2665.633789 2783.447754
500 10.907000 2665.633789 2782.185059
501 10.930000 2665.633789 2783.382568
502 10.957000 2665.633789 2783.115723
503 10.987000 2665.633789 2781.965820
504 11.007000 2665.633789 2779.796631
505 11.033000 2665.633789 2779.465820
506 11.056000 2665.633789 2778.471191
507 11.078000 2665.633789 2777.889160
508 11.101000 2665.633789 2776.619385
509 11.125000 2665.633789 2776.015625
510 11.148000 2665.633789 2774.217529
511 11.169000 2665.633789 2773.192139
512 11.192000 2665.633789 2770.649414
513 11.213000 2665.633789 2769.795654
514 11.236000 2665.633789 2769.795654
515 11.254000 2665.633789 2769.458496
516 11.275000 2665.633789 2780.729980
517 11.295000 2665.633789 2780.616211
518 11.319000 2665.633789 2776.403076
519 11.340000 2665.633789 2776.093018
520 11.362000 2665.633789 2775.874756
521 11.385000 2665.633789 2775.786621
522 11.408000 2665.633789 2773.438721
523 11.428000 2665.633789 2777.698242
524 11.447000 2665.633789 2783.420654
525 11.468000 2665.633789 2783.251953
526 11.487000 2665.633789 2783.251953
527 11.510000 2665.633789 2781.526855
528 11.531000 2665.633789 2784.313965
529 11.554000 2665.633789 2782.144043
530 11.575000 2665.633789 2780.858643
531 11.597000 2665.633789 2795.282715
532 11.618000 2665.633789 2791.195557
533 11.636000 2665.633789 2790.777100
534 11.659000 2665.633789 2784.373535
535 11.681000 2665.633789 2781.090332
536 11.704000 2665.633789 2780.167236
537 11.724000 2665.633789 2782.936768
538 11.744000 2665.633789 2780.684326
539 11.766000 2665.633789 2781.729004
540 11.790000 2665.633789 2781.302490
541 11.812000 2665.633789 2780.196045
542 11.836000 2665.633789 2779.734375
543 11.859000 2665.633789 2795.065674
544 11.882000 2665.633789 2791.335693
545 11.902000 2665.633789 2788.211914
546 11.923000 2665.633789 2787.877197
547 11.944000 2665.633789 2784.254150
548 11.964000 2665.633789 2782.379639
549 11.986000 2665.633789 2781.487305
550 12.008000 2665.633789 2798.376953
551 12.032000 2665.633789 2796.355713
552 12.055000 2665.633789 2791.655518
553 12.071000 2665.633789 2786.038086
554 12.095000 2665.633789 2782.660400
555 12.121000 2665.633789 2781.227783
556 12.143000 2665.633789 2776.353760
557 12.168000 2665.633789 2775.054932
558 12.189000 2665.633789 2774.376953
559 12.212000 2665.633789 2769.749268
560 12.234000 2665.633789 2768.650635
561 12.258000 2665.633789 2786.118164
562 12.281000 2665.633789 2773.088867
563 12.304000 2665.633789 2793.460205
564 12.325000 2665.633789 2779.258789
565 12.345000 2665.633789 2774.524414
566 12.369000 2665.633789 2772.492432
567 12.392000 2665.633789 2770.235107
568 12.416000 2665.633789 2769.485840
569 12.438000 2665.633789 2769.375732
570 12.460000 2665.633789 2767.606201
571 12.483000 2665.633789 2776.979004
572 12.503000 2665.633789 2769.762695
573 12.526000 2665.633789 2769.358154
574 12.546000 2665.633789 2767.987793
575 12.568000 2665.633789 2767.987793
576 12.590000 2665.633789 2770.902100
577 12.609000 2665.633789 2767.412842
578 12.630000 2665.633789 2765.457764
579 12.650000 2665.633789 2765.150635
580 12.672000 2665.633789 2764.727783
581 12.694000 2665.633789 2764.403076
582 12.714000 2665.633789 2776.249023
583 12.737000 2665.633789 2783.340576
584 12.761000 2665.633789 2777.350342
585 12.784000 2665.633789 2778.584717
586 12.809000 2665.633789 2777.903076
587 12.832000 2665.633789 2776.762695
588 12.854000 2665.633789 2782.815430
589 12.876000 2665.633789 2781.207275
590 12.899000 2665.633789 2794.463379
591 12.919000 2665.633789 2788.436035
592 12.941000 2665.633789 2787.099609
593 12.960000 2665.633789 2790.227783
594 12.980000 2665.633789 2787.506592
595 13.002000 2665.633789 2780.271484
596 13.024000 2665.633789 2779.640869
597 13.046000 2665.633789 2776.785400
598 13.066000 2665.633789 2782.749023
599 13.090000 2665.633789 2782.365234
600 13.110000 2665.633789 2778.474365
601 13.132000 2665.633789 2791.187744
602 13.156000 2665.633789 2796.590576
603 13.179000 2665.633789 2793.099365
604 13.200000 2665.633789 2790.019775
605 13.222000 2665.633789 2785.197266
606 13.244000 2665.633789 2783.696777
607 13.267000 2665.633789 2780.484619
608 13.292000 2665.633789 2779.715820
609 13.317000 2665.633789 2796.589600
610 13.338000 2665.633789 2800.289063
611 13.363000 2665.633789 2792.889160
612 13.385000 2665.633789 2791.640869
613 13.410000 2665.633789 2789.818848
614 13.434000 2665.633789 2804.344971
615 13.458000 2665.633789 2818.271484
616 13.480000 2665.633789 2816.038086
617 13.505000 2665.633789 2800.060303
618 13.529000 2665.633789 2795.165039
619 13.548000 2665.633789 2791.935547
620 13.570000 2665.633789 2785.292480
621 13.593000 2665.633789 2784.586670
622 13.614000 2665.633789 2785.460938
623 13.632000 2665.633789 2784.747559
624 13.654000 2665.633789 2783.599121
625 13.678000 2665.633789 2783.081787
626 13.701000 2665.633789 2779.034912
627 13.722000 2665.633789 2779.034668
628 13.746000 2665.633789 2777.871338
629 13.770000 2665.633789 2775.353760
630 13.793000 2665.633789 2774.620605
631 13.812000 2665.633789 2773.965820
632 13.833000 2665.633789 2772.924805
633 13.857000 2665.633789 2772.924805
634 13.880000 2665.633789 2780.686035
635 13.902000 2665.633789 2779.541992
636 13.926000 2665.633789 2779.251221
637 13.947000 2665.633789 2794.000244
638 13.971000 2665.633789 2785.308350
639 13.993000 2665.633789 2783.553223
640 14.017000 2665.633789 2783.847412
641 14.039000 2665.633789 2783.249268
642 14.063000 2665.633789 2782.456543
643 14.087000 2665.633789 2782.456543
644 14.113000 2665.633789 2790.022217
645 14.137000 2665.633789 2787.785889
646 14.159000 2665.633789 2784.564697
647 14.182000 2665.633789 2784.690674
648 14.205000 2665.633789 2781.140869
649 14.229000 2665.633789 2781.140869
650 14.252000 2665.633789 2779.723633
651 14.274000 2665.633789 2778.931885
652 14.296000 2665.633789 2777.832520
653 14.320000 2665.633789 2775.875977
654 14.339000 2665.633789 2775.360107
655 14.359000 2665.633789 2784.506836
656 14.384000 2665.633789 2776.168945
657 14.413000 2665.633789 2794.363037
658 14.441000 2665.633789 2782.672607
659 14.469000 2665.633789 2781.381348
660 14.493000 2665.633789 2779.844482
661 14.518000 2665.633789 2795.125000
662 14.540000 2665.633789 2792.955566
663 14.561000 2665.633789 2785.085205
664 14.585000 2665.633789 2793.034668
665 14.609000 2665.633789 2785.215332
666 14.632000 2665.633789 2785.236572
667 14.657000 2665.633789 2784.761963
668 14.676000 2665.633789 2790.790039
669 14.700000 2665.633789 2783.682129
670 14.723000 2665.633789 2796.363037
671 14.743000 2665.633789 2786.765381
672 14.766000 2665.633789 2786.159912
673 14.791000 2665.633789 2782.708740
674 14.813000 2665.633789 2778.159424
675 14.837000 2665.633789 2777.992188
676 14.862000 2665.633789 2779.710693
677 14.884000 2665.633789 2779.710693
678 14.908000 2665.633789 2779.113037
679 14.929000 2665.633789 2791.918457
680 14.951000 2665.633789 2790.624756
681 14.975000 2665.633789 2795.954102
682 14.995000 2665.633789 2804.540527
683 15.015000 2665.633789 2800.863037
684 15.039000 2665.633789 2796.932861
685 15.062000 2665.633789 2795.120605
686 15.084000 2665.633789 2792.313232
687 15.104000 2665.633789 2790.293457
688 15.129000 2665.633789 2784.070068
689 15.152000 2665.633789 2784.009766
690 15.176000 2665.633789 2781.754883
691 15.199000 2665.633789 2781.583496
692 15.222000 2665.633789 2777.606934
693 15.244000 2665.633789 2777.216309
694 15.265000 2665.633789 2776.451904
695 15.284000 2665.633789 2774.622070
696 15.308000 2665.633789 2772.845703
697 15.330000 2665.633789 2772.361816
698 15.347000 2665.633789 2787.786621
699 15.372000 2665.633789 2792.998535
700 15.391000 2665.633789 2784.273438
701 15.415000 2665.633789 2782.682861
702 15.434000 2665.633789 2779.518799
703 15.455000 2665.633789 2778.150879
704 15.475000 2665.633789 2777.329346
705 15.497000 2665.633789 2776.808105
706 15.515000 2665.633789 2776.554932
707 15.536000 2665.633789 2776.162109
708 15.556000 2665.633789 2792.220703
709 15.575000 2665.633789 2785.768555
710 15.596000 2665.633789 2798.268799
711 15.617000 2665.633789 2786.136963
712 15.640000 2665.633789 2784.603027
713 15.661000 2665.633789 2782.341553
714 15.680000 2665.633789 2799.492432
715 15.704000 2665.633789 2790.420654
716 15.722000 2665.633789 2785.997803
717 15.743000 2665.633789 2794.345703
718 15.769000 2665.633789 2790.171631
719 15.791000 2665.633789 2789.083984
720 15.816000 2665.633789 2785.040527
721 15.839000 2665.633789 2783.244629
722 15.863000 2665.633789 2777.917236
723 15.882000 2665.633789 2777.440674
724 15.903000 2665.633789 2777.214355
725 15.926000 2665.633789 2776.775391
726 15.947000 2665.633789 2776.089355
727 15.969000 2665.633789 2776.089355
728 15.989000 2665.633789 2775.596924
729 16.008000 2665.633789 2784.072510
730 16.029000 2665.633789 2788.789307
731 16.053000 2665.633789 2783.468018
732 16.073000 2665.633789 2782.414795
733 16.093000 2665.633789 2780.971924
734 16.116000 2665.633789 2798.939941
735 16.137000 2665.633789 2794.948486
736 16.157000 2665.633789 2803.439697
737 16.181000 2665.633789 2798.021973
738 16.207000 2665.633789 2796.095703
739 16.230000 2665.633789 2801.075684
740 16.251000 2665.633789 2793.819336
741 16.272000 2665.633789 2791.226318
742 16.293000 2665.633789 2791.104736
743 16.313000 2665.633789 2789.393555
744 16.336000 2665.633789 2789.891357
745 16.362000 2665.633789 2791.239746
746 16.384000 2665.633789 2789.759033
747 16.405000 2665.633789 2789.500244
748 16.427000 2665.633789 2787.516846
749 16.446000 2665.633789 2798.499268
750 16.467000 2665.633789 2794.023682
751 16.488000 2665.633789 2809.349121
