0 0.000000 24698.500000 26907.812500
1 0.003000 24284.322266 26907.812500
2 0.011000 24171.462891 27658.726563
3 0.014000 24047.019531 27088.035156
4 0.017000 24047.019531 28347.427734
5 0.020000 23607.865234 28263.482422
6 0.024000 23607.865234 27683.884766
7 0.027000 23244.644531 27745.158203
8 0.030000 22798.941406 29015.873047
9 0.033000 22798.941406 29972.685547
10 0.036000 22798.941406 30613.730469
11 0.039000 22530.375000 30770.494141
12 0.042000 22129.355469 31874.341797
13 0.045000 22129.355469 32270.294922
14 0.049000 22070.712891 33149.175781
15 0.052000 22070.712891 32513.880859
16 0.056000 22070.712891 33692.210938
17 0.059000 22070.712891 34087.343750
18 0.062000 22070.712891 32892.765625
19 0.065000 22070.712891 32073.927734
20 0.069000 22070.712891 33048.523438
21 0.072000 21993.158203 33486.808594
22 0.075000 21955.617188 33355.023438
23 0.078000 21955.617188 32730.945313
24 0.080000 21955.617188 33706.707031
25 0.083000 21955.617188 33240.160156
26 0.087000 21955.617188 32611.533203
27 0.091000 21955.617188 32178.398438
28 0.094000 21955.617188 33194.074219
29 0.097000 21955.617188 33766.558594
30 0.101000 21829.214844 34733.605469
31 0.104000 21829.214844 35171.097656
32 0.108000 21829.214844 35412.496094
33 0.111000 21829.214844 34610.898438
34 0.115000 21743.435547 34882.164063
35 0.119000 21743.435547 34524.121094
36 0.123000 21743.435547 34272.472656
37 0.126000 21743.435547 33289.511719
38 0.129000 21743.435547 32768.718750
39 0.132000 21743.435547 33758.160156
40 0.135000 21743.435547 34886.746094
41 0.138000 21743.435547 35088.128906
42 0.141000 21743.435547 35650.390625
43 0.144000 21743.435547 38458.093750
44 0.148000 21743.435547 38104.085938
45 0.151000 21743.435547 37099.203125
46 0.154000 21743.435547 37754.511719
47 0.158000 21743.435547 37414.433594
48 0.161000 21743.435547 35705.332031
49 0.166000 21743.435547 35982.687500
50 0.169000 21743.435547 35422.910156
51 0.172000 21743.435547 35263.691406
52 0.176000 21743.435547 35152.765625
53 0.180000 21743.435547 35128.914063
54 0.183000 21743.435547 34167.378906
55 0.187000 21743.435547 32632.589844
56 0.190000 21743.435547 33843.175781
57 0.194000 21743.435547 34102.433594
58 0.198000 21743.435547 33567.175781
59 0.202000 21743.435547 33381.394531
60 0.205000 21743.435547 33452.988281
61 0.208000 21743.435547 33245.226563
62 0.212000 21743.435547 33673.421875
63 0.215000 21743.435547 33462.246094
64 0.218000 21743.435547 32752.687500
65 0.221000 21743.435547 32584.841797
66 0.224000 21743.435547 33643.164063
67 0.228000 21743.435547 33921.574219
68 0.231000 21743.435547 33239.218750
69 0.234000 21743.435547 33153.269531
70 0.237000 21743.435547 32132.654297
71 0.240000 21743.435547 32924.859375
72 0.244000 21743.435547 31756.697266
73 0.247000 21743.435547 32454.890625
74 0.250000 21743.435547 33010.984375
75 0.253000 21743.435547 34038.503906
76 0.256000 21743.435547 33343.777344
77 0.261000 21743.435547 33843.773438
78 0.265000 21743.435547 32396.632813
79 0.268000 21743.435547 32528.421875
80 0.271000 21743.435547 33293.609375
81 0.275000 21743.435547 36146.890625
82 0.278000 21743.435547 35069.386719
83 0.281000 21743.435547 36187.878906
84 0.285000 21743.435547 35109.421875
85 0.289000 21743.435547 34614.835938
86 0.296000 21743.435547 33808.300781
87 0.300000 21743.435547 32563.314453
88 0.303000 21743.435547 33688.640625
89 0.306000 21743.435547 34215.925781
90 0.310000 21743.435547 36279.816406
91 0.313000 21743.435547 37485.652344
92 0.316000 21743.435547 36834.937500
93 0.319000 21743.435547 36053.355469
94 0.322000 21743.435547 34948.226563
95 0.329000 21743.435547 34254.488281
96 0.331000 21743.435547 35251.187500
97 0.335000 21743.435547 35086.785156
98 0.340000 21743.435547 36179.664063
99 0.343000 21743.435547 36583.550781
100 0.346000 21743.435547 36362.761719
101 0.349000 21743.435547 36938.246094
102 0.353000 21743.435547 36070.546875
103 0.358000 21743.435547 37418.578125
104 0.362000 21743.435547 36555.003906
105 0.365000 21743.435547 37810.933594
106 0.368000 21743.435547 37636.453125
107 0.371000 21743.435547 36964.800781
108 0.375000 21743.435547 36332.472656
109 0.378000 21743.435547 36323.339844
110 0.381000 21743.435547 36411.671875
111 0.385000 21743.435547 35245.503906
112 0.391000 21743.435547 35406.328125
113 0.394000 21743.435547 36928.878906
114 0.397000 21743.435547 36870.593750
115 0.400000 21743.435547 34871.441406
116 0.403000 21743.435547 36462.871094
117 0.406000 21743.435547 36524.386719
118 0.410000 21743.435547 35912.703125
119 0.413000 21743.435547 35188.015625
120 0.416000 21743.435547 35688.925781
121 0.419000 21743.435547 34330.246094
122 0.422000 21743.435547 34348.792969
123 0.425000 21743.435547 33617.906250
124 0.428000 21743.435547 32962.113281
125 0.431000 21743.435547 34089.023438
126 0.435000 21743.435547 33125.683594
127 0.438000 21743.435547 34324.421875
128 0.442000 21743.435547 35324.968750
129 0.445000 21743.435547 35340.511719
130 0.449000 21743.435547 34902.808594
131 0.454000 21743.435547 34699.449219
132 0.457000 21743.435547 34292.789063
133 0.461000 21743.435547 34312.789063
134 0.465000 21743.435547 34400.390625
135 0.469000 21743.435547 34186.546875
136 0.472000 21743.435547 35365.085938
137 0.476000 21743.435547 34968.484375
138 0.479000 21743.435547 34941.921875
139 0.482000 21743.435547 35516.058594
140 0.486000 21743.435547 34528.800781
141 0.490000 21743.435547 34946.343750
142 0.493000 21743.435547 34484.636719
143 0.496000 21743.435547 34088.128906
144 0.499000 21743.435547 34707.847656
145 0.503000 21743.435547 34557.210938
146 0.506000 21743.435547 33725.914063
147 0.509000 21743.435547 32891.015625
148 0.513000 21743.435547 34190.175781
149 0.517000 21743.435547 33104.992188
150 0.521000 21743.435547 33534.691406
151 0.524000 21743.435547 34792.761719
152 0.527000 21743.435547 34829.378906
153 0.530000 21743.435547 35364.425781
154 0.533000 21743.435547 34435.277344
155 0.536000 21743.435547 35771.320313
156 0.539000 21743.435547 35187.324219
157 0.543000 21743.435547 35915.488281
158 0.547000 21743.435547 34901.863281
159 0.550000 21743.435547 34450.835938
160 0.553000 21743.435547 34114.843750
161 0.556000 21743.435547 34540.027344
162 0.560000 21743.435547 34435.199219
163 0.564000 21743.435547 34409.074219
164 0.568000 21743.435547 34787.253906
165 0.571000 21743.435547 36104.414063
166 0.574000 21743.435547 35594.207031
167 0.578000 21743.435547 35514.718750
168 0.581000 21743.435547 35443.535156
169 0.584000 21743.435547 34917.500000
170 0.587000 21743.435547 34219.914063
171 0.591000 21743.435547 34202.359375
172 0.595000 21743.435547 36522.660156
173 0.597000 21743.435547 36165.863281
174 0.601000 21743.435547 37455.519531
175 0.604000 21743.435547 36681.406250
176 0.607000 21743.435547 36149.265625
177 0.614000 21743.435547 35172.109375
178 0.618000 21743.435547 35383.015625
179 0.622000 21743.435547 34808.484375
180 0.626000 21743.435547 35461.558594
181 0.630000 21743.435547 34784.183594
182 0.634000 21743.435547 34109.140625
183 0.637000 21743.435547 34620.687500
184 0.641000 21743.435547 33905.351563
185 0.648000 21743.435547 34381.839844
186 0.651000 21743.435547 34380.714844
187 0.654000 21743.435547 34319.574219
188 0.657000 21743.435547 34673.050781
189 0.660000 21743.435547 33646.316406
190 0.663000 21743.435547 33501.191406
191 0.667000 21743.435547 33605.789063
192 0.670000 21743.435547 33241.488281
193 0.674000 21743.435547 32984.496094
194 0.678000 21743.435547 32520.740234
195 0.681000 21743.435547 31737.675781
196 0.684000 21743.435547 31780.785156
197 0.688000 21743.435547 30984.517578
198 0.693000 21743.435547 31157.546875
199 0.697000 21743.435547 31398.505859
200 0.701000 21743.435547 31028.136719
201 0.704000 21743.435547 31851.712891
202 0.707000 21743.435547 32264.789063
203 0.710000 21743.435547 32516.970703
204 0.714000 21743.435547 32556.886719
205 0.717000 21743.435547 31470.177734
206 0.720000 21743.435547 32064.742188
207 0.723000 21743.435547 32026.287109
208 0.727000 21743.435547 31903.726563
209 0.729000 21743.435547 32352.761719
210 0.732000 21743.435547 32456.855469
211 0.736000 21743.435547 33468.210938
212 0.740000 21743.435547 32486.955078
213 0.743000 21743.435547 32404.658203
214 0.746000 21743.435547 32825.410156
215 0.749000 21743.435547 32837.871094
216 0.754000 21743.435547 32654.994141
217 0.757000 21743.435547 32709.337891
218 0.760000 21743.435547 34484.066406
219 0.763000 21743.435547 35619.398438
220 0.767000 21743.435547 34620.996094
221 0.770000 21743.435547 34332.250000
222 0.807000 21743.435547 34834.488281
223 0.810000 21743.435547 35723.925781
224 0.817000 21743.435547 35274.687500
225 0.821000 21743.435547 34617.296875
226 0.824000 21743.435547 35345.585938
227 0.827000 21743.435547 35170.976563
228 0.830000 21743.435547 35514.023438
229 0.833000 21743.435547 36807.832031
230 0.837000 21743.435547 35540.019531
231 0.840000 21743.435547 36363.964844
232 0.843000 21743.435547 35819.378906
233 0.846000 21743.435547 35970.781250
234 0.850000 21743.435547 35742.898438
235 0.852000 21743.435547 34007.753906
236 0.856000 21743.435547 33834.605469
237 0.859000 21743.435547 35396.566406
238 0.862000 21743.435547 35232.273438
239 0.865000 21743.435547 34290.304688
240 0.869000 21743.435547 33143.144531
241 0.872000 21743.435547 34193.328125
242 0.875000 21743.435547 33445.289063
243 0.879000 21743.435547 34050.609375
244 0.882000 21743.435547 33036.828125
245 0.885000 21743.435547 32332.552734
246 0.888000 21743.435547 31732.919922
247 0.891000 21743.435547 33736.589844
248 0.896000 21743.435547 34794.644531
249 0.900000 21743.435547 35025.386719
250 0.903000 21743.435547 33918.878906
251 0.906000 21743.435547 33403.210938
252 0.910000 21743.435547 33728.101563
253 0.913000 21743.435547 32372.947266
254 0.917000 21743.435547 32894.230469
255 0.921000 21743.435547 33206.136719
256 0.926000 21743.435547 33270.949219
257 0.929000 21743.435547 32053.212891
258 0.932000 21743.435547 32465.720703
259 0.935000 21743.435547 31634.382813
260 0.938000 21743.435547 31725.189453
261 0.942000 21743.435547 30821.033203
262 0.946000 21743.435547 30084.849609
263 0.949000 21743.435547 33454.976563
264 0.952000 21743.435547 32796.335938
265 0.958000 21743.435547 32245.425781
266 0.961000 21743.435547 30952.890625
267 0.966000 21743.435547 32224.292969
268 0.970000 21743.435547 31852.812500
269 0.973000 21743.435547 32222.453125
270 0.977000 21743.435547 32779.117188
271 0.981000 21743.435547 32907.171875
272 0.984000 21743.435547 32735.082031
273 0.987000 21743.435547 34321.128906
274 0.992000 21743.435547 33741.656250
275 0.995000 21743.435547 34585.089844
276 0.998000 21743.435547 34210.394531
277 1.001000 21743.435547 35670.183594
278 1.005000 21743.435547 35266.710938
279 1.008000 21743.435547 35217.636719
280 1.011000 21743.435547 37465.933594
281 1.015000 21743.435547 37267.601563
282 1.018000 21743.435547 36133.136719
283 1.022000 21743.435547 35683.183594
284 1.026000 21743.435547 36852.738281
285 1.029000 21743.435547 36723.523438
286 1.033000 21743.435547 36386.808594
287 1.036000 21743.435547 35479.316406
288 1.039000 21743.435547 36253.101563
289 1.043000 21743.435547 35243.457031
290 1.046000 21743.435547 36515.601563
291 1.049000 21743.435547 37336.660156
292 1.052000 21743.435547 36071.132813
293 1.056000 21743.435547 36842.890625
294 1.059000 21743.435547 36367.363281
295 1.062000 21743.435547 35527.710938
296 1.066000 21743.435547 35202.496094
297 1.076000 21743.435547 36776.113281
298 1.080000 21743.435547 37239.300781
299 1.084000 21743.435547 36446.925781
300 1.088000 21743.435547 36326.601563
301 1.091000 21743.435547 36378.710938
302 1.095000 21743.435547 37129.906250
303 1.099000 21743.435547 38244.378906
304 1.104000 21743.435547 37532.503906
305 1.108000 21743.435547 37463.156250
306 1.112000 21743.435547 37172.097656
307 1.116000 21743.435547 36382.570313
308 1.119000 21743.435547 35976.636719
309 1.123000 21743.435547 34595.546875
310 1.127000 21743.435547 35259.398438
311 1.130000 21743.435547 35421.761719
312 1.135000 21743.435547 36553.953125
313 1.139000 21743.435547 36260.703125
314 1.142000 21743.435547 36567.953125
315 1.146000 21743.435547 36390.015625
316 1.150000 21743.435547 35781.582031
317 1.153000 21743.435547 35904.582031
318 1.157000 21743.435547 36885.597656
319 1.161000 21743.435547 36125.445313
320 1.165000 21743.435547 35515.238281
321 1.168000 21743.435547 34363.058594
322 1.171000 21743.435547 35743.261719
323 1.174000 21743.435547 35659.843750
324 1.178000 21743.435547 36701.921875
325 1.181000 21743.435547 35831.996094
326 1.184000 21743.435547 35205.531250
327 1.188000 21743.435547 34015.531250
328 1.191000 21743.435547 34203.816406
329 1.194000 21743.435547 34875.968750
330 1.198000 21743.435547 35304.125000
331 1.200000 21743.435547 35412.414063
332 1.204000 21743.435547 37757.800781
333 1.207000 21743.435547 37465.964844
334 1.211000 21743.435547 36727.648438
335 1.215000 21743.435547 36202.476563
336 1.219000 21743.435547 35600.378906
337 1.222000 21743.435547 37287.167969
338 1.225000 21743.435547 35508.746094
339 1.228000 21743.435547 34380.566406
340 1.232000 21743.435547 35555.902344
341 1.235000 21743.435547 35004.105469
342 1.239000 21743.435547 34125.988281
343 1.242000 21743.435547 33676.238281
344 1.247000 21743.435547 34429.769531
345 1.250000 21743.435547 33937.660156
346 1.253000 21743.435547 34731.968750
347 1.257000 21743.435547 34669.718750
348 1.261000 21743.435547 33955.089844
349 1.265000 21743.435547 33863.875000
350 1.268000 21743.435547 34296.074219
351 1.271000 21743.435547 33620.746094
352 1.275000 21743.435547 32836.246094
353 1.279000 21743.435547 33187.593750
354 1.282000 21743.435547 33459.894531
355 1.285000 21743.435547 33789.933594
356 1.288000 21743.435547 33079.949219
357 1.295000 21743.435547 33924.968750
358 1.298000 21743.435547 33515.148438
359 1.302000 21743.435547 35825.039063
360 1.305000 21743.435547 36146.078125
361 1.309000 21743.435547 36096.695313
362 1.312000 21743.435547 35025.402344
363 1.315000 21743.435547 34935.015625
364 1.318000 21743.435547 35307.414063
365 1.322000 21743.435547 34837.285156
366 1.327000 21743.435547 33805.312500
367 1.329000 21743.435547 33889.351563
368 1.333000 21743.435547 32989.902344
369 1.337000 21743.435547 32857.738281
370 1.341000 21743.435547 32147.960938
371 1.345000 21743.435547 31903.892578
372 1.348000 21743.435547 33793.390625
373 1.352000 21743.435547 32691.115234
374 1.357000 21743.435547 32773.558594
375 1.361000 21743.435547 35228.851563
376 1.364000 21743.435547 34035.464844
377 1.366000 21743.435547 33629.289063
378 1.370000 21743.435547 34718.238281
379 1.373000 21743.435547 34111.789063
380 1.376000 21743.435547 34817.468750
381 1.380000 21743.435547 33578.812500
382 1.383000 21743.435547 33293.496094
383 1.386000 21743.435547 33462.601563
384 1.389000 21743.435547 34791.824219
385 1.394000 21743.435547 35838.433594
386 1.396000 21743.435547 35723.140625
387 1.400000 21743.435547 35970.558594
388 1.404000 21743.435547 35398.242188
389 1.408000 21743.435547 35968.324219
390 1.411000 21743.435547 35624.285156
391 1.415000 21743.435547 35056.164063
392 1.419000 21743.435547 35440.300781
393 1.422000 21743.435547 35190.390625
394 1.426000 21743.435547 33699.996094
395 1.429000 21743.435547 32977.730469
396 1.433000 21743.435547 32300.974609
397 1.436000 21743.435547 32958.406250
398 1.439000 21743.435547 33499.773438
399 1.444000 21743.435547 33593.164063
400 1.446000 21743.435547 32924.660156
401 1.451000 21743.435547 33565.453125
402 1.455000 21743.435547 33873.453125
403 1.459000 21743.435547 32836.074219
404 1.462000 21743.435547 31874.238281
405 1.467000 21743.435547 31466.365234
406 1.470000 21743.435547 32115.884766
407 1.473000 21743.435547 32383.787109
408 1.476000 21743.435547 33500.437500
409 1.481000 21743.435547 33631.910156
410 1.484000 21743.435547 34442.695313
411 1.487000 21743.435547 36292.093750
412 1.490000 21743.435547 35370.863281
413 1.493000 21743.435547 34605.640625
414 1.498000 21743.435547 34945.105469
415 1.501000 21743.435547 34453.152344
416 1.504000 21743.435547 33330.914063
417 1.507000 21743.435547 35695.019531
418 1.510000 21743.435547 36260.015625
419 1.514000 21743.435547 34651.800781
420 1.518000 21743.435547 36103.851563
421 1.521000 21743.435547 36226.902344
422 1.524000 21743.435547 35096.667969
423 1.528000 21743.435547 35830.425781
424 1.532000 21743.435547 37603.550781
425 1.536000 21743.435547 37309.972656
426 1.539000 21743.435547 36796.203125
427 1.542000 21743.435547 38369.433594
428 1.546000 21743.435547 39426.351563
429 1.550000 21743.435547 36728.550781
430 1.553000 21743.435547 36588.023438
431 1.557000 21743.435547 35887.296875
432 1.560000 21743.435547 35575.890625
433 1.563000 21743.435547 34924.390625
434 1.566000 21743.435547 35598.113281
435 1.570000 21743.435547 38356.710938
436 1.573000 21743.435547 36322.410156
437 1.579000 21743.435547 36320.257813
438 1.582000 21743.435547 35699.648438
439 1.585000 21743.435547 36244.328125
440 1.589000 21743.435547 35015.097656
441 1.594000 21743.435547 33904.078125
442 1.598000 21743.435547 33999.191406
443 1.601000 21743.435547 34325.980469
444 1.604000 21743.435547 33254.226563
445 1.608000 21743.435547 32858.976563
446 1.611000 21743.435547 33109.808594
447 1.614000 21743.435547 32890.667969
448 1.617000 21743.435547 33111.761719
449 1.621000 21743.435547 32970.421875
450 1.626000 21743.435547 33999.074219
451 1.629000 21743.435547 34543.289063
452 1.632000 21743.435547 33892.613281
453 1.635000 21743.435547 32233.757813
454 1.638000 21743.435547 33165.164063
455 1.642000 21743.435547 34375.238281
456 1.645000 21743.435547 34550.773438
457 1.649000 21743.435547 34540.429688
458 1.652000 21743.435547 33771.308594
459 1.655000 21743.435547 35363.183594
460 1.659000 21743.435547 34026.460938
461 1.663000 21743.435547 34052.984375
462 1.666000 21743.435547 33588.082031
463 1.669000 21743.435547 32829.054688
464 1.672000 21743.435547 33826.871094
465 1.676000 21743.435547 33592.710938
466 1.679000 21743.435547 33030.125000
467 1.683000 21743.435547 31940.320313
468 1.686000 21743.435547 32695.054688
469 1.689000 21743.435547 32130.064453
470 1.693000 21743.435547 32440.312500
471 1.696000 21743.435547 32895.835938
472 1.700000 21743.435547 32109.402344
473 1.703000 21743.435547 31672.498047
474 1.706000 21743.435547 31324.982422
475 1.710000 21743.435547 31770.154297
476 1.714000 21743.435547 33185.164063
477 1.718000 21743.435547 34124.441406
478 1.721000 21743.435547 33127.554688
479 1.724000 21743.435547 33237.718750
480 1.727000 21743.435547 33456.328125
481 1.731000 21743.435547 33025.921875
482 1.734000 21743.435547 32926.425781
483 1.737000 21743.435547 32314.613281
484 1.741000 21743.435547 32745.585938
485 1.744000 21743.435547 34561.234375
486 1.748000 21743.435547 35627.148438
487 1.751000 21743.435547 36069.851563
488 1.754000 21743.435547 36386.851563
489 1.757000 21743.435547 36686.074219
490 1.760000 21743.435547 37670.632813
491 1.764000 21743.435547 37429.371094
492 1.767000 21743.435547 35750.781250
493 1.771000 21743.435547 35710.101563
494 1.774000 21743.435547 36199.394531
495 1.778000 21743.435547 34835.398438
496 1.781000 21743.435547 34811.144531
497 1.785000 21743.435547 34127.113281
498 1.789000 21743.435547 32999.464844
499 1.794000 21743.435547 34586.441406
500 1.798000 21743.435547 35103.484375
501 1.801000 21743.435547 35562.292969
502 1.805000 21743.435547 35437.671875
503 1.808000 21743.435547 35438.335938
504 1.812000 21743.435547 34147.613281
505 1.816000 21743.435547 34358.796875
506 1.819000 21743.435547 35559.308594
507 1.822000 21743.435547 36335.882813
508 1.826000 21743.435547 35089.164063
509 1.829000 21743.435547 35233.226563
510 1.832000 21743.435547 35014.460938
511 1.835000 21743.435547 34818.574219
512 1.838000 21743.435547 34070.539063
513 1.842000 21743.435547 33453.160156
514 1.845000 21743.435547 32767.966797
515 1.848000 21743.435547 33211.621094
516 1.852000 21743.435547 34150.179688
517 1.855000 21743.435547 34451.925781
518 1.861000 21743.435547 34346.359375
519 1.864000 21743.435547 36545.507813
520 1.868000 21743.435547 36135.703125
521 1.871000 21743.435547 36013.503906
522 1.878000 21743.435547 37304.558594
523 1.881000 21743.435547 38476.609375
524 1.884000 21743.435547 36485.843750
525 1.887000 21743.435547 37070.714844
526 1.891000 21743.435547 36666.359375
527 1.894000 21743.435547 36804.140625
528 1.897000 21743.435547 36183.371094
529 1.900000 21743.435547 35555.449219
530 1.903000 21743.435547 34757.578125
531 1.907000 21743.435547 34381.433594
532 1.911000 21743.435547 34505.031250
533 1.914000 21743.435547 35609.605469
534 1.917000 21743.435547 35356.703125
