0 0.000000 45527.203125 47113.843750
1 0.079000 43200.355469 47113.843750
2 0.185000 43114.292969 56722.363281
3 0.278000 42854.765625 52472.636719
4 0.362000 42350.023438 61520.539063
5 0.449000 41793.949219 69449.218750
6 0.546000 41772.664063 72589.476563
7 0.635000 41661.742188 71421.382813
8 0.758000 41661.742188 70481.718750
9 0.849000 41593.550781 74922.781250
10 0.938000 41196.070313 73785.593750
11 1.034000 41191.296875 80129.226563
12 1.134000 40980.679688 80803.312500
13 1.229000 40970.917969 78885.656250
14 1.318000 40950.171875 76204.632813
15 1.414000 40678.417969 77390.773438
16 1.494000 40639.003906 77972.007813
17 1.587000 40639.003906 78021.257813
18 1.675000 40639.003906 78078.976563
19 1.765000 40639.003906 80729.062500
20 1.839000 40639.003906 76546.429688
21 1.927000 40639.003906 86942.101563
22 2.012000 40639.003906 90738.671875
23 2.101000 40639.003906 85976.437500
24 2.189000 40639.003906 80488.171875
25 2.281000 40639.003906 83006.421875
26 2.376000 40639.003906 82086.492188
27 2.501000 40639.003906 79693.789063
28 2.609000 40438.414063 79631.210938
29 2.704000 40318.511719 76555.117188
30 2.794000 40318.511719 76816.273438
31 2.878000 40318.511719 83567.179688
32 2.977000 40231.375000 80709.367188
33 3.074000 40231.375000 82734.687500
34 3.162000 40231.375000 80763.257813
35 3.257000 40231.375000 83765.507813
36 3.351000 40231.375000 83640.507813
37 3.455000 40231.375000 83246.929688
38 3.535000 40231.375000 79241.953125
39 3.627000 40231.375000 80256.781250
40 3.725000 40231.375000 84846.328125
41 3.801000 40231.375000 86685.851563
42 3.874000 40231.375000 88145.500000
43 3.965000 40231.375000 87932.289063
44 4.065000 40231.375000 88926.406250
45 4.150000 40231.375000 96754.546875
46 4.238000 40231.375000 91862.007813
47 4.340000 40231.375000 89436.140625
48 4.419000 40231.375000 82506.890625
49 4.510000 40231.375000 82680.609375
50 4.606000 40231.375000 83760.546875
51 4.678000 40231.375000 89532.921875
52 4.758000 40231.375000 90552.023438
53 4.858000 40231.375000 90089.132813
54 4.932000 40231.375000 92852.867188
55 5.033000 40231.375000 88777.351563
56 5.119000 40231.375000 87012.812500
57 5.202000 40231.375000 89220.000000
58 5.288000 40231.375000 94651.820313
59 5.377000 40231.375000 93847.117188
60 5.474000 40231.375000 94977.148438
61 5.581000 40231.375000 95720.843750
62 5.669000 40231.375000 95860.570313
63 5.778000 40231.375000 94945.906250
64 5.872000 40231.375000 89054.179688
65 5.980000 40231.375000 88334.632813
66 6.060000 40231.375000 84576.070313
67 6.134000 40231.375000 85749.859375
68 6.209000 40231.375000 81217.101563
69 6.296000 40231.375000 86467.859375
70 6.384000 40231.375000 89524.476563
71 6.484000 40231.375000 86380.906250
72 6.617000 40231.375000 82412.117188
73 6.718000 40231.375000 85894.593750
74 6.805000 40231.375000 81870.101563
75 6.884000 40231.375000 79686.640625
76 6.982000 40231.375000 85640.710938
77 7.087000 40231.375000 84299.281250
78 7.199000 40231.375000 82670.992188
79 7.306000 40231.375000 88310.523438
80 7.403000 40231.375000 82526.382813
81 7.525000 40231.375000 89095.460938
82 7.618000 40231.375000 86650.273438
83 7.707000 40231.375000 86506.812500
84 7.803000 40231.375000 87040.546875
85 7.902000 40231.375000 80003.296875
86 7.991000 40231.375000 83140.101563
87 8.076000 40231.375000 89197.671875
88 8.158000 40231.375000 94383.468750
89 8.254000 40231.375000 97493.851563
90 8.345000 40231.375000 105325.867188
91 8.445000 40231.375000 102191.859375
92 8.540000 40231.375000 90681.882813
93 8.643000 40231.375000 92178.062500
94 8.756000 40231.375000 92035.578125
95 8.851000 40231.375000 86232.078125
96 8.964000 40231.375000 88149.093750
97 9.045000 40231.375000 83913.179688
98 9.132000 40231.375000 87028.226563
99 9.228000 40231.375000 81753.835938
100 9.308000 40231.375000 84654.570313
101 9.396000 40231.375000 81955.429688
102 9.494000 40231.375000 82622.039063
103 9.578000 40231.375000 87664.976563
104 9.681000 40231.375000 86494.406250
105 9.769000 40231.375000 89819.078125
106 9.855000 40231.375000 90414.820313
107 9.953000 40231.375000 89386.359375
108 10.052000 40231.375000 89798.937500
109 10.165000 40231.375000 87550.437500
110 10.257000 40231.375000 89557.859375
111 10.343000 40231.375000 88358.406250
112 10.440000 40231.375000 88113.546875
113 10.532000 40231.375000 86106.710938
114 10.629000 40231.375000 84367.703125
115 10.755000 40231.375000 88275.781250
116 10.833000 40231.375000 84206.757813
117 10.925000 40231.375000 97675.789063
118 11.012000 40231.375000 98404.960938
119 11.108000 40231.375000 94427.648438
120 11.190000 40231.375000 91907.117188
121 11.290000 40231.375000 96371.250000
122 11.384000 40231.375000 93136.000000
123 11.471000 40231.375000 88868.789063
124 11.569000 40231.375000 86454.109375
125 11.676000 40231.375000 84428.296875
126 11.759000 40231.375000 82108.273438
127 11.850000 40231.375000 82887.179688
128 11.946000 40231.375000 92397.796875
129 12.085000 40231.375000 81846.960938
130 12.193000 40231.375000 80492.859375
131 12.282000 40231.375000 81757.015625
132 12.364000 40231.375000 86258.593750
133 12.466000 40231.375000 82871.156250
134 12.557000 40231.375000 88973.062500
135 12.639000 40231.375000 86422.742188
136 12.725000 40231.375000 87844.609375
137 12.813000 40231.375000 87916.796875
138 12.901000 40231.375000 90377.523438
139 12.997000 40231.375000 91493.132813
140 13.091000 40231.375000 88042.132813
141 13.179000 40231.375000 92390.140625
142 13.264000 40231.375000 95027.109375
143 13.345000 40231.375000 92003.367188
144 13.436000 40231.375000 93431.109375
145 13.547000 40231.375000 94694.953125
146 13.644000 40231.375000 91253.468750
147 13.728000 40231.375000 94655.109375
148 13.816000 40231.375000 92659.789063
149 13.912000 40231.375000 94771.187500
150 14.002000 40231.375000 92190.828125
151 14.092000 40231.375000 93090.046875
152 14.167000 40231.375000 92335.187500
153 14.264000 40231.375000 101215.429688
154 14.349000 40231.375000 93937.648438
155 14.433000 40231.375000 95440.492188
156 14.524000 40231.375000 91372.343750
157 14.614000 40231.375000 91103.882813
158 14.706000 40231.375000 87168.687500
159 14.792000 40231.375000 85657.953125
160 14.893000 40231.375000 85048.218750
161 14.983000 40231.375000 87318.273438
162 15.060000 40231.375000 85781.679688
163 15.169000 40231.375000 84793.109375
164 15.263000 40231.375000 77217.546875
165 15.355000 40231.375000 74988.093750
166 15.442000 40231.375000 73687.218750
167 15.533000 40231.375000 79922.320313
168 15.634000 40231.375000 78133.375000
169 15.733000 40231.375000 75783.398438
170 15.835000 40231.375000 80016.085938
171 15.930000 40231.375000 80606.812500
172 16.023000 40231.375000 79049.421875
173 16.120000 40231.375000 78692.812500
174 16.234000 40231.375000 79977.218750
175 16.315000 40231.375000 78728.281250
176 16.404000 40231.375000 75224.976563
177 16.497000 40231.375000 80389.578125
178 16.580000 40231.375000 83187.812500
179 16.659000 40231.375000 77213.789063
180 16.756000 40231.375000 77613.867188
181 16.848000 40231.375000 80288.359375
182 16.938000 40231.375000 80459.898438
183 17.021000 40231.375000 90510.867188
184 17.104000 40231.375000 90012.023438
185 17.197000 40231.375000 84436.460938
186 17.280000 40231.375000 83778.273438
187 17.373000 40231.375000 82038.257813
188 17.455000 40231.375000 81611.234375
189 17.558000 40231.375000 85358.070313
190 17.644000 40231.375000 80961.281250
191 17.748000 40231.375000 88049.289063
192 17.840000 40231.375000 86440.882813
193 17.919000 40231.375000 84888.367188
194 18.020000 40231.375000 84294.953125
195 18.106000 40231.375000 81227.671875
196 18.194000 40231.375000 81186.671875
197 18.283000 40231.375000 83024.867188
198 18.385000 40231.375000 77908.250000
199 18.482000 40231.375000 79624.078125
200 18.571000 40231.375000 81220.632813
201 18.649000 40231.375000 75687.398438
202 18.737000 40231.375000 76671.578125
203 18.853000 40231.375000 84036.796875
204 18.936000 40231.375000 81290.382813
205 19.031000 40231.375000 88211.218750
206 19.106000 40231.375000 84770.398438
207 19.200000 40231.375000 88725.421875
208 19.292000 40231.375000 85319.671875
209 19.376000 40231.375000 81215.093750
210 19.473000 40231.375000 84677.523438
211 19.598000 40231.375000 82648.093750
212 19.724000 40231.375000 85076.148438
213 19.833000 40231.375000 86333.632813
214 19.938000 40231.375000 82851.937500
215 20.034000 40231.375000 81666.835938
216 20.128000 40231.375000 90296.601563
217 20.247000 40231.375000 97185.843750
218 20.340000 40231.375000 95476.210938
219 20.428000 40231.375000 91660.820313
220 20.528000 40231.375000 99582.320313
221 20.627000 40231.375000 99498.898438
222 20.712000 40231.375000 95481.640625
223 20.807000 40231.375000 96010.898438
224 20.902000 40231.375000 92441.429688
225 20.984000 40231.375000 87720.929688
226 21.099000 40231.375000 87075.203125
227 21.191000 40231.375000 87452.296875
228 21.280000 40231.375000 89547.617188
229 21.367000 40231.375000 89680.539063
230 21.448000 40231.375000 86178.640625
231 21.533000 40231.375000 85237.609375
232 21.633000 40231.375000 87246.171875
233 21.721000 40231.375000 82243.500000
234 21.804000 40231.375000 85210.929688
235 21.886000 40231.375000 80224.796875
236 21.975000 40231.375000 79245.195313
237 22.071000 40231.375000 78571.148438
238 22.149000 40231.375000 80336.835938
239 22.247000 40231.375000 84610.476563
240 22.332000 40231.375000 91550.640625
241 22.423000 40231.375000 89211.242188
242 22.511000 40231.375000 84411.593750
243 22.604000 40231.375000 88212.156250
244 22.700000 40231.375000 87841.718750
245 22.786000 40231.375000 95036.578125
246 22.878000 40231.375000 94859.382813
247 22.990000 40231.375000 93271.007813
248 23.075000 40231.375000 85527.328125
249 23.166000 40231.375000 95818.382813
250 23.259000 40231.375000 90279.906250
251 23.347000 40231.375000 91608.953125
252 23.448000 40231.375000 92101.460938
253 23.533000 40231.375000 87714.476563
254 23.635000 40231.375000 87002.562500
255 23.747000 40231.375000 85156.398438
256 23.849000 40231.375000 82874.242188
257 23.934000 40231.375000 83804.406250
258 24.026000 40231.375000 88749.796875
259 24.108000 40231.375000 89272.179688
260 24.205000 40231.375000 89896.109375
261 24.295000 40231.375000 84189.789063
262 24.418000 40231.375000 79615.429688
263 24.508000 40231.375000 80150.773438
264 24.585000 40231.375000 77612.882813
265 24.681000 40231.375000 74426.367188
266 24.785000 40231.375000 73640.156250
267 24.869000 40231.375000 72197.742188
268 24.958000 40231.375000 85066.062500
269 25.057000 40231.375000 88551.140625
270 25.156000 40231.375000 84848.710938
271 25.246000 40231.375000 84718.390625
272 25.330000 40231.375000 92111.359375
273 25.432000 40231.375000 87887.312500
274 25.515000 40231.375000 86007.382813
275 25.612000 40231.375000 86080.671875
276 25.716000 40231.375000 86392.570313
277 25.790000 40231.375000 82360.039063
278 25.876000 40231.375000 83292.023438
279 25.965000 40231.375000 85130.070313
280 26.056000 40231.375000 92272.312500
281 26.146000 40231.375000 86314.351563
282 26.234000 40231.375000 85118.453125
283 26.321000 40231.375000 90483.093750
284 26.419000 40231.375000 91764.406250
285 26.518000 40231.375000 98394.171875
286 26.592000 40231.375000 91086.898438
287 26.679000 40231.375000 96657.312500
288 26.769000 40231.375000 94144.273438
289 26.858000 40231.375000 91249.523438
290 26.943000 40231.375000 93559.703125
291 27.034000 40231.375000 94806.453125
292 27.129000 40231.375000 97436.023438
293 27.221000 40231.375000 98655.976563
294 27.310000 40231.375000 96235.851563
295 27.404000 40231.375000 95536.906250
296 27.495000 40231.375000 102418.343750
297 27.597000 40231.375000 102611.820313
298 27.681000 40231.375000 107036.296875
299 27.796000 40231.375000 102162.320313
300 27.896000 40231.375000 97581.492188
301 27.982000 40231.375000 98172.781250
302 28.069000 40231.375000 98665.523438
303 28.150000 40231.375000 96053.179688
304 28.239000 40231.375000 94665.179688
305 28.341000 40231.375000 88144.921875
306 28.414000 40231.375000 90255.523438
307 28.495000 40231.375000 99957.242188
308 28.594000 40231.375000 94413.312500
309 28.691000 40231.375000 89600.890625
310 28.789000 40231.375000 95123.531250
311 28.893000 40231.375000 101784.570313
312 28.986000 40231.375000 99746.320313
313 29.085000 40231.375000 98433.828125
314 29.180000 40231.375000 98866.718750
315 29.267000 40231.375000 112180.593750
316 29.347000 40231.375000 104677.210938
317 29.482000 40231.375000 99617.226563
318 29.576000 40231.375000 95006.148438
319 29.661000 40231.375000 96312.328125
320 29.750000 40231.375000 93336.476563
321 29.849000 40231.375000 98702.109375
322 29.936000 40231.375000 92251.000000
323 30.032000 40231.375000 94908.156250
324 30.131000 40231.375000 90984.531250
325 30.231000 40231.375000 92378.789063
326 30.323000 40231.375000 90832.632813
327 30.407000 40231.375000 88102.992188
328 30.494000 40231.375000 90613.453125
329 30.585000 40231.375000 87237.578125
330 30.702000 40231.375000 93989.382813
331 30.788000 40231.375000 92722.601563
332 30.870000 40231.375000 94110.148438
333 30.959000 40231.375000 96288.500000
334 31.050000 40231.375000 94463.679688
335 31.140000 40231.375000 99787.296875
336 31.216000 40231.375000 103978.757813
337 31.311000 40231.375000 104414.710938
338 31.394000 40231.375000 101192.226563
339 31.481000 40231.375000 95847.031250
340 31.565000 40231.375000 93182.703125
341 31.645000 40231.375000 94503.898438
342 31.768000 40231.375000 95560.578125
343 31.836000 40231.375000 90103.609375
344 31.923000 40231.375000 89142.351563
345 32.026000 40231.375000 90449.320313
346 32.111000 40231.375000 88986.750000
347 32.202000 40231.375000 94872.710938
348 32.285000 40231.375000 90506.351563
349 32.384000 40231.375000 90257.578125
350 32.471000 40231.375000 94912.343750
351 32.558000 40231.375000 96839.070313
352 32.644000 40231.375000 92614.031250
353 32.741000 40231.375000 86553.820313
354 32.846000 40231.375000 83374.203125
355 32.928000 40231.375000 82208.898438
356 33.025000 40231.375000 80534.015625
357 33.117000 40231.375000 80716.750000
358 33.208000 40231.375000 81724.968750
359 33.297000 40231.375000 76782.945313
360 33.385000 40231.375000 74530.546875
361 33.469000 40231.375000 77171.773438
362 33.545000 40231.375000 87436.460938
363 33.651000 40231.375000 85806.960938
364 33.742000 40231.375000 105698.929688
365 33.831000 40231.375000 97978.218750
366 33.930000 40231.375000 89053.203125
367 34.032000 40231.375000 87799.062500
368 34.120000 40231.375000 85891.078125
369 34.219000 40231.375000 88537.226563
370 34.310000 40231.375000 84255.718750
371 34.404000 40231.375000 85797.773438
372 34.486000 40231.375000 89046.867188
373 34.579000 40231.375000 88919.109375
374 34.674000 40231.375000 90540.773438
375 34.771000 40231.375000 88962.867188
376 34.862000 40231.375000 90903.000000
377 34.948000 40231.375000 89175.679688
378 35.037000 40231.375000 86669.992188
379 35.157000 40231.375000 92067.742188
380 35.266000 40231.375000 93205.828125
381 35.397000 40231.375000 85314.328125
382 35.498000 40231.375000 87758.500000
383 35.592000 40231.375000 85862.343750
384 35.677000 40231.375000 87092.273438
385 35.818000 40231.375000 89383.671875
386 35.933000 40231.375000 91446.000000
387 36.066000 40231.375000 95992.031250
388 36.171000 40231.375000 97983.648438
389 36.270000 40231.375000 101106.773438
390 36.347000 40231.375000 101324.929688
391 36.438000 40231.375000 103105.820313
392 36.521000 40231.375000 96605.242188
393 36.607000 40231.375000 93210.781250
394 36.683000 40231.375000 94761.609375
395 36.777000 40231.375000 90783.703125
396 36.867000 40231.375000 93094.093750
397 36.957000 40231.375000 88709.757813
398 37.051000 40231.375000 90364.429688
399 37.147000 40231.375000 88151.140625
400 37.246000 40231.375000 95177.046875
401 37.334000 40231.375000 90516.296875
402 37.428000 40231.375000 86813.000000
403 37.508000 40231.375000 81850.421875
404 37.614000 40231.375000 82672.648438
405 37.694000 40231.375000 86223.187500
406 37.768000 40231.375000 91591.843750
407 37.859000 40231.375000 92524.828125
408 37.953000 40231.375000 90801.992188
409 38.035000 40231.375000 90040.023438
410 38.123000 40231.375000 91097.250000
411 38.208000 40231.375000 87318.289063
412 38.300000 40231.375000 82861.156250
413 38.385000 40231.375000 80850.882813
414 38.477000 40231.375000 83524.968750
415 38.566000 40231.375000 86704.460938
416 38.649000 40231.375000 87504.679688
417 38.741000 40231.375000 95752.578125
418 38.841000 40231.375000 91505.203125
419 38.924000 40231.375000 92165.843750
420 39.016000 40231.375000 88349.539063
421 39.107000 40231.375000 94665.789063
422 39.184000 40231.375000 92425.296875
423 39.261000 40231.375000 92871.007813
424 39.354000 40231.375000 91719.187500
425 39.449000 40231.375000 92944.351563
426 39.533000 40231.375000 92951.062500
427 39.629000 40231.375000 89978.898438
428 39.710000 40231.375000 93159.250000
429 39.795000 40231.375000 94408.976563
430 39.898000 40231.375000 95962.140625
431 40.001000 40231.375000 95422.171875
432 40.102000 40231.375000 85379.109375
433 40.192000 40231.375000 84893.859375
434 40.293000 40231.375000 90367.328125
435 40.385000 40231.375000 93101.007813
436 40.484000 40231.375000 90564.757813
437 40.591000 40231.375000 83471.093750
438 40.686000 40231.375000 84465.242188
439 40.764000 40231.375000 88645.171875
440 40.861000 40231.375000 88406.773438
441 40.950000 40231.375000 87684.171875
442 41.043000 40231.375000 92805.250000
443 41.135000 40231.375000 89692.960938
444 41.227000 40231.375000 91146.726563
445 41.323000 40231.375000 91320.492188
446 41.414000 40231.375000 88063.429688
447 41.504000 40231.375000 93268.187500
448 41.602000 40231.375000 97252.937500
449 41.686000 40231.375000 99385.906250
450 41.771000 40231.375000 97822.492188
451 41.874000 40231.375000 95552.562500
452 41.967000 40231.375000 91010.820313
453 42.068000 40231.375000 88239.812500
454 42.182000 40231.375000 84761.187500
455 42.281000 40231.375000 82332.546875
456 42.361000 40231.375000 83784.015625
457 42.441000 40231.375000 87530.859375
458 42.534000 40231.375000 83015.828125
459 42.634000 40231.375000 90343.937500
460 42.724000 40231.375000 92720.703125
461 42.827000 40231.375000 91377.367188
462 42.920000 40231.375000 94260.656250
463 43.068000 40231.375000 94412.843750
464 43.167000 40231.375000 90390.843750
465 43.260000 40231.375000 84116.882813
466 43.353000 40231.375000 91505.843750
467 43.441000 40231.375000 92649.632813
468 43.517000 40231.375000 93566.609375
469 43.618000 40231.375000 96820.992188
470 43.726000 40231.375000 97563.031250
471 43.835000 40231.375000 95274.070313
472 43.927000 40231.375000 93916.000000
473 44.033000 40231.375000 90077.921875
474 44.124000 40231.375000 83796.015625
475 44.213000 40231.375000 85225.992188
476 44.304000 40231.375000 93493.820313
477 44.396000 40231.375000 94366.679688
478 44.480000 40231.375000 87880.921875
479 44.571000 40231.375000 83592.617188
480 44.664000 40231.375000 87332.531250
481 44.748000 40231.375000 86132.398438
482 44.853000 40231.375000 90024.507813
483 44.944000 40231.375000 90032.203125
484 45.040000 40231.375000 93168.273438
485 45.121000 40231.375000 86414.679688
486 45.204000 40231.375000 86378.921875
487 45.280000 40231.375000 88817.562500
488 45.352000 40231.375000 84028.757813
489 45.438000 40231.375000 79965.179688
490 45.525000 40231.375000 79289.843750
491 45.619000 40231.375000 77995.179688
492 45.710000 40231.375000 87483.476563
493 45.804000 40231.375000 84523.937500
494 45.892000 40231.375000 91503.046875
495 45.972000 40231.375000 92459.929688
496 46.069000 40231.375000 94942.867188
497 46.160000 40231.375000 89913.906250
498 46.256000 40231.375000 83696.062500
499 46.338000 40231.375000 82958.406250
500 46.426000 40231.375000 86661.078125
501 46.494000 40231.375000 86783.640625
502 46.607000 40231.375000 84981.101563
503 46.705000 40231.375000 84000.679688
504 46.800000 40231.375000 84179.007813
505 46.882000 40231.375000 88019.179688
506 46.970000 40231.375000 85586.710938
507 47.069000 40231.375000 87782.937500
508 47.163000 40231.375000 87016.179688
509 47.251000 40231.375000 79783.851563
510 47.345000 40231.375000 81517.554688
511 47.448000 40231.375000 79607.390625
512 47.541000 40231.375000 75077.523438
513 47.639000 40231.375000 76596.898438
514 47.752000 40231.375000 80977.468750
515 47.854000 40231.375000 88378.039063
516 47.940000 40231.375000 82331.992188
517 48.028000 40231.375000 79926.773438
518 48.137000 40231.375000 80670.320313
519 48.221000 40231.375000 83986.093750
520 48.301000 40231.375000 85936.578125
521 48.391000 40231.375000 86844.398438
522 48.472000 40231.375000 89355.476563
523 48.556000 40231.375000 86149.859375
524 48.654000 40231.375000 84532.726563
525 48.744000 40231.375000 90617.570313
526 48.842000 40231.375000 90189.218750
527 48.941000 40231.375000 92504.429688
528 49.052000 40231.375000 93239.578125
529 49.137000 40231.375000 94236.281250
530 49.230000 40231.375000 98346.039063
531 49.306000 40231.375000 89574.296875
532 49.390000 40231.375000 89058.742188
