0 0.000000 3134.466309 3316.184326
1 0.020000 3025.466797 3316.184326
2 0.044000 2989.043945 3235.860107
3 0.063000 2989.043945 3184.645264
4 0.081000 2989.043945 3151.872803
5 0.102000 2983.290039 3137.146973
6 0.123000 2953.504639 3112.103027
7 0.146000 2936.068115 3092.647461
8 0.166000 2878.404541 3077.194092
9 0.188000 2878.404541 3059.620117
10 0.209000 2878.404541 3045.554443
11 0.229000 2878.404541 3031.651611
12 0.250000 2856.196777 3014.862549
13 0.274000 2821.167480 2997.145508
14 0.295000 2812.266846 2979.546631
15 0.317000 2804.562012 2968.006592
16 0.340000 2801.545410 2955.454346
17 0.362000 2799.507080 2945.607910
18 0.384000 2786.058350 2938.462402
19 0.407000 2770.325684 2931.757568
20 0.431000 2759.683838 2926.070557
21 0.452000 2741.467041 2918.141357
22 0.472000 2741.467041 2905.477539
23 0.491000 2741.467041 2898.002930
24 0.515000 2741.467041 2892.529785
25 0.538000 2738.718994 2886.472900
26 0.560000 2707.709229 2882.429443
27 0.586000 2707.709229 2875.933350
28 0.606000 2704.692627 2872.340332
29 0.626000 2704.692627 2866.247803
30 0.652000 2704.692627 2862.754395
31 0.676000 2704.692627 2861.003662
32 0.696000 2704.692627 2856.420898
33 0.717000 2704.692627 2854.587402
34 0.738000 2702.725830 2852.638184
35 0.757000 2702.725830 2851.423340
36 0.779000 2702.725830 2847.838867
37 0.802000 2702.725830 2844.634277
38 0.825000 2702.725830 2843.544922
39 0.846000 2702.725830 2841.771484
40 0.867000 2702.725830 2839.482422
41 0.891000 2702.725830 2837.366455
42 0.914000 2702.725830 2848.124268
43 0.941000 2702.725830 2843.326172
44 0.967000 2702.725830 2837.694092
45 0.987000 2698.450439 2836.643066
46 1.012000 2698.450439 2834.817871
47 1.035000 2698.450439 2832.669678
48 1.055000 2698.450439 2831.519775
49 1.078000 2698.450439 2831.136230
50 1.101000 2698.450439 2828.781494
51 1.123000 2698.450439 2826.717529
52 1.143000 2695.632080 2825.174072
53 1.165000 2695.632080 2824.553955
54 1.193000 2695.632080 2823.790527
55 1.216000 2695.632080 2822.013184
56 1.239000 2695.632080 2821.750732
57 1.260000 2695.632080 2821.475342
58 1.279000 2695.632080 2821.152832
59 1.300000 2695.632080 2821.024658
60 1.323000 2695.632080 2820.083496
61 1.347000 2695.632080 2819.971924
62 1.370000 2695.632080 2818.030273
63 1.392000 2695.632080 2817.339111
64 1.415000 2695.632080 2816.760010
65 1.436000 2695.632080 2816.717285
66 1.458000 2695.632080 2815.750977
67 1.482000 2695.632080 2815.270264
68 1.505000 2695.632080 2815.233643
69 1.528000 2695.632080 2815.225098
70 1.549000 2695.632080 2815.225098
71 1.576000 2695.632080 2815.039063
72 1.604000 2695.632080 2814.757568
73 1.630000 2695.632080 2814.465576
74 1.656000 2695.632080 2813.090820
75 1.680000 2695.632080 2813.090820
76 1.706000 2695.632080 2820.458984
77 1.729000 2695.632080 2819.800293
78 1.748000 2695.632080 2816.621826
79 1.770000 2695.632080 2815.510254
80 1.792000 2695.632080 2814.966797
81 1.811000 2695.632080 2814.966797
82 1.834000 2695.632080 2813.261963
83 1.857000 2695.632080 2813.106201
84 1.880000 2695.632080 2812.981201
85 1.902000 2695.632080 2812.017578
86 1.932000 2695.632080 2810.587158
87 1.995000 2695.632080 2810.363037
88 2.016000 2695.632080 2809.239258
89 2.037000 2695.632080 2808.982422
90 2.058000 2695.632080 2808.766846
91 2.080000 2695.632080 2808.176270
92 2.097000 2695.632080 2807.568848
93 2.118000 2695.632080 2807.364014
94 2.141000 2695.632080 2807.364014
95 2.163000 2695.632080 2807.037109
96 2.185000 2695.632080 2806.619629
97 2.206000 2695.632080 2806.370605
98 2.226000 2695.632080 2806.260742
99 2.246000 2695.632080 2805.911865
100 2.267000 2695.632080 2814.313232
101 2.286000 2695.632080 2812.303467
102 2.307000 2695.632080 2812.233643
103 2.330000 2695.632080 2812.233643
104 2.350000 2695.632080 2811.649658
105 2.370000 2695.632080 2811.649658
106 2.402000 2695.632080 2811.649658
107 2.425000 2695.632080 2811.649658
108 2.448000 2695.632080 2811.649658
109 2.469000 2695.632080 2810.523682
110 2.490000 2695.632080 2810.386963
111 2.509000 2695.632080 2810.066895
112 2.530000 2695.632080 2810.066895
113 2.557000 2695.632080 2810.066895
114 2.581000 2695.632080 2807.291504
115 2.600000 2695.632080 2807.291504
116 2.619000 2695.632080 2805.907227
117 2.640000 2695.632080 2805.907227
118 2.660000 2695.632080 2805.637451
119 2.681000 2695.632080 2805.428955
120 2.703000 2695.632080 2805.428955
121 2.726000 2695.632080 2805.428955
122 2.748000 2695.632080 2805.428955
123 2.770000 2695.632080 2805.428955
124 2.790000 2695.632080 2804.115234
125 2.811000 2695.632080 2804.091797
126 2.832000 2695.632080 2803.757568
127 2.852000 2695.632080 2803.560547
128 2.874000 2695.632080 2803.560547
129 2.896000 2695.632080 2803.043457
130 2.921000 2695.632080 2803.043457
131 2.939000 2695.632080 2803.013428
132 2.962000 2695.632080 2802.824951
133 2.982000 2695.632080 2802.824951
134 3.005000 2695.632080 2802.824951
135 3.027000 2695.632080 2802.784912
136 3.048000 2695.632080 2802.211670
137 3.074000 2695.632080 2802.211670
138 3.096000 2695.632080 2802.188477
139 3.116000 2695.632080 2801.922852
140 3.139000 2695.632080 2801.922852
141 3.158000 2695.632080 2801.922852
142 3.179000 2695.632080 2801.922852
143 3.203000 2695.632080 2801.750732
144 3.235000 2695.632080 2801.750732
145 3.257000 2695.632080 2801.392822
146 3.280000 2695.632080 2801.392822
147 3.302000 2695.632080 2800.975830
148 3.324000 2695.632080 2800.975830
149 3.343000 2695.632080 2806.633057
150 3.365000 2695.632080 2806.633545
151 3.385000 2695.632080 2805.657227
152 3.405000 2695.632080 2802.713379
153 3.427000 2695.632080 2802.713379
154 3.451000 2695.632080 2808.020264
155 3.472000 2695.632080 2807.645264
156 3.495000 2695.632080 2805.154297
157 3.518000 2695.632080 2805.062256
158 3.537000 2695.632080 2803.981201
159 3.562000 2695.632080 2803.981201
160 3.579000 2695.632080 2803.420410
161 3.598000 2695.632080 2802.546875
162 3.620000 2695.632080 2802.546875
163 3.641000 2695.632080 2802.426758
164 3.664000 2695.632080 2802.264160
165 3.687000 2695.632080 2802.161865
166 3.711000 2695.632080 2801.761230
167 3.735000 2695.632080 2801.667480
168 3.756000 2695.632080 2799.685547
169 3.776000 2695.632080 2799.327881
170 3.797000 2695.632080 2799.327881
171 3.820000 2695.632080 2799.146240
172 3.844000 2695.632080 2799.013672
173 3.866000 2695.632080 2799.013672
174 3.892000 2695.632080 2798.588135
175 3.918000 2695.632080 2798.588135
176 3.943000 2695.632080 2798.491211
177 3.968000 2695.632080 2798.246826
178 3.994000 2695.632080 2797.465088
179 4.017000 2695.632080 2797.465088
180 4.041000 2695.632080 2797.465088
181 4.064000 2695.632080 2797.465088
182 4.084000 2695.632080 2797.250244
183 4.107000 2695.632080 2797.217529
184 4.128000 2695.632080 2797.217529
185 4.152000 2695.632080 2797.217529
186 4.173000 2695.632080 2797.217529
187 4.197000 2695.632080 2797.217529
188 4.221000 2695.632080 2797.217529
189 4.244000 2695.632080 2796.999268
190 4.265000 2695.632080 2796.999268
191 4.289000 2695.632080 2796.690918
192 4.310000 2695.632080 2796.517822
193 4.334000 2695.632080 2796.517822
194 4.355000 2695.632080 2796.408447
195 4.375000 2695.632080 2796.408447
196 4.395000 2695.632080 2796.408447
197 4.415000 2695.632080 2796.408447
198 4.438000 2695.632080 2796.408447
199 4.460000 2695.632080 2795.020264
200 4.481000 2695.632080 2795.020508
201 4.502000 2695.632080 2795.020508
202 4.521000 2695.632080 2795.020508
203 4.541000 2695.632080 2802.112305
204 4.565000 2695.632080 2802.112549
205 4.586000 2695.632080 2796.682861
206 4.607000 2695.632080 2801.286621
207 4.629000 2695.632080 2800.654297
208 4.652000 2695.632080 2800.628174
209 4.676000 2695.632080 2799.139893
210 4.699000 2695.632080 2796.432617
211 4.722000 2695.632080 2796.432861
212 4.747000 2695.632080 2795.457764
213 4.767000 2695.632080 2795.457764
214 4.787000 2695.632080 2794.161133
215 4.808000 2695.632080 2794.161133
216 4.831000 2695.632080 2793.904297
217 4.850000 2695.632080 2793.904297
218 4.875000 2695.632080 2793.904297
219 4.896000 2695.632080 2793.803223
220 4.919000 2695.632080 2793.709473
221 4.945000 2695.632080 2793.709473
222 4.963000 2695.632080 2792.993652
223 4.986000 2695.632080 2792.993652
224 5.009000 2695.632080 2792.993652
225 5.030000 2695.632080 2792.993652
226 5.053000 2695.632080 2803.563965
227 5.077000 2695.632080 2802.715576
228 5.098000 2695.632080 2798.915039
229 5.119000 2695.632080 2796.977783
230 5.141000 2695.632080 2796.419434
231 5.161000 2695.632080 2796.082520
232 5.183000 2695.632080 2795.737793
233 5.204000 2695.632080 2795.737793
234 5.225000 2695.632080 2795.737793
235 5.246000 2695.632080 2795.737793
236 5.272000 2695.632080 2795.737793
237 5.294000 2695.632080 2795.724121
238 5.315000 2695.632080 2795.724121
239 5.336000 2695.632080 2795.575928
240 5.358000 2695.632080 2795.575928
241 5.382000 2695.632080 2795.575928
242 5.400000 2695.632080 2795.575928
243 5.419000 2695.632080 2795.575928
244 5.441000 2695.632080 2795.575928
245 5.466000 2695.632080 2795.575928
246 5.488000 2695.632080 2795.575928
247 5.510000 2695.632080 2795.575928
248 5.531000 2695.632080 2795.575928
249 5.550000 2695.632080 2809.772705
250 5.572000 2695.632080 2801.197510
251 5.596000 2695.632080 2798.469971
252 5.617000 2695.632080 2798.469971
253 5.641000 2695.632080 2798.152100
254 5.662000 2695.632080 2798.152100
255 5.682000 2695.632080 2798.152100
256 5.706000 2695.632080 2797.516846
257 5.728000 2695.632080 2797.393799
258 5.753000 2695.632080 2797.393799
259 5.772000 2695.632080 2797.393799
260 5.795000 2695.632080 2796.558838
261 5.817000 2695.632080 2796.504150
262 5.840000 2695.632080 2800.486328
263 5.860000 2695.632080 2798.072266
264 5.883000 2695.632080 2795.336670
265 5.904000 2695.632080 2795.321045
266 5.926000 2695.632080 2795.321045
267 5.948000 2695.632080 2795.321045
268 5.969000 2695.632080 2795.321045
269 5.989000 2695.632080 2794.531006
270 6.011000 2695.632080 2794.327881
271 6.034000 2695.632080 2794.327881
272 6.054000 2695.632080 2794.327881
273 6.078000 2695.632080 2794.318115
274 6.100000 2695.632080 2797.186035
275 6.122000 2695.632080 2797.032715
276 6.151000 2695.632080 2797.032715
277 6.167000 2695.632080 2795.378418
278 6.187000 2695.632080 2794.952393
279 6.211000 2695.632080 2794.952393
280 6.232000 2695.632080 2794.952393
281 6.249000 2695.632080 2794.952393
282 6.269000 2695.632080 2794.952393
283 6.289000 2695.632080 2793.757080
284 6.311000 2695.632080 2793.757080
285 6.332000 2695.632080 2793.757080
286 6.353000 2695.632080 2793.757080
287 6.377000 2695.632080 2793.713135
288 6.396000 2695.632080 2793.713135
289 6.420000 2695.632080 2793.646973
290 6.443000 2695.632080 2793.646973
291 6.462000 2695.632080 2793.646973
292 6.484000 2695.632080 2792.666260
293 6.505000 2695.632080 2792.421631
294 6.527000 2695.632080 2792.421631
295 6.547000 2695.632080 2792.421631
296 6.569000 2695.632080 2792.421631
297 6.589000 2695.632080 2792.421631
298 6.609000 2695.632080 2792.303711
299 6.633000 2695.632080 2792.303711
300 6.656000 2695.632080 2792.303711
301 6.677000 2695.632080 2792.303711
302 6.700000 2695.632080 2792.303711
303 6.723000 2695.632080 2792.303711
304 6.745000 2695.632080 2792.303711
305 6.769000 2695.632080 2792.303711
306 6.794000 2695.632080 2794.013184
307 6.816000 2695.632080 2794.013184
308 6.839000 2695.632080 2794.013184
309 6.860000 2695.632080 2794.013184
310 6.882000 2695.632080 2794.013184
311 6.904000 2695.632080 2794.013184
312 6.927000 2695.632080 2794.013184
313 6.949000 2695.632080 2796.145020
314 6.971000 2695.632080 2795.000244
315 6.991000 2695.632080 2794.244141
316 7.013000 2695.632080 2793.205566
317 7.035000 2695.632080 2801.251221
318 7.053000 2695.632080 2797.755859
319 7.075000 2695.632080 2795.865967
320 7.099000 2695.632080 2795.865967
321 7.123000 2695.632080 2795.715088
322 7.142000 2695.632080 2795.715088
323 7.163000 2695.632080 2793.522461
324 7.187000 2695.632080 2793.522461
325 7.211000 2695.632080 2793.502930
326 7.232000 2695.632080 2792.814697
327 7.251000 2695.632080 2791.945557
328 7.274000 2695.632080 2791.945557
329 7.294000 2695.632080 2791.945557
330 7.315000 2695.632080 2791.905029
331 7.340000 2695.632080 2790.448975
332 7.362000 2695.632080 2790.448730
333 7.385000 2695.632080 2804.045410
334 7.405000 2695.632080 2802.960693
335 7.427000 2695.632080 2810.217529
336 7.447000 2695.632080 2810.217529
337 7.469000 2695.632080 2805.306152
338 7.489000 2695.632080 2804.382080
339 7.509000 2695.632080 2804.382080
340 7.533000 2695.632080 2804.354004
341 7.556000 2695.632080 2803.071777
342 7.578000 2695.632080 2802.084473
343 7.602000 2695.632080 2801.886475
344 7.621000 2695.632080 2801.747070
345 7.644000 2695.632080 2801.203369
346 7.665000 2695.632080 2800.156250
347 7.690000 2695.632080 2800.156250
348 7.711000 2695.632080 2800.156250
349 7.731000 2695.632080 2799.737549
350 7.752000 2695.632080 2798.988770
351 7.775000 2695.632080 2798.254883
352 7.797000 2695.632080 2796.616211
353 7.819000 2695.632080 2795.088379
354 7.840000 2695.632080 2799.191162
355 7.859000 2695.632080 2797.132080
356 7.880000 2695.632080 2796.351807
357 7.904000 2695.632080 2796.208496
358 7.925000 2695.632080 2795.626465
359 7.944000 2695.632080 2801.403076
360 7.966000 2695.632080 2797.731201
361 7.991000 2695.632080 2797.731201
362 8.012000 2695.632080 2796.062500
363 8.033000 2695.632080 2807.228516
364 8.053000 2695.632080 2801.617188
365 8.076000 2695.632080 2800.798340
366 8.098000 2695.632080 2799.167236
367 8.121000 2695.632080 2798.886963
368 8.143000 2695.632080 2798.686523
369 8.163000 2695.632080 2798.358154
370 8.183000 2695.632080 2798.301758
371 8.205000 2695.632080 2797.619385
372 8.226000 2695.632080 2796.739014
373 8.249000 2695.632080 2796.528809
374 8.269000 2695.632080 2796.528809
375 8.294000 2695.632080 2796.528809
376 8.317000 2695.632080 2795.665527
377 8.340000 2695.632080 2793.035889
378 8.360000 2695.632080 2792.813477
379 8.382000 2695.632080 2792.813477
380 8.401000 2695.632080 2792.029297
381 8.420000 2695.632080 2792.029297
382 8.440000 2695.632080 2791.479004
383 8.461000 2695.632080 2791.479004
384 8.481000 2695.632080 2790.659424
385 8.498000 2695.632080 2790.659424
386 8.520000 2695.632080 2796.061523
387 8.540000 2695.632080 2796.061768
388 8.562000 2695.632080 2800.160400
389 8.584000 2695.632080 2800.160400
390 8.609000 2695.632080 2799.057129
391 8.632000 2695.632080 2798.945068
392 8.654000 2695.632080 2798.694580
393 8.677000 2695.632080 2798.694580
394 8.700000 2695.632080 2798.405029
395 8.719000 2695.632080 2794.963867
396 8.737000 2695.632080 2794.963867
397 8.760000 2695.632080 2794.718994
398 8.784000 2695.632080 2793.692871
399 8.805000 2695.632080 2790.755615
400 8.824000 2695.632080 2789.484619
401 8.844000 2695.632080 2789.390869
402 8.863000 2695.632080 2789.390869
403 8.885000 2695.632080 2789.390869
404 8.906000 2695.632080 2789.390869
405 8.929000 2695.632080 2789.390869
406 8.948000 2695.632080 2789.390869
407 8.968000 2695.632080 2789.390869
408 8.988000 2695.632080 2789.355957
409 9.011000 2695.632080 2789.355957
410 9.033000 2695.632080 2789.035889
411 9.057000 2695.632080 2789.035889
412 9.077000 2695.632080 2787.662842
413 9.099000 2695.632080 2790.015625
414 9.123000 2695.632080 2789.305664
415 9.147000 2695.632080 2789.305664
416 9.170000 2695.632080 2788.953857
417 9.194000 2695.632080 2788.953857
418 9.216000 2695.632080 2797.811523
419 9.238000 2695.632080 2797.480957
420 9.264000 2695.632080 2796.904297
421 9.288000 2695.632080 2796.258057
422 9.311000 2695.632080 2811.486572
423 9.334000 2695.632080 2811.324463
424 9.358000 2695.632080 2809.370850
425 9.382000 2695.632080 2803.098145
426 9.406000 2695.632080 2795.400635
427 9.427000 2695.632080 2794.479980
428 9.451000 2695.632080 2794.369385
429 9.473000 2695.632080 2791.726807
430 9.493000 2695.632080 2791.305908
431 9.512000 2695.632080 2791.305908
432 9.538000 2695.632080 2791.035645
433 9.556000 2695.632080 2791.035645
434 9.581000 2695.632080 2791.035645
435 9.602000 2695.632080 2789.876465
436 9.621000 2695.632080 2789.275391
437 9.641000 2695.632080 2800.989014
438 9.661000 2695.632080 2798.775879
439 9.683000 2695.632080 2797.563721
440 9.703000 2695.632080 2797.449707
441 9.725000 2695.632080 2797.449707
442 9.749000 2695.632080 2791.548340
443 9.772000 2695.632080 2791.548340
444 9.790000 2695.632080 2791.548340
445 9.814000 2695.632080 2804.925293
446 9.835000 2695.632080 2800.079346
447 9.857000 2695.632080 2795.348145
448 9.880000 2695.632080 2794.848389
449 9.902000 2672.769287 2793.453369
450 9.926000 2672.769287 2790.257080
451 9.946000 2672.769287 2797.777588
452 9.970000 2672.769287 2793.591797
453 9.993000 2672.769287 2792.555908
454 10.015000 2672.769287 2792.114258
455 10.037000 2672.769287 2792.114014
456 10.063000 2672.769287 2789.621582
457 10.087000 2672.769287 2788.918213
458 10.113000 2672.769287 2795.560547
459 10.134000 2672.769287 2795.560547
460 10.154000 2672.769287 2793.775879
461 10.174000 2672.769287 2793.436279
462 10.198000 2672.769287 2793.135010
463 10.216000 2672.769287 2793.135010
464 10.235000 2672.769287 2796.409912
465 10.256000 2672.769287 2795.008789
466 10.276000 2672.769287 2795.007080
467 10.297000 2672.769287 2795.007080
468 10.317000 2672.769287 2794.637207
469 10.342000 2672.769287 2794.320313
470 10.366000 2672.769287 2793.989990
471 10.387000 2672.769287 2792.361328
472 10.409000 2672.769287 2791.313477
473 10.428000 2672.769287 2790.334717
474 10.448000 2672.769287 2790.326904
475 10.470000 2672.769287 2790.190918
476 10.491000 2672.769287 2789.588379
477 10.512000 2672.769287 2789.278076
478 10.535000 2672.769287 2788.896973
479 10.558000 2672.769287 2794.183838
480 10.579000 2672.769287 2794.183838
481 10.600000 2672.769287 2790.593750
482 10.620000 2672.769287 2790.593750
483 10.641000 2672.769287 2790.243164
484 10.663000 2672.769287 2788.925049
485 10.686000 2672.769287 2788.021973
486 10.705000 2672.769287 2788.021484
487 10.725000 2672.769287 2787.468994
488 10.744000 2672.769287 2787.125977
489 10.770000 2672.769287 2787.125977
490 10.791000 2672.769287 2786.931885
491 10.811000 2672.769287 2785.854980
492 10.830000 2672.769287 2785.854980
493 10.852000 2672.769287 2785.854980
494 10.873000 2672.769287 2785.619141
495 10.896000 2672.769287 2785.533691
496 10.918000 2672.769287 2785.516846
497 10.939000 2672.769287 2785.516846
498 10.958000 2672.769287 2785.516846
499 10.979000 2672.769287 2793.453857
500 11.000000 2672.769287 2787.520264
501 11.019000 2672.769287 2794.523682
502 11.039000 2672.769287 2801.320557
503 11.061000 2672.769287 2801.320557
504 11.079000 2672.769287 2810.515869
505 11.103000 2672.769287 2805.808105
506 11.125000 2672.769287 2797.920410
507 11.142000 2672.769287 2796.676514
508 11.162000 2672.769287 2795.971191
509 11.181000 2672.769287 2794.828125
510 11.202000 2672.769287 2793.546143
511 11.224000 2672.769287 2793.546143
512 11.245000 2672.769287 2792.978027
513 11.266000 2672.769287 2792.147705
514 11.287000 2672.769287 2790.115234
515 11.305000 2672.769287 2789.826172
516 11.327000 2672.769287 2789.826172
517 11.348000 2672.769287 2789.665039
518 11.369000 2672.769287 2789.525635
519 11.388000 2672.769287 2788.848145
520 11.410000 2672.769287 2788.490234
521 11.432000 2672.769287 2788.467285
522 11.452000 2672.769287 2804.754883
523 11.473000 2672.769287 2795.873535
524 11.495000 2672.769287 2790.767090
525 11.516000 2672.769287 2790.113525
526 11.543000 2672.769287 2788.928467
527 11.565000 2672.769287 2786.069580
528 11.586000 2672.769287 2785.574463
529 11.607000 2672.769287 2785.574707
530 11.630000 2672.769287 2784.536621
531 11.653000 2672.769287 2783.243652
532 11.677000 2672.769287 2783.243652
533 11.699000 2672.769287 2783.243652
534 11.720000 2672.769287 2783.243652
535 11.743000 2672.769287 2783.115723
536 11.763000 2672.769287 2783.115723
537 11.787000 2672.769287 2782.824951
538 11.808000 2672.769287 2782.610840
539 11.830000 2672.769287 2782.610840
540 11.853000 2672.769287 2781.872070
541 11.872000 2672.769287 2781.807617
542 11.893000 2672.769287 2781.807617
543 11.912000 2672.769287 2781.181152
544 11.934000 2672.769287 2792.180664
545 11.957000 2672.769287 2792.180664
546 11.983000 2672.769287 2783.527588
547 12.003000 2672.769287 2783.527588
548 12.024000 2672.769287 2783.527588
549 12.044000 2672.769287 2783.402588
550 12.066000 2672.769287 2781.772705
551 12.089000 2672.769287 2781.772705
552 12.111000 2672.769287 2781.772705
553 12.135000 2672.769287 2781.661133
554 12.157000 2672.769287 2781.661133
555 12.178000 2672.769287 2781.661133
556 12.199000 2672.769287 2781.661133
557 12.221000 2672.769287 2781.661133
558 12.242000 2672.769287 2781.661133
559 12.265000 2672.769287 2781.630371
560 12.286000 2672.769287 2781.630371
561 12.307000 2672.769287 2781.630371
562 12.333000 2672.769287 2781.630371
563 12.353000 2672.769287 2781.630371
564 12.373000 2672.769287 2780.811035
565 12.396000 2672.769287 2780.780518
566 12.418000 2672.769287 2780.780518
567 12.439000 2672.769287 2780.695313
568 12.462000 2672.769287 2780.695313
569 12.483000 2672.769287 2780.558350
570 12.504000 2672.769287 2784.110107
571 12.523000 2672.769287 2784.110107
572 12.547000 2672.769287 2783.890381
573 12.567000 2672.769287 2783.890381
574 12.588000 2672.769287 2783.890381
575 12.608000 2672.769287 2783.709961
576 12.626000 2672.769287 2783.296143
577 12.650000 2672.769287 2778.017822
578 12.672000 2672.769287 2778.017822
579 12.692000 2672.769287 2778.017822
580 12.720000 2672.769287 2778.017822
581 12.738000 2672.769287 2778.017822
582 12.760000 2672.769287 2777.626465
583 12.780000 2672.769287 2777.626465
584 12.804000 2672.769287 2777.626465
585 12.823000 2672.769287 2784.848145
586 12.841000 2672.769287 2784.018066
587 12.867000 2672.769287 2783.570557
588 12.892000 2672.769287 2791.895020
589 12.914000 2672.769287 2794.216553
590 12.937000 2672.769287 2793.587891
591 12.960000 2672.769287 2791.520996
592 12.981000 2672.769287 2791.351807
593 13.004000 2672.769287 2802.039307
594 13.027000 2672.769287 2799.794922
595 13.053000 2672.769287 2799.794922
596 13.071000 2672.769287 2799.312500
597 13.087000 2672.769287 2797.588379
598 13.112000 2672.769287 2796.684326
599 13.134000 2672.769287 2796.684326
600 13.157000 2672.769287 2796.375977
601 13.178000 2672.769287 2794.961182
602 13.202000 2672.769287 2794.912842
603 13.221000 2672.769287 2792.234375
604 13.245000 2672.769287 2789.869385
605 13.267000 2672.769287 2789.869385
606 13.288000 2672.769287 2789.869385
607 13.308000 2672.769287 2789.686768
608 13.332000 2672.769287 2789.686768
609 13.353000 2672.769287 2788.750244
610 13.373000 2672.769287 2788.750244
611 13.393000 2672.769287 2788.750244
612 13.414000 2672.769287 2788.750244
613 13.436000 2672.769287 2788.307129
614 13.461000 2672.769287 2786.486572
615 13.481000 2672.769287 2786.435547
616 13.506000 2672.769287 2786.262695
617 13.529000 2672.769287 2784.599121
618 13.549000 2672.769287 2784.480713
619 13.571000 2672.769287 2783.417236
620 13.594000 2672.769287 2783.416992
621 13.615000 2672.769287 2783.002930
622 13.636000 2672.769287 2782.142578
623 13.659000 2672.769287 2782.107910
624 13.681000 2672.769287 2781.668945
625 13.705000 2672.769287 2781.063477
626 13.727000 2672.769287 2780.036621
627 13.749000 2672.769287 2780.036621
628 13.771000 2672.769287 2780.036621
629 13.791000 2672.769287 2791.074951
630 13.816000 2672.769287 2789.006592
631 13.838000 2672.769287 2784.111328
632 13.862000 2672.769287 2782.226318
633 13.884000 2672.769287 2782.226563
634 13.907000 2672.769287 2782.114990
635 13.926000 2672.769287 2782.052246
636 13.951000 2672.769287 2780.811768
637 13.975000 2672.769287 2780.185059
638 13.999000 2672.769287 2779.942383
639 14.019000 2672.769287 2779.907471
640 14.045000 2672.769287 2779.907471
641 14.069000 2672.769287 2779.598389
642 14.089000 2672.769287 2778.804443
643 14.108000 2672.769287 2778.771240
644 14.128000 2672.769287 2777.783447
645 14.153000 2672.769287 2777.783447
646 14.176000 2672.769287 2776.201172
647 14.197000 2672.769287 2776.074951
648 14.224000 2672.769287 2775.854492
649 14.249000 2672.769287 2773.304932
650 14.274000 2672.769287 2772.851807
651 14.298000 2672.769287 2772.583984
652 14.316000 2672.769287 2775.987549
653 14.336000 2672.769287 2775.987549
654 14.359000 2672.769287 2775.712158
655 14.380000 2672.769287 2782.959717
656 14.403000 2672.769287 2781.130615
657 14.425000 2672.769287 2772.725830
658 14.447000 2672.769287 2772.292480
659 14.470000 2672.769287 2772.292480
660 14.494000 2672.769287 2772.292480
661 14.517000 2672.769287 2771.390869
662 14.541000 2672.769287 2770.313965
663 14.563000 2672.769287 2770.313965
664 14.586000 2672.769287 2769.553955
665 14.609000 2672.769287 2769.437256
666 14.629000 2672.769287 2769.355713
667 14.649000 2672.769287 2769.296143
668 14.675000 2672.769287 2769.296143
669 14.705000 2672.769287 2769.096680
670 14.730000 2672.769287 2769.096924
671 14.753000 2672.769287 2780.459961
672 14.775000 2672.769287 2778.862793
673 14.797000 2672.769287 2773.743652
674 14.817000 2672.769287 2773.743652
675 14.842000 2672.769287 2773.169922
676 14.869000 2672.769287 2773.169922
677 14.894000 2672.769287 2772.908447
678 14.919000 2672.769287 2772.908203
679 14.947000 2672.769287 2772.908203
680 14.972000 2672.769287 2771.833984
681 14.994000 2672.769287 2771.833984
682 15.017000 2672.769287 2771.833984
683 15.039000 2672.769287 2771.833984
684 15.062000 2672.769287 2777.739990
685 15.085000 2672.769287 2777.619629
686 15.106000 2672.769287 2777.584717
687 15.126000 2672.769287 2776.634766
688 15.143000 2672.769287 2775.957764
689 15.163000 2672.769287 2775.957764
690 15.184000 2672.769287 2774.600098
691 15.203000 2672.769287 2774.497559
692 15.227000 2672.769287 2772.779053
693 15.247000 2672.769287 2771.711670
694 15.269000 2672.769287 2771.711670
695 15.290000 2672.769287 2771.082275
696 15.314000 2672.769287 2771.082275
697 15.337000 2672.769287 2771.082275
698 15.359000 2672.769287 2770.065430
699 15.379000 2672.769287 2770.010986
700 15.403000 2672.769287 2770.010986
701 15.426000 2672.769287 2770.010986
702 15.447000 2672.769287 2770.010986
703 15.468000 2672.769287 2770.010986
704 15.491000 2672.769287 2770.010986
705 15.515000 2672.769287 2770.010986
706 15.537000 2672.769287 2770.010986
707 15.556000 2672.769287 2770.010986
708 15.577000 2672.769287 2769.937744
709 15.602000 2672.769287 2769.937744
710 15.624000 2672.769287 2769.937744
711 15.647000 2672.769287 2769.937744
712 15.667000 2672.769287 2767.370117
713 15.689000 2672.769287 2767.370361
714 15.711000 2672.769287 2767.370361
715 15.732000 2672.769287 2767.370361
716 15.754000 2672.769287 2767.370361
717 15.776000 2672.769287 2767.370361
718 15.797000 2672.769287 2767.370361
719 15.817000 2672.769287 2767.370361
720 15.838000 2672.769287 2767.370361
721 15.859000 2672.769287 2767.301514
722 15.881000 2672.769287 2767.301514
723 15.901000 2672.769287 2767.189941
724 15.919000 2672.769287 2767.189941
725 15.938000 2672.769287 2767.189941
726 15.961000 2672.769287 2767.189941
727 15.983000 2672.769287 2767.060303
728 16.003000 2672.769287 2767.060303
729 16.023000 2672.769287 2767.060303
730 16.045000 2672.769287 2767.060303
731 16.065000 2672.769287 2767.060303
732 16.090000 2672.769287 2767.060303
733 16.110000 2672.769287 2767.060303
734 16.132000 2672.769287 2767.060303
735 16.155000 2672.769287 2772.188232
736 16.177000 2672.769287 2768.855713
737 16.199000 2672.769287 2768.855713
738 16.218000 2672.769287 2768.800293
739 16.238000 2672.769287 2768.800293
740 16.258000 2672.769287 2768.640869
741 16.284000 2672.769287 2768.640869
742 16.307000 2672.769287 2768.640869
743 16.329000 2672.769287 2768.640869
744 16.351000 2672.769287 2768.640869
745 16.371000 2672.769287 2768.640869
746 16.394000 2672.769287 2768.640869
747 16.416000 2672.769287 2768.640869
748 16.438000 2672.769287 2768.640869
749 16.458000 2672.769287 2768.640869
750 16.474000 2672.769287 2768.640869
751 16.499000 2672.769287 2768.640869
752 16.521000 2672.769287 2768.640869
753 16.543000 2672.769287 2768.611328
754 16.565000 2672.769287 2768.525635
755 16.586000 2672.769287 2774.525879
756 16.606000 2672.769287 2773.971924
757 16.625000 2672.769287 2773.051270
758 16.645000 2672.769287 2767.870850
759 16.666000 2672.769287 2767.870850
760 16.691000 2672.769287 2767.450684
761 16.715000 2672.769287 2767.450684
762 16.741000 2672.769287 2767.450684
763 16.765000 2672.769287 2766.764160
764 16.786000 2672.769287 2766.764160
765 16.805000 2672.769287 2766.764160
766 16.827000 2672.769287 2766.338379
767 16.847000 2672.769287 2775.522705
768 16.869000 2672.769287 2773.443848
769 16.890000 2672.769287 2771.011230
770 16.915000 2672.769287 2769.272217
771 16.938000 2672.769287 2769.272217
772 16.961000 2672.769287 2769.206543
773 16.984000 2672.769287 2769.206543
774 17.053000 2672.769287 2766.811523
775 17.080000 2672.769287 2766.811523
776 17.100000 2672.769287 2765.642822
777 17.122000 2672.769287 2765.642822
778 17.146000 2672.769287 2764.033447
779 17.165000 2672.769287 2764.033447
780 17.185000 2672.769287 2763.912109
781 17.210000 2672.769287 2763.089355
782 17.235000 2672.769287 2763.089355
783 17.257000 2672.769287 2763.089355
784 17.275000 2672.769287 2762.187500
785 17.295000 2672.769287 2762.187500
786 17.317000 2672.769287 2762.187500
787 17.338000 2672.769287 2762.152832
788 17.359000 2672.769287 2762.152832
789 17.379000 2672.769287 2761.786621
790 17.397000 2672.769287 2769.367432
791 17.422000 2672.769287 2769.260254
792 17.442000 2672.769287 2768.793457
793 17.464000 2672.769287 2766.660400
794 17.484000 2672.769287 2764.319336
795 17.506000 2672.769287 2764.319336
796 17.525000 2672.769287 2764.319336
797 17.546000 2672.769287 2761.964355
798 17.568000 2672.769287 2759.359375
799 17.590000 2672.769287 2759.359131
800 17.610000 2672.769287 2759.359131
801 17.635000 2672.769287 2767.315674
802 17.658000 2672.769287 2764.488770
803 17.679000 2672.769287 2781.649414
804 17.704000 2672.769287 2773.168945
805 17.724000 2672.769287 2765.617920
806 17.744000 2672.769287 2765.339600
807 17.764000 2672.769287 2765.339600
808 17.783000 2672.769287 2762.518066
809 17.805000 2672.769287 2762.518066
810 17.827000 2672.769287 2765.684326
811 17.850000 2672.769287 2765.426025
812 17.874000 2672.769287 2764.097900
813 17.896000 2672.769287 2763.257813
814 17.919000 2672.769287 2762.520020
815 17.943000 2672.769287 2762.520264
816 17.967000 2672.769287 2761.551758
817 17.991000 2672.769287 2761.551758
818 18.017000 2672.769287 2760.805664
819 18.036000 2672.769287 2759.916016
820 18.058000 2672.769287 2759.022461
821 18.079000 2672.769287 2758.604980
822 18.100000 2672.769287 2758.362305
823 18.123000 2672.769287 2757.990234
824 18.148000 2672.769287 2757.990234
825 18.172000 2672.769287 2757.979004
826 18.195000 2672.769287 2757.979004
827 18.218000 2672.769287 2757.979004
828 18.236000 2672.769287 2757.979004
829 18.257000 2672.769287 2757.979004
830 18.277000 2672.769287 2756.176270
831 18.299000 2672.769287 2755.165283
832 18.320000 2672.769287 2755.162109
833 18.345000 2672.769287 2754.540039
834 18.368000 2672.769287 2754.434326
835 18.393000 2672.769287 2754.300293
836 18.417000 2672.769287 2754.300293
837 18.435000 2672.769287 2755.206543
838 18.453000 2672.769287 2755.016602
839 18.474000 2672.769287 2754.873779
840 18.497000 2671.208740 2753.806152
841 18.520000 2671.208740 2753.619385
842 18.549000 2671.208740 2753.619385
843 18.574000 2671.208740 2753.619385
844 18.601000 2671.208740 2753.619385
845 18.624000 2671.208740 2753.619385
846 18.653000 2671.208740 2753.619385
847 18.676000 2671.208740 2753.619385
848 18.711000 2671.208740 2753.619385
849 18.741000 2671.208740 2753.619385
850 18.767000 2671.208740 2753.307129
851 18.799000 2671.208740 2753.307129
852 18.824000 2671.208740 2753.307129
853 18.845000 2671.208740 2753.307129
854 18.873000 2671.208740 2753.307129
855 18.903000 2671.208740 2753.307129
856 18.947000 2671.208740 2753.213379
857 18.993000 2671.208740 2753.213379
858 19.033000 2671.208740 2753.213379
859 19.060000 2671.208740 2752.482422
860 19.082000 2671.208740 2752.482422
861 19.105000 2671.208740 2752.482422
862 19.126000 2671.208740 2752.482422
863 19.159000 2671.208740 2752.325684
864 19.181000 2671.208740 2752.325684
865 19.202000 2671.208740 2752.325684
866 19.228000 2671.208740 2756.429932
867 19.256000 2671.208740 2756.326660
868 19.285000 2671.208740 2756.270020
869 19.309000 2671.208740 2755.729736
870 19.338000 2671.208740 2754.966797
871 19.366000 2671.208740 2754.793701
872 19.395000 2671.208740 2754.793701
873 19.427000 2671.208740 2754.718994
874 19.451000 2671.208740 2754.718994
875 19.474000 2671.208740 2754.492188
876 19.500000 2671.208740 2754.492188
877 19.523000 2671.208740 2754.492188
878 19.552000 2671.208740 2754.492188
879 19.573000 2671.208740 2754.492188
880 19.594000 2671.208740 2754.492188
881 19.617000 2671.208740 2754.183838
882 19.649000 2671.208740 2754.183838
883 19.677000 2671.208740 2754.183838
884 19.700000 2671.208740 2752.677246
885 19.726000 2671.208740 2752.677246
886 19.752000 2671.208740 2752.677246
887 19.779000 2671.208740 2752.677246
888 19.803000 2671.208740 2752.677246
889 19.826000 2671.208740 2752.677246
890 19.844000 2671.208740 2752.592285
891 19.872000 2671.208740 2752.592285
892 19.895000 2671.208740 2752.592285
893 19.922000 2671.208740 2752.592285
894 19.945000 2671.208740 2752.592285
895 19.974000 2671.208740 2752.592285
896 20.000000 2671.208740 2752.592285
897 20.029000 2671.208740 2752.592285
898 20.055000 2671.208740 2752.592285
899 20.082000 2671.208740 2752.592285
900 20.103000 2671.208740 2752.592285
901 20.128000 2671.208740 2752.034668
902 20.153000 2671.208740 2752.034668
903 20.179000 2671.208740 2752.034668
904 20.211000 2671.208740 2752.034668
905 20.239000 2671.208740 2752.034668
906 20.262000 2671.208740 2752.034668
907 20.298000 2671.208740 2752.034668
908 20.325000 2671.208740 2759.985840
909 20.348000 2671.208740 2756.551758
910 20.371000 2671.208740 2756.037109
911 20.398000 2671.208740 2756.037109
912 20.425000 2671.208740 2756.037109
913 20.454000 2671.208740 2756.037109
914 20.478000 2671.208740 2756.037109
915 20.502000 2671.208740 2756.037109
916 20.525000 2671.208740 2756.035889
917 20.554000 2671.208740 2756.035889
918 20.579000 2671.208740 2755.164795
919 20.602000 2671.208740 2754.854736
920 20.630000 2671.208740 2754.477539
921 20.689000 2671.208740 2753.540527
922 20.739000 2671.208740 2753.540527
923 20.763000 2671.208740 2753.540527
924 20.787000 2671.208740 2753.235596
925 20.819000 2671.208740 2753.235596
926 20.851000 2671.208740 2753.235596
927 20.876000 2671.208740 2753.235596
928 20.902000 2671.208740 2753.235596
929 20.923000 2671.208740 2753.021240
930 20.944000 2671.208740 2753.021240
931 20.965000 2671.208740 2753.021240
932 20.986000 2671.208740 2752.885986
933 21.011000 2671.208740 2752.885986
934 21.033000 2671.208740 2752.803955
935 21.056000 2671.208740 2752.803955
936 21.083000 2671.208740 2752.803955
937 21.106000 2671.208740 2752.803955
938 21.127000 2671.208740 2752.803955
939 21.147000 2671.208740 2752.803955
940 21.167000 2671.208740 2752.803955
941 21.190000 2671.208740 2752.803955
942 21.213000 2671.208740 2752.803955
943 21.238000 2671.208740 2752.803955
944 21.258000 2671.208740 2752.803955
945 21.282000 2671.208740 2752.803955
946 21.306000 2671.208740 2752.803955
947 21.326000 2671.208740 2752.803955
948 21.352000 2671.208740 2752.803955
949 21.373000 2671.208740 2752.803955
950 21.392000 2671.208740 2752.803955
951 21.414000 2671.208740 2752.803955
952 21.436000 2671.208740 2752.803955
953 21.460000 2671.208740 2752.760010
954 21.482000 2671.208740 2752.760010
955 21.507000 2671.208740 2752.760010
956 21.525000 2671.208740 2752.760010
957 21.549000 2671.208740 2752.242432
958 21.573000 2671.208740 2752.129150
959 21.595000 2671.208740 2751.905029
960 21.618000 2671.208740 2751.905029
961 21.635000 2671.208740 2751.905029
962 21.656000 2671.208740 2751.905029
963 21.683000 2671.208740 2751.753662
964 21.711000 2671.208740 2751.753662
965 21.734000 2671.208740 2751.753662
966 21.757000 2671.208740 2751.753662
967 21.780000 2671.208740 2751.704590
968 21.800000 2671.208740 2751.704590
969 21.825000 2671.208740 2764.793457
970 21.847000 2671.208740 2773.264404
971 21.870000 2671.208740 2768.809570
972 21.888000 2671.208740 2764.425537
973 21.908000 2671.208740 2764.425537
974 21.927000 2671.208740 2766.628662
975 21.951000 2671.208740 2764.546631
976 21.974000 2671.208740 2763.105957
977 22.002000 2671.208740 2763.103516
978 22.023000 2671.208740 2761.783691
979 22.044000 2671.208740 2761.783691
980 22.067000 2671.208740 2761.585938
981 22.090000 2671.208740 2760.400879
982 22.111000 2671.208740 2757.434326
983 22.134000 2671.208740 2755.907471
984 22.158000 2671.208740 2755.907471
985 22.183000 2671.208740 2763.389160
986 22.209000 2671.208740 2758.730713
987 22.233000 2671.208740 2758.254639
988 22.254000 2671.208740 2758.254639
989 22.276000 2671.208740 2758.254639
990 22.300000 2671.208740 2758.149902
991 22.326000 2671.208740 2758.149902
992 22.349000 2671.208740 2757.912842
993 22.368000 2671.208740 2757.831055
994 22.391000 2671.208740 2755.443848
995 22.413000 2671.208740 2755.443359
996 22.434000 2671.208740 2754.401855
997 22.455000 2671.208740 2754.402100
998 22.479000 2671.208740 2754.309326
999 22.501000 2671.208740 2754.309326
1000 22.520000 2671.208740 2754.309326
1001 22.543000 2671.208740 2754.220215
1002 22.562000 2671.208740 2754.220215
1003 22.581000 2671.208740 2754.220215
1004 22.603000 2671.208740 2754.220215
1005 22.626000 2671.208740 2753.081299
1006 22.645000 2671.208740 2753.081299
1007 22.666000 2671.208740 2753.034912
1008 22.690000 2671.208740 2753.034912
1009 22.713000 2671.208740 2753.034912
1010 22.737000 2671.208740 2752.698975
1011 22.758000 2671.208740 2752.698975
1012 22.786000 2671.208740 2752.698975
1013 22.809000 2671.208740 2752.472412
1014 22.833000 2671.208740 2758.374756
1015 22.853000 2671.208740 2758.375000
1016 22.876000 2671.208740 2755.553467
1017 22.899000 2671.208740 2754.505859
1018 22.920000 2671.208740 2754.505859
1019 22.939000 2671.208740 2754.505859
1020 22.962000 2671.208740 2754.505859
1021 22.982000 2671.208740 2753.377930
1022 23.004000 2671.208740 2751.568848
1023 23.027000 2671.208740 2751.568848
1024 23.050000 2671.208740 2751.251953
1025 23.075000 2671.208740 2751.252197
1026 23.099000 2671.208740 2751.252197
1027 23.121000 2671.208740 2751.252197
1028 23.144000 2671.208740 2751.252197
1029 23.166000 2671.208740 2750.940918
1030 23.189000 2671.208740 2750.940918
1031 23.212000 2671.208740 2750.631592
1032 23.232000 2671.208740 2765.421875
1033 23.254000 2671.208740 2757.045654
1034 23.275000 2671.208740 2756.590088
1035 23.300000 2671.208740 2755.500244
1036 23.320000 2671.208740 2754.916504
1037 23.339000 2671.208740 2754.916504
1038 23.356000 2671.208740 2754.916504
1039 23.377000 2671.208740 2754.916504
1040 23.397000 2671.208740 2754.916504
1041 23.419000 2671.208740 2753.951172
1042 23.440000 2671.208740 2753.951172
1043 23.466000 2671.208740 2753.951172
1044 23.488000 2671.208740 2753.686523
1045 23.509000 2671.208740 2753.143799
1046 23.535000 2671.208740 2753.143799
1047 23.556000 2671.208740 2753.143799
1048 23.574000 2671.208740 2753.143799
1049 23.597000 2671.208740 2753.143799
1050 23.616000 2671.208740 2753.011475
1051 23.640000 2671.208740 2753.011475
1052 23.663000 2671.208740 2758.214600
1053 23.682000 2671.208740 2757.327881
1054 23.707000 2671.208740 2757.327881
1055 23.729000 2671.208740 2756.924805
1056 23.751000 2671.208740 2756.924805
1057 23.769000 2671.208740 2756.621582
1058 23.795000 2671.208740 2756.621582
1059 23.818000 2671.208740 2756.621582
1060 23.842000 2671.208740 2756.530273
1061 23.863000 2671.208740 2756.530273
1062 23.882000 2671.208740 2756.530273
1063 23.903000 2671.208740 2756.530273
1064 23.926000 2671.208740 2756.530273
1065 23.949000 2671.208740 2756.530273
1066 23.969000 2671.208740 2756.409180
1067 23.995000 2671.208740 2756.409180
1068 24.016000 2671.208740 2755.634766
1069 24.042000 2671.208740 2757.287598
1070 24.067000 2671.208740 2757.287598
1071 24.090000 2671.208740 2757.287598
1072 24.114000 2671.208740 2757.287598
1073 24.135000 2671.208740 2757.287598
1074 24.156000 2671.208740 2757.287598
1075 24.178000 2671.208740 2757.287598
1076 24.201000 2671.208740 2756.477295
1077 24.219000 2671.208740 2755.159912
1078 24.244000 2671.208740 2755.159912
1079 24.268000 2671.208740 2755.114014
1080 24.291000 2671.208740 2755.114014
1081 24.312000 2671.208740 2764.631348
1082 24.334000 2671.208740 2763.787109
1083 24.356000 2671.208740 2762.555908
1084 24.379000 2671.208740 2762.338379
1085 24.401000 2671.208740 2762.338379
1086 24.424000 2671.208740 2773.274902
1087 24.444000 2671.208740 2768.343506
1088 24.465000 2671.208740 2774.323730
1089 24.486000 2671.208740 2772.984131
1090 24.508000 2671.208740 2772.604736
1091 24.535000 2671.208740 2767.658447
1092 24.556000 2671.208740 2767.406250
1093 24.578000 2671.208740 2770.730957
1094 24.600000 2671.208740 2769.824707
1095 24.625000 2671.208740 2769.440918
1096 24.648000 2671.208740 2769.440918
1097 24.672000 2671.208740 2767.555908
1098 24.693000 2671.208740 2767.534424
1099 24.719000 2671.208740 2767.061768
1100 24.738000 2671.208740 2767.061768
1101 24.758000 2671.208740 2765.051025
1102 24.780000 2671.208740 2764.858398
1103 24.803000 2671.208740 2764.087158
1104 24.826000 2671.208740 2764.087158
1105 24.845000 2671.208740 2762.994629
1106 24.871000 2671.208740 2762.693848
1107 24.896000 2671.208740 2760.463867
1108 24.918000 2671.208740 2760.463867
1109 24.942000 2671.208740 2760.463867
1110 24.964000 2671.208740 2760.057617
1111 24.987000 2671.208740 2760.044922
1112 25.006000 2671.208740 2760.044922
1113 25.029000 2671.208740 2759.710693
1114 25.049000 2671.208740 2759.710693
1115 25.074000 2671.208740 2759.710693
1116 25.099000 2671.208740 2759.650635
1117 25.123000 2671.208740 2759.538086
1118 25.146000 2671.208740 2758.533447
1119 25.169000 2671.208740 2758.420898
1120 25.194000 2671.208740 2758.178467
1121 25.214000 2671.208740 2758.178467
1122 25.235000 2671.208740 2756.974609
1123 25.254000 2671.208740 2756.732178
1124 25.278000 2671.208740 2756.732178
1125 25.300000 2671.208740 2756.278320
1126 25.324000 2671.208740 2756.081055
1127 25.347000 2671.208740 2755.868408
1128 25.370000 2671.208740 2754.687500
1129 25.391000 2671.208740 2754.506836
1130 25.420000 2671.208740 2754.295654
1131 25.443000 2671.208740 2753.963867
1132 25.464000 2671.208740 2753.943848
1133 25.487000 2671.208740 2753.943848
1134 25.511000 2671.208740 2753.943848
1135 25.530000 2671.208740 2753.943848
1136 25.554000 2671.208740 2753.727783
1137 25.581000 2671.208740 2753.727783
1138 25.603000 2671.208740 2753.727783
1139 25.626000 2671.208740 2753.727783
1140 25.648000 2671.208740 2753.727783
1141 25.669000 2671.208740 2753.727783
1142 25.694000 2671.208740 2753.727783
1143 25.716000 2671.208740 2764.832275
1144 25.741000 2671.208740 2764.832275
1145 25.761000 2671.208740 2758.857910
1146 25.785000 2671.208740 2758.764160
1147 25.812000 2671.208740 2757.232910
1148 25.833000 2671.208740 2756.658447
1149 25.851000 2671.208740 2756.658447
1150 25.877000 2671.208740 2756.658447
1151 25.899000 2671.208740 2756.561523
1152 25.921000 2671.208740 2756.561523
1153 25.943000 2671.208740 2756.015381
1154 25.969000 2671.208740 2756.015381
1155 25.992000 2671.208740 2756.015381
1156 26.015000 2671.208740 2756.015381
1157 26.035000 2671.208740 2756.015381
1158 26.056000 2671.208740 2756.015381
1159 26.080000 2671.208740 2756.015381
1160 26.102000 2671.208740 2756.015381
1161 26.127000 2671.208740 2756.015381
1162 26.154000 2671.208740 2756.015381
1163 26.181000 2671.208740 2765.819580
1164 26.201000 2671.208740 2762.250000
1165 26.226000 2671.208740 2761.990234
1166 26.247000 2668.032227 2761.350342
1167 26.272000 2668.032227 2767.484131
1168 26.293000 2668.032227 2759.248779
1169 26.313000 2668.032227 2759.248779
1170 26.337000 2668.032227 2759.248779
1171 26.362000 2668.032227 2759.248779
1172 26.384000 2668.032227 2759.248779
1173 26.409000 2668.032227 2759.248779
1174 26.434000 2668.032227 2758.022217
1175 26.456000 2668.032227 2758.022217
1176 26.477000 2668.032227 2757.843994
1177 26.498000 2668.032227 2757.843994
1178 26.521000 2668.032227 2756.766357
1179 26.543000 2668.032227 2754.658203
1180 26.563000 2668.032227 2754.604492
1181 26.587000 2668.032227 2754.604492
1182 26.607000 2668.032227 2754.604492
1183 26.630000 2668.032227 2754.604492
1184 26.654000 2668.032227 2754.604492
1185 26.679000 2668.032227 2753.537842
1186 26.703000 2668.032227 2753.007568
1187 26.726000 2668.032227 2752.913818
1188 26.748000 2668.032227 2752.913818
1189 26.771000 2668.032227 2752.725342
1190 26.792000 2668.032227 2751.930664
1191 26.813000 2668.032227 2751.930420
1192 26.833000 2668.032227 2751.930420
1193 26.854000 2668.032227 2750.980957
1194 26.876000 2668.032227 2750.882568
1195 26.898000 2668.032227 2750.882568
1196 26.917000 2668.032227 2750.882568
1197 26.940000 2668.032227 2750.882568
1198 26.963000 2668.032227 2750.368164
1199 26.985000 2668.032227 2750.298340
1200 27.006000 2668.032227 2750.166016
1201 27.032000 2668.032227 2750.166016
1202 27.057000 2668.032227 2750.166016
1203 27.078000 2668.032227 2754.533691
1204 27.100000 2668.032227 2754.533447
1205 27.119000 2668.032227 2754.436035
1206 27.141000 2668.032227 2754.303467
1207 27.163000 2668.032227 2754.191895
1208 27.187000 2668.032227 2754.191895
1209 27.209000 2668.032227 2753.984619
1210 27.233000 2668.032227 2753.984619
1211 27.253000 2668.032227 2749.764648
1212 27.277000 2668.032227 2749.764648
1213 27.300000 2668.032227 2761.870361
1214 27.322000 2668.032227 2756.015625
1215 27.346000 2668.032227 2755.482178
1216 27.367000 2668.032227 2754.923828
1217 27.386000 2668.032227 2753.614014
1218 27.408000 2668.032227 2753.614014
1219 27.435000 2668.032227 2766.504639
1220 27.459000 2668.032227 2761.186035
1221 27.483000 2668.032227 2759.559570
1222 27.506000 2668.032227 2758.011475
1223 27.529000 2668.032227 2757.816162
1224 27.552000 2668.032227 2757.816162
1225 27.582000 2668.032227 2753.873779
1226 27.606000 2668.032227 2753.873779
1227 27.625000 2668.032227 2753.873779
1228 27.648000 2668.032227 2753.479492
1229 27.667000 2668.032227 2753.479736
1230 27.690000 2668.032227 2753.479736
1231 27.714000 2668.032227 2753.051514
1232 27.736000 2668.032227 2750.962402
1233 27.759000 2668.032227 2750.427490
1234 27.782000 2668.032227 2750.427490
1235 27.805000 2668.032227 2750.427490
1236 27.830000 2668.032227 2764.720215
1237 27.853000 2668.032227 2764.635254
1238 27.879000 2668.032227 2754.300293
1239 27.900000 2668.032227 2754.300293
1240 27.921000 2668.032227 2754.150635
1241 27.944000 2668.032227 2754.150635
1242 27.965000 2668.032227 2749.773438
1243 27.986000 2668.032227 2749.773682
1244 28.007000 2668.032227 2749.773682
1245 28.026000 2668.032227 2749.773682
1246 28.047000 2668.032227 2749.593750
1247 28.068000 2668.032227 2749.407227
1248 28.094000 2668.032227 2749.407227
1249 28.114000 2668.032227 2757.016357
1250 28.135000 2668.032227 2754.904785
1251 28.158000 2668.032227 2754.904785
1252 28.179000 2668.032227 2754.653076
1253 28.205000 2668.032227 2754.653076
1254 28.228000 2668.032227 2752.705566
1255 28.250000 2668.032227 2752.657227
1256 28.269000 2668.032227 2752.495117
1257 28.293000 2668.032227 2752.495117
1258 28.315000 2668.032227 2752.495117
1259 28.340000 2668.032227 2752.495117
1260 28.365000 2668.032227 2752.121338
1261 28.388000 2668.032227 2751.054932
1262 28.410000 2668.032227 2751.054932
1263 28.432000 2668.032227 2750.869385
1264 28.455000 2668.032227 2750.869385
1265 28.479000 2668.032227 2750.834717
1266 28.503000 2668.032227 2750.125000
1267 28.529000 2668.032227 2749.443115
1268 28.550000 2668.032227 2749.443115
1269 28.571000 2668.032227 2749.443115
1270 28.591000 2668.032227 2749.443115
1271 28.617000 2668.032227 2760.619141
1272 28.641000 2668.032227 2756.449463
1273 28.664000 2668.032227 2755.709961
1274 28.684000 2668.032227 2753.692139
1275 28.708000 2668.032227 2752.269775
1276 28.731000 2668.032227 2751.395020
1277 28.752000 2668.032227 2750.872070
1278 28.776000 2668.032227 2750.872070
1279 28.799000 2668.032227 2750.872070
1280 28.820000 2668.032227 2750.547852
1281 28.851000 2668.032227 2750.388184
1282 28.910000 2668.032227 2750.303467
1283 28.942000 2668.032227 2750.303467
1284 28.967000 2668.032227 2750.303467
1285 28.988000 2668.032227 2750.303467
1286 29.014000 2668.032227 2749.746338
1287 29.039000 2668.032227 2749.729980
1288 29.062000 2668.032227 2749.729980
1289 29.085000 2668.032227 2749.729980
1290 29.108000 2668.032227 2767.564453
1291 29.129000 2668.032227 2752.258057
1292 29.152000 2668.032227 2752.048340
1293 29.182000 2668.032227 2751.219727
1294 29.208000 2668.032227 2751.097412
1295 29.229000 2668.032227 2751.097412
1296 29.255000 2668.032227 2750.843994
1297 29.279000 2668.032227 2750.843994
1298 29.303000 2668.032227 2766.453369
1299 29.328000 2668.032227 2764.383545
1300 29.347000 2668.032227 2760.895020
1301 29.372000 2668.032227 2759.887451
1302 29.391000 2668.032227 2754.287842
1303 29.416000 2668.032227 2754.171875
1304 29.439000 2668.032227 2753.750000
1305 29.462000 2668.032227 2753.488037
1306 29.489000 2668.032227 2758.195557
1307 29.511000 2668.032227 2756.868164
1308 29.531000 2668.032227 2755.076660
1309 29.555000 2668.032227 2754.915039
1310 29.578000 2668.032227 2754.052246
1311 29.598000 2668.032227 2762.303223
1312 29.621000 2668.032227 2756.178711
1313 29.645000 2668.032227 2753.832275
1314 29.671000 2668.032227 2752.229004
1315 29.696000 2668.032227 2751.054443
1316 29.719000 2668.032227 2751.054443
1317 29.740000 2668.032227 2749.791992
1318 29.760000 2668.032227 2749.791992
1319 29.782000 2668.032227 2749.791992
1320 29.803000 2668.032227 2754.826904
1321 29.823000 2668.032227 2754.826904
1322 29.847000 2668.032227 2754.826904
1323 29.866000 2668.032227 2753.210693
1324 29.887000 2668.032227 2752.808350
1325 29.910000 2668.032227 2751.144287
1326 29.933000 2668.032227 2751.032715
1327 29.953000 2668.032227 2751.032715
1328 29.979000 2668.032227 2751.032715
1329 30.001000 2668.032227 2751.032715
1330 30.025000 2668.032227 2751.032715
1331 30.046000 2668.032227 2751.032715
1332 30.070000 2668.032227 2751.032715
1333 30.090000 2668.032227 2750.981445
1334 30.114000 2668.032227 2750.649170
1335 30.140000 2668.032227 2750.332520
1336 30.166000 2668.032227 2750.332520
1337 30.192000 2668.032227 2749.114014
1338 30.214000 2668.032227 2749.078857
1339 30.238000 2668.032227 2749.078857
1340 30.262000 2668.032227 2749.078857
1341 30.283000 2668.032227 2753.436279
1342 30.310000 2668.032227 2753.436279
1343 30.333000 2668.032227 2752.535645
1344 30.356000 2668.032227 2752.255859
1345 30.379000 2668.032227 2752.255859
1346 30.400000 2668.032227 2752.020264
1347 30.425000 2668.032227 2751.960205
1348 30.449000 2668.032227 2750.355713
1349 30.470000 2668.032227 2750.355713
1350 30.493000 2668.032227 2750.164307
1351 30.516000 2668.032227 2749.237305
1352 30.537000 2668.032227 2765.945313
1353 30.561000 2668.032227 2777.158447
1354 30.582000 2668.032227 2775.083740
1355 30.601000 2668.032227 2773.355957
1356 30.624000 2668.032227 2771.990234
1357 30.647000 2668.032227 2769.471680
1358 30.674000 2668.032227 2770.486816
1359 30.698000 2668.032227 2770.241943
1360 30.725000 2668.032227 2768.490234
1361 30.746000 2668.032227 2768.488525
1362 30.773000 2668.032227 2766.655029
1363 30.800000 2668.032227 2765.143799
1364 30.822000 2668.032227 2764.885010
1365 30.848000 2668.032227 2763.061035
1366 30.872000 2668.032227 2762.115723
1367 30.895000 2668.032227 2760.614258
1368 30.920000 2668.032227 2762.216309
1369 30.944000 2668.032227 2759.725830
1370 30.969000 2668.032227 2758.370605
1371 30.989000 2668.032227 2758.016357
1372 31.008000 2668.032227 2757.374268
1373 31.032000 2668.032227 2757.374268
1374 31.053000 2668.032227 2756.512451
1375 31.074000 2668.032227 2755.004639
1376 31.093000 2668.032227 2764.501221
1377 31.115000 2668.032227 2759.804932
1378 31.137000 2668.032227 2759.258789
1379 31.155000 2668.032227 2758.411865
1380 31.178000 2668.032227 2756.650391
1381 31.200000 2668.032227 2754.755859
1382 31.223000 2668.032227 2752.656006
1383 31.246000 2668.032227 2751.826172
1384 31.269000 2668.032227 2751.826660
1385 31.293000 2668.032227 2751.826660
1386 31.313000 2668.032227 2751.826660
1387 31.335000 2668.032227 2750.889160
1388 31.357000 2668.032227 2749.583008
1389 31.376000 2668.032227 2749.494629
1390 31.398000 2668.032227 2749.003418
1391 31.421000 2668.032227 2747.267578
1392 31.445000 2668.032227 2746.486328
1393 31.469000 2668.032227 2746.486328
1394 31.491000 2668.032227 2746.486328
1395 31.511000 2668.032227 2744.763184
1396 31.534000 2668.032227 2744.461670
1397 31.555000 2668.032227 2744.247559
1398 31.575000 2668.032227 2744.084717
1399 31.601000 2668.032227 2743.952148
1400 31.629000 2668.032227 2745.020996
1401 31.656000 2668.032227 2744.387451
1402 31.679000 2668.032227 2744.206299
1403 31.698000 2668.032227 2744.206299
1404 31.722000 2668.032227 2744.206299
1405 31.749000 2668.032227 2743.862305
1406 31.774000 2668.032227 2743.620117
1407 31.799000 2668.032227 2743.526611
1408 31.822000 2668.032227 2747.273682
1409 31.847000 2668.032227 2745.757813
1410 31.870000 2668.032227 2743.801514
1411 31.890000 2668.032227 2743.687500
1412 31.910000 2668.032227 2743.687500
1413 31.937000 2668.032227 2743.562744
1414 31.960000 2668.032227 2743.493408
1415 31.985000 2668.032227 2742.849365
1416 32.008000 2668.032227 2742.849365
1417 32.032000 2668.032227 2742.182129
1418 32.053000 2668.032227 2742.182129
1419 32.073000 2668.032227 2741.585938
1420 32.095000 2668.032227 2741.585938
1421 32.117000 2668.032227 2741.585938
1422 32.142000 2668.032227 2741.492188
1423 32.168000 2668.032227 2741.492188
1424 32.191000 2668.032227 2741.454346
1425 32.213000 2668.032227 2741.334473
1426 32.235000 2668.032227 2740.745850
1427 32.257000 2668.032227 2740.745850
1428 32.276000 2668.032227 2740.745850
1429 32.299000 2668.032227 2740.745850
1430 32.319000 2668.032227 2740.745850
1431 32.341000 2668.032227 2740.745850
1432 32.365000 2668.032227 2740.745850
1433 32.389000 2668.032227 2754.120605
1434 32.411000 2668.032227 2748.127930
1435 32.435000 2668.032227 2747.281250
1436 32.457000 2668.032227 2744.479980
1437 32.481000 2668.032227 2744.378662
1438 32.499000 2668.032227 2744.378662
1439 32.521000 2668.032227 2744.378662
1440 32.544000 2668.032227 2744.343750
1441 32.567000 2668.032227 2744.111572
1442 32.588000 2668.032227 2744.111572
1443 32.613000 2668.032227 2742.932617
1444 32.637000 2668.032227 2747.844482
1445 32.660000 2668.032227 2747.083984
1446 32.684000 2668.032227 2747.083984
1447 32.708000 2668.032227 2747.083984
1448 32.730000 2668.032227 2747.083984
1449 32.753000 2668.032227 2747.083984
1450 32.775000 2668.032227 2746.011963
1451 32.797000 2668.032227 2745.490723
1452 32.821000 2668.032227 2745.299805
1453 32.841000 2668.032227 2745.167236
1454 32.865000 2668.032227 2745.167236
1455 32.886000 2668.032227 2744.976563
1456 32.908000 2668.032227 2744.659424
1457 32.936000 2668.032227 2744.502441
1458 32.960000 2668.032227 2744.502441
1459 32.985000 2668.032227 2744.502441
1460 33.008000 2668.032227 2744.502441
1461 33.031000 2668.032227 2744.502441
1462 33.053000 2668.032227 2744.502441
1463 33.077000 2668.032227 2744.133545
1464 33.097000 2668.032227 2744.133545
1465 33.120000 2668.032227 2744.133545
1466 33.141000 2668.032227 2744.133545
1467 33.161000 2668.032227 2744.133545
1468 33.185000 2668.032227 2744.133545
1469 33.207000 2668.032227 2741.412109
1470 33.232000 2668.032227 2740.662842
1471 33.256000 2668.032227 2738.998047
1472 33.279000 2668.032227 2738.998535
1473 33.303000 2668.032227 2738.998535
1474 33.325000 2668.032227 2738.998535
1475 33.351000 2668.032227 2738.998535
1476 33.370000 2668.032227 2738.874023
1477 33.390000 2668.032227 2738.874023
1478 33.413000 2668.032227 2738.874023
1479 33.438000 2668.032227 2746.522217
1480 33.458000 2668.032227 2743.308105
1481 33.478000 2668.032227 2743.307861
1482 33.501000 2668.032227 2743.307861
1483 33.524000 2668.032227 2743.307861
1484 33.546000 2668.032227 2743.307861
1485 33.568000 2668.032227 2743.307861
1486 33.589000 2668.032227 2743.307861
1487 33.612000 2668.032227 2743.307861
1488 33.633000 2668.032227 2745.667480
1489 33.653000 2668.032227 2743.763184
1490 33.675000 2668.032227 2743.763184
1491 33.696000 2668.032227 2741.868408
1492 33.722000 2668.032227 2741.669678
1493 33.744000 2664.880371 2741.315918
1494 33.766000 2664.880371 2740.041016
1495 33.790000 2664.880371 2740.041016
1496 33.815000 2664.880371 2739.516846
1497 33.837000 2664.880371 2739.516846
1498 33.861000 2664.880371 2739.486328
1499 33.882000 2664.880371 2750.245850
1500 33.904000 2664.880371 2750.210693
1501 33.926000 2659.686768 2744.629639
1502 33.946000 2659.686768 2743.744629
1503 33.970000 2659.686768 2743.437500
1504 33.996000 2659.686768 2743.211182
1505 34.017000 2656.880615 2742.032227
1506 34.038000 2656.880615 2738.913818
1507 34.059000 2656.880615 2738.742920
1508 34.085000 2656.880615 2738.399414
1509 34.110000 2656.880615 2738.399414
1510 34.129000 2656.880615 2737.734619
1511 34.152000 2656.880615 2748.584473
1512 34.173000 2656.880615 2748.584473
1513 34.192000 2656.880615 2744.592529
1514 34.212000 2656.880615 2741.214355
1515 34.233000 2656.880615 2740.948730
1516 34.252000 2656.880615 2740.047119
1517 34.278000 2656.880615 2740.047119
1518 34.299000 2656.880615 2740.047119
1519 34.320000 2656.880615 2739.917480
1520 34.346000 2656.880615 2752.947510
1521 34.367000 2656.880615 2749.612305
1522 34.393000 2656.880615 2749.612305
1523 34.414000 2656.880615 2749.612305
1524 34.441000 2656.880615 2748.718018
1525 34.458000 2656.880615 2743.515869
1526 34.478000 2656.880615 2743.119141
1527 34.501000 2656.880615 2743.066895
1528 34.524000 2656.880615 2760.443115
1529 34.549000 2656.880615 2747.985596
1530 34.575000 2656.880615 2753.462158
1531 34.599000 2656.880615 2752.851563
1532 34.617000 2656.880615 2752.571289
1533 34.641000 2656.880615 2751.231201
1534 34.660000 2656.880615 2749.197266
1535 34.678000 2656.880615 2749.011230
1536 34.702000 2656.880615 2748.108154
1537 34.725000 2656.880615 2747.881348
1538 34.745000 2656.880615 2747.496582
1539 34.766000 2656.880615 2746.981201
1540 34.787000 2656.880615 2746.362305
1541 34.813000 2656.880615 2745.743408
1542 34.837000 2656.880615 2745.468994
1543 34.861000 2656.880615 2745.215576
1544 34.883000 2656.880615 2745.130859
1545 34.905000 2656.880615 2743.412598
1546 34.927000 2656.880615 2743.410400
1547 34.946000 2656.880615 2741.385010
1548 34.968000 2656.880615 2740.293213
1549 34.992000 2656.880615 2739.815674
1550 35.014000 2656.880615 2739.337402
1551 35.038000 2656.880615 2737.623779
1552 35.060000 2656.880615 2737.044434
1553 35.084000 2656.880615 2736.943115
1554 35.107000 2656.880615 2736.745361
1555 35.128000 2656.880615 2736.547607
1556 35.150000 2656.880615 2736.547607
1557 35.173000 2656.880615 2736.352295
1558 35.198000 2656.880615 2736.255371
1559 35.216000 2656.880615 2736.255371
1560 35.237000 2656.880615 2736.255371
1561 35.259000 2656.880615 2736.195068
1562 35.280000 2656.880615 2735.772705
1563 35.305000 2656.880615 2735.772705
1564 35.325000 2656.880615 2735.772705
1565 35.348000 2656.880615 2735.772705
1566 35.370000 2656.880615 2735.772705
1567 35.393000 2656.880615 2735.772705
1568 35.413000 2656.880615 2735.772705
1569 35.438000 2656.880615 2735.772705
1570 35.460000 2656.880615 2735.772705
1571 35.481000 2656.880615 2735.772705
1572 35.502000 2656.880615 2735.772705
1573 35.522000 2656.880615 2735.772705
1574 35.544000 2656.880615 2735.772705
1575 35.566000 2656.880615 2735.772705
1576 35.584000 2656.880615 2735.772705
1577 35.606000 2656.880615 2735.772705
1578 35.627000 2656.880615 2735.772705
1579 35.651000 2656.880615 2735.772705
1580 35.668000 2656.880615 2735.649658
1581 35.690000 2656.880615 2735.322754
1582 35.711000 2656.880615 2735.323242
1583 35.735000 2656.880615 2735.288818
1584 35.757000 2656.880615 2735.288818
1585 35.778000 2656.880615 2734.867920
1586 35.800000 2656.880615 2734.659912
1587 35.819000 2656.880615 2734.659912
1588 35.839000 2646.566895 2734.659912
1589 35.863000 2646.566895 2733.983643
1590 35.885000 2646.566895 2733.891602
1591 35.911000 2646.566895 2733.891602
1592 35.931000 2646.566895 2733.891602
1593 35.956000 2646.566895 2733.891602
1594 35.977000 2646.566895 2733.891602
1595 35.997000 2646.566895 2733.658203
1596 36.019000 2646.566895 2733.658203
1597 36.041000 2646.566895 2733.658203
1598 36.064000 2646.566895 2733.658203
1599 36.085000 2646.566895 2733.658203
1600 36.106000 2646.566895 2733.658203
1601 36.129000 2646.566895 2733.044434
1602 36.152000 2646.566895 2733.044434
1603 36.175000 2646.566895 2733.044434
1604 36.202000 2646.566895 2732.736328
1605 36.226000 2646.566895 2732.736328
1606 36.247000 2646.566895 2732.245117
1607 36.270000 2646.566895 2732.245117
1608 36.293000 2646.566895 2732.245117
1609 36.315000 2646.566895 2731.209473
1610 36.336000 2646.566895 2731.180908
1611 36.356000 2646.566895 2731.180908
1612 36.379000 2646.566895 2731.180908
1613 36.399000 2646.566895 2731.180908
1614 36.425000 2646.566895 2731.180908
1615 36.446000 2646.566895 2731.180908
1616 36.468000 2646.566895 2731.180908
1617 36.490000 2646.566895 2731.180908
1618 36.509000 2646.566895 2731.180908
1619 36.529000 2646.566895 2731.180908
1620 36.552000 2646.566895 2731.180908
1621 36.573000 2646.566895 2730.900879
1622 36.595000 2646.566895 2730.900635
1623 36.618000 2646.566895 2730.900635
1624 36.641000 2646.566895 2730.900635
1625 36.664000 2646.566895 2730.688965
1626 36.688000 2646.566895 2730.688965
1627 36.708000 2646.566895 2730.688965
1628 36.733000 2646.566895 2730.491211
1629 36.752000 2646.566895 2730.155518
1630 36.773000 2646.566895 2729.869629
1631 36.796000 2646.566895 2729.869629
1632 36.820000 2646.566895 2729.869629
1633 36.843000 2646.566895 2729.731934
1634 36.867000 2646.566895 2729.637695
1635 36.887000 2646.566895 2729.637695
1636 36.908000 2646.566895 2729.637695
1637 36.929000 2646.566895 2729.637695
1638 36.951000 2646.566895 2729.036621
1639 36.975000 2646.566895 2728.896973
1640 36.996000 2646.566895 2728.896973
1641 37.019000 2646.566895 2728.896973
1642 37.044000 2646.566895 2728.662842
1643 37.067000 2646.566895 2728.258545
1644 37.087000 2646.566895 2738.520508
1645 37.111000 2646.566895 2736.075928
1646 37.134000 2646.566895 2731.935547
1647 37.158000 2646.566895 2732.866455
1648 37.182000 2646.566895 2732.365723
1649 37.205000 2646.566895 2732.206787
1650 37.226000 2646.566895 2733.962158
1651 37.247000 2646.566895 2733.415527
1652 37.270000 2646.566895 2736.811768
1653 37.291000 2646.566895 2736.747803
1654 37.311000 2646.566895 2736.256348
1655 37.336000 2646.566895 2736.137451
1656 37.357000 2646.566895 2735.351318
1657 37.380000 2646.566895 2735.259033
1658 37.403000 2646.566895 2732.287598
1659 37.428000 2646.566895 2732.287598
1660 37.449000 2646.566895 2732.287598
1661 37.470000 2646.566895 2732.287598
1662 37.486000 2646.566895 2732.287598
1663 37.509000 2646.566895 2741.337891
1664 37.533000 2646.566895 2740.097412
1665 37.550000 2646.566895 2737.552734
1666 37.573000 2646.566895 2734.029297
1667 37.595000 2646.566895 2740.308838
1668 37.615000 2646.566895 2735.477539
1669 37.638000 2646.566895 2734.479736
1670 37.663000 2646.566895 2734.479736
1671 37.720000 2646.566895 2734.196289
1672 37.744000 2646.566895 2733.436768
1673 37.775000 2646.566895 2732.786621
1674 37.798000 2646.566895 2732.786621
1675 37.823000 2646.566895 2732.786621
1676 37.847000 2646.566895 2738.544678
1677 37.870000 2646.566895 2738.544678
1678 37.892000 2646.566895 2738.544678
1679 37.916000 2646.566895 2734.571289
1680 37.939000 2646.566895 2732.918701
1681 37.961000 2646.566895 2731.619629
1682 37.984000 2646.566895 2731.619629
1683 38.005000 2646.566895 2730.908691
1684 38.027000 2646.566895 2730.909180
1685 38.052000 2646.566895 2728.560059
1686 38.073000 2646.566895 2727.197510
1687 38.096000 2646.566895 2727.197510
1688 38.117000 2646.566895 2727.136475
1689 38.139000 2646.566895 2727.136475
1690 38.162000 2646.566895 2727.004150
1691 38.183000 2646.566895 2726.323975
1692 38.208000 2646.566895 2726.286865
1693 38.233000 2646.566895 2726.206787
1694 38.255000 2646.566895 2726.083740
1695 38.277000 2646.566895 2726.083740
1696 38.299000 2646.566895 2725.468994
1697 38.323000 2646.566895 2725.468994
1698 38.339000 2646.566895 2725.468994
1699 38.362000 2646.566895 2725.468994
1700 38.387000 2646.566895 2725.119385
1701 38.411000 2646.566895 2725.119385
1702 38.434000 2646.566895 2724.832520
1703 38.454000 2646.566895 2724.736328
1704 38.475000 2646.566895 2724.603760
1705 38.499000 2646.566895 2724.603760
1706 38.519000 2646.566895 2724.603760
1707 38.540000 2646.566895 2739.815430
1708 38.563000 2646.566895 2727.158691
1709 38.586000 2646.566895 2727.158691
1710 38.608000 2646.566895 2727.158691
1711 38.628000 2646.566895 2727.158691
1712 38.650000 2646.566895 2727.158691
1713 38.670000 2646.566895 2727.158691
1714 38.691000 2646.566895 2726.903809
1715 38.714000 2646.566895 2726.517822
1716 38.736000 2646.566895 2726.517822
1717 38.753000 2646.566895 2726.517822
1718 38.771000 2646.566895 2735.215088
1719 38.791000 2646.566895 2735.215088
1720 38.812000 2646.566895 2733.391846
1721 38.832000 2646.566895 2731.148438
1722 38.855000 2646.566895 2730.675049
1723 38.878000 2646.566895 2730.335205
1724 38.900000 2646.566895 2729.054443
1725 38.923000 2646.566895 2729.054443
1726 38.948000 2646.566895 2728.554688
1727 38.969000 2646.566895 2728.554443
1728 38.991000 2646.566895 2728.554443
1729 39.014000 2646.566895 2728.554443
1730 39.039000 2646.566895 2727.043213
1731 39.060000 2646.566895 2727.043213
1732 39.079000 2646.566895 2727.043213
1733 39.106000 2646.566895 2727.043213
1734 39.130000 2646.566895 2726.676025
1735 39.152000 2646.566895 2726.325684
1736 39.171000 2646.566895 2726.325684
1737 39.195000 2646.566895 2726.165283
1738 39.218000 2646.566895 2726.165283
1739 39.244000 2646.566895 2726.165283
1740 39.265000 2646.566895 2726.165283
1741 39.286000 2646.566895 2725.251953
1742 39.308000 2646.566895 2725.251953
1743 39.330000 2646.566895 2725.028809
1744 39.352000 2646.566895 2723.990234
1745 39.375000 2646.566895 2723.990234
1746 39.399000 2646.566895 2723.696045
1747 39.422000 2646.566895 2723.576904
1748 39.443000 2646.566895 2723.359619
1749 39.465000 2646.566895 2723.359619
1750 39.490000 2646.566895 2723.359619
1751 39.509000 2646.566895 2723.272705
1752 39.535000 2646.566895 2723.272705
1753 39.556000 2646.566895 2728.187500
1754 39.577000 2646.566895 2728.187500
1755 39.595000 2646.566895 2726.791260
1756 39.617000 2646.566895 2726.791260
1757 39.641000 2646.566895 2726.791260
1758 39.663000 2646.566895 2725.716553
1759 39.687000 2646.566895 2725.716553
1760 39.707000 2646.566895 2725.716553
1761 39.731000 2646.566895 2725.089355
1762 39.753000 2646.566895 2725.089355
1763 39.776000 2646.566895 2725.089355
1764 39.799000 2646.566895 2725.089355
1765 39.820000 2646.566895 2737.174316
1766 39.842000 2646.566895 2731.161865
1767 39.863000 2646.566895 2737.656982
1768 39.883000 2646.566895 2737.616455
1769 39.908000 2646.566895 2737.574707
1770 39.931000 2646.566895 2736.987305
1771 39.950000 2646.566895 2735.579102
1772 39.973000 2646.566895 2732.955322
1773 39.991000 2646.566895 2731.643555
1774 40.015000 2646.566895 2732.688477
1775 40.035000 2646.566895 2731.650635
1776 40.057000 2646.566895 2731.424316
1777 40.081000 2646.566895 2731.209473
1778 40.103000 2646.566895 2731.185547
1779 40.120000 2646.566895 2730.340820
1780 40.142000 2646.566895 2730.340820
1781 40.165000 2646.566895 2729.907715
1782 40.187000 2646.566895 2729.734619
1783 40.210000 2646.566895 2729.734619
1784 40.232000 2646.566895 2729.734619
1785 40.254000 2646.566895 2729.303711
1786 40.277000 2646.566895 2729.303711
1787 40.298000 2646.566895 2729.303711
1788 40.322000 2646.566895 2729.303711
1789 40.344000 2646.566895 2729.167480
1790 40.365000 2646.566895 2729.065918
1791 40.392000 2646.566895 2729.065918
1792 40.416000 2646.566895 2729.065918
1793 40.439000 2646.566895 2728.915039
1794 40.461000 2646.566895 2728.514893
1795 40.482000 2646.566895 2728.462891
1796 40.502000 2646.566895 2727.662598
1797 40.523000 2646.566895 2726.680664
1798 40.547000 2646.566895 2726.680664
1799 40.568000 2646.566895 2725.787109
1800 40.587000 2646.566895 2723.218506
1801 40.613000 2646.566895 2723.096191
1802 40.638000 2646.566895 2723.096191
1803 40.659000 2646.566895 2723.096191
1804 40.680000 2646.566895 2723.096191
1805 40.701000 2646.566895 2723.096191
1806 40.725000 2646.566895 2723.096191
1807 40.749000 2646.566895 2723.096191
1808 40.770000 2646.566895 2723.096191
1809 40.794000 2646.566895 2723.096191
1810 40.822000 2646.566895 2727.595703
1811 40.846000 2646.566895 2726.421631
1812 40.866000 2646.566895 2726.421631
1813 40.893000 2646.566895 2725.354492
1814 40.915000 2646.566895 2724.839355
1815 40.939000 2646.566895 2724.839355
1816 40.961000 2646.566895 2724.839355
1817 40.983000 2646.566895 2724.676270
1818 41.009000 2646.566895 2724.467285
1819 41.030000 2646.566895 2724.467285
1820 41.050000 2646.566895 2724.467285
1821 41.077000 2646.566895 2724.318115
1822 41.101000 2646.566895 2723.864990
1823 41.125000 2646.566895 2723.607910
1824 41.145000 2646.566895 2723.607910
1825 41.168000 2646.566895 2723.479980
1826 41.191000 2646.566895 2723.479980
1827 41.211000 2646.566895 2723.479980
1828 41.232000 2646.566895 2723.479980
1829 41.254000 2646.566895 2723.479980
1830 41.277000 2646.566895 2723.421875
1831 41.301000 2646.566895 2723.421875
1832 41.324000 2646.566895 2723.088379
1833 41.350000 2646.566895 2721.022217
1834 41.371000 2646.566895 2726.411133
1835 41.392000 2646.566895 2726.411133
1836 41.417000 2646.566895 2726.173340
1837 41.439000 2646.566895 2726.173340
1838 41.461000 2646.566895 2726.173340
1839 41.483000 2646.566895 2728.111572
1840 41.504000 2646.566895 2724.045410
1841 41.529000 2646.566895 2723.949463
1842 41.552000 2646.566895 2721.428223
1843 41.576000 2646.566895 2721.158203
1844 41.598000 2646.566895 2721.122559
1845 41.622000 2646.566895 2721.084717
1846 41.639000 2646.566895 2719.674072
1847 41.664000 2646.566895 2719.674072
1848 41.687000 2646.566895 2719.617920
1849 41.708000 2646.566895 2719.617920
1850 41.733000 2646.566895 2719.402588
1851 41.755000 2646.566895 2719.402588
1852 41.774000 2646.566895 2719.204590
1853 41.796000 2646.566895 2718.071533
1854 41.821000 2646.566895 2718.071533
1855 41.845000 2646.566895 2718.015381
1856 41.870000 2646.566895 2717.959473
1857 41.892000 2646.566895 2717.959473
1858 41.914000 2646.566895 2723.869141
1859 41.936000 2646.566895 2723.869385
1860 41.961000 2646.566895 2721.396240
1861 41.982000 2646.566895 2721.396240
1862 42.005000 2646.566895 2721.396240
1863 42.031000 2646.566895 2721.396240
1864 42.049000 2646.566895 2719.665039
1865 42.075000 2646.566895 2719.664795
1866 42.101000 2646.566895 2719.664795
1867 42.123000 2646.566895 2719.664795
1868 42.146000 2646.566895 2719.319336
1869 42.172000 2646.566895 2719.319336
1870 42.196000 2646.566895 2719.319336
1871 42.220000 2646.566895 2719.319336
1872 42.240000 2646.566895 2719.319336
1873 42.263000 2646.566895 2719.319336
1874 42.286000 2646.566895 2719.319336
1875 42.309000 2646.566895 2719.319336
1876 42.327000 2646.566895 2719.319336
1877 42.353000 2646.566895 2719.093018
1878 42.376000 2646.566895 2719.093018
1879 42.402000 2646.566895 2721.429932
1880 42.422000 2646.566895 2724.446045
1881 42.443000 2646.566895 2724.446289
1882 42.464000 2646.566895 2724.446289
1883 42.486000 2646.566895 2724.352539
1884 42.512000 2646.566895 2724.352539
1885 42.533000 2646.566895 2723.333984
1886 42.555000 2646.566895 2723.333984
1887 42.581000 2646.566895 2723.333984
1888 42.606000 2646.566895 2723.298340
1889 42.629000 2646.566895 2723.298340
1890 42.652000 2646.566895 2728.435059
1891 42.674000 2646.566895 2734.197510
1892 42.692000 2646.566895 2730.349609
1893 42.714000 2646.566895 2730.349609
1894 42.737000 2646.566895 2729.614990
1895 42.762000 2646.566895 2729.012207
1896 42.784000 2646.566895 2729.011963
1897 42.807000 2646.566895 2728.454102
1898 42.831000 2646.566895 2728.404053
1899 42.855000 2646.566895 2728.055420
1900 42.876000 2646.566895 2728.055420
1901 42.897000 2646.566895 2728.055420
1902 42.920000 2646.566895 2728.055420
1903 42.940000 2646.566895 2727.111572
1904 42.963000 2646.566895 2727.111572
1905 42.983000 2646.566895 2726.470215
1906 43.007000 2646.566895 2726.204102
1907 43.027000 2646.566895 2726.064697
1908 43.048000 2646.566895 2726.064697
1909 43.071000 2646.566895 2726.006592
1910 43.094000 2646.566895 2725.971191
1911 43.117000 2646.566895 2725.971191
1912 43.137000 2646.566895 2723.478027
1913 43.162000 2646.566895 2723.355713
1914 43.184000 2646.566895 2722.690430
1915 43.204000 2646.566895 2722.690430
1916 43.225000 2646.566895 2724.470703
1917 43.246000 2646.566895 2723.898193
1918 43.269000 2646.566895 2721.700195
1919 43.293000 2646.566895 2721.486328
1920 43.318000 2646.566895 2721.162598
1921 43.341000 2646.566895 2723.857422
1922 43.361000 2646.566895 2723.671631
1923 43.387000 2646.566895 2723.671631
1924 43.409000 2646.566895 2723.671631
1925 43.428000 2646.566895 2723.671631
1926 43.450000 2646.566895 2723.605225
1927 43.473000 2646.566895 2720.359375
1928 43.494000 2646.566895 2720.293945
1929 43.519000 2646.566895 2719.929932
1930 43.542000 2646.566895 2719.365723
1931 43.564000 2646.566895 2719.365723
1932 43.585000 2646.566895 2736.118408
1933 43.606000 2646.566895 2728.068115
1934 43.633000 2646.566895 2727.996826
1935 43.654000 2646.566895 2725.094971
1936 43.676000 2646.566895 2725.083740
1937 43.699000 2646.566895 2724.993652
1938 43.723000 2646.566895 2724.779297
1939 43.743000 2646.566895 2724.718750
1940 43.767000 2646.566895 2724.718750
1941 43.786000 2646.566895 2724.718750
1942 43.808000 2646.566895 2724.537842
1943 43.825000 2646.566895 2724.352539
1944 43.851000 2646.566895 2723.916992
1945 43.870000 2646.566895 2723.299805
1946 43.894000 2646.566895 2722.760010
1947 43.919000 2646.566895 2721.067871
1948 43.943000 2646.566895 2720.932129
1949 43.963000 2646.566895 2720.895508
1950 43.986000 2646.566895 2731.916992
1951 44.007000 2646.566895 2729.905518
1952 44.030000 2646.566895 2725.070557
1953 44.055000 2646.566895 2723.182861
1954 44.079000 2646.566895 2723.182861
1955 44.103000 2646.566895 2722.675537
1956 44.123000 2646.566895 2720.888672
1957 44.143000 2646.566895 2720.748047
1958 44.165000 2646.566895 2720.521484
1959 44.187000 2646.566895 2728.729492
1960 44.210000 2646.566895 2727.145996
1961 44.233000 2646.566895 2726.634766
1962 44.256000 2646.566895 2726.496582
1963 44.276000 2646.566895 2724.208984
1964 44.294000 2646.566895 2720.039063
1965 44.316000 2646.566895 2718.000000
1966 44.337000 2646.566895 2718.000000
1967 44.360000 2646.566895 2717.755371
1968 44.382000 2646.566895 2717.557861
1969 44.405000 2646.566895 2717.394043
1970 44.429000 2646.566895 2716.614258
1971 44.451000 2646.566895 2716.027588
1972 44.474000 2646.566895 2716.027832
1973 44.494000 2646.566895 2715.804443
1974 44.517000 2646.566895 2715.464600
1975 44.541000 2646.566895 2714.352295
1976 44.563000 2646.566895 2714.351807
1977 44.586000 2646.566895 2714.284180
1978 44.608000 2646.566895 2714.284180
1979 44.628000 2646.566895 2714.284180
1980 44.650000 2646.566895 2714.284180
1981 44.672000 2646.566895 2714.284180
1982 44.694000 2646.566895 2714.161621
1983 44.718000 2646.566895 2714.055664
1984 44.744000 2646.566895 2714.055664
1985 44.765000 2646.566895 2714.055664
1986 44.787000 2646.566895 2714.055664
1987 44.809000 2646.566895 2714.055664
1988 44.831000 2646.566895 2714.055664
1989 44.852000 2646.566895 2714.055664
1990 44.875000 2646.566895 2714.055664
1991 44.900000 2646.566895 2714.055664
1992 44.922000 2646.566895 2714.055664
1993 44.943000 2646.566895 2714.055664
1994 44.962000 2646.566895 2713.593018
1995 44.987000 2646.566895 2713.593018
1996 45.008000 2646.566895 2713.593018
1997 45.029000 2646.566895 2713.593018
1998 45.051000 2646.566895 2713.593018
1999 45.076000 2646.566895 2713.593018
2000 45.096000 2646.566895 2713.593018
2001 45.121000 2646.566895 2713.593018
2002 45.145000 2646.566895 2713.593018
2003 45.167000 2646.566895 2713.593018
2004 45.186000 2646.566895 2713.079102
2005 45.208000 2646.566895 2712.831787
2006 45.229000 2646.566895 2712.623047
2007 45.251000 2646.566895 2712.623535
2008 45.273000 2646.566895 2712.236816
2009 45.294000 2646.566895 2712.236816
2010 45.316000 2646.566895 2712.236816
2011 45.337000 2646.566895 2712.236816
2012 45.361000 2646.566895 2718.986328
2013 45.383000 2646.566895 2717.647461
2014 45.406000 2646.566895 2717.647461
2015 45.429000 2646.566895 2717.083496
2016 45.452000 2646.566895 2717.083496
2017 45.474000 2646.566895 2716.121826
2018 45.493000 2646.566895 2715.938477
2019 45.516000 2646.566895 2715.902832
2020 45.540000 2646.566895 2712.811523
2021 45.562000 2646.566895 2711.038330
2022 45.583000 2646.566895 2711.038330
2023 45.605000 2646.566895 2711.038330
2024 45.628000 2646.566895 2711.038330
2025 45.650000 2646.566895 2711.038330
2026 45.673000 2646.566895 2711.038330
2027 45.695000 2646.566895 2716.290039
2028 45.715000 2646.566895 2715.241455
2029 45.738000 2646.566895 2715.073975
2030 45.759000 2646.566895 2714.939941
2031 45.782000 2646.566895 2714.939941
2032 45.801000 2646.566895 2714.676758
2033 45.824000 2646.566895 2714.068848
2034 45.847000 2646.566895 2713.359375
2035 45.871000 2646.566895 2713.359375
2036 45.896000 2646.566895 2713.359375
2037 45.919000 2646.566895 2713.359375
2038 45.942000 2646.566895 2713.359375
2039 45.966000 2646.566895 2712.797119
2040 45.988000 2646.566895 2712.797119
2041 46.006000 2646.566895 2712.797119
2042 46.028000 2646.566895 2712.797119
2043 46.049000 2646.566895 2712.611328
2044 46.076000 2646.566895 2712.611328
2045 46.099000 2646.566895 2712.611328
2046 46.120000 2646.566895 2712.611328
2047 46.143000 2646.566895 2712.593750
2048 46.166000 2646.566895 2712.593750
2049 46.188000 2646.566895 2712.593750
2050 46.213000 2646.566895 2712.593750
2051 46.237000 2646.566895 2712.593750
2052 46.260000 2646.566895 2711.750244
2053 46.283000 2646.566895 2711.750244
2054 46.307000 2646.566895 2710.984619
2055 46.328000 2646.566895 2710.984375
2056 46.355000 2646.566895 2710.984375
2057 46.377000 2646.566895 2710.681152
2058 46.401000 2646.566895 2710.681152
2059 46.423000 2646.566895 2729.253662
2060 46.447000 2646.566895 2724.087891
2061 46.469000 2646.566895 2723.712158
2062 46.489000 2646.566895 2723.712158
2063 46.512000 2646.566895 2722.844971
2064 46.534000 2646.566895 2722.513184
2065 46.553000 2646.566895 2721.098145
2066 46.574000 2646.566895 2719.873779
2067 46.600000 2646.566895 2717.841797
2068 46.622000 2646.566895 2716.772217
2069 46.643000 2646.566895 2716.772217
2070 46.663000 2646.566895 2714.561279
2071 46.686000 2646.566895 2714.561035
2072 46.706000 2646.566895 2714.561035
2073 46.728000 2646.566895 2714.561035
2074 46.749000 2646.566895 2714.213379
2075 46.770000 2646.566895 2714.213867
2076 46.792000 2646.566895 2714.213867
2077 46.815000 2646.566895 2714.213867
2078 46.838000 2646.566895 2714.213867
2079 46.862000 2646.566895 2714.213867
2080 46.880000 2646.566895 2714.213867
2081 46.903000 2646.566895 2714.213867
2082 46.924000 2646.566895 2714.213867
2083 46.947000 2646.566895 2714.213867
2084 46.968000 2646.566895 2714.213867
2085 46.988000 2646.566895 2714.083740
2086 47.010000 2646.566895 2714.083740
2087 47.031000 2646.566895 2714.083740
2088 47.052000 2646.566895 2714.083740
