0 0.000000 3094.278076 3304.989746
1 0.023000 3053.971924 3304.989746
2 0.043000 3001.447021 3340.372803
3 0.065000 2967.546875 4019.459961
4 0.090000 2953.499512 3737.856201
5 0.119000 2906.409668 3713.271240
6 0.146000 2906.409668 3835.677246
7 0.168000 2873.127686 4037.206055
8 0.186000 2862.932373 4139.833496
9 0.209000 2855.384277 4421.405762
10 0.231000 2851.796387 4284.428223
11 0.252000 2850.799561 4718.977539
12 0.272000 2847.980957 5049.716797
13 0.293000 2820.928467 5129.016113
14 0.318000 2805.429443 4909.301758
15 0.337000 2798.727783 5104.025879
16 0.363000 2798.727783 5205.123535
17 0.382000 2798.727783 5433.590820
18 0.403000 2798.727783 5546.026367
19 0.427000 2798.727783 5387.773926
20 0.452000 2798.727783 5508.492676
21 0.474000 2798.727783 5230.609863
22 0.495000 2798.727783 5295.057617
23 0.518000 2798.727783 5284.481934
24 0.540000 2798.727783 4961.828613
25 0.558000 2798.727783 5057.463867
26 0.579000 2798.727783 5094.457031
27 0.604000 2798.727783 5058.566406
28 0.628000 2798.727783 4915.031250
29 0.651000 2798.727783 4995.852051
30 0.674000 2798.727783 5256.703125
31 0.692000 2798.727783 5215.916992
32 0.715000 2798.727783 5134.779297
33 0.736000 2798.727783 5101.691895
34 0.759000 2798.727783 5314.438965
35 0.787000 2798.727783 5335.294434
36 0.807000 2798.727783 5059.361816
37 0.831000 2798.727783 4954.012695
38 0.852000 2798.727783 5245.292480
39 0.874000 2796.066406 5420.914551
40 0.895000 2796.066406 5414.858887
41 0.920000 2796.066406 5453.688965
42 0.947000 2796.066406 5383.344238
43 0.972000 2796.066406 5329.694336
44 0.996000 2796.066406 5084.844238
45 1.017000 2796.066406 5309.390137
46 1.040000 2796.066406 5244.758789
47 1.063000 2796.066406 5538.746094
48 1.096000 2796.066406 5814.154297
49 1.139000 2796.066406 5677.910156
50 1.186000 2796.066406 5756.316406
51 1.218000 2796.066406 5779.666992
52 1.242000 2796.066406 5532.653320
53 1.269000 2796.066406 5394.673340
54 1.296000 2796.066406 5236.690430
55 1.325000 2796.066406 5090.554688
56 1.346000 2796.066406 4955.974609
57 1.370000 2796.066406 4975.739746
58 1.395000 2796.066406 5000.934570
59 1.419000 2796.066406 4881.221680
60 1.439000 2796.066406 5089.811523
61 1.463000 2796.066406 5065.737793
62 1.487000 2796.066406 5115.062500
63 1.512000 2796.066406 5079.430664
64 1.535000 2796.066406 4835.326660
65 1.560000 2796.066406 4844.173340
66 1.585000 2796.066406 4834.024414
67 1.610000 2796.066406 4929.098633
68 1.635000 2796.066406 5092.453613
69 1.656000 2796.066406 5017.589844
70 1.679000 2796.066406 4776.647461
71 1.703000 2796.066406 4703.585449
72 1.726000 2796.066406 4695.355469
73 1.749000 2796.066406 4648.809082
74 1.772000 2796.066406 4935.326172
75 1.797000 2796.066406 4856.159180
76 1.821000 2796.066406 4774.633301
77 1.842000 2796.066406 4842.459473
78 1.863000 2796.066406 4594.198242
79 1.887000 2796.066406 4425.559082
80 1.906000 2796.066406 4546.265625
81 1.925000 2796.066406 4505.976074
82 1.947000 2796.066406 4803.879395
83 1.966000 2796.066406 4896.625977
84 1.988000 2796.066406 4699.170410
85 2.011000 2796.066406 4804.666992
86 2.033000 2796.066406 5184.215820
87 2.051000 2796.066406 5317.902344
88 2.076000 2796.066406 5302.528809
89 2.100000 2796.066406 5154.753418
90 2.121000 2796.066406 5242.534668
91 2.142000 2796.066406 5400.664551
92 2.162000 2796.066406 5151.561523
93 2.183000 2796.066406 5164.949219
94 2.200000 2796.066406 4923.546875
95 2.223000 2796.066406 4903.135254
96 2.245000 2796.066406 4932.675293
97 2.268000 2796.066406 5164.315430
98 2.290000 2796.066406 5450.965820
99 2.313000 2796.066406 5532.787109
100 2.336000 2796.066406 5600.946777
101 2.355000 2796.066406 5484.345215
102 2.376000 2796.066406 5657.166016
103 2.396000 2796.066406 5362.646484
104 2.418000 2796.066406 5628.202637
105 2.444000 2796.066406 5695.859375
106 2.467000 2796.066406 5533.660645
107 2.489000 2796.066406 5385.517578
108 2.514000 2796.066406 5111.654297
109 2.537000 2796.066406 5161.901367
110 2.558000 2796.066406 5365.789551
111 2.578000 2796.066406 5202.891602
112 2.599000 2796.066406 5069.496094
113 2.623000 2796.066406 5197.084961
114 2.645000 2796.066406 5083.487305
115 2.663000 2796.066406 5391.082031
116 2.683000 2796.066406 5494.566406
117 2.707000 2796.066406 5387.450684
118 2.730000 2796.066406 5320.101074
119 2.751000 2796.066406 5084.222656
120 2.770000 2796.066406 5127.939941
121 2.808000 2796.066406 5293.301270
122 2.851000 2796.066406 5382.366211
123 2.872000 2796.066406 5105.266113
124 2.896000 2796.066406 5357.169434
125 2.918000 2796.066406 5607.698730
126 2.941000 2796.066406 5623.194336
127 2.962000 2796.066406 5408.352051
128 2.984000 2796.066406 5365.261230
129 3.004000 2796.066406 5470.526367
130 3.024000 2796.066406 5653.151855
131 3.043000 2796.066406 5507.932617
132 3.064000 2796.066406 5389.698242
133 3.086000 2796.066406 5524.841309
134 3.109000 2796.066406 5640.532715
135 3.132000 2796.066406 5645.356934
136 3.156000 2796.066406 5480.201172
137 3.181000 2796.066406 5514.100098
138 3.208000 2796.066406 5314.023926
139 3.230000 2796.066406 5335.359863
140 3.248000 2796.066406 5356.386719
141 3.268000 2796.066406 5365.048828
142 3.290000 2796.066406 5276.723145
143 3.311000 2796.066406 5417.505859
144 3.334000 2796.066406 5466.048340
145 3.355000 2796.066406 5165.141602
146 3.378000 2796.066406 5134.851563
147 3.398000 2796.066406 5047.892578
148 3.420000 2796.066406 5009.915527
149 3.441000 2796.066406 4798.038574
150 3.466000 2796.066406 4844.541016
151 3.488000 2796.066406 4919.830566
152 3.508000 2796.066406 4965.047363
153 3.528000 2796.066406 4880.942383
154 3.551000 2796.066406 5280.568848
155 3.571000 2796.066406 5161.799805
156 3.592000 2796.066406 5085.560547
157 3.615000 2796.066406 5120.534180
158 3.635000 2796.066406 5288.931641
159 3.659000 2796.066406 5100.662109
160 3.679000 2796.066406 5134.331055
161 3.703000 2796.066406 5196.817383
162 3.727000 2796.066406 5055.333008
163 3.749000 2796.066406 5106.331055
164 3.772000 2796.066406 4895.816406
165 3.794000 2796.066406 4915.733887
166 3.817000 2796.066406 4747.480469
167 3.838000 2796.066406 4837.049805
168 3.863000 2796.066406 5019.873535
169 3.884000 2796.066406 5295.943359
170 3.908000 2796.066406 5210.645996
171 3.931000 2796.066406 5389.982422
172 3.953000 2796.066406 5190.974121
173 3.975000 2796.066406 5311.080078
174 3.998000 2796.066406 5358.140625
175 4.021000 2796.066406 5479.216797
176 4.044000 2796.066406 5364.006348
177 4.063000 2796.066406 5389.031738
178 4.092000 2796.066406 5166.300781
179 4.114000 2796.066406 5099.616699
180 4.136000 2796.066406 5131.253906
181 4.158000 2796.066406 5395.416016
182 4.179000 2796.066406 5615.997070
183 4.200000 2796.066406 5731.558594
184 4.220000 2796.066406 5760.746094
185 4.243000 2796.066406 5934.973633
186 4.265000 2796.066406 5902.604980
187 4.285000 2796.066406 5962.468262
188 4.310000 2796.066406 6085.441406
189 4.335000 2796.066406 6017.264160
190 4.355000 2796.066406 5745.921875
191 4.378000 2796.066406 5890.676758
192 4.402000 2796.066406 6039.633789
193 4.426000 2796.066406 5743.910156
194 4.449000 2796.066406 5527.603516
195 4.474000 2796.066406 5620.658691
196 4.497000 2796.066406 5519.904785
197 4.521000 2796.066406 5329.313965
198 4.543000 2796.066406 5113.397949
199 4.596000 2796.066406 5204.002441
200 4.630000 2796.066406 5305.162598
201 4.652000 2796.066406 5067.393066
202 4.673000 2796.066406 5011.662109
203 4.696000 2796.066406 4966.995117
204 4.717000 2796.066406 4878.687988
205 4.739000 2796.066406 4807.187988
206 4.760000 2796.066406 5131.501953
207 4.782000 2796.066406 5056.059570
208 4.802000 2796.066406 4948.791016
209 4.827000 2796.066406 5045.424805
210 4.849000 2796.066406 5030.156738
211 4.871000 2796.066406 5012.584473
212 4.892000 2796.066406 4933.318359
213 4.914000 2796.066406 4904.162109
214 4.934000 2796.066406 4908.769531
215 4.955000 2796.066406 5071.072754
216 4.977000 2796.066406 5210.042969
217 4.999000 2796.066406 4843.598633
218 5.021000 2796.066406 4836.414063
219 5.042000 2796.066406 4943.143066
220 5.067000 2796.066406 4709.227051
221 5.091000 2796.066406 4810.791992
222 5.113000 2796.066406 4975.998535
223 5.135000 2796.066406 5331.439941
224 5.161000 2796.066406 5302.674316
225 5.185000 2796.066406 5163.096680
226 5.207000 2796.066406 5232.220703
227 5.229000 2796.066406 5223.361816
228 5.254000 2796.066406 5280.986328
229 5.276000 2796.066406 5166.815918
230 5.294000 2796.066406 5516.478516
231 5.323000 2796.066406 5365.766113
232 5.345000 2796.066406 5400.688965
233 5.366000 2796.066406 5073.976074
234 5.389000 2796.066406 5077.588867
235 5.412000 2796.066406 5046.597656
236 5.437000 2796.066406 5027.896973
237 5.461000 2796.066406 4717.963867
238 5.484000 2796.066406 4963.679199
239 5.506000 2796.066406 4979.485840
240 5.530000 2796.066406 4925.232422
241 5.554000 2796.066406 5009.751465
242 5.574000 2796.066406 5050.069824
243 5.594000 2796.066406 5174.692383
244 5.615000 2796.066406 4975.148438
245 5.646000 2796.066406 5132.509766
246 5.668000 2796.066406 5052.293945
247 5.691000 2796.066406 4983.537109
248 5.715000 2796.066406 5141.045410
249 5.737000 2796.066406 5037.410156
250 5.759000 2796.066406 5213.056152
251 5.777000 2796.066406 5249.129883
252 5.801000 2796.066406 5061.291016
253 5.824000 2796.066406 5260.716309
254 5.844000 2796.066406 5191.458008
255 5.869000 2796.066406 4945.215820
256 5.892000 2796.066406 5218.633301
257 5.912000 2796.066406 5267.656250
258 5.933000 2796.066406 5574.451660
259 5.960000 2796.066406 5449.198242
260 5.986000 2796.066406 5546.074219
261 6.010000 2796.066406 5421.932617
262 6.029000 2796.066406 5467.471191
263 6.051000 2796.066406 5577.437500
264 6.072000 2796.066406 5568.742676
265 6.096000 2796.066406 5378.378906
266 6.117000 2796.066406 5581.626953
267 6.138000 2796.066406 5546.681641
268 6.162000 2796.066406 5737.089844
269 6.190000 2796.066406 5529.700195
270 6.215000 2796.066406 5490.305176
271 6.241000 2796.066406 5583.331055
272 6.265000 2796.066406 5368.516113
273 6.289000 2796.066406 5109.431641
274 6.310000 2796.066406 5141.736328
275 6.333000 2796.066406 4948.392578
276 6.357000 2796.066406 5054.735840
277 6.381000 2796.066406 4957.808594
278 6.404000 2796.066406 4843.801758
279 6.427000 2796.066406 5107.130859
280 6.447000 2796.066406 4906.725586
281 6.468000 2796.066406 5034.013184
282 6.487000 2796.066406 5172.353027
283 6.509000 2796.066406 5469.848633
284 6.534000 2796.066406 5243.448242
285 6.555000 2796.066406 5314.054199
286 6.580000 2796.066406 5570.202637
287 6.600000 2796.066406 5408.837402
288 6.623000 2796.066406 5413.271484
289 6.646000 2796.066406 5302.463867
290 6.669000 2796.066406 5239.820801
291 6.693000 2796.066406 5633.931152
292 6.715000 2796.066406 5501.615723
293 6.739000 2796.066406 5429.240723
294 6.761000 2796.066406 5125.665039
295 6.785000 2796.066406 5222.356445
296 6.811000 2796.066406 5456.768066
297 6.833000 2796.066406 5289.268555
298 6.856000 2796.066406 5533.209473
299 6.879000 2796.066406 5370.513184
300 6.900000 2796.066406 5185.077637
301 6.919000 2796.066406 5368.651367
302 6.942000 2796.066406 5133.889160
303 6.961000 2796.066406 5183.311035
304 6.985000 2796.066406 5283.085449
305 7.008000 2796.066406 5046.890137
306 7.033000 2796.066406 5096.045410
307 7.056000 2796.066406 5176.958984
308 7.078000 2796.066406 5176.113281
309 7.098000 2796.066406 4972.241211
310 7.123000 2796.066406 4784.389160
311 7.143000 2796.066406 4665.006348
312 7.166000 2796.066406 4729.401367
313 7.187000 2796.066406 4601.201172
314 7.207000 2796.066406 4882.840820
315 7.228000 2796.066406 5073.966797
316 7.252000 2796.066406 5161.152344
317 7.272000 2796.066406 5180.684570
318 7.294000 2796.066406 5397.799316
319 7.316000 2796.066406 5277.931641
320 7.337000 2796.066406 5486.358887
321 7.358000 2796.066406 5587.279785
322 7.383000 2796.066406 5794.975098
323 7.407000 2796.066406 5582.767090
324 7.427000 2796.066406 5476.512695
325 7.448000 2796.066406 5558.509277
326 7.469000 2796.066406 5503.939453
327 7.490000 2796.066406 5525.810059
328 7.514000 2796.066406 5641.076660
329 7.534000 2796.066406 5589.815430
330 7.556000 2796.066406 5237.704102
331 7.576000 2796.066406 5471.061035
332 7.597000 2796.066406 5391.343262
333 7.620000 2796.066406 5342.848145
334 7.645000 2796.066406 5502.526367
335 7.668000 2796.066406 5614.471680
336 7.692000 2796.066406 5383.108887
337 7.714000 2796.066406 5580.345703
338 7.738000 2796.066406 5607.892090
339 7.758000 2796.066406 5271.320801
340 7.780000 2796.066406 5390.778320
341 7.799000 2796.066406 5480.947266
342 7.824000 2796.066406 5519.068359
343 7.849000 2796.066406 5579.102539
344 7.871000 2796.066406 5534.717285
345 7.892000 2796.066406 5913.063965
346 7.916000 2796.066406 5941.687500
347 7.940000 2796.066406 5587.069336
348 7.966000 2796.066406 5636.629883
349 7.988000 2796.066406 5405.205566
350 8.011000 2796.066406 5234.577637
351 8.034000 2796.066406 4987.468750
352 8.055000 2796.066406 4964.245117
353 8.075000 2796.066406 5170.604004
354 8.097000 2796.066406 5429.948730
355 8.116000 2796.066406 5450.334961
356 8.139000 2796.066406 5182.127930
357 8.164000 2796.066406 5504.645508
358 8.186000 2796.066406 5335.823242
359 8.209000 2796.066406 5623.412109
360 8.230000 2796.066406 5755.404297
361 8.251000 2796.066406 5609.669922
362 8.272000 2796.066406 5310.173828
363 8.290000 2796.066406 5155.377930
364 8.311000 2796.066406 5116.069824
365 8.334000 2796.066406 5211.686035
366 8.358000 2796.066406 5173.187012
367 8.384000 2796.066406 5216.274902
368 8.411000 2796.066406 5014.236816
369 8.436000 2796.066406 5128.574219
370 8.456000 2796.066406 5110.474121
371 8.476000 2796.066406 5421.528320
372 8.499000 2796.066406 5144.151367
373 8.521000 2796.066406 5145.633301
374 8.546000 2796.066406 5039.392090
375 8.567000 2796.066406 5013.058594
376 8.589000 2796.066406 4827.652344
377 8.612000 2796.066406 4871.603027
378 8.634000 2796.066406 4730.776367
379 8.663000 2796.066406 4676.551758
380 8.687000 2796.066406 4973.018066
381 8.710000 2796.066406 5022.187012
382 8.731000 2796.066406 5074.882324
383 8.750000 2796.066406 5191.457031
384 8.775000 2796.066406 5168.624512
385 8.796000 2796.066406 5025.617188
386 8.823000 2796.066406 5227.257324
387 8.844000 2796.066406 5443.992676
388 8.864000 2796.066406 5441.161133
389 8.884000 2796.066406 5452.064453
390 8.910000 2796.066406 5464.151855
391 8.935000 2796.066406 5240.365723
392 8.957000 2796.066406 5605.445801
393 8.981000 2796.066406 5596.467285
394 9.004000 2796.066406 5537.758301
395 9.025000 2796.066406 5392.747070
396 9.045000 2796.066406 5145.144531
397 9.069000 2796.066406 5014.958008
398 9.093000 2796.066406 5075.834961
399 9.116000 2796.066406 4966.615234
400 9.138000 2796.066406 5475.836914
401 9.162000 2796.066406 5362.638184
402 9.182000 2796.066406 5105.334961
403 9.204000 2796.066406 5200.937012
404 9.223000 2796.066406 5391.990723
405 9.250000 2796.066406 5511.127930
406 9.273000 2796.066406 5163.813965
407 9.295000 2796.066406 5075.456055
408 9.317000 2796.066406 5134.370117
409 9.340000 2796.066406 5051.496582
410 9.371000 2796.066406 5080.276855
411 9.403000 2796.066406 5082.254883
412 9.425000 2796.066406 4857.434082
413 9.448000 2796.066406 4959.781250
414 9.467000 2796.066406 4831.204590
415 9.489000 2796.066406 5327.756348
416 9.513000 2796.066406 5172.057617
417 9.538000 2796.066406 5053.777344
418 9.557000 2796.066406 5007.963867
419 9.581000 2796.066406 5037.863281
420 9.602000 2796.066406 5261.539551
421 9.620000 2796.066406 5304.788574
422 9.644000 2796.066406 5385.068848
423 9.666000 2796.066406 5234.374512
424 9.689000 2796.066406 5263.573730
425 9.707000 2796.066406 5351.222656
426 9.731000 2796.066406 5520.623535
427 9.755000 2796.066406 5058.437988
428 9.782000 2796.066406 4893.327637
429 9.804000 2796.066406 5008.795410
430 9.824000 2796.066406 5097.394531
431 9.849000 2796.066406 5140.316406
432 9.869000 2796.066406 4865.542969
433 9.888000 2796.066406 4988.925293
434 9.909000 2796.066406 5134.967285
435 9.931000 2796.066406 5268.332520
436 9.953000 2796.066406 5129.725098
437 9.976000 2796.066406 5162.850098
438 9.997000 2796.066406 4993.144531
439 10.026000 2796.066406 4990.813477
440 10.057000 2796.066406 4915.582031
441 10.087000 2796.066406 4919.548828
442 10.108000 2796.066406 5037.510742
443 10.136000 2796.066406 4983.259766
444 10.156000 2796.066406 5020.953613
445 10.180000 2796.066406 5352.403320
446 10.200000 2796.066406 5612.161133
447 10.224000 2796.066406 5553.528320
448 10.243000 2796.066406 5440.598145
449 10.268000 2796.066406 5694.989258
450 10.289000 2796.066406 5746.306641
451 10.311000 2796.066406 5731.391113
452 10.331000 2796.066406 5520.199219
453 10.355000 2796.066406 5378.610840
454 10.378000 2796.066406 5172.800293
455 10.402000 2796.066406 5148.181641
456 10.425000 2796.066406 5163.238770
457 10.448000 2796.066406 5220.782715
458 10.470000 2796.066406 5101.142578
459 10.489000 2796.066406 5287.393066
460 10.513000 2796.066406 5219.798828
461 10.534000 2796.066406 5157.746582
462 10.554000 2796.066406 5129.457520
463 10.574000 2796.066406 5032.902344
464 10.595000 2796.066406 4994.872070
465 10.614000 2796.066406 4839.757813
466 10.633000 2796.066406 4902.409180
467 10.653000 2796.066406 4946.240723
468 10.679000 2796.066406 4981.920898
469 10.701000 2796.066406 5001.606445
470 10.723000 2796.066406 5228.393555
471 10.747000 2796.066406 5327.664551
472 10.769000 2796.066406 5308.248047
473 10.789000 2796.066406 5143.432617
474 10.813000 2796.066406 5071.685547
475 10.835000 2796.066406 5146.795410
476 10.852000 2796.066406 5267.638672
477 10.871000 2796.066406 5272.099609
478 10.893000 2796.066406 5409.660156
479 10.913000 2796.066406 5342.800781
480 10.936000 2796.066406 5429.322266
481 10.957000 2796.066406 5560.251465
482 10.978000 2796.066406 5636.116699
483 10.999000 2796.066406 5543.652344
484 11.020000 2796.066406 5619.230469
485 11.040000 2796.066406 5595.198730
486 11.060000 2796.066406 5815.843262
487 11.082000 2796.066406 6068.561035
488 11.107000 2796.066406 6029.477539
489 11.126000 2796.066406 5998.721191
490 11.150000 2796.066406 5770.661133
491 11.168000 2796.066406 5621.929199
492 11.192000 2796.066406 5364.498047
493 11.213000 2796.066406 5183.895508
494 11.230000 2796.066406 5276.015625
495 11.251000 2796.066406 5186.900391
496 11.274000 2796.066406 5023.260742
497 11.296000 2796.066406 5085.823730
498 11.318000 2796.066406 5316.068848
499 11.339000 2796.066406 5077.583496
500 11.359000 2796.066406 5437.201660
501 11.381000 2796.066406 5383.589355
502 11.401000 2796.066406 5817.135742
503 11.421000 2796.066406 6413.342285
504 11.441000 2796.066406 6283.303223
505 11.463000 2796.066406 6193.321777
506 11.479000 2796.066406 6369.665527
507 11.504000 2796.066406 6521.271484
508 11.527000 2796.066406 6231.381836
509 11.548000 2796.066406 6391.955078
510 11.568000 2796.066406 6298.339355
511 11.592000 2796.066406 5901.393555
512 11.616000 2796.066406 5906.485840
513 11.638000 2796.066406 6117.748047
514 11.659000 2796.066406 6009.500000
515 11.679000 2796.066406 6132.898926
516 11.701000 2796.066406 5915.783691
517 11.725000 2796.066406 5669.729980
518 11.748000 2796.066406 5867.248047
519 11.771000 2796.066406 6058.314453
520 11.792000 2796.066406 5987.852051
521 11.811000 2796.066406 6039.017578
522 11.834000 2796.066406 6011.073730
523 11.856000 2796.066406 5984.303223
524 11.880000 2796.066406 6077.805664
525 11.899000 2796.066406 6251.397949
526 11.920000 2796.066406 6471.299805
527 11.944000 2796.066406 6196.208008
528 11.968000 2796.066406 5972.483887
529 11.988000 2796.066406 5687.296875
530 12.007000 2796.066406 5681.542480
531 12.029000 2796.066406 5711.693359
532 12.051000 2796.066406 5947.824219
533 12.073000 2796.066406 5643.174805
534 12.092000 2796.066406 5663.464355
535 12.111000 2796.066406 5642.062988
536 12.134000 2796.066406 5849.837891
537 12.160000 2796.066406 5964.508301
538 12.183000 2796.066406 6007.211426
539 12.206000 2796.066406 5839.920410
