0 0.000000 3129.305908 3344.438721
1 0.023000 3038.952637 3344.438721
2 0.046000 3014.828369 3269.058838
3 0.066000 2980.517578 3221.211670
4 0.088000 2970.662842 3189.984375
5 0.114000 2951.036133 3161.159180
6 0.136000 2936.554199 3135.419678
7 0.158000 2936.554199 3114.138428
8 0.185000 2919.871582 3096.957520
9 0.209000 2919.871582 3072.443848
10 0.231000 2903.494629 3058.480225
11 0.253000 2872.243652 3041.498047
12 0.283000 2871.947510 3023.544678
13 0.304000 2863.056152 3011.133545
14 0.329000 2850.005859 3002.183838
15 0.349000 2825.802246 2984.321289
16 0.372000 2801.500977 2970.648193
17 0.393000 2793.500732 2956.167725
18 0.417000 2768.906738 2944.846924
19 0.440000 2746.679932 2935.585205
20 0.464000 2746.679932 2925.410400
21 0.486000 2736.791260 2917.030029
22 0.507000 2736.791260 2907.996338
23 0.531000 2736.791260 2901.116455
24 0.554000 2733.774658 2893.450684
25 0.577000 2733.774658 2889.133057
26 0.596000 2730.815186 2883.041504
27 0.617000 2730.815186 2876.350098
28 0.641000 2730.815186 2870.697510
29 0.664000 2730.815186 2866.522461
30 0.685000 2730.815186 2860.020508
31 0.704000 2730.815186 2856.034424
32 0.724000 2730.815186 2860.697754
33 0.747000 2730.815186 2856.432617
34 0.770000 2730.815186 2852.515869
35 0.788000 2730.815186 2849.801514
36 0.808000 2730.815186 2849.108398
37 0.830000 2730.815186 2846.379883
38 0.849000 2730.815186 2844.250732
39 0.871000 2730.815186 2842.496582
40 0.893000 2729.513184 2840.359619
41 0.914000 2726.099121 2837.763672
42 0.934000 2726.099121 2836.192383
43 0.961000 2726.099121 2831.069580
44 0.985000 2726.099121 2829.608398
45 1.007000 2726.099121 2827.376953
46 1.027000 2726.099121 2825.560547
47 1.050000 2726.099121 2823.323486
48 1.072000 2726.099121 2819.645996
49 1.098000 2726.099121 2819.275879
50 1.120000 2726.099121 2814.795410
51 1.140000 2726.099121 2813.168945
52 1.163000 2726.099121 2812.351318
53 1.184000 2726.099121 2811.590820
54 1.204000 2726.099121 2810.377930
55 1.229000 2726.099121 2808.340088
56 1.250000 2713.677979 2806.830322
57 1.270000 2713.677979 2806.197266
58 1.293000 2713.677979 2805.091309
59 1.315000 2713.677979 2804.651611
60 1.335000 2713.677979 2804.339111
61 1.359000 2702.594971 2803.700928
62 1.380000 2702.594971 2803.205078
63 1.401000 2702.594971 2802.824951
64 1.421000 2702.594971 2801.880615
65 1.442000 2702.594971 2800.025879
66 1.467000 2702.594971 2798.873047
67 1.491000 2702.594971 2798.531982
68 1.512000 2693.570068 2798.465576
69 1.535000 2693.570068 2797.946045
70 1.558000 2693.570068 2797.232422
71 1.578000 2693.570068 2797.164307
72 1.600000 2693.570068 2796.923340
73 1.624000 2693.570068 2798.062500
74 1.645000 2693.570068 2797.859375
75 1.667000 2693.570068 2796.401367
76 1.689000 2693.570068 2796.314941
77 1.710000 2693.570068 2795.995117
78 1.733000 2693.570068 2795.995117
79 1.753000 2693.570068 2795.974609
80 1.773000 2693.570068 2795.974609
81 1.794000 2693.570068 2795.974609
82 1.817000 2693.570068 2795.843018
83 1.839000 2693.570068 2806.807861
84 1.861000 2693.570068 2804.529297
85 1.884000 2693.570068 2803.665527
86 1.904000 2693.570068 2801.190918
87 1.928000 2693.570068 2798.820557
88 1.950000 2693.570068 2797.851563
89 1.974000 2693.570068 2797.502197
90 1.996000 2693.570068 2796.855957
91 2.018000 2693.570068 2796.855957
92 2.039000 2693.570068 2796.855957
93 2.064000 2693.570068 2795.575684
94 2.086000 2693.570068 2795.575928
95 2.108000 2693.570068 2795.575928
96 2.131000 2693.570068 2795.281250
97 2.156000 2693.570068 2794.168457
98 2.178000 2693.570068 2794.168457
99 2.202000 2693.570068 2794.168457
100 2.225000 2693.570068 2793.986816
101 2.248000 2693.570068 2793.154297
102 2.270000 2693.570068 2793.154297
103 2.293000 2693.570068 2793.154297
104 2.315000 2693.570068 2792.234131
105 2.337000 2693.570068 2791.366455
106 2.361000 2693.570068 2791.366455
107 2.385000 2693.570068 2791.264893
108 2.407000 2693.570068 2790.947510
109 2.430000 2693.570068 2789.757080
110 2.456000 2693.570068 2789.663818
111 2.478000 2693.570068 2789.200195
112 2.499000 2693.570068 2787.649414
113 2.521000 2693.570068 2787.649170
114 2.541000 2693.570068 2787.498047
115 2.561000 2693.570068 2787.498047
116 2.584000 2693.570068 2786.884277
117 2.606000 2693.570068 2786.884277
118 2.628000 2693.570068 2786.884277
119 2.651000 2693.570068 2786.813965
120 2.672000 2693.570068 2786.813965
121 2.696000 2693.570068 2786.813965
122 2.721000 2693.570068 2786.813965
123 2.741000 2693.570068 2786.813965
124 2.764000 2693.570068 2786.813965
125 2.793000 2693.570068 2786.375732
126 2.819000 2693.570068 2786.375732
127 2.840000 2693.570068 2786.375732
128 2.862000 2693.570068 2786.375732
129 2.883000 2693.570068 2786.375732
130 2.904000 2693.570068 2786.375732
131 2.926000 2693.570068 2786.012207
132 2.946000 2693.570068 2786.012207
133 2.969000 2693.570068 2786.012207
134 2.988000 2693.570068 2786.012207
135 3.012000 2693.570068 2786.012207
136 3.034000 2693.570068 2786.012207
137 3.058000 2693.570068 2796.224365
138 3.080000 2693.570068 2789.969971
139 3.103000 2693.570068 2789.587158
140 3.125000 2693.570068 2789.541992
141 3.147000 2693.570068 2789.368652
142 3.170000 2693.570068 2789.368652
143 3.189000 2693.570068 2788.247559
144 3.212000 2693.570068 2788.247559
145 3.239000 2693.570068 2794.068848
146 3.262000 2693.570068 2794.068848
147 3.285000 2693.570068 2788.992188
148 3.306000 2693.570068 2788.992188
149 3.325000 2693.570068 2788.992188
150 3.348000 2693.570068 2788.770508
151 3.369000 2693.570068 2791.978516
152 3.391000 2693.570068 2807.304688
153 3.413000 2693.570068 2796.830566
154 3.437000 2693.570068 2795.504150
155 3.459000 2693.570068 2794.541260
156 3.483000 2693.570068 2794.218506
157 3.505000 2693.570068 2792.078369
158 3.525000 2693.570068 2790.504395
159 3.549000 2693.570068 2789.887695
160 3.571000 2693.570068 2789.887695
161 3.595000 2693.570068 2788.905029
162 3.617000 2693.570068 2788.418457
163 3.640000 2693.570068 2788.171875
164 3.661000 2693.570068 2788.171875
165 3.681000 2693.570068 2788.171875
166 3.703000 2693.570068 2787.581299
167 3.726000 2693.570068 2787.289795
168 3.746000 2693.570068 2787.289795
