0 0.000000 25648.318359 27085.779297
1 0.003000 25436.935547 27085.779297
2 0.006000 24692.226563 26593.359375
3 0.010000 23881.833984 26102.068359
4 0.014000 23685.505859 25714.390625
5 0.016000 23093.082031 25430.375000
6 0.020000 22994.093750 25251.644531
7 0.024000 22187.316406 25021.722656
8 0.027000 22187.316406 24871.529297
9 0.030000 22152.388672 24732.062500
10 0.034000 22152.388672 24612.880859
11 0.036000 22152.388672 24480.757813
12 0.039000 21964.779297 24360.904297
13 0.042000 21964.779297 24297.525391
14 0.046000 21964.779297 24172.552734
15 0.049000 21964.779297 24089.535156
16 0.053000 21964.779297 23968.873047
17 0.056000 21964.779297 23867.802734
18 0.059000 21964.779297 23759.976563
19 0.063000 21964.779297 23727.242188
20 0.066000 21964.779297 23662.945313
21 0.069000 21964.779297 23596.449219
22 0.072000 21827.892578 23532.373047
23 0.075000 21827.892578 23490.667969
24 0.078000 21827.892578 23428.587891
25 0.081000 21827.892578 23360.367188
26 0.085000 21545.312500 23284.150391
27 0.088000 21545.312500 23226.476563
28 0.091000 21545.312500 23192.398438
29 0.094000 21545.312500 23130.609375
30 0.097000 21545.312500 23087.417969
31 0.101000 21545.312500 23067.720703
32 0.104000 21545.312500 23001.824219
33 0.107000 21545.312500 22946.970703
34 0.111000 21545.312500 22899.755859
35 0.114000 21545.312500 22879.498047
36 0.118000 21545.312500 22823.964844
37 0.120000 21545.312500 22813.429688
38 0.124000 21545.312500 22761.972656
39 0.127000 21545.312500 22738.205078
40 0.130000 21545.312500 22709.160156
41 0.133000 21545.312500 22675.189453
42 0.136000 21545.312500 22653.945313
43 0.140000 21545.312500 22611.617188
44 0.143000 21545.312500 22588.687500
45 0.146000 21545.312500 22546.376953
46 0.149000 21545.312500 22536.148438
47 0.152000 21545.312500 22512.742188
48 0.156000 21545.312500 22504.935547
49 0.160000 21545.312500 22468.904297
50 0.163000 21545.312500 22449.240234
51 0.167000 21545.312500 22447.882813
52 0.170000 21545.312500 22447.347656
53 0.173000 21545.312500 22429.210938
54 0.177000 21545.312500 22416.976563
55 0.179000 21545.312500 22413.261719
56 0.183000 21545.312500 22397.154297
57 0.186000 21545.312500 22388.632813
58 0.190000 21545.312500 22382.449219
59 0.194000 21545.312500 22380.582031
60 0.197000 21545.312500 22362.160156
61 0.201000 21545.312500 22362.160156
62 0.204000 21545.312500 22351.283203
63 0.208000 21545.312500 22351.279297
64 0.212000 21545.312500 22351.279297
65 0.215000 21545.312500 22337.000000
66 0.218000 21545.312500 22333.085938
67 0.221000 21545.312500 22330.703125
68 0.225000 21545.312500 22301.533203
69 0.229000 21545.312500 22296.107422
70 0.232000 21545.312500 22293.488281
71 0.235000 21545.312500 22282.097656
72 0.238000 21371.361328 22273.697266
73 0.242000 21371.361328 22265.599609
74 0.244000 21371.361328 22252.671875
75 0.248000 21371.361328 22248.880859
76 0.251000 21371.361328 22214.515625
77 0.254000 21371.361328 22213.107422
78 0.258000 21371.361328 22212.644531
79 0.262000 21371.361328 22210.804688
80 0.265000 21371.361328 22210.804688
81 0.268000 21371.361328 22209.998047
82 0.272000 21371.361328 22208.466797
83 0.275000 21371.361328 22197.689453
84 0.277000 21371.361328 22196.087891
85 0.282000 21371.361328 22192.882813
86 0.284000 21371.361328 22192.882813
87 0.288000 21371.361328 22192.882813
88 0.291000 21371.361328 22182.523438
89 0.294000 21371.361328 22182.347656
90 0.297000 21371.361328 22182.347656
91 0.299000 21371.361328 22182.347656
92 0.303000 21371.361328 22182.347656
93 0.306000 21371.361328 22177.279297
94 0.310000 21371.361328 22176.732422
95 0.313000 21371.361328 22172.189453
96 0.316000 21371.361328 22172.189453
97 0.321000 21371.361328 22168.457031
98 0.325000 21371.361328 22153.707031
99 0.328000 21371.361328 22153.710938
100 0.330000 21371.361328 22153.710938
101 0.333000 21371.361328 22153.710938
102 0.336000 21371.361328 22153.710938
103 0.339000 21371.361328 22146.814453
104 0.344000 21371.361328 22145.580078
105 0.347000 21371.361328 22145.580078
106 0.350000 21371.361328 22145.580078
107 0.353000 21371.361328 22143.408203
108 0.356000 21371.361328 22143.408203
109 0.359000 21371.361328 22142.988281
110 0.362000 21371.361328 22139.994141
111 0.365000 21371.361328 22139.994141
112 0.368000 21371.361328 22139.994141
113 0.371000 21371.361328 22136.972656
114 0.375000 21371.361328 22136.974609
115 0.378000 21371.361328 22136.974609
116 0.381000 21371.361328 22134.437500
117 0.384000 21371.361328 22133.501953
118 0.387000 21371.361328 22133.501953
119 0.390000 21371.361328 22133.501953
120 0.393000 21371.361328 22133.501953
121 0.397000 21371.361328 22133.501953
122 0.400000 21371.361328 22133.501953
123 0.403000 21371.361328 22133.501953
124 0.406000 21371.361328 22133.501953
125 0.410000 21371.361328 22133.501953
126 0.413000 21371.361328 22133.501953
127 0.416000 21371.361328 22133.501953
128 0.419000 21371.361328 22133.501953
129 0.422000 21371.361328 22133.501953
130 0.426000 21371.361328 22133.501953
131 0.430000 21371.361328 22131.648438
132 0.433000 21371.361328 22131.648438
133 0.436000 21371.361328 22131.648438
134 0.439000 21371.361328 22123.474609
135 0.442000 21371.361328 22123.474609
136 0.445000 21371.361328 22123.474609
137 0.448000 21371.361328 22123.474609
138 0.452000 21371.361328 22123.474609
139 0.455000 21371.361328 22123.474609
140 0.458000 21371.361328 22116.892578
141 0.462000 21371.361328 22115.001953
142 0.466000 21371.361328 22115.001953
143 0.469000 21371.361328 22107.537109
144 0.473000 21371.361328 22107.537109
145 0.476000 21371.361328 22107.537109
146 0.479000 21371.361328 22106.384766
147 0.482000 21371.361328 22102.738281
148 0.485000 21371.361328 22086.533203
149 0.488000 21371.361328 22086.533203
150 0.491000 21371.361328 22080.671875
151 0.495000 21371.361328 22080.671875
152 0.498000 21371.361328 22079.744141
153 0.501000 21371.361328 22079.054688
154 0.504000 21371.361328 22078.634766
155 0.508000 21371.361328 22073.435547
156 0.511000 21371.361328 22069.494141
157 0.515000 21371.361328 22065.421875
158 0.518000 21371.361328 22063.640625
159 0.521000 21371.361328 22063.640625
160 0.527000 21371.361328 22060.722656
161 0.531000 21371.361328 22060.722656
162 0.535000 21371.361328 22055.750000
163 0.539000 21371.361328 22052.539063
164 0.544000 21371.361328 22052.539063
165 0.548000 21371.361328 22047.927734
166 0.551000 21371.361328 22037.529297
167 0.554000 21371.361328 22037.529297
168 0.559000 21371.361328 22037.529297
169 0.562000 21371.361328 22037.529297
170 0.565000 21371.361328 22037.529297
171 0.568000 21371.361328 22035.095703
172 0.573000 21371.361328 22035.095703
173 0.577000 21371.361328 22034.222656
174 0.580000 21358.400391 22029.554688
175 0.584000 21358.400391 22028.039063
176 0.587000 21358.400391 22027.900391
177 0.591000 21358.400391 22027.900391
178 0.595000 21358.400391 22027.900391
179 0.598000 21358.400391 22027.572266
180 0.602000 21358.400391 22027.572266
181 0.606000 21358.400391 22020.919922
182 0.610000 21358.400391 22020.914063
183 0.613000 21358.400391 22020.914063
184 0.617000 21358.400391 22020.914063
185 0.621000 21358.400391 22020.914063
186 0.624000 21358.400391 22020.914063
187 0.627000 21358.400391 22020.658203
188 0.632000 21358.400391 22015.800781
189 0.637000 21358.400391 22015.800781
190 0.640000 21358.400391 22015.800781
191 0.644000 21358.400391 22004.992188
192 0.647000 21358.400391 21999.310547
193 0.651000 21358.400391 21999.068359
194 0.654000 21358.400391 21997.943359
195 0.658000 21358.400391 21997.943359
196 0.661000 21358.400391 21997.943359
197 0.665000 21358.400391 21997.943359
198 0.668000 21358.400391 21996.369141
199 0.672000 21358.400391 21996.369141
200 0.675000 21358.400391 21996.369141
201 0.678000 21358.400391 21996.335938
202 0.682000 21358.400391 21996.335938
203 0.686000 21358.400391 21996.335938
204 0.689000 21358.400391 21991.917969
205 0.693000 21358.400391 21991.720703
206 0.696000 21358.400391 21991.720703
207 0.700000 21358.400391 21991.187500
208 0.703000 21358.400391 21991.187500
209 0.707000 21358.400391 21991.187500
210 0.710000 21358.400391 21991.187500
211 0.713000 21358.400391 21980.033203
212 0.716000 21358.400391 21980.033203
213 0.720000 21358.400391 21980.033203
214 0.724000 21358.400391 21977.474609
215 0.728000 21358.400391 21975.693359
216 0.731000 21358.400391 21975.693359
217 0.734000 21358.400391 21975.693359
218 0.737000 21358.400391 21975.181641
219 0.741000 21358.400391 21975.181641
220 0.744000 21358.400391 21975.171875
221 0.747000 21358.400391 21975.171875
222 0.750000 21358.400391 21972.414063
223 0.753000 21358.400391 21972.148438
224 0.756000 21358.400391 21972.148438
225 0.760000 21358.400391 21972.148438
226 0.763000 21358.400391 21972.148438
227 0.766000 21358.400391 21971.734375
228 0.769000 21358.400391 21971.062500
229 0.772000 21358.400391 21971.062500
230 0.776000 21358.400391 21971.062500
231 0.780000 21358.400391 21971.062500
232 0.782000 21358.400391 21971.062500
233 0.786000 21358.400391 21970.748047
234 0.789000 21358.400391 21964.648438
235 0.793000 21358.400391 21964.648438
236 0.796000 21358.400391 21962.300781
237 0.800000 21358.400391 21960.947266
238 0.802000 21358.400391 21960.947266
239 0.806000 21358.400391 21960.947266
240 0.811000 21358.400391 21960.386719
241 0.814000 21358.400391 21960.062500
242 0.817000 21358.400391 21960.062500
243 0.820000 21358.400391 21958.277344
244 0.823000 21358.400391 21958.277344
245 0.827000 21358.400391 21958.277344
246 0.830000 21358.400391 21953.400391
247 0.833000 21358.400391 21951.164063
248 0.836000 21358.400391 21949.562500
249 0.839000 21358.400391 21949.562500
250 0.843000 21358.400391 21945.025391
251 0.846000 21358.400391 21944.632813
252 0.849000 21358.400391 21944.632813
253 0.852000 21358.400391 21937.234375
254 0.856000 21358.400391 21937.234375
255 0.859000 21358.400391 21936.242188
256 0.862000 21358.400391 21936.242188
257 0.865000 21358.400391 21936.242188
258 0.868000 21358.400391 21936.242188
259 0.871000 21358.400391 21936.242188
260 0.875000 21358.400391 21936.207031
261 0.878000 21358.400391 21933.599609
262 0.882000 21358.400391 21933.599609
263 0.884000 21358.400391 21921.605469
264 0.887000 21358.400391 21921.572266
265 0.891000 21358.400391 21921.572266
266 0.893000 21358.400391 21921.365234
267 0.896000 21358.400391 21920.535156
268 0.899000 21358.400391 21920.535156
269 0.902000 21358.400391 21920.535156
270 0.907000 21358.400391 21920.535156
271 0.910000 21358.400391 21919.302734
272 0.913000 21358.400391 21912.695313
273 0.916000 21358.400391 21902.511719
274 0.919000 21358.400391 21902.511719
275 0.922000 21358.400391 21892.310547
276 0.926000 21358.400391 21892.210938
277 0.929000 21358.400391 21892.210938
278 0.932000 21358.400391 21892.210938
279 0.936000 21358.400391 21890.302734
280 0.939000 21358.400391 21885.847656
281 0.943000 21358.400391 21885.722656
282 0.946000 21358.400391 21885.722656
283 0.952000 21358.400391 21885.722656
284 0.957000 21358.400391 21883.925781
285 0.961000 21358.400391 21882.900391
286 0.964000 21358.400391 21882.900391
287 0.968000 21358.400391 21882.339844
288 0.971000 21358.400391 21881.929688
289 0.975000 21358.400391 21876.949219
290 0.979000 21358.400391 21876.539063
291 0.983000 21358.400391 21876.455078
292 0.986000 21358.400391 21876.455078
293 0.989000 21358.400391 21876.318359
294 0.993000 21358.400391 21873.296875
295 0.997000 21358.400391 21873.039063
296 1.001000 21358.400391 21873.039063
297 1.004000 21358.400391 21872.585938
298 1.007000 21358.400391 21872.585938
299 1.011000 21358.400391 21870.654297
300 1.014000 21358.400391 21870.654297
301 1.017000 21358.400391 21867.585938
302 1.020000 21358.400391 21867.564453
303 1.023000 21358.400391 21867.564453
304 1.026000 21358.400391 21867.564453
305 1.029000 21358.400391 21863.148438
306 1.033000 21358.400391 21859.158203
307 1.036000 21358.400391 21859.158203
308 1.040000 21358.400391 21858.675781
309 1.042000 21358.400391 21858.310547
310 1.046000 21358.400391 21858.310547
311 1.049000 21358.400391 21855.804688
312 1.053000 21358.400391 21835.224609
313 1.056000 21358.400391 21834.742188
314 1.059000 21358.400391 21826.359375
315 1.062000 21358.400391 21826.359375
316 1.065000 21358.400391 21826.359375
317 1.068000 21358.400391 21826.359375
318 1.071000 21358.400391 21826.359375
319 1.075000 21358.400391 21826.359375
320 1.079000 21358.400391 21826.359375
321 1.082000 21358.400391 21826.359375
322 1.086000 21358.400391 21825.980469
323 1.089000 21358.400391 21825.980469
324 1.093000 21358.400391 21824.490234
325 1.096000 21358.400391 21824.490234
326 1.099000 21358.400391 21824.490234
327 1.103000 21358.400391 21824.490234
328 1.106000 21358.400391 21823.675781
329 1.110000 21358.400391 21822.259766
330 1.112000 21358.400391 21822.259766
331 1.116000 21358.398438 21812.810547
332 1.119000 21358.398438 21810.119141
333 1.122000 21358.398438 21800.669922
334 1.126000 21358.398438 21795.880859
335 1.128000 21358.398438 21795.150391
336 1.131000 21358.398438 21795.150391
337 1.134000 21358.398438 21795.150391
338 1.137000 21358.398438 21795.150391
339 1.140000 21358.398438 21795.150391
340 1.144000 21358.398438 21793.900391
341 1.147000 21358.398438 21793.900391
342 1.150000 21358.398438 21793.900391
343 1.153000 21358.398438 21793.339844
344 1.156000 21358.398438 21793.339844
345 1.159000 21358.398438 21792.935547
346 1.163000 21358.398438 21792.935547
347 1.166000 21358.398438 21792.453125
348 1.169000 21358.398438 21784.455078
349 1.172000 21358.398438 21782.337891
350 1.175000 21358.398438 21782.337891
351 1.178000 21358.398438 21782.337891
352 1.181000 21358.398438 21782.337891
353 1.184000 21358.398438 21781.552734
354 1.187000 21358.398438 21781.552734
355 1.192000 21358.398438 21781.552734
356 1.195000 21358.398438 21781.552734
357 1.198000 21358.398438 21781.552734
358 1.201000 21358.398438 21781.552734
359 1.204000 21358.398438 21781.552734
360 1.207000 21358.398438 21781.552734
361 1.211000 21358.398438 21781.552734
362 1.213000 21358.398438 21781.552734
363 1.216000 21358.398438 21781.552734
364 1.219000 21358.398438 21781.552734
365 1.224000 21358.398438 21781.552734
366 1.227000 21358.398438 21781.089844
367 1.230000 21358.398438 21781.089844
368 1.233000 21358.398438 21780.453125
369 1.236000 21358.398438 21780.453125
370 1.239000 21358.398438 21780.453125
371 1.242000 21358.398438 21780.453125
372 1.245000 21358.398438 21780.453125
373 1.248000 21358.398438 21780.431641
374 1.251000 21358.398438 21780.431641
375 1.256000 21358.398438 21779.818359
376 1.259000 21358.398438 21779.154297
377 1.262000 21358.398438 21778.591797
378 1.266000 21358.398438 21771.675781
379 1.269000 21358.398438 21771.675781
380 1.272000 21358.398438 21771.640625
381 1.276000 21358.398438 21771.640625
382 1.278000 21358.398438 21771.019531
383 1.281000 21358.398438 21771.019531
384 1.285000 21358.398438 21771.019531
385 1.288000 21358.398438 21771.019531
386 1.291000 21358.398438 21770.091797
387 1.294000 21358.398438 21770.091797
388 1.297000 21358.398438 21768.224609
389 1.301000 21358.398438 21755.414063
390 1.304000 21358.398438 21743.437500
391 1.307000 21358.398438 21742.203125
392 1.310000 21358.398438 21741.250000
393 1.313000 21358.398438 21739.732422
394 1.316000 21358.398438 21739.302734
395 1.320000 21358.398438 21739.302734
396 1.323000 21358.398438 21738.492188
397 1.326000 21358.398438 21738.492188
398 1.329000 21358.398438 21737.035156
399 1.333000 21358.398438 21737.035156
400 1.336000 21358.398438 21737.035156
401 1.340000 21358.398438 21735.867188
402 1.343000 21358.398438 21735.867188
403 1.346000 21358.398438 21735.867188
404 1.349000 21358.398438 21732.642578
405 1.352000 21358.398438 21732.126953
406 1.356000 21358.398438 21728.380859
407 1.358000 21358.398438 21722.101563
408 1.362000 21358.398438 21721.189453
409 1.365000 21358.398438 21721.189453
410 1.368000 21358.398438 21720.312500
411 1.371000 21358.398438 21720.312500
412 1.375000 21358.398438 21719.755859
413 1.378000 21358.398438 21719.755859
414 1.382000 21358.398438 21714.556641
415 1.385000 21358.398438 21714.556641
416 1.388000 21358.398438 21713.322266
417 1.391000 21358.398438 21713.322266
418 1.396000 21358.398438 21713.322266
419 1.401000 21358.398438 21713.322266
420 1.404000 21358.398438 21711.585938
421 1.408000 21358.398438 21710.525391
422 1.412000 21358.398438 21707.804688
423 1.415000 21358.398438 21705.802734
424 1.418000 21358.398438 21705.802734
425 1.422000 21358.398438 21705.802734
426 1.425000 21358.398438 21704.556641
427 1.428000 21358.398438 21703.070313
428 1.431000 21358.398438 21703.070313
429 1.435000 21358.398438 21703.070313
430 1.438000 21358.398438 21703.070313
431 1.440000 21358.398438 21703.070313
432 1.443000 21358.398438 21703.070313
433 1.448000 21358.398438 21703.070313
434 1.451000 21358.398438 21703.070313
435 1.454000 21358.398438 21698.394531
436 1.457000 21358.398438 21698.394531
437 1.461000 21358.398438 21696.277344
438 1.464000 21358.398438 21693.662109
439 1.467000 21358.398438 21693.662109
440 1.471000 21358.398438 21693.662109
441 1.481000 21358.398438 21693.662109
442 1.484000 21358.398438 21692.345703
443 1.487000 21358.398438 21692.345703
444 1.491000 21349.445313 21692.345703
445 1.495000 21349.445313 21692.167969
446 1.499000 21349.445313 21692.167969
447 1.502000 21349.445313 21691.488281
448 1.505000 21349.445313 21691.488281
449 1.512000 21349.445313 21691.306641
450 1.515000 21349.445313 21691.306641
451 1.518000 21349.445313 21690.234375
452 1.521000 21349.445313 21690.234375
453 1.525000 21349.445313 21686.970703
454 1.528000 21349.445313 21686.302734
455 1.532000 21349.445313 21684.664063
456 1.535000 21349.445313 21684.664063
457 1.538000 21349.445313 21684.007813
458 1.542000 21349.445313 21681.837891
459 1.545000 21349.445313 21679.277344
460 1.549000 21349.445313 21679.277344
461 1.552000 21349.445313 21677.142578
462 1.555000 21349.445313 21677.142578
463 1.559000 21349.445313 21674.585938
464 1.562000 21349.445313 21674.585938
465 1.565000 21349.445313 21674.585938
466 1.568000 21349.445313 21674.585938
467 1.571000 21349.445313 21672.998047
468 1.574000 21349.445313 21672.998047
469 1.577000 21349.445313 21672.998047
470 1.580000 21349.445313 21671.097656
471 1.584000 21349.445313 21662.812500
472 1.589000 21349.445313 21662.812500
473 1.593000 21349.445313 21661.947266
474 1.596000 21349.445313 21661.765625
475 1.600000 21349.445313 21661.765625
476 1.605000 21349.445313 21659.705078
477 1.608000 21349.445313 21652.921875
478 1.612000 21349.445313 21652.921875
479 1.615000 21349.445313 21650.363281
480 1.618000 21349.445313 21649.689453
481 1.622000 21349.445313 21649.689453
482 1.625000 21349.445313 21649.689453
483 1.629000 21349.445313 21649.689453
484 1.632000 21349.445313 21649.689453
485 1.636000 21349.445313 21649.689453
486 1.640000 21349.445313 21649.689453
487 1.643000 21349.445313 21649.689453
488 1.646000 21349.445313 21649.689453
489 1.649000 21349.445313 21644.044922
490 1.653000 21349.445313 21644.044922
491 1.656000 21349.445313 21643.359375
492 1.660000 21349.445313 21643.359375
493 1.663000 21349.445313 21641.210938
494 1.667000 21349.445313 21641.210938
495 1.670000 21349.445313 21641.210938
496 1.673000 21349.445313 21636.585938
497 1.677000 21349.445313 21632.812500
498 1.680000 21349.445313 21632.392578
499 1.683000 21349.445313 21630.970703
500 1.687000 21349.445313 21630.970703
501 1.690000 21349.445313 21630.970703
502 1.693000 21349.445313 21630.970703
503 1.698000 21349.445313 21630.970703
504 1.702000 21349.445313 21625.304688
505 1.706000 21349.445313 21624.494141
506 1.710000 21349.445313 21624.226563
507 1.715000 21349.445313 21624.226563
508 1.718000 21349.445313 21624.226563
509 1.722000 21349.445313 21624.226563
510 1.726000 21349.445313 21624.226563
511 1.729000 21349.445313 21624.226563
512 1.733000 21349.445313 21623.099609
513 1.736000 21349.445313 21622.703125
514 1.740000 21349.445313 21622.703125
515 1.744000 21349.445313 21622.320313
516 1.747000 21349.445313 21622.320313
517 1.750000 21349.445313 21622.320313
518 1.754000 21349.445313 21619.761719
519 1.757000 21349.445313 21619.761719
520 1.760000 21349.445313 21619.761719
521 1.764000 21349.445313 21617.203125
522 1.768000 21349.445313 21617.203125
523 1.772000 21349.445313 21615.421875
524 1.776000 21349.445313 21612.960938
525 1.780000 21349.445313 21612.960938
526 1.784000 21349.445313 21610.613281
527 1.787000 21349.445313 21608.052734
528 1.791000 21349.445313 21602.392578
529 1.794000 21349.445313 21600.275391
530 1.799000 21349.445313 21600.275391
531 1.803000 21349.445313 21600.275391
532 1.807000 21349.445313 21600.275391
533 1.810000 21349.445313 21599.140625
534 1.814000 21349.445313 21597.716797
535 1.817000 21349.445313 21595.158203
536 1.821000 21349.445313 21595.158203
537 1.825000 21349.445313 21590.574219
538 1.828000 21349.445313 21590.574219
539 1.832000 21349.445313 21590.574219
540 1.835000 21349.445313 21590.574219
541 1.840000 21349.445313 21590.574219
542 1.843000 21349.445313 21586.591797
543 1.847000 21349.445313 21586.591797
544 1.850000 21349.445313 21586.591797
545 1.854000 21349.445313 21586.591797
546 1.857000 21349.445313 21586.591797
547 1.861000 21349.445313 21585.533203
548 1.864000 21349.445313 21584.292969
549 1.868000 21349.445313 21584.292969
550 1.873000 21349.445313 21580.324219
551 1.876000 21349.445313 21580.324219
552 1.879000 21349.445313 21580.234375
553 1.883000 21349.445313 21580.234375
554 1.886000 21349.445313 21577.675781
555 1.891000 21349.445313 21577.675781
556 1.894000 21349.445313 21575.117188
557 1.897000 21349.445313 21573.421875
558 1.901000 21349.445313 21570.865234
559 1.904000 21349.445313 21570.865234
560 1.907000 21349.445313 21570.445313
561 1.911000 21349.445313 21570.445313
562 1.914000 21349.445313 21569.054688
563 1.917000 21349.445313 21563.898438
564 1.921000 21349.445313 21563.898438
565 1.924000 21349.445313 21563.898438
566 1.927000 21349.445313 21563.898438
567 1.930000 21349.445313 21563.898438
568 1.934000 21349.445313 21563.898438
569 1.937000 21349.445313 21559.312500
570 1.940000 21349.445313 21557.890625
571 1.943000 21349.445313 21557.091797
572 1.946000 21349.445313 21557.091797
573 1.950000 21349.445313 21554.500000
574 1.953000 21349.445313 21554.500000
575 1.956000 21349.445313 21554.500000
576 1.960000 21349.445313 21554.500000
577 1.963000 21349.445313 21554.500000
578 1.966000 21349.445313 21554.500000
579 1.970000 21349.445313 21554.500000
580 1.973000 21349.445313 21554.500000
581 1.976000 21349.445313 21552.982422
582 1.980000 21349.445313 21552.804688
583 1.984000 21349.445313 21552.804688
584 1.987000 21349.445313 21552.804688
585 1.990000 21349.445313 21551.382813
586 1.993000 21349.445313 21549.687500
587 1.996000 21349.445313 21549.687500
588 2.000000 21349.445313 21549.687500
589 2.003000 21349.445313 21549.687500
590 2.006000 21349.445313 21549.687500
591 2.009000 21349.445313 21549.687500
592 2.013000 21349.445313 21549.687500
593 2.016000 21349.445313 21549.687500
594 2.018000 21349.445313 21548.134766
595 2.022000 21349.445313 21547.777344
596 2.025000 21349.445313 21546.082031
597 2.028000 21349.445313 21546.082031
598 2.032000 21349.445313 21546.082031
599 2.035000 21349.445313 21541.615234
600 2.038000 21349.445313 21536.498047
601 2.041000 21349.445313 21536.498047
602 2.044000 21349.445313 21536.318359
603 2.048000 21349.445313 21536.318359
604 2.051000 21349.445313 21534.787109
605 2.054000 21349.445313 21534.408203
606 2.058000 21349.445313 21534.408203
607 2.061000 21349.445313 21531.849609
608 2.064000 21349.445313 21531.849609
609 2.067000 21349.445313 21531.849609
610 2.071000 21349.445313 21531.849609
611 2.074000 21349.445313 21531.849609
612 2.076000 21349.445313 21530.535156
613 2.080000 21349.445313 21530.535156
614 2.083000 21349.445313 21529.113281
615 2.085000 21349.445313 21527.974609
616 2.088000 21349.445313 21525.417969
617 2.091000 21349.445313 21525.417969
618 2.095000 21349.445313 21523.994141
619 2.098000 21349.445313 21521.435547
620 2.101000 21349.445313 21521.435547
621 2.104000 21349.445313 21521.435547
622 2.108000 21349.445313 21518.876953
623 2.112000 21349.445313 21518.876953
624 2.115000 21349.445313 21518.876953
625 2.119000 21349.445313 21518.876953
626 2.122000 21349.445313 21516.318359
627 2.127000 21349.445313 21516.318359
628 2.130000 21349.445313 21513.759766
629 2.133000 21349.445313 21513.759766
630 2.137000 21349.445313 21513.759766
631 2.140000 21349.445313 21513.759766
632 2.144000 21349.443359 21513.289063
633 2.147000 21349.443359 21513.289063
634 2.150000 21349.443359 21513.289063
635 2.153000 21349.443359 21508.822266
636 2.156000 21349.443359 21508.822266
637 2.159000 21349.443359 21508.820313
638 2.162000 21349.443359 21508.820313
639 2.165000 21349.443359 21508.820313
640 2.168000 21349.443359 21508.820313
641 2.172000 21349.443359 21508.820313
642 2.176000 21349.443359 21508.820313
643 2.179000 21349.443359 21508.820313
644 2.182000 21349.443359 21508.820313
645 2.185000 21349.443359 21508.820313
646 2.189000 21349.443359 21508.820313
647 2.192000 21349.443359 21508.820313
648 2.195000 21349.443359 21508.820313
649 2.200000 21349.443359 21508.820313
650 2.203000 21349.443359 21508.820313
651 2.206000 21349.443359 21508.820313
652 2.209000 21349.443359 21508.820313
653 2.213000 21349.443359 21508.820313
654 2.216000 21349.443359 21508.640625
655 2.221000 21349.443359 21508.640625
656 2.225000 21349.443359 21508.640625
657 2.228000 21349.443359 21508.640625
658 2.231000 21349.443359 21508.640625
659 2.235000 21349.443359 21508.640625
660 2.238000 21349.443359 21508.640625
661 2.241000 21349.443359 21508.640625
662 2.244000 21349.443359 21508.640625
663 2.247000 21349.443359 21508.640625
664 2.251000 21349.443359 21508.640625
665 2.254000 21349.443359 21508.640625
666 2.257000 21349.443359 21508.640625
667 2.259000 21349.443359 21508.640625
668 2.263000 21349.443359 21508.640625
669 2.266000 21349.443359 21508.640625
670 2.269000 21349.443359 21508.640625
671 2.272000 21349.443359 21508.640625
672 2.275000 21349.443359 21508.460938
673 2.277000 21349.443359 21508.460938
674 2.281000 21349.443359 21508.460938
675 2.284000 21349.443359 21508.460938
676 2.287000 21349.443359 21508.460938
677 2.290000 21349.443359 21508.460938
678 2.293000 21349.443359 21508.460938
679 2.297000 21349.443359 21508.460938
680 2.300000 21349.443359 21508.234375
681 2.303000 21349.443359 21508.234375
682 2.306000 21349.443359 21507.130859
683 2.309000 21349.443359 21507.130859
684 2.313000 21349.443359 21507.130859
685 2.316000 21349.443359 21507.130859
686 2.319000 21349.443359 21507.130859
687 2.322000 21349.443359 21507.130859
688 2.325000 21349.443359 21507.130859
689 2.330000 21349.443359 21507.130859
690 2.334000 21349.443359 21507.130859
691 2.337000 21349.443359 21507.130859
692 2.339000 21349.443359 21507.130859
693 2.342000 21349.443359 21507.130859
694 2.346000 21349.443359 21507.130859
695 2.349000 21349.443359 21507.130859
696 2.352000 21349.443359 21507.130859
697 2.355000 21349.443359 21507.130859
698 2.358000 21349.443359 21507.130859
699 2.362000 21349.443359 21507.130859
700 2.365000 21349.443359 21507.130859
701 2.367000 21349.443359 21507.130859
702 2.371000 21349.443359 21504.585938
703 2.373000 21349.443359 21504.585938
704 2.378000 21349.443359 21504.585938
705 2.382000 21349.443359 21504.585938
706 2.385000 21349.443359 21504.585938
707 2.388000 21349.443359 21503.484375
708 2.392000 21349.443359 21503.484375
709 2.395000 21349.443359 21503.484375
710 2.398000 21349.443359 21503.304688
711 2.400000 21349.443359 21503.304688
712 2.403000 21349.443359 21503.304688
713 2.406000 21349.443359 21503.304688
714 2.409000 21349.443359 21503.304688
715 2.412000 21349.443359 21503.304688
716 2.415000 21349.443359 21503.304688
717 2.417000 21349.443359 21503.304688
718 2.421000 21349.443359 21503.304688
719 2.426000 21349.443359 21503.304688
720 2.431000 21349.443359 21503.304688
721 2.434000 21349.443359 21503.304688
722 2.439000 21349.443359 21503.304688
723 2.443000 21349.443359 21503.304688
724 2.446000 21349.443359 21503.304688
725 2.449000 21349.443359 21503.304688
726 2.452000 21349.443359 21503.304688
727 2.455000 21349.443359 21503.035156
728 2.458000 21349.443359 21503.035156
729 2.461000 21349.443359 21503.035156
730 2.464000 21349.443359 21503.035156
731 2.468000 21349.443359 21503.035156
732 2.471000 21349.443359 21503.035156
733 2.473000 21349.443359 21503.035156
734 2.476000 21349.443359 21503.035156
735 2.479000 21349.443359 21503.035156
736 2.482000 21349.443359 21503.035156
737 2.486000 21349.443359 21503.035156
738 2.492000 21349.443359 21503.035156
739 2.495000 21349.443359 21503.035156
740 2.498000 21349.443359 21503.035156
741 2.502000 21349.443359 21503.035156
742 2.506000 21349.443359 21503.035156
743 2.509000 21349.443359 21503.035156
744 2.513000 21349.443359 21503.035156
745 2.516000 21349.443359 21503.035156
746 2.520000 21349.443359 21503.035156
747 2.524000 21349.443359 21503.035156
748 2.527000 21349.443359 21503.035156
749 2.531000 21349.443359 21503.035156
750 2.534000 21349.443359 21503.035156
751 2.538000 21349.443359 21503.035156
752 2.541000 21349.443359 21503.035156
753 2.544000 21349.443359 21503.035156
754 2.548000 21349.443359 21503.035156
755 2.551000 21349.443359 21503.035156
756 2.553000 21349.443359 21503.035156
757 2.556000 21349.443359 21503.035156
758 2.559000 21349.443359 21503.035156
759 2.563000 21349.443359 21503.035156
760 2.566000 21349.443359 21503.035156
761 2.568000 21349.443359 21503.035156
762 2.572000 21349.443359 21503.035156
763 2.575000 21349.443359 21503.035156
764 2.578000 21349.443359 21502.765625
765 2.580000 21349.443359 21502.765625
766 2.584000 21349.443359 21502.765625
767 2.587000 21349.443359 21502.765625
768 2.591000 21349.443359 21502.765625
769 2.594000 21349.443359 21502.765625
770 2.598000 21349.443359 21502.765625
771 2.601000 21349.443359 21502.765625
772 2.604000 21349.443359 21502.765625
773 2.608000 21349.443359 21502.765625
774 2.611000 21349.443359 21502.765625
775 2.615000 21349.443359 21502.765625
776 2.618000 21349.443359 21502.765625
777 2.621000 21349.443359 21502.765625
778 2.624000 21349.443359 21502.765625
779 2.627000 21349.443359 21502.765625
780 2.631000 21349.443359 21502.765625
781 2.635000 21349.443359 21502.765625
782 2.638000 21349.443359 21502.765625
783 2.641000 21349.443359 21502.765625
784 2.645000 21349.443359 21502.765625
785 2.649000 21349.443359 21502.765625
786 2.652000 21349.443359 21502.765625
787 2.655000 21349.443359 21502.765625
788 2.659000 21349.443359 21502.765625
789 2.663000 21349.443359 21502.765625
790 2.665000 21349.443359 21502.765625
791 2.668000 21349.443359 21502.765625
792 2.672000 21349.443359 21502.765625
793 2.676000 21349.443359 21502.765625
794 2.679000 21349.443359 21502.765625
795 2.682000 21349.443359 21502.765625
796 2.685000 21349.443359 21502.765625
797 2.689000 21349.443359 21502.765625
798 2.693000 21349.443359 21502.765625
799 2.696000 21349.443359 21502.490234
800 2.700000 21349.443359 21502.220703
801 2.702000 21349.443359 21502.220703
802 2.706000 21349.443359 21502.220703
803 2.710000 21349.443359 21502.220703
804 2.713000 21349.443359 21502.220703
805 2.716000 21349.443359 21502.220703
806 2.719000 21349.443359 21502.220703
807 2.723000 21349.443359 21502.220703
808 2.726000 21349.443359 21502.220703
809 2.730000 21349.443359 21502.220703
810 2.732000 21349.443359 21502.220703
811 2.735000 21349.443359 21502.220703
812 2.738000 21349.443359 21502.220703
813 2.741000 21349.443359 21502.220703
814 2.744000 21349.443359 21502.220703
815 2.748000 21349.443359 21502.220703
816 2.751000 21349.443359 21502.220703
817 2.755000 21349.443359 21502.220703
818 2.758000 21349.443359 21502.220703
819 2.761000 21349.443359 21502.220703
820 2.764000 21349.443359 21502.220703
821 2.767000 21349.443359 21502.220703
822 2.771000 21349.443359 21502.220703
823 2.774000 21349.443359 21502.220703
824 2.777000 21349.443359 21502.220703
825 2.780000 21349.443359 21502.220703
826 2.784000 21349.443359 21502.220703
827 2.788000 21349.443359 21502.220703
828 2.792000 21349.443359 21502.220703
829 2.796000 21349.443359 21502.220703
830 2.799000 21349.443359 21502.220703
831 2.804000 21349.443359 21502.220703
832 2.807000 21349.443359 21502.220703
833 2.810000 21349.443359 21502.220703
834 2.813000 21349.443359 21502.220703
835 2.816000 21349.443359 21502.220703
836 2.819000 21349.443359 21502.220703
837 2.822000 21349.443359 21502.220703
838 2.825000 21349.443359 21502.220703
839 2.829000 21349.443359 21502.220703
840 2.832000 21349.443359 21502.220703
841 2.835000 21349.443359 21502.220703
842 2.838000 21349.443359 21502.220703
843 2.840000 21349.443359 21502.220703
844 2.844000 21349.443359 21502.220703
845 2.847000 21349.443359 21502.220703
846 2.850000 21349.443359 21502.220703
847 2.854000 21349.443359 21502.220703
848 2.857000 21349.443359 21502.220703
849 2.861000 21349.443359 21502.220703
850 2.864000 21349.443359 21502.220703
851 2.867000 21349.443359 21502.220703
852 2.870000 21349.443359 21502.220703
853 2.873000 21349.443359 21502.220703
854 2.877000 21349.443359 21502.220703
855 2.880000 21349.443359 21502.220703
856 2.883000 21349.443359 21502.220703
857 2.886000 21349.443359 21502.220703
858 2.889000 21349.443359 21502.220703
859 2.893000 21349.443359 21502.220703
860 2.896000 21349.443359 21502.220703
861 2.900000 21349.443359 21502.220703
862 2.903000 21349.443359 21502.220703
863 2.906000 21349.443359 21498.304688
864 2.909000 21349.443359 21498.304688
865 2.912000 21349.443359 21498.304688
866 2.915000 21349.443359 21498.304688
867 2.919000 21349.443359 21498.304688
868 2.921000 21349.443359 21498.304688
869 2.925000 21349.443359 21498.304688
870 2.929000 21349.443359 21498.304688
871 2.932000 21349.443359 21498.304688
872 2.935000 21349.443359 21498.304688
873 2.938000 21349.443359 21498.304688
874 2.941000 21349.443359 21498.304688
875 2.946000 21349.443359 21498.304688
876 2.948000 21349.443359 21498.304688
877 2.951000 21349.443359 21498.304688
878 2.954000 21349.443359 21498.304688
879 2.958000 21349.443359 21498.304688
880 2.962000 21349.443359 21498.304688
881 2.966000 21349.443359 21498.304688
882 2.969000 21349.443359 21498.304688
883 2.973000 21349.443359 21498.304688
884 2.976000 21349.443359 21498.304688
885 2.979000 21349.443359 21498.304688
886 2.982000 21349.443359 21498.304688
887 2.985000 21349.443359 21498.304688
888 2.988000 21349.443359 21498.304688
889 2.992000 21349.443359 21498.304688
890 2.995000 21349.443359 21494.384766
891 2.998000 21349.443359 21494.384766
892 3.001000 21349.443359 21494.384766
893 3.004000 21349.443359 21494.384766
894 3.008000 21349.443359 21494.384766
895 3.011000 21349.443359 21494.384766
896 3.014000 21349.443359 21494.384766
897 3.017000 21349.443359 21494.384766
898 3.021000 21349.443359 21494.384766
899 3.025000 21349.443359 21494.384766
900 3.028000 21349.443359 21494.384766
901 3.032000 21349.443359 21494.384766
902 3.035000 21349.443359 21494.384766
903 3.039000 21349.443359 21494.384766
904 3.043000 21349.443359 21494.384766
905 3.046000 21349.443359 21494.384766
906 3.049000 21349.443359 21494.384766
907 3.053000 21349.443359 21494.384766
908 3.058000 21349.443359 21494.384766
909 3.061000 21349.443359 21494.384766
910 3.064000 21349.443359 21494.384766
911 3.068000 21349.443359 21494.384766
912 3.071000 21349.443359 21494.384766
913 3.074000 21349.443359 21494.384766
914 3.077000 21349.443359 21494.384766
915 3.081000 21349.443359 21494.384766
916 3.084000 21349.443359 21494.384766
917 3.086000 21349.443359 21490.466797
918 3.090000 21349.443359 21482.632813
919 3.093000 21349.443359 21482.632813
920 3.096000 21349.443359 21482.632813
921 3.099000 21349.443359 21482.632813
922 3.102000 21349.443359 21482.632813
923 3.106000 21349.443359 21478.714844
924 3.109000 21349.443359 21478.714844
925 3.112000 21349.443359 21478.714844
926 3.115000 21349.443359 21478.714844
927 3.118000 21349.443359 21478.714844
928 3.120000 21349.443359 21478.714844
929 3.123000 21349.443359 21478.714844
930 3.126000 21349.443359 21478.714844
931 3.131000 21349.443359 21478.714844
932 3.134000 21349.443359 21478.714844
933 3.137000 21349.443359 21478.714844
934 3.141000 21349.443359 21478.714844
935 3.143000 21349.443359 21478.714844
936 3.147000 21349.443359 21478.714844
937 3.149000 21349.443359 21478.714844
938 3.152000 21349.443359 21478.714844
939 3.155000 21349.443359 21478.714844
940 3.159000 21349.443359 21478.714844
941 3.162000 21349.443359 21478.714844
942 3.167000 21349.443359 21478.714844
943 3.170000 21349.443359 21478.714844
944 3.173000 21349.443359 21478.714844
945 3.176000 21349.443359 21478.714844
946 3.180000 21349.443359 21478.714844
947 3.183000 21349.443359 21478.714844
948 3.186000 21349.443359 21478.714844
949 3.189000 21349.443359 21478.714844
950 3.193000 21349.443359 21478.714844
951 3.198000 21349.443359 21478.714844
952 3.202000 21349.443359 21478.714844
953 3.206000 21349.443359 21478.714844
954 3.210000 21349.443359 21478.714844
955 3.214000 21349.443359 21478.714844
956 3.219000 21349.443359 21478.714844
957 3.223000 21349.443359 21478.714844
958 3.228000 21349.443359 21478.714844
959 3.233000 21349.443359 21478.714844
960 3.236000 21349.443359 21478.714844
961 3.240000 21349.443359 21478.714844
962 3.243000 21349.443359 21478.714844
963 3.246000 21349.443359 21474.796875
964 3.249000 21349.443359 21474.796875
965 3.251000 21349.443359 21474.796875
966 3.254000 21349.443359 21470.880859
967 3.259000 21349.443359 21470.880859
968 3.262000 21349.443359 21470.880859
969 3.265000 21349.443359 21470.880859
970 3.268000 21349.443359 21470.880859
971 3.272000 21349.443359 21470.880859
972 3.275000 21349.443359 21470.880859
973 3.278000 21349.443359 21470.880859
974 3.282000 21349.443359 21466.962891
975 3.284000 21349.443359 21466.962891
976 3.287000 21349.443359 21463.044922
977 3.291000 21349.443359 21463.044922
978 3.294000 21349.443359 21463.044922
979 3.297000 21349.443359 21463.044922
980 3.300000 21349.443359 21463.044922
981 3.304000 21349.443359 21463.044922
982 3.307000 21349.443359 21463.044922
983 3.310000 21349.443359 21463.044922
984 3.313000 21349.443359 21463.044922
985 3.316000 21349.443359 21463.044922
986 3.320000 21349.443359 21463.044922
987 3.324000 21349.443359 21463.044922
988 3.327000 21349.443359 21458.150391
989 3.330000 21349.443359 21456.632813
990 3.334000 21349.443359 21456.632813
991 3.337000 21349.443359 21456.632813
992 3.340000 21349.443359 21456.632813
993 3.343000 21349.443359 21456.632813
994 3.345000 21349.443359 21456.632813
995 3.349000 21349.443359 21456.632813
996 3.353000 21349.443359 21456.632813
997 3.356000 21349.443359 21456.632813
998 3.360000 21349.443359 21456.632813
999 3.363000 21349.443359 21456.632813
1000 3.367000 21349.443359 21456.632813
1001 3.370000 21349.443359 21456.632813
1002 3.374000 21349.443359 21456.632813
1003 3.376000 21349.443359 21456.632813
1004 3.380000 21349.443359 21456.632813
1005 3.383000 21349.443359 21456.632813
1006 3.386000 21349.443359 21455.654297
1007 3.390000 21349.443359 21455.654297
1008 3.393000 21349.443359 21455.654297
1009 3.397000 21349.443359 21455.654297
1010 3.400000 21349.443359 21455.654297
1011 3.403000 21349.443359 21454.136719
1012 3.406000 21349.443359 21454.136719
1013 3.409000 21349.443359 21454.136719
1014 3.412000 21349.443359 21454.136719
1015 3.415000 21349.443359 21454.136719
1016 3.418000 21349.443359 21454.136719
1017 3.421000 21349.443359 21454.136719
1018 3.424000 21349.443359 21454.136719
1019 3.428000 21349.443359 21454.136719
1020 3.431000 21349.443359 21454.136719
1021 3.435000 21349.443359 21454.136719
1022 3.438000 21349.443359 21454.136719
1023 3.441000 21349.443359 21454.136719
1024 3.444000 21349.443359 21454.136719
1025 3.447000 21349.443359 21454.136719
1026 3.451000 21349.443359 21454.136719
1027 3.454000 21349.443359 21452.714844
1028 3.457000 21349.443359 21452.714844
1029 3.460000 21349.443359 21452.714844
1030 3.463000 21349.443359 21452.714844
1031 3.466000 21349.443359 21452.714844
1032 3.469000 21349.443359 21452.714844
1033 3.472000 21349.443359 21452.714844
1034 3.477000 21349.443359 21452.714844
1035 3.479000 21349.443359 21452.714844
1036 3.482000 21349.443359 21452.714844
1037 3.487000 21349.443359 21452.714844
1038 3.490000 21349.443359 21452.714844
1039 3.494000 21349.443359 21452.714844
1040 3.497000 21349.443359 21451.292969
1041 3.500000 21349.443359 21451.292969
1042 3.504000 21349.443359 21451.292969
1043 3.508000 21349.443359 21451.292969
1044 3.512000 21349.443359 21451.292969
1045 3.514000 21349.443359 21451.292969
1046 3.517000 21349.443359 21451.292969
1047 3.521000 21349.443359 21451.292969
1048 3.525000 21349.443359 21451.292969
1049 3.529000 21349.443359 21451.292969
1050 3.533000 21349.443359 21447.375000
1051 3.537000 21349.443359 21447.375000
1052 3.541000 21349.443359 21447.375000
1053 3.545000 21349.443359 21447.375000
1054 3.548000 21349.443359 21443.457031
1055 3.551000 21349.443359 21443.457031
1056 3.555000 21349.443359 21443.457031
1057 3.558000 21349.443359 21443.457031
1058 3.561000 21349.443359 21443.457031
1059 3.565000 21349.443359 21443.457031
1060 3.569000 21349.443359 21443.457031
1061 3.572000 21349.443359 21443.457031
1062 3.576000 21349.443359 21443.457031
1063 3.579000 21349.443359 21443.457031
1064 3.583000 21349.443359 21443.457031
1065 3.587000 21349.443359 21443.457031
1066 3.591000 21349.443359 21439.539063
1067 3.595000 21349.443359 21439.539063
1068 3.597000 21349.443359 21439.539063
1069 3.601000 21349.443359 21439.539063
1070 3.604000 21349.443359 21439.539063
1071 3.607000 21349.443359 21439.539063
1072 3.611000 21349.443359 21439.539063
1073 3.614000 21349.443359 21439.539063
1074 3.618000 21349.443359 21439.539063
1075 3.622000 21349.443359 21435.623047
1076 3.625000 21349.443359 21435.623047
1077 3.629000 21349.443359 21435.623047
1078 3.632000 21349.443359 21435.623047
1079 3.636000 21349.443359 21431.705078
1080 3.639000 21349.443359 21431.705078
1081 3.643000 21349.443359 21431.705078
1082 3.647000 21349.443359 21427.787109
1083 3.652000 21349.443359 21427.787109
1084 3.655000 21349.443359 21427.787109
1085 3.658000 21349.443359 21427.787109
1086 3.662000 21349.443359 21427.787109
1087 3.666000 21349.443359 21427.787109
1088 3.670000 21349.443359 21427.787109
1089 3.673000 21349.443359 21427.787109
1090 3.676000 21349.443359 21427.787109
1091 3.679000 21349.443359 21427.787109
1092 3.683000 21349.443359 21427.787109
1093 3.686000 21349.443359 21427.787109
1094 3.690000 21349.443359 21427.787109
1095 3.693000 21349.443359 21427.787109
1096 3.697000 21349.443359 21423.869141
1097 3.700000 21349.443359 21423.869141
1098 3.704000 21349.443359 21423.869141
1099 3.708000 21349.443359 21423.869141
1100 3.714000 21349.443359 21423.869141
1101 3.717000 21349.443359 21423.869141
1102 3.722000 21349.443359 21416.035156
1103 3.727000 21349.443359 21416.035156
1104 3.731000 21349.443359 21416.035156
1105 3.735000 21349.443359 21412.117188
1106 3.739000 21349.443359 21412.117188
1107 3.743000 21349.443359 21412.117188
1108 3.747000 21349.443359 21412.117188
1109 3.750000 21349.443359 21412.117188
1110 3.753000 21349.443359 21408.199219
1111 3.756000 21349.443359 21408.199219
1112 3.760000 21349.443359 21408.199219
1113 3.763000 21349.443359 21408.199219
1114 3.766000 21349.443359 21408.199219
1115 3.769000 21349.443359 21408.199219
1116 3.772000 21349.443359 21408.199219
1117 3.777000 21349.443359 21400.365234
1118 3.780000 21349.443359 21400.365234
1119 3.783000 21349.443359 21400.365234
1120 3.786000 21349.443359 21400.365234
1121 3.791000 21349.443359 21400.365234
1122 3.794000 21349.443359 21400.365234
1123 3.797000 21349.443359 21396.447266
1124 3.801000 21349.443359 21392.529297
1125 3.803000 21349.443359 21388.613281
1126 3.810000 21349.443359 21384.695313
1127 3.813000 21349.443359 21384.695313
1128 3.816000 21349.443359 21384.695313
1129 3.819000 21349.443359 21384.695313
1130 3.824000 21349.443359 21384.695313
1131 3.827000 21349.443359 21384.695313
1132 3.830000 21349.443359 21380.777344
1133 3.833000 21349.443359 21380.777344
1134 3.837000 21349.443359 21380.777344
1135 3.843000 21349.443359 21380.777344
1136 3.847000 21349.443359 21380.777344
1137 3.850000 21349.443359 21380.777344
1138 3.854000 21349.443359 21380.777344
1139 3.857000 21349.443359 21380.777344
1140 3.861000 21349.443359 21380.777344
1141 3.864000 21349.443359 21380.777344
1142 3.868000 21349.443359 21380.777344
1143 3.874000 21349.443359 21380.777344
1144 3.877000 21349.443359 21380.777344
1145 3.880000 21349.443359 21380.777344
1146 3.885000 21349.443359 21376.859375
1147 3.889000 21349.443359 21376.859375
1148 3.891000 21349.443359 21376.859375
1149 3.895000 21349.443359 21376.859375
1150 3.897000 21349.443359 21376.859375
1151 3.901000 21349.443359 21376.859375
1152 3.904000 21349.443359 21376.859375
1153 3.907000 21349.443359 21376.859375
1154 3.910000 21349.443359 21376.859375
1155 3.913000 21349.443359 21372.943359
1156 3.917000 21349.443359 21369.025391
1157 3.920000 21349.443359 21369.025391
1158 3.923000 21349.443359 21369.025391
1159 3.926000 21349.443359 21369.025391
1160 3.929000 21349.443359 21369.025391
1161 3.933000 21349.443359 21369.025391
1162 3.936000 21349.443359 21369.025391
1163 3.940000 21349.443359 21369.025391
1164 3.943000 21349.443359 21369.025391
1165 3.946000 21349.443359 21369.025391
1166 3.950000 21349.443359 21369.025391
1167 3.953000 21349.443359 21369.025391
1168 3.956000 21349.443359 21369.025391
1169 3.959000 21349.443359 21369.025391
1170 3.962000 21349.443359 21365.107422
1171 3.965000 21349.443359 21365.107422
1172 3.969000 21349.443359 21361.189453
1173 3.972000 21349.443359 21361.189453
1174 3.976000 21349.443359 21361.189453
1175 3.979000 21349.443359 21361.189453
1176 3.986000 21349.443359 21361.189453
1177 3.989000 21349.443359 21357.273438
1178 3.992000 21349.443359 21357.273438
1179 3.995000 21349.443359 21353.355469
1180 4.001000 21349.443359 21353.355469
1181 4.004000 21349.441406 21353.355469
1182 4.006000 21349.441406 21353.355469
1183 4.010000 21349.441406 21353.355469
1184 4.014000 21349.441406 21353.355469
1185 4.018000 21349.441406 21353.355469
1186 4.021000 21349.441406 21353.355469
1187 4.024000 21349.441406 21353.355469
1188 4.028000 21349.441406 21353.355469
1189 4.031000 21349.441406 21353.355469
1190 4.035000 21349.441406 21353.355469
1191 4.038000 21349.441406 21353.355469
1192 4.041000 21349.441406 21353.355469
1193 4.045000 21349.441406 21353.355469
1194 4.047000 21349.441406 21353.355469
1195 4.050000 21349.441406 21353.355469
1196 4.053000 21349.441406 21353.355469
1197 4.056000 21349.441406 21353.355469
1198 4.060000 21349.441406 21353.355469
1199 4.063000 21349.441406 21353.355469
1200 4.066000 21349.441406 21353.355469
1201 4.070000 21349.441406 21353.355469
1202 4.073000 21349.441406 21353.355469
1203 4.077000 21349.441406 21353.355469
1204 4.081000 21349.441406 21353.355469
1205 4.083000 21349.441406 21353.355469
1206 4.087000 21349.441406 21349.439453
1207 4.089000 21349.441406 21349.439453
1208 4.093000 21349.441406 21349.439453
1209 4.098000 21349.441406 21349.439453
1210 4.101000 21349.441406 21349.439453
1211 4.104000 21349.441406 21349.439453
1212 4.110000 21349.441406 21349.439453
1213 4.113000 21349.441406 21349.439453
1214 4.116000 21349.441406 21349.439453
1215 4.120000 21349.441406 21349.439453
1216 4.124000 21349.441406 21349.439453
1217 4.128000 21349.441406 21349.439453
1218 4.132000 21349.441406 21349.439453
1219 4.135000 21349.441406 21349.439453
1220 4.139000 21349.441406 21349.439453
1221 4.142000 21349.441406 21349.439453
1222 4.145000 21349.441406 21349.439453
1223 4.148000 21349.441406 21349.439453
1224 4.151000 21349.441406 21349.439453
1225 4.156000 21349.441406 21349.439453
1226 4.159000 21349.441406 21349.439453
1227 4.163000 21349.441406 21349.439453
1228 4.166000 21349.441406 21349.439453
1229 4.170000 21349.441406 21349.439453
1230 4.174000 21349.441406 21349.439453
1231 4.177000 21349.441406 21349.439453
1232 4.180000 21349.441406 21349.439453
1233 4.184000 21349.441406 21349.439453
1234 4.188000 21349.441406 21349.439453
1235 4.192000 21349.441406 21349.439453
1236 4.195000 21349.441406 21349.439453
1237 4.199000 21349.441406 21349.439453
1238 4.202000 21349.441406 21349.439453
1239 4.205000 21349.441406 21349.439453
1240 4.208000 21349.441406 21349.439453
1241 4.210000 21349.441406 21349.439453
1242 4.213000 21349.441406 21349.439453
1243 4.217000 21349.441406 21349.439453
1244 4.220000 21349.441406 21349.439453
1245 4.223000 21349.441406 21349.439453
1246 4.226000 21349.441406 21349.439453
1247 4.229000 21349.441406 21349.439453
1248 4.232000 21349.441406 21349.439453
1249 4.236000 21349.441406 21349.439453
1250 4.239000 21349.441406 21349.439453
1251 4.242000 21349.441406 21349.439453
1252 4.245000 21349.441406 21349.439453
1253 4.248000 21349.441406 21349.439453
1254 4.253000 21349.441406 21349.439453
1255 4.256000 21349.441406 21349.439453
1256 4.258000 21349.441406 21349.439453
1257 4.263000 21349.441406 21349.439453
1258 4.268000 21349.441406 21349.439453
1259 4.270000 21349.441406 21349.439453
1260 4.273000 21349.441406 21349.439453
1261 4.277000 21349.441406 21349.439453
1262 4.282000 21349.441406 21349.439453
1263 4.286000 21349.441406 21349.439453
1264 4.290000 21349.441406 21349.439453
1265 4.294000 21349.441406 21349.439453
1266 4.296000 21349.441406 21349.439453
1267 4.299000 21349.441406 21349.439453
1268 4.301000 21349.441406 21349.439453
1269 4.306000 21349.441406 21349.439453
1270 4.308000 21349.441406 21349.439453
1271 4.312000 21349.441406 21349.439453
1272 4.315000 21349.441406 21349.439453
1273 4.319000 21349.441406 21349.439453
1274 4.322000 21349.441406 21349.439453
1275 4.326000 21349.441406 21349.439453
1276 4.330000 21349.441406 21349.439453
1277 4.334000 21349.441406 21349.439453
1278 4.337000 21349.441406 21349.439453
1279 4.340000 21349.441406 21349.439453
1280 4.344000 21349.441406 21349.439453
1281 4.348000 21349.441406 21349.439453
1282 4.351000 21349.441406 21349.439453
1283 4.355000 21349.441406 21349.439453
1284 4.358000 21349.441406 21349.439453
1285 4.362000 21349.441406 21349.439453
1286 4.365000 21349.441406 21349.439453
1287 4.368000 21349.441406 21349.439453
1288 4.373000 21349.441406 21349.439453
1289 4.377000 21349.441406 21349.439453
1290 4.381000 21349.441406 21349.439453
1291 4.384000 21349.441406 21349.439453
1292 4.388000 21349.441406 21349.439453
1293 4.391000 21349.441406 21349.439453
1294 4.394000 21349.441406 21349.439453
1295 4.398000 21349.441406 21349.439453
1296 4.400000 21349.441406 21349.439453
1297 4.405000 21349.441406 21349.439453
1298 4.412000 21349.441406 21349.439453
1299 4.415000 21349.441406 21349.439453
1300 4.419000 21349.441406 21349.439453
1301 4.422000 21349.441406 21349.439453
1302 4.426000 21349.439453 21349.439453
1303 4.430000 21349.439453 21349.439453
1304 4.433000 21349.439453 21349.439453
1305 4.436000 21349.439453 21349.439453
1306 4.439000 21349.439453 21349.439453
1307 4.442000 21349.439453 21349.439453
1308 4.447000 21349.439453 21349.439453
1309 4.449000 21349.439453 21349.439453
1310 4.454000 21349.439453 21349.439453
1311 4.457000 21349.439453 21349.439453
1312 4.461000 21349.439453 21349.439453
1313 4.464000 21349.439453 21349.439453
1314 4.467000 21349.439453 21349.439453
1315 4.470000 21349.439453 21349.439453
1316 4.473000 21349.439453 21349.439453
1317 4.477000 21349.439453 21349.439453
1318 4.480000 21349.439453 21349.439453
1319 4.483000 21349.439453 21349.439453
1320 4.520000 21349.439453 21349.439453
1321 4.542000 21349.439453 21349.439453
1322 4.546000 21349.439453 21349.439453
1323 4.550000 21349.439453 21349.439453
1324 4.555000 21349.439453 21349.439453
1325 4.570000 21349.439453 21349.439453
1326 4.573000 21349.439453 21349.439453
1327 4.576000 21349.439453 21349.439453
1328 4.580000 21349.439453 21349.439453
1329 4.585000 21349.439453 21349.439453
1330 4.590000 21349.439453 21349.439453
1331 4.594000 21349.439453 21349.439453
1332 4.597000 21349.439453 21349.439453
1333 4.601000 21349.439453 21349.439453
1334 4.605000 21349.439453 21349.439453
1335 4.608000 21349.439453 21349.439453
1336 4.611000 21349.439453 21349.439453
1337 4.613000 21349.439453 21349.439453
1338 4.617000 21349.439453 21349.439453
1339 4.621000 21349.439453 21349.439453
1340 4.624000 21349.439453 21349.439453
1341 4.629000 21349.439453 21349.439453
1342 4.633000 21349.439453 21349.439453
1343 4.637000 21349.439453 21349.439453
1344 4.639000 21349.439453 21349.439453
1345 4.643000 21349.439453 21349.439453
1346 4.646000 21349.439453 21349.439453
1347 4.648000 21349.439453 21349.439453
1348 4.651000 21349.439453 21349.439453
1349 4.654000 21349.439453 21349.439453
1350 4.659000 21349.439453 21349.439453
1351 4.661000 21349.439453 21349.439453
1352 4.664000 21349.439453 21349.439453
1353 4.668000 21349.439453 21349.439453
1354 4.672000 21349.439453 21349.439453
1355 4.676000 21349.439453 21349.439453
1356 4.680000 21349.439453 21349.439453
1357 4.683000 21349.439453 21349.439453
1358 4.686000 21349.439453 21349.439453
1359 4.689000 21349.439453 21349.439453
1360 4.693000 21349.439453 21349.439453
1361 4.698000 21349.439453 21349.439453
1362 4.701000 21349.439453 21349.439453
1363 4.705000 21349.439453 21349.439453
1364 4.708000 21349.439453 21349.439453
1365 4.713000 21349.439453 21349.439453
1366 4.718000 21349.439453 21349.439453
1367 4.723000 21349.439453 21349.439453
1368 4.726000 21349.439453 21349.439453
1369 4.731000 21349.439453 21349.439453
1370 4.734000 21349.439453 21349.439453
1371 4.738000 21349.439453 21349.439453
1372 4.741000 21349.439453 21349.439453
1373 4.744000 21349.439453 21349.439453
1374 4.748000 21349.439453 21349.439453
1375 4.751000 21349.439453 21349.439453
1376 4.757000 21349.439453 21349.439453
1377 4.760000 21349.439453 21349.439453
1378 4.765000 21349.439453 21349.439453
1379 4.767000 21349.439453 21349.439453
1380 4.771000 21349.439453 21349.439453
1381 4.776000 21349.439453 21349.439453
1382 4.779000 21349.439453 21349.439453
1383 4.783000 21349.439453 21349.439453
1384 4.787000 21349.439453 21349.439453
1385 4.791000 21349.439453 21349.439453
1386 4.794000 21349.439453 21349.439453
1387 4.799000 21349.439453 21349.439453
1388 4.803000 21349.439453 21349.439453
1389 4.806000 21349.439453 21349.439453
1390 4.810000 21349.439453 21349.439453
1391 4.814000 21349.439453 21349.439453
1392 4.817000 21349.439453 21349.439453
1393 4.822000 21349.439453 21349.439453
1394 4.827000 21349.439453 21349.439453
1395 4.830000 21349.439453 21349.439453
1396 4.834000 21349.439453 21349.439453
1397 4.838000 21349.439453 21349.439453
1398 4.841000 21349.439453 21349.439453
1399 4.847000 21349.439453 21349.439453
1400 4.850000 21349.439453 21349.439453
1401 4.856000 21349.439453 21349.439453
1402 4.860000 21349.439453 21349.439453
1403 4.864000 21349.439453 21349.439453
1404 4.868000 21349.439453 21349.439453
1405 4.872000 21349.439453 21349.439453
1406 4.875000 21349.439453 21349.439453
1407 4.879000 21349.439453 21349.439453
1408 4.881000 21349.439453 21349.439453
1409 4.886000 21349.439453 21349.439453
1410 4.889000 21349.439453 21349.439453
1411 4.894000 21349.439453 21349.439453
1412 4.897000 21349.439453 21349.439453
1413 4.901000 21349.439453 21349.439453
1414 4.903000 21349.439453 21349.439453
1415 4.907000 21349.439453 21349.439453
1416 4.911000 21349.439453 21349.439453
1417 4.915000 21349.439453 21349.439453
1418 4.920000 21349.439453 21349.439453
1419 4.924000 21349.439453 21349.439453
1420 4.928000 21349.439453 21349.439453
1421 4.932000 21349.439453 21349.439453
1422 4.939000 21349.439453 21349.439453
1423 4.945000 21349.439453 21349.439453
1424 4.948000 21349.439453 21349.439453
1425 4.952000 21349.439453 21349.439453
1426 4.959000 21349.439453 21349.439453
1427 4.963000 21349.439453 21349.439453
1428 4.967000 21349.439453 21349.439453
1429 4.970000 21349.439453 21349.439453
1430 4.973000 21349.439453 21349.439453
1431 4.976000 21349.439453 21349.439453
1432 4.978000 21349.439453 21349.439453
1433 4.982000 21349.439453 21349.439453
1434 4.985000 21349.439453 21349.439453
1435 4.990000 21349.439453 21349.439453
1436 4.993000 21349.439453 21349.439453
1437 4.998000 21349.439453 21349.439453
1438 5.001000 21349.439453 21349.439453
1439 5.003000 21349.439453 21349.439453
1440 5.008000 21349.439453 21349.439453
1441 5.012000 21349.439453 21349.439453
1442 5.014000 21349.439453 21349.439453
1443 5.018000 21349.439453 21349.439453
1444 5.021000 21349.439453 21349.439453
1445 5.025000 21349.439453 21349.439453
1446 5.028000 21349.439453 21349.439453
1447 5.031000 21349.439453 21349.439453
1448 5.035000 21349.439453 21349.439453
1449 5.038000 21349.439453 21349.439453
1450 5.041000 21349.439453 21349.439453
1451 5.044000 21349.439453 21349.439453
1452 5.047000 21349.439453 21349.439453
1453 5.051000 21349.439453 21349.439453
1454 5.054000 21349.439453 21349.439453
1455 5.058000 21349.439453 21349.439453
1456 5.061000 21349.439453 21349.439453
1457 5.065000 21349.439453 21349.439453
1458 5.069000 21349.439453 21349.439453
1459 5.072000 21349.439453 21349.439453
1460 5.075000 21349.439453 21349.439453
1461 5.078000 21349.439453 21349.439453
1462 5.081000 21349.439453 21349.439453
1463 5.084000 21349.439453 21349.439453
1464 5.088000 21349.439453 21349.439453
1465 5.091000 21349.439453 21349.439453
1466 5.094000 21349.439453 21349.439453
1467 5.098000 21349.439453 21349.439453
1468 5.101000 21349.439453 21349.439453
1469 5.104000 21349.439453 21349.439453
1470 5.107000 21349.439453 21349.439453
1471 5.110000 21349.439453 21349.439453
1472 5.113000 21349.439453 21349.439453
1473 5.116000 21349.439453 21349.439453
1474 5.119000 21349.439453 21349.439453
1475 5.123000 21349.439453 21349.439453
1476 5.126000 21349.439453 21349.439453
1477 5.129000 21349.439453 21349.439453
1478 5.132000 21349.439453 21349.439453
1479 5.136000 21349.439453 21349.439453
1480 5.140000 21349.439453 21349.439453
1481 5.143000 21349.439453 21349.439453
1482 5.146000 21349.439453 21349.439453
1483 5.150000 21349.439453 21349.439453
1484 5.153000 21349.439453 21349.439453
1485 5.157000 21349.439453 21349.439453
1486 5.161000 21349.439453 21349.439453
1487 5.164000 21349.439453 21349.439453
1488 5.168000 21349.439453 21349.439453
1489 5.173000 21349.439453 21349.439453
1490 5.176000 21349.439453 21349.439453
1491 5.179000 21349.439453 21349.439453
1492 5.182000 21349.439453 21349.439453
1493 5.185000 21349.439453 21349.439453
1494 5.188000 21349.439453 21349.439453
1495 5.191000 21349.439453 21349.439453
1496 5.194000 21349.439453 21349.439453
1497 5.197000 21349.439453 21349.439453
1498 5.202000 21349.439453 21349.439453
1499 5.205000 21349.439453 21349.439453
1500 5.208000 21349.439453 21349.439453
1501 5.212000 21349.439453 21349.439453
1502 5.215000 21349.439453 21349.439453
1503 5.218000 21349.439453 21349.439453
1504 5.221000 21349.439453 21349.439453
1505 5.224000 21349.439453 21349.439453
1506 5.227000 21349.439453 21349.439453
1507 5.230000 21349.439453 21349.439453
1508 5.233000 21349.439453 21349.439453
1509 5.236000 21349.439453 21349.439453
1510 5.239000 21349.439453 21349.439453
1511 5.242000 21349.439453 21349.439453
1512 5.246000 21349.439453 21349.439453
1513 5.249000 21349.439453 21349.439453
1514 5.252000 21349.439453 21349.439453
1515 5.255000 21349.439453 21349.439453
1516 5.258000 21349.439453 21349.439453
1517 5.261000 21349.439453 21349.439453
1518 5.264000 21349.439453 21349.439453
1519 5.268000 21349.439453 21349.439453
1520 5.271000 21349.439453 21349.439453
1521 5.275000 21349.439453 21349.439453
1522 5.278000 21349.439453 21349.439453
1523 5.281000 21349.439453 21349.439453
1524 5.285000 21349.439453 21349.439453
1525 5.288000 21349.439453 21349.439453
1526 5.291000 21349.439453 21349.439453
1527 5.294000 21349.439453 21349.439453
1528 5.297000 21349.439453 21349.439453
1529 5.300000 21349.439453 21349.439453
1530 5.303000 21349.439453 21349.439453
1531 5.306000 21349.439453 21349.439453
1532 5.310000 21349.439453 21349.439453
1533 5.313000 21349.439453 21349.439453
1534 5.316000 21349.439453 21349.439453
1535 5.319000 21349.439453 21349.439453
1536 5.322000 21349.439453 21349.439453
1537 5.326000 21349.439453 21349.439453
1538 5.329000 21349.439453 21349.439453
1539 5.332000 21349.439453 21349.439453
1540 5.335000 21349.439453 21349.439453
1541 5.338000 21349.439453 21349.439453
1542 5.341000 21349.439453 21349.439453
1543 5.344000 21349.439453 21349.439453
1544 5.348000 21349.439453 21349.439453
1545 5.351000 21349.439453 21349.439453
1546 5.354000 21349.439453 21349.439453
1547 5.358000 21349.439453 21349.439453
1548 5.361000 21349.439453 21349.439453
1549 5.364000 21349.439453 21349.439453
1550 5.367000 21349.439453 21349.439453
1551 5.370000 21349.439453 21349.439453
1552 5.373000 21349.439453 21349.439453
1553 5.377000 21349.439453 21349.439453
1554 5.380000 21349.439453 21349.439453
1555 5.383000 21349.439453 21349.439453
1556 5.386000 21349.439453 21349.439453
1557 5.390000 21349.439453 21349.439453
1558 5.393000 21349.439453 21349.439453
1559 5.396000 21349.439453 21349.439453
1560 5.398000 21349.439453 21349.439453
1561 5.402000 21349.439453 21349.439453
1562 5.405000 21349.439453 21349.439453
1563 5.408000 21349.439453 21349.439453
1564 5.411000 21349.439453 21349.439453
1565 5.414000 21349.439453 21349.439453
1566 5.417000 21349.439453 21349.439453
1567 5.421000 21349.439453 21349.439453
1568 5.424000 21349.439453 21349.439453
1569 5.427000 21349.439453 21349.439453
1570 5.430000 21349.439453 21349.439453
1571 5.433000 21349.439453 21349.439453
1572 5.437000 21349.439453 21349.439453
1573 5.441000 21349.439453 21349.439453
1574 5.444000 21349.439453 21349.439453
1575 5.446000 21349.439453 21349.439453
1576 5.449000 21349.439453 21349.439453
1577 5.453000 21349.439453 21349.439453
1578 5.456000 21349.439453 21349.439453
1579 5.459000 21349.439453 21349.439453
1580 5.462000 21349.439453 21349.439453
1581 5.465000 21349.439453 21349.439453
1582 5.470000 21349.439453 21349.439453
1583 5.473000 21349.439453 21349.439453
1584 5.477000 21349.439453 21349.439453
1585 5.480000 21349.439453 21349.439453
1586 5.483000 21349.439453 21349.439453
1587 5.486000 21349.439453 21349.439453
1588 5.489000 21349.439453 21349.439453
1589 5.492000 21349.439453 21349.439453
1590 5.495000 21349.439453 21349.439453
1591 5.499000 21349.439453 21349.439453
1592 5.502000 21349.439453 21349.439453
1593 5.505000 21349.439453 21349.439453
1594 5.508000 21349.439453 21349.439453
1595 5.512000 21349.439453 21349.439453
1596 5.515000 21349.439453 21349.439453
1597 5.518000 21349.439453 21349.439453
1598 5.522000 21349.439453 21349.439453
1599 5.525000 21349.439453 21349.439453
1600 5.527000 21349.439453 21349.439453
1601 5.531000 21349.439453 21349.439453
1602 5.535000 21349.439453 21349.439453
1603 5.538000 21349.439453 21349.439453
1604 5.541000 21349.439453 21349.439453
1605 5.544000 21349.439453 21349.439453
1606 5.549000 21349.439453 21349.439453
1607 5.552000 21349.439453 21349.439453
1608 5.555000 21349.439453 21349.439453
1609 5.560000 21349.439453 21349.439453
1610 5.564000 21349.439453 21349.439453
1611 5.567000 21349.439453 21349.439453
1612 5.570000 21349.439453 21349.439453
1613 5.573000 21349.439453 21349.439453
1614 5.576000 21349.439453 21349.439453
1615 5.579000 21349.439453 21349.439453
1616 5.583000 21349.439453 21349.439453
1617 5.586000 21349.439453 21349.439453
1618 5.589000 21349.439453 21349.439453
1619 5.592000 21349.439453 21349.439453
1620 5.597000 21349.439453 21349.439453
1621 5.600000 21349.439453 21349.439453
1622 5.603000 21349.439453 21349.439453
1623 5.606000 21349.439453 21349.439453
1624 5.610000 21349.439453 21349.439453
1625 5.613000 21349.439453 21349.439453
1626 5.616000 21349.439453 21349.439453
1627 5.620000 21349.439453 21349.439453
1628 5.623000 21349.439453 21349.439453
1629 5.626000 21349.439453 21349.439453
1630 5.629000 21349.439453 21349.439453
1631 5.632000 21349.439453 21349.439453
1632 5.635000 21349.439453 21349.439453
1633 5.638000 21349.439453 21349.439453
1634 5.642000 21349.439453 21349.439453
1635 5.646000 21349.439453 21349.439453
1636 5.649000 21349.439453 21349.439453
1637 5.652000 21349.439453 21349.439453
1638 5.655000 21349.439453 21349.439453
1639 5.659000 21349.439453 21349.439453
1640 5.663000 21349.439453 21349.439453
1641 5.667000 21349.439453 21349.439453
1642 5.670000 21349.439453 21349.439453
1643 5.674000 21349.439453 21349.439453
1644 5.677000 21349.439453 21349.439453
1645 5.680000 21349.439453 21349.439453
1646 5.683000 21349.439453 21349.439453
1647 5.687000 21349.439453 21349.439453
1648 5.691000 21349.439453 21349.439453
1649 5.695000 21349.439453 21349.439453
1650 5.697000 21349.439453 21349.439453
1651 5.700000 21349.439453 21349.439453
1652 5.704000 21349.439453 21349.439453
1653 5.709000 21349.439453 21349.439453
1654 5.712000 21349.439453 21349.439453
1655 5.715000 21349.439453 21349.439453
1656 5.719000 21349.439453 21349.439453
1657 5.722000 21349.439453 21349.439453
1658 5.725000 21349.439453 21349.439453
1659 5.729000 21349.439453 21349.439453
1660 5.732000 21349.439453 21349.439453
1661 5.736000 21349.439453 21349.439453
1662 5.740000 21349.439453 21349.439453
1663 5.743000 21349.439453 21349.439453
1664 5.746000 21349.439453 21349.439453
1665 5.749000 21349.439453 21349.439453
1666 5.754000 21349.439453 21349.439453
1667 5.756000 21349.439453 21349.439453
1668 5.761000 21349.439453 21349.439453
1669 5.763000 21349.439453 21349.439453
1670 5.767000 21349.439453 21349.439453
1671 5.770000 21349.439453 21349.439453
1672 5.774000 21349.439453 21349.439453
1673 5.777000 21349.439453 21349.439453
1674 5.780000 21349.439453 21349.439453
1675 5.785000 21349.439453 21349.439453
1676 5.789000 21349.439453 21349.439453
1677 5.792000 21349.439453 21349.439453
1678 5.796000 21349.439453 21349.439453
1679 5.798000 21349.439453 21349.439453
1680 5.806000 21349.439453 21349.439453
1681 5.810000 21349.439453 21349.439453
1682 5.813000 21349.439453 21349.439453
1683 5.816000 21349.439453 21349.439453
1684 5.821000 21349.439453 21349.439453
1685 5.824000 21349.439453 21349.439453
1686 5.827000 21349.439453 21349.439453
1687 5.831000 21349.439453 21349.439453
1688 5.836000 21349.439453 21349.439453
1689 5.839000 21349.439453 21349.439453
1690 5.842000 21349.439453 21349.439453
1691 5.846000 21349.439453 21349.439453
1692 5.853000 21349.439453 21349.439453
1693 5.856000 21349.439453 21349.439453
1694 5.858000 21349.439453 21349.439453
1695 5.862000 21349.439453 21349.439453
1696 5.866000 21349.439453 21349.439453
1697 5.869000 21349.439453 21349.439453
1698 5.871000 21349.439453 21349.439453
1699 5.875000 21349.439453 21349.439453
1700 5.879000 21349.439453 21349.439453
1701 5.881000 21349.439453 21349.439453
1702 5.885000 21349.439453 21349.439453
1703 5.888000 21349.439453 21349.439453
1704 5.891000 21349.439453 21349.439453
1705 5.894000 21349.439453 21349.439453
1706 5.897000 21349.439453 21349.439453
1707 5.900000 21349.439453 21349.439453
1708 5.903000 21349.439453 21349.439453
1709 5.907000 21349.439453 21349.439453
1710 5.911000 21349.439453 21349.439453
1711 5.915000 21349.439453 21349.439453
1712 5.918000 21349.439453 21349.439453
1713 5.922000 21349.439453 21349.439453
1714 5.926000 21349.439453 21349.439453
1715 5.930000 21349.439453 21349.439453
1716 5.935000 21349.439453 21349.439453
1717 5.940000 21349.439453 21349.439453
1718 5.943000 21349.439453 21349.439453
1719 5.946000 21349.439453 21349.439453
1720 5.949000 21349.439453 21349.439453
1721 5.953000 21349.439453 21349.439453
1722 5.956000 21349.439453 21349.439453
1723 5.959000 21349.439453 21349.439453
1724 5.962000 21349.439453 21349.439453
1725 5.965000 21349.439453 21349.439453
1726 5.969000 21349.439453 21349.439453
1727 5.972000 21349.439453 21349.439453
1728 5.975000 21349.439453 21349.439453
1729 5.978000 21349.439453 21349.439453
1730 5.981000 21349.439453 21349.439453
1731 5.984000 21349.439453 21349.439453
1732 5.988000 21349.439453 21349.439453
1733 5.991000 21349.439453 21349.439453
1734 5.994000 21349.439453 21349.439453
1735 5.997000 21349.439453 21349.439453
1736 6.001000 21349.439453 21349.439453
1737 6.005000 21349.439453 21349.439453
1738 6.008000 21349.439453 21349.439453
1739 6.011000 21349.439453 21349.439453
1740 6.016000 21349.439453 21349.439453
1741 6.019000 21349.439453 21349.439453
1742 6.024000 21349.439453 21349.439453
1743 6.027000 21349.439453 21349.439453
1744 6.030000 21349.439453 21349.439453
1745 6.033000 21349.439453 21349.439453
1746 6.038000 21349.439453 21349.439453
1747 6.040000 21349.439453 21349.439453
1748 6.043000 21349.439453 21349.439453
1749 6.046000 21349.439453 21349.439453
1750 6.050000 21349.439453 21349.439453
1751 6.054000 21349.439453 21349.439453
1752 6.057000 21349.439453 21349.439453
1753 6.060000 21349.439453 21349.439453
1754 6.063000 21349.439453 21349.439453
1755 6.067000 21349.439453 21349.439453
1756 6.071000 21349.439453 21349.439453
1757 6.075000 21349.439453 21349.439453
1758 6.078000 21349.439453 21349.439453
1759 6.081000 21349.439453 21349.439453
1760 6.087000 21349.439453 21349.439453
1761 6.090000 21349.439453 21349.439453
1762 6.094000 21349.439453 21349.439453
1763 6.098000 21349.439453 21349.439453
1764 6.103000 21349.439453 21349.439453
1765 6.106000 21349.439453 21349.439453
1766 6.109000 21349.439453 21349.439453
1767 6.112000 21349.439453 21349.439453
1768 6.115000 21349.439453 21349.439453
1769 6.119000 21349.439453 21349.439453
1770 6.122000 21349.439453 21349.439453
1771 6.124000 21349.439453 21349.439453
1772 6.127000 21349.439453 21349.439453
1773 6.131000 21349.439453 21349.439453
1774 6.134000 21349.439453 21349.439453
1775 6.137000 21349.439453 21349.439453
1776 6.140000 21349.439453 21349.439453
1777 6.144000 21349.439453 21349.439453
1778 6.148000 21349.439453 21349.439453
1779 6.151000 21349.439453 21349.439453
1780 6.154000 21349.439453 21349.439453
1781 6.157000 21349.439453 21349.439453
1782 6.160000 21349.439453 21349.439453
1783 6.163000 21349.439453 21349.439453
1784 6.166000 21349.439453 21349.439453
1785 6.170000 21349.439453 21349.439453
1786 6.172000 21349.439453 21349.439453
1787 6.175000 21349.439453 21349.439453
1788 6.180000 21349.439453 21349.439453
1789 6.183000 21349.439453 21349.439453
1790 6.186000 21349.439453 21349.439453
1791 6.189000 21349.439453 21349.439453
1792 6.193000 21349.439453 21349.439453
1793 6.196000 21349.439453 21349.439453
1794 6.199000 21349.439453 21349.439453
1795 6.201000 21349.439453 21349.439453
1796 6.204000 21349.439453 21349.439453
1797 6.208000 21349.439453 21349.439453
1798 6.211000 21349.439453 21349.439453
1799 6.214000 21349.439453 21349.439453
1800 6.218000 21349.439453 21349.439453
1801 6.221000 21349.439453 21349.439453
1802 6.224000 21349.439453 21349.439453
1803 6.227000 21349.439453 21349.439453
1804 6.230000 21349.439453 21349.439453
1805 6.233000 21349.439453 21349.439453
1806 6.237000 21349.439453 21349.439453
1807 6.240000 21349.439453 21349.439453
1808 6.243000 21349.439453 21349.439453
1809 6.247000 21349.439453 21349.439453
1810 6.250000 21349.439453 21349.439453
1811 6.254000 21349.439453 21349.439453
1812 6.257000 21349.439453 21349.439453
1813 6.260000 21349.439453 21349.439453
1814 6.263000 21349.439453 21349.439453
1815 6.266000 21349.439453 21349.439453
1816 6.270000 21349.439453 21349.439453
1817 6.273000 21349.439453 21349.439453
1818 6.276000 21349.439453 21349.439453
1819 6.279000 21349.439453 21349.439453
1820 6.281000 21349.439453 21349.439453
1821 6.285000 21349.439453 21349.439453
1822 6.289000 21349.439453 21349.439453
1823 6.291000 21349.439453 21349.439453
1824 6.294000 21349.439453 21349.439453
1825 6.297000 21349.439453 21349.439453
1826 6.300000 21349.439453 21349.439453
1827 6.305000 21349.439453 21349.439453
1828 6.308000 21349.439453 21349.439453
1829 6.311000 21349.439453 21349.439453
1830 6.315000 21349.439453 21349.439453
1831 6.318000 21349.439453 21349.439453
1832 6.324000 21349.439453 21349.439453
1833 6.327000 21349.439453 21349.439453
1834 6.330000 21349.439453 21349.439453
1835 6.333000 21349.439453 21349.439453
1836 6.336000 21349.439453 21349.439453
1837 6.340000 21349.439453 21349.439453
1838 6.343000 21349.439453 21349.439453
1839 6.346000 21349.439453 21349.439453
1840 6.349000 21349.439453 21349.439453
1841 6.352000 21349.439453 21349.439453
1842 6.355000 21349.439453 21349.439453
1843 6.358000 21349.439453 21349.439453
1844 6.361000 21349.439453 21349.439453
1845 6.365000 21349.439453 21349.439453
1846 6.368000 21349.439453 21349.439453
1847 6.371000 21349.439453 21349.439453
1848 6.375000 21349.439453 21349.439453
1849 6.378000 21349.439453 21349.439453
1850 6.381000 21349.439453 21349.439453
1851 6.384000 21349.439453 21349.439453
1852 6.388000 21349.439453 21349.439453
1853 6.391000 21349.439453 21349.439453
1854 6.395000 21349.439453 21349.439453
1855 6.398000 21349.439453 21349.439453
1856 6.401000 21349.439453 21349.439453
1857 6.404000 21349.439453 21349.439453
1858 6.408000 21349.439453 21349.439453
1859 6.410000 21349.439453 21349.439453
1860 6.413000 21349.439453 21349.439453
1861 6.417000 21349.439453 21349.439453
1862 6.420000 21349.439453 21349.439453
1863 6.423000 21349.439453 21349.439453
1864 6.426000 21349.439453 21349.439453
1865 6.429000 21349.439453 21349.439453
1866 6.432000 21349.439453 21349.439453
1867 6.436000 21349.439453 21349.439453
1868 6.439000 21349.439453 21349.439453
1869 6.442000 21349.439453 21349.439453
1870 6.446000 21349.439453 21349.439453
1871 6.450000 21349.439453 21349.439453
1872 6.453000 21349.439453 21349.439453
1873 6.455000 21349.439453 21349.439453
1874 6.458000 21349.439453 21349.439453
1875 6.461000 21349.439453 21349.439453
1876 6.464000 21349.439453 21349.439453
1877 6.466000 21349.439453 21349.439453
1878 6.469000 21349.439453 21349.439453
1879 6.474000 21349.439453 21349.439453
1880 6.476000 21349.439453 21349.439453
1881 6.479000 21349.439453 21349.439453
1882 6.483000 21349.439453 21349.439453
1883 6.486000 21349.439453 21349.439453
1884 6.489000 21349.439453 21349.439453
1885 6.494000 21349.439453 21349.439453
1886 6.497000 21349.439453 21349.439453
1887 6.500000 21349.439453 21349.439453
1888 6.503000 21349.439453 21349.439453
1889 6.506000 21349.439453 21349.439453
1890 6.509000 21349.439453 21349.439453
1891 6.512000 21349.439453 21349.439453
1892 6.516000 21349.439453 21349.439453
1893 6.519000 21349.439453 21349.439453
1894 6.523000 21349.439453 21349.439453
1895 6.526000 21349.439453 21349.439453
1896 6.530000 21349.439453 21349.439453
1897 6.533000 21349.439453 21349.439453
1898 6.536000 21349.439453 21349.439453
1899 6.539000 21349.439453 21349.439453
1900 6.542000 21349.439453 21349.439453
1901 6.545000 21349.439453 21349.439453
1902 6.548000 21349.439453 21349.439453
1903 6.552000 21349.439453 21349.439453
1904 6.555000 21349.439453 21349.439453
1905 6.558000 21349.439453 21349.439453
1906 6.562000 21349.439453 21349.439453
1907 6.564000 21349.439453 21349.439453
1908 6.567000 21349.439453 21349.439453
1909 6.573000 21349.439453 21349.439453
1910 6.576000 21349.439453 21349.439453
1911 6.579000 21349.439453 21349.439453
1912 6.582000 21349.439453 21349.439453
1913 6.587000 21349.439453 21349.439453
1914 6.590000 21349.439453 21349.439453
1915 6.593000 21349.439453 21349.439453
1916 6.595000 21349.439453 21349.439453
1917 6.598000 21349.439453 21349.439453
1918 6.603000 21349.439453 21349.439453
1919 6.606000 21349.439453 21349.439453
1920 6.609000 21349.439453 21349.439453
1921 6.612000 21349.439453 21349.439453
1922 6.615000 21349.439453 21349.439453
1923 6.619000 21349.439453 21349.439453
1924 6.622000 21349.439453 21349.439453
1925 6.625000 21349.439453 21349.439453
1926 6.628000 21349.439453 21349.439453
1927 6.631000 21349.439453 21349.439453
1928 6.634000 21349.439453 21349.439453
1929 6.638000 21349.439453 21349.439453
1930 6.641000 21349.439453 21349.439453
1931 6.644000 21349.439453 21349.439453
1932 6.647000 21349.439453 21349.439453
1933 6.650000 21349.439453 21349.439453
1934 6.653000 21349.439453 21349.439453
1935 6.656000 21349.439453 21349.439453
1936 6.659000 21349.439453 21349.439453
1937 6.663000 21349.439453 21349.439453
1938 6.666000 21349.439453 21349.439453
1939 6.669000 21349.439453 21349.439453
1940 6.672000 21349.439453 21349.439453
1941 6.675000 21349.439453 21349.439453
1942 6.678000 21349.439453 21349.439453
1943 6.682000 21349.439453 21349.439453
1944 6.686000 21349.439453 21349.439453
1945 6.689000 21349.439453 21349.439453
1946 6.692000 21349.439453 21349.439453
1947 6.694000 21349.439453 21349.439453
1948 6.697000 21349.439453 21349.439453
1949 6.701000 21349.439453 21349.439453
1950 6.704000 21349.439453 21349.439453
1951 6.707000 21349.439453 21349.439453
1952 6.710000 21349.439453 21349.439453
1953 6.713000 21349.439453 21349.439453
1954 6.717000 21349.439453 21349.439453
1955 6.720000 21349.439453 21349.439453
1956 6.723000 21349.439453 21349.439453
1957 6.727000 21349.439453 21349.439453
1958 6.730000 21349.439453 21349.439453
1959 6.733000 21349.439453 21349.439453
1960 6.737000 21349.439453 21349.439453
1961 6.740000 21349.439453 21349.439453
1962 6.743000 21349.439453 21349.439453
1963 6.747000 21349.439453 21349.439453
1964 6.750000 21349.439453 21349.439453
1965 6.753000 21349.439453 21349.439453
1966 6.757000 21349.439453 21349.439453
1967 6.760000 21349.439453 21349.439453
1968 6.763000 21349.439453 21349.439453
1969 6.766000 21349.439453 21349.439453
1970 6.769000 21349.439453 21349.439453
1971 6.772000 21349.439453 21349.439453
1972 6.775000 21349.439453 21349.439453
1973 6.778000 21349.439453 21349.439453
1974 6.780000 21349.439453 21349.439453
1975 6.784000 21349.439453 21349.439453
1976 6.788000 21349.439453 21349.439453
1977 6.791000 21349.439453 21349.439453
1978 6.794000 21349.439453 21349.439453
1979 6.797000 21349.439453 21349.439453
1980 6.800000 21349.439453 21349.439453
1981 6.803000 21349.439453 21349.439453
1982 6.806000 21349.439453 21349.439453
1983 6.809000 21349.439453 21349.439453
1984 6.812000 21349.439453 21349.439453
1985 6.816000 21349.439453 21349.439453
1986 6.819000 21349.439453 21349.439453
1987 6.823000 21349.439453 21349.439453
1988 6.826000 21349.439453 21349.439453
1989 6.829000 21349.439453 21349.439453
1990 6.832000 21349.439453 21349.439453
1991 6.835000 21349.439453 21349.439453
1992 6.838000 21349.439453 21349.439453
1993 6.841000 21349.439453 21349.439453
1994 6.844000 21349.439453 21349.439453
1995 6.847000 21349.439453 21349.439453
1996 6.850000 21349.439453 21349.439453
1997 6.853000 21349.439453 21349.439453
1998 6.856000 21349.439453 21349.439453
1999 6.860000 21349.439453 21349.439453
2000 6.863000 21349.439453 21349.439453
2001 6.866000 21349.439453 21349.439453
2002 6.869000 21349.439453 21349.439453
2003 6.872000 21349.439453 21349.439453
2004 6.875000 21349.439453 21349.439453
2005 6.879000 21349.439453 21349.439453
2006 6.882000 21349.439453 21349.439453
2007 6.885000 21349.439453 21349.439453
2008 6.890000 21349.439453 21349.439453
2009 6.893000 21349.439453 21349.439453
2010 6.896000 21349.439453 21349.439453
2011 6.900000 21349.439453 21349.439453
2012 6.904000 21349.439453 21349.439453
2013 6.907000 21349.439453 21349.439453
2014 6.909000 21349.439453 21349.439453
2015 6.913000 21349.439453 21349.439453
2016 6.916000 21349.439453 21349.439453
2017 6.919000 21349.439453 21349.439453
2018 6.922000 21349.439453 21349.439453
2019 6.926000 21349.439453 21349.439453
2020 6.928000 21349.439453 21349.439453
2021 6.932000 21349.439453 21349.439453
2022 6.935000 21349.439453 21349.439453
2023 6.938000 21349.439453 21349.439453
2024 6.941000 21349.439453 21349.439453
2025 6.945000 21349.439453 21349.439453
2026 6.948000 21349.439453 21349.439453
2027 6.952000 21349.439453 21349.439453
2028 6.955000 21349.439453 21349.439453
2029 6.958000 21349.439453 21349.439453
2030 6.962000 21349.439453 21349.439453
2031 6.966000 21349.439453 21349.439453
2032 6.969000 21349.439453 21349.439453
2033 6.972000 21349.439453 21349.439453
2034 6.975000 21349.439453 21349.439453
2035 6.978000 21349.439453 21349.439453
2036 6.982000 21349.439453 21349.439453
2037 6.985000 21349.439453 21349.439453
2038 6.988000 21349.439453 21349.439453
2039 6.991000 21349.439453 21349.439453
2040 6.994000 21349.439453 21349.439453
2041 6.997000 21349.439453 21349.439453
2042 7.000000 21349.439453 21349.439453
2043 7.003000 21349.439453 21349.439453
2044 7.007000 21349.439453 21349.439453
2045 7.010000 21349.439453 21349.439453
2046 7.015000 21349.439453 21349.439453
2047 7.019000 21349.439453 21349.439453
2048 7.022000 21349.439453 21349.439453
2049 7.024000 21349.439453 21349.439453
2050 7.027000 21349.439453 21349.439453
2051 7.030000 21349.439453 21349.439453
2052 7.033000 21349.439453 21349.439453
2053 7.036000 21349.439453 21349.439453
2054 7.039000 21349.439453 21349.439453
2055 7.043000 21349.439453 21349.439453
2056 7.046000 21349.439453 21349.439453
2057 7.049000 21349.439453 21349.439453
2058 7.053000 21349.439453 21349.439453
2059 7.056000 21349.439453 21349.439453
2060 7.059000 21349.439453 21349.439453
2061 7.062000 21349.439453 21349.439453
2062 7.066000 21349.439453 21349.439453
2063 7.068000 21349.439453 21349.439453
2064 7.071000 21349.439453 21349.439453
2065 7.075000 21349.439453 21349.439453
2066 7.078000 21349.439453 21349.439453
2067 7.081000 21349.439453 21349.439453
2068 7.085000 21349.439453 21349.439453
2069 7.088000 21349.439453 21349.439453
2070 7.092000 21349.439453 21349.439453
2071 7.095000 21349.439453 21349.439453
2072 7.098000 21349.439453 21349.439453
2073 7.101000 21349.439453 21349.439453
2074 7.104000 21349.439453 21349.439453
2075 7.108000 21349.439453 21349.439453
2076 7.110000 21349.439453 21349.439453
2077 7.113000 21349.439453 21349.439453
2078 7.116000 21349.439453 21349.439453
2079 7.120000 21349.439453 21349.439453
2080 7.123000 21349.439453 21349.439453
2081 7.126000 21349.439453 21349.439453
2082 7.129000 21349.439453 21349.439453
2083 7.132000 21349.439453 21349.439453
2084 7.135000 21349.439453 21349.439453
2085 7.138000 21349.439453 21349.439453
2086 7.142000 21349.439453 21349.439453
2087 7.145000 21349.439453 21349.439453
2088 7.149000 21349.439453 21349.439453
2089 7.152000 21349.439453 21349.439453
2090 7.155000 21349.439453 21349.439453
2091 7.158000 21349.439453 21349.439453
2092 7.161000 21349.439453 21349.439453
2093 7.164000 21349.439453 21349.439453
2094 7.167000 21349.439453 21349.439453
2095 7.173000 21349.439453 21349.439453
2096 7.176000 21349.439453 21349.439453
2097 7.179000 21349.439453 21349.439453
2098 7.182000 21349.439453 21349.439453
2099 7.185000 21349.439453 21349.439453
2100 7.188000 21349.439453 21349.439453
2101 7.192000 21349.439453 21349.439453
2102 7.195000 21349.439453 21349.439453
2103 7.199000 21349.439453 21349.439453
2104 7.205000 21349.439453 21349.439453
2105 7.208000 21349.439453 21349.439453
2106 7.211000 21349.439453 21349.439453
2107 7.214000 21349.439453 21349.439453
2108 7.217000 21349.439453 21349.439453
2109 7.220000 21349.439453 21349.439453
2110 7.224000 21349.439453 21349.439453
2111 7.226000 21349.439453 21349.439453
2112 7.230000 21349.439453 21349.439453
2113 7.234000 21349.439453 21349.439453
2114 7.237000 21349.439453 21349.439453
2115 7.241000 21349.439453 21349.439453
2116 7.245000 21349.439453 21349.439453
2117 7.247000 21349.439453 21349.439453
2118 7.251000 21349.439453 21349.439453
2119 7.256000 21349.439453 21349.439453
2120 7.259000 21349.439453 21349.439453
2121 7.262000 21349.439453 21349.439453
2122 7.266000 21349.439453 21349.439453
2123 7.269000 21349.439453 21349.439453
2124 7.271000 21349.439453 21349.439453
2125 7.274000 21349.439453 21349.439453
2126 7.278000 21349.439453 21349.439453
2127 7.281000 21349.439453 21349.439453
2128 7.284000 21349.439453 21349.439453
2129 7.287000 21349.439453 21349.439453
2130 7.290000 21349.439453 21349.439453
2131 7.293000 21349.439453 21349.439453
2132 7.296000 21349.439453 21349.439453
2133 7.299000 21349.439453 21349.439453
2134 7.302000 21349.439453 21349.439453
2135 7.305000 21349.439453 21349.439453
2136 7.308000 21349.439453 21349.439453
2137 7.312000 21349.439453 21349.439453
2138 7.316000 21349.439453 21349.439453
2139 7.319000 21349.439453 21349.439453
2140 7.322000 21349.439453 21349.439453
2141 7.325000 21349.439453 21349.439453
2142 7.328000 21349.439453 21349.439453
2143 7.331000 21349.439453 21349.439453
2144 7.335000 21349.439453 21349.439453
2145 7.337000 21349.439453 21349.439453
2146 7.340000 21349.439453 21349.439453
2147 7.344000 21349.439453 21349.439453
2148 7.347000 21349.439453 21349.439453
2149 7.350000 21349.439453 21349.439453
2150 7.354000 21349.439453 21349.439453
2151 7.357000 21349.439453 21349.439453
2152 7.360000 21349.439453 21349.439453
2153 7.363000 21349.439453 21349.439453
2154 7.367000 21349.439453 21349.439453
2155 7.370000 21349.439453 21349.439453
2156 7.373000 21349.439453 21349.439453
2157 7.376000 21349.439453 21349.439453
2158 7.379000 21349.439453 21349.439453
2159 7.382000 21349.439453 21349.439453
2160 7.385000 21349.439453 21349.439453
2161 7.388000 21349.439453 21349.439453
2162 7.392000 21349.439453 21349.439453
2163 7.395000 21349.439453 21349.439453
2164 7.398000 21349.439453 21349.439453
2165 7.401000 21349.439453 21349.439453
2166 7.405000 21349.439453 21349.439453
2167 7.408000 21349.439453 21349.439453
2168 7.411000 21349.439453 21349.439453
2169 7.414000 21349.439453 21349.439453
2170 7.417000 21349.439453 21349.439453
2171 7.421000 21349.439453 21349.439453
2172 7.425000 21349.439453 21349.439453
2173 7.428000 21349.439453 21349.439453
2174 7.431000 21349.439453 21349.439453
2175 7.433000 21349.439453 21349.439453
2176 7.438000 21349.439453 21349.439453
2177 7.441000 21349.439453 21349.439453
2178 7.444000 21349.439453 21349.439453
2179 7.447000 21349.439453 21349.439453
2180 7.450000 21349.439453 21349.439453
2181 7.453000 21349.439453 21349.439453
2182 7.456000 21349.439453 21349.439453
2183 7.458000 21349.439453 21349.439453
2184 7.461000 21349.439453 21349.439453
2185 7.464000 21349.439453 21349.439453
2186 7.468000 21349.439453 21349.439453
2187 7.473000 21349.439453 21349.439453
2188 7.476000 21349.439453 21349.439453
2189 7.478000 21349.439453 21349.439453
2190 7.482000 21349.439453 21349.439453
2191 7.486000 21349.439453 21349.439453
2192 7.489000 21349.439453 21349.439453
2193 7.492000 21349.439453 21349.439453
2194 7.496000 21349.439453 21349.439453
2195 7.499000 21349.439453 21349.439453
2196 7.502000 21349.439453 21349.439453
2197 7.505000 21349.439453 21349.439453
2198 7.508000 21349.439453 21349.439453
2199 7.512000 21349.439453 21349.439453
2200 7.515000 21349.439453 21349.439453
2201 7.519000 21349.439453 21349.439453
2202 7.523000 21349.439453 21349.439453
2203 7.526000 21349.439453 21349.439453
2204 7.528000 21349.439453 21349.439453
2205 7.534000 21349.439453 21349.439453
2206 7.537000 21349.439453 21349.439453
2207 7.540000 21349.439453 21349.439453
2208 7.544000 21349.439453 21349.439453
2209 7.547000 21349.439453 21349.439453
2210 7.551000 21349.439453 21349.439453
2211 7.554000 21349.439453 21349.439453
2212 7.557000 21349.439453 21349.439453
2213 7.560000 21349.439453 21349.439453
2214 7.563000 21349.439453 21349.439453
2215 7.567000 21349.439453 21349.439453
2216 7.570000 21349.439453 21349.439453
2217 7.573000 21349.439453 21349.439453
2218 7.576000 21349.439453 21349.439453
2219 7.579000 21349.439453 21349.439453
2220 7.582000 21349.439453 21349.439453
2221 7.585000 21349.439453 21349.439453
2222 7.588000 21349.439453 21349.439453
2223 7.591000 21349.439453 21349.439453
2224 7.594000 21349.439453 21349.439453
2225 7.597000 21349.439453 21349.439453
2226 7.601000 21349.439453 21349.439453
2227 7.604000 21349.439453 21349.439453
2228 7.607000 21349.439453 21349.439453
2229 7.611000 21349.439453 21349.439453
2230 7.614000 21349.439453 21349.439453
2231 7.617000 21349.439453 21349.439453
2232 7.620000 21349.439453 21349.439453
2233 7.623000 21349.439453 21349.439453
2234 7.626000 21349.439453 21349.439453
2235 7.629000 21349.439453 21349.439453
2236 7.633000 21349.439453 21349.439453
2237 7.636000 21349.439453 21349.439453
2238 7.639000 21349.439453 21349.439453
2239 7.641000 21349.439453 21349.439453
2240 7.645000 21349.439453 21349.439453
2241 7.648000 21349.439453 21349.439453
2242 7.652000 21349.439453 21349.439453
2243 7.655000 21349.439453 21349.439453
2244 7.658000 21349.439453 21349.439453
2245 7.661000 21349.439453 21349.439453
2246 7.665000 21349.439453 21349.439453
2247 7.668000 21349.439453 21349.439453
2248 7.671000 21349.439453 21349.439453
2249 7.674000 21349.439453 21349.439453
2250 7.677000 21349.439453 21349.439453
2251 7.680000 21349.439453 21349.439453
2252 7.683000 21349.439453 21349.439453
2253 7.686000 21349.439453 21349.439453
2254 7.690000 21349.439453 21349.439453
2255 7.693000 21349.439453 21349.439453
2256 7.697000 21349.439453 21349.439453
2257 7.700000 21349.439453 21349.439453
2258 7.703000 21349.439453 21349.439453
2259 7.706000 21349.439453 21349.439453
2260 7.709000 21349.439453 21349.439453
2261 7.713000 21349.439453 21349.439453
2262 7.716000 21349.439453 21349.439453
2263 7.719000 21349.439453 21349.439453
2264 7.722000 21349.439453 21349.439453
2265 7.725000 21349.439453 21349.439453
2266 7.728000 21349.439453 21349.439453
2267 7.731000 21349.439453 21349.439453
2268 7.734000 21349.439453 21349.439453
2269 7.737000 21349.439453 21349.439453
2270 7.741000 21349.439453 21349.439453
2271 7.745000 21349.439453 21349.439453
2272 7.748000 21349.439453 21349.439453
2273 7.752000 21349.439453 21349.439453
2274 7.756000 21349.439453 21349.439453
2275 7.760000 21349.439453 21349.439453
2276 7.764000 21349.439453 21349.439453
2277 7.768000 21349.439453 21349.439453
2278 7.771000 21349.439453 21349.439453
2279 7.774000 21349.439453 21349.439453
2280 7.777000 21349.439453 21349.439453
2281 7.780000 21349.439453 21349.439453
2282 7.784000 21349.439453 21349.439453
2283 7.788000 21349.439453 21349.439453
2284 7.791000 21349.439453 21349.439453
2285 7.795000 21349.439453 21349.439453
2286 7.797000 21349.439453 21349.439453
2287 7.801000 21349.439453 21349.439453
2288 7.805000 21349.439453 21349.439453
2289 7.808000 21349.439453 21349.439453
2290 7.811000 21349.439453 21349.439453
2291 7.814000 21349.439453 21349.439453
2292 7.819000 21349.439453 21349.439453
2293 7.822000 21349.439453 21349.439453
2294 7.825000 21349.439453 21349.439453
2295 7.829000 21349.439453 21349.439453
2296 7.834000 21349.439453 21349.439453
2297 7.837000 21349.439453 21349.439453
2298 7.840000 21349.439453 21349.439453
2299 7.843000 21349.439453 21349.439453
2300 7.847000 21349.439453 21349.439453
2301 7.850000 21349.439453 21349.439453
2302 7.853000 21349.439453 21349.439453
