0 0.000000 24698.500000 27009.832031
1 0.007000 24037.193359 27009.832031
2 0.015000 23855.369141 28082.187500
3 0.021000 23617.978516 28450.880859
4 0.028000 23561.777344 30058.755859
5 0.035000 23507.988281 29992.404297
6 0.042000 23015.910156 30306.919922
7 0.048000 22910.082031 30268.660156
8 0.053000 22910.082031 30503.400391
9 0.060000 22910.082031 31004.626953
10 0.065000 22910.082031 31289.835938
11 0.072000 22910.082031 31569.351563
12 0.077000 22821.794922 31281.552734
13 0.084000 22613.392578 32222.652344
14 0.090000 22613.392578 32261.226563
15 0.096000 22613.392578 31984.373047
16 0.102000 22417.064453 32285.099609
17 0.109000 21990.214844 32320.912109
18 0.115000 21990.214844 32792.191406
19 0.120000 21990.214844 33069.035156
20 0.126000 21990.214844 33057.902344
21 0.132000 21749.345703 32597.529297
22 0.139000 21749.345703 33262.355469
23 0.145000 21749.345703 34659.968750
24 0.152000 21749.345703 34185.859375
25 0.158000 21749.345703 33491.238281
26 0.164000 21749.345703 33863.882813
27 0.170000 21749.345703 33674.093750
28 0.176000 21749.345703 33201.687500
29 0.184000 21749.345703 33238.250000
30 0.190000 21749.345703 33137.714844
31 0.197000 21749.345703 33489.406250
32 0.203000 21749.345703 33472.800781
33 0.209000 21749.345703 33176.421875
34 0.214000 21749.345703 34690.093750
35 0.221000 21749.345703 33794.289063
36 0.227000 21749.345703 34467.808594
37 0.233000 21749.345703 34416.363281
38 0.239000 21749.345703 35013.265625
39 0.246000 21749.345703 34009.054688
40 0.252000 21749.345703 33697.308594
41 0.258000 21749.345703 33332.117188
42 0.264000 21749.345703 33149.468750
43 0.271000 21749.345703 32366.804688
44 0.276000 21749.345703 32893.503906
45 0.283000 21749.345703 33280.109375
46 0.290000 21749.345703 33534.839844
47 0.296000 21749.345703 34272.203125
48 0.302000 21749.345703 34911.464844
49 0.308000 21749.345703 35703.566406
50 0.314000 21749.345703 35154.003906
51 0.321000 21749.345703 35981.308594
52 0.327000 21749.345703 36660.265625
53 0.333000 21749.345703 36585.453125
54 0.340000 21749.345703 36065.132813
55 0.346000 21749.345703 35425.300781
56 0.353000 21749.345703 34971.226563
57 0.360000 21749.345703 34720.273438
58 0.367000 21749.345703 34698.800781
59 0.373000 21749.345703 33826.640625
60 0.378000 21749.345703 33966.121094
61 0.385000 21749.345703 33532.546875
62 0.390000 21749.345703 33690.632813
63 0.397000 21749.345703 32930.074219
64 0.403000 21749.345703 33295.425781
65 0.409000 21749.345703 33288.281250
66 0.415000 21749.345703 33474.746094
67 0.423000 21749.345703 34276.050781
68 0.429000 21749.345703 34646.652344
69 0.435000 21749.345703 34601.644531
70 0.442000 21749.345703 34797.195313
71 0.448000 21749.345703 34598.238281
72 0.455000 21749.345703 35320.246094
73 0.461000 21749.345703 34639.253906
74 0.466000 21749.345703 34858.531250
75 0.472000 21749.345703 34300.355469
76 0.479000 21749.345703 35298.761719
77 0.486000 21749.345703 36201.500000
78 0.492000 21749.345703 36597.753906
79 0.499000 21749.345703 35870.050781
80 0.506000 21749.345703 35704.437500
81 0.512000 21749.345703 35252.453125
82 0.519000 21749.345703 34804.500000
83 0.526000 21749.345703 34567.218750
84 0.532000 21749.345703 33547.371094
85 0.538000 21749.345703 34331.058594
86 0.545000 21749.345703 34734.203125
87 0.553000 21749.345703 34929.339844
88 0.560000 21749.345703 34292.554688
89 0.602000 21749.345703 35229.914063
90 0.616000 21749.345703 34774.738281
91 0.623000 21749.345703 34656.601563
92 0.630000 21749.345703 34315.550781
93 0.637000 21749.345703 34614.285156
94 0.644000 21749.345703 34890.238281
95 0.651000 21749.345703 35275.242188
96 0.658000 21749.345703 35135.710938
97 0.665000 21749.345703 36927.531250
98 0.672000 21749.345703 36004.984375
99 0.678000 21749.345703 37072.734375
100 0.686000 21749.345703 36182.035156
101 0.692000 21749.345703 36338.285156
102 0.699000 21749.345703 36487.703125
103 0.710000 21749.345703 36229.085938
104 0.716000 21749.345703 36802.691406
105 0.722000 21749.345703 36827.828125
106 0.729000 21749.345703 37101.914063
107 0.739000 21749.345703 36992.535156
108 0.746000 21749.345703 35902.339844
109 0.753000 21749.345703 35137.835938
110 0.759000 21749.345703 34920.441406
111 0.766000 21749.345703 35742.757813
112 0.772000 21749.345703 36178.300781
113 0.777000 21749.345703 36155.585938
114 0.785000 21749.345703 35903.476563
115 0.791000 21749.345703 35847.058594
116 0.797000 21749.345703 35532.183594
117 0.803000 21749.345703 36561.125000
118 0.809000 21749.345703 36954.441406
119 0.816000 21749.345703 36363.464844
120 0.822000 21749.345703 35732.472656
121 0.828000 21749.345703 34707.144531
122 0.835000 21749.345703 34221.199219
123 0.841000 21749.345703 33882.539063
124 0.847000 21749.345703 35327.476563
125 0.853000 21749.345703 35725.960938
126 0.859000 21749.345703 35769.121094
127 0.865000 21749.345703 35864.945313
128 0.871000 21749.345703 35173.222656
129 0.877000 21749.345703 35863.003906
130 0.884000 21749.345703 34447.433594
131 0.890000 21749.345703 35080.433594
132 0.896000 21749.345703 35452.843750
133 0.903000 21749.345703 35226.109375
134 0.910000 21749.345703 35553.007813
135 0.917000 21749.345703 36044.718750
136 0.923000 21749.345703 36071.449219
137 0.928000 21749.345703 35797.996094
138 0.934000 21749.345703 35935.269531
139 0.941000 21749.345703 36441.402344
140 0.948000 21749.345703 35493.996094
141 0.955000 21749.345703 34741.710938
142 0.967000 21749.345703 35047.746094
143 0.975000 21749.345703 35807.460938
144 0.985000 21749.345703 36551.710938
145 0.991000 21749.345703 36551.511719
146 0.998000 21749.345703 36498.023438
147 1.006000 21749.345703 35715.625000
148 1.012000 21749.345703 36790.398438
149 1.018000 21749.345703 37307.757813
150 1.025000 21749.345703 36216.453125
151 1.032000 21749.345703 35360.011719
152 1.038000 21749.345703 35840.933594
153 1.045000 21749.345703 35962.867188
154 1.052000 21749.345703 35698.417969
155 1.058000 21749.345703 36107.761719
156 1.065000 21749.345703 36430.308594
157 1.070000 21749.345703 36949.308594
158 1.076000 21749.345703 37332.847656
159 1.082000 21749.345703 36604.476563
160 1.089000 21749.345703 35583.386719
161 1.095000 21749.345703 34519.121094
162 1.102000 21749.345703 34893.406250
163 1.108000 21749.345703 35010.679688
164 1.114000 21749.345703 35257.246094
165 1.121000 21749.345703 35550.871094
166 1.127000 21749.345703 36579.363281
167 1.135000 21749.345703 35491.789063
168 1.141000 21749.345703 35664.761719
169 1.148000 21749.345703 37296.558594
170 1.155000 21749.345703 36853.296875
171 1.162000 21749.345703 35961.851563
172 1.169000 21749.345703 35750.480469
173 1.175000 21749.345703 35873.175781
174 1.182000 21749.345703 35335.468750
175 1.188000 21749.345703 35958.816406
176 1.194000 21749.345703 36151.187500
177 1.201000 21749.345703 35872.488281
178 1.207000 21749.345703 36399.015625
179 1.213000 21749.345703 36623.011719
180 1.220000 21749.345703 37515.703125
181 1.227000 21749.345703 37118.265625
182 1.234000 21749.345703 37449.015625
183 1.240000 21749.345703 36912.351563
184 1.246000 21749.345703 36741.542969
185 1.254000 21749.345703 36839.761719
186 1.260000 21749.345703 36187.890625
187 1.266000 21749.345703 36390.359375
188 1.273000 21749.345703 36553.878906
189 1.279000 21749.345703 37557.171875
190 1.287000 21749.345703 36715.859375
191 1.293000 21749.345703 35951.011719
192 1.301000 21749.345703 35633.449219
193 1.308000 21749.345703 35593.441406
194 1.314000 21749.345703 35560.078125
195 1.321000 21749.345703 35316.152344
196 1.327000 21749.345703 36320.765625
197 1.335000 21749.345703 36969.253906
198 1.340000 21749.345703 36068.886719
199 1.346000 21749.345703 36100.031250
200 1.353000 21749.345703 36010.125000
201 1.359000 21749.345703 35986.832031
202 1.366000 21749.345703 35911.746094
203 1.373000 21749.345703 36196.257813
204 1.380000 21749.345703 35710.503906
205 1.386000 21749.345703 35214.988281
206 1.393000 21749.345703 34582.367188
207 1.401000 21749.345703 34556.355469
208 1.407000 21749.345703 34833.566406
209 1.413000 21749.345703 34771.484375
210 1.420000 21749.345703 34423.343750
211 1.427000 21749.345703 35627.828125
212 1.434000 21749.345703 35445.210938
213 1.440000 21749.345703 35415.031250
214 1.447000 21749.345703 35755.570313
215 1.454000 21749.345703 35219.523438
216 1.460000 21749.345703 34549.484375
217 1.467000 21749.345703 35217.421875
218 1.473000 21749.345703 35644.093750
219 1.479000 21749.345703 35089.695313
220 1.486000 21749.345703 35133.011719
221 1.493000 21749.345703 34315.078125
222 1.499000 21749.345703 34086.398438
223 1.506000 21749.345703 34870.136719
224 1.512000 21749.345703 35396.398438
225 1.519000 21749.345703 36060.773438
226 1.524000 21749.345703 36400.363281
227 1.531000 21749.345703 35346.644531
228 1.536000 21749.345703 34521.906250
229 1.543000 21749.345703 35533.300781
230 1.549000 21749.345703 35617.035156
231 1.557000 21749.345703 36603.488281
232 1.563000 21749.345703 36236.851563
233 1.570000 21749.345703 36791.160156
234 1.576000 21749.345703 36429.550781
235 1.583000 21749.345703 36947.316406
236 1.590000 21749.345703 36840.898438
237 1.596000 21749.345703 36939.449219
238 1.603000 21749.345703 35652.664063
239 1.609000 21749.345703 35198.800781
240 1.615000 21749.345703 34634.242188
241 1.624000 21749.345703 34964.031250
242 1.630000 21749.345703 35365.546875
243 1.636000 21749.345703 34921.289063
244 1.642000 21749.345703 34466.609375
245 1.649000 21749.345703 34933.636719
246 1.655000 21749.345703 34577.773438
247 1.662000 21749.345703 34917.503906
248 1.669000 21749.345703 35156.078125
249 1.675000 21749.345703 35187.757813
250 1.682000 21749.345703 34825.109375
251 1.689000 21749.345703 35049.734375
252 1.695000 21749.345703 34120.656250
253 1.700000 21749.345703 34500.628906
254 1.707000 21749.345703 35158.136719
255 1.713000 21749.345703 35290.406250
256 1.720000 21749.345703 34490.542969
257 1.727000 21749.345703 34162.253906
258 1.733000 21749.345703 35379.183594
259 1.739000 21749.345703 35176.207031
260 1.745000 21749.345703 34831.640625
261 1.752000 21749.345703 34477.746094
262 1.758000 21749.345703 34946.101563
263 1.764000 21749.345703 35220.089844
264 1.771000 21749.345703 35291.847656
265 1.777000 21749.345703 35439.000000
266 1.783000 21749.345703 35365.414063
267 1.790000 21749.345703 34828.117188
268 1.796000 21749.345703 34770.066406
269 1.803000 21749.345703 34819.308594
270 1.811000 21749.345703 34511.457031
271 1.817000 21749.345703 35942.769531
272 1.824000 21749.345703 36468.289063
273 1.830000 21749.345703 35759.761719
274 1.836000 21749.345703 35578.968750
275 1.843000 21749.345703 35162.542969
276 1.850000 21749.345703 34681.031250
277 1.855000 21749.345703 34441.320313
278 1.861000 21749.345703 35320.996094
279 1.869000 21749.345703 35415.960938
280 1.875000 21749.345703 35647.734375
281 1.882000 21749.345703 35750.824219
282 1.888000 21749.345703 36614.453125
283 1.896000 21749.345703 36317.843750
284 1.902000 21749.345703 36525.242188
285 1.908000 21749.345703 36443.011719
286 1.915000 21749.345703 36070.218750
287 1.921000 21749.345703 36893.765625
288 1.928000 21749.345703 37750.390625
289 1.934000 21749.345703 36764.550781
290 1.941000 21749.345703 36414.675781
291 1.946000 21749.345703 36910.429688
292 1.953000 21749.345703 36391.441406
293 1.959000 21749.345703 36553.992188
294 1.966000 21749.345703 36095.566406
295 1.972000 21749.345703 35949.796875
296 1.979000 21749.345703 37169.765625
297 1.985000 21749.345703 36721.449219
298 1.991000 21749.345703 36110.656250
299 1.998000 21749.345703 35719.183594
300 2.004000 21749.345703 35583.109375
301 2.010000 21749.345703 35941.968750
302 2.017000 21749.345703 36492.238281
303 2.022000 21749.345703 36330.621094
304 2.028000 21749.345703 36438.476563
305 2.034000 21749.345703 36850.628906
306 2.041000 21749.345703 36292.050781
307 2.048000 21749.345703 36715.648438
308 2.054000 21749.345703 36041.566406
309 2.063000 21749.345703 35704.738281
310 2.070000 21749.345703 35683.601563
311 2.076000 21749.345703 36721.804688
312 2.083000 21749.345703 36169.304688
313 2.090000 21749.345703 35018.128906
314 2.096000 21749.345703 34891.734375
315 2.103000 21749.345703 34666.140625
316 2.108000 21749.345703 35432.488281
317 2.115000 21749.345703 35855.492188
318 2.122000 21749.345703 34576.347656
319 2.128000 21749.345703 34379.714844
320 2.134000 21749.345703 35048.515625
321 2.140000 21749.345703 35615.671875
322 2.146000 21749.345703 35635.449219
323 2.152000 21749.345703 35236.457031
324 2.158000 21749.345703 34284.308594
325 2.166000 21749.345703 34116.890625
326 2.172000 21749.345703 33332.023438
327 2.179000 21749.345703 33785.351563
328 2.185000 21749.345703 34189.648438
329 2.191000 21749.345703 34989.683594
330 2.198000 21749.345703 34585.878906
331 2.203000 21749.345703 34857.363281
332 2.209000 21749.345703 34567.210938
333 2.216000 21749.345703 35813.476563
334 2.222000 21749.345703 35810.761719
335 2.229000 21749.345703 34976.207031
336 2.235000 21749.345703 34380.332031
337 2.241000 21749.345703 34966.496094
338 2.248000 21749.345703 34839.371094
339 2.254000 21749.345703 34834.648438
340 2.262000 21749.345703 35077.355469
341 2.268000 21749.345703 34988.988281
342 2.274000 21749.345703 35071.488281
343 2.281000 21749.345703 35057.496094
344 2.288000 21749.345703 34639.589844
345 2.295000 21749.345703 34588.742188
346 2.301000 21749.345703 33844.949219
347 2.307000 21749.345703 33575.054688
348 2.313000 21749.345703 33398.558594
349 2.319000 21749.345703 34205.714844
350 2.326000 21749.345703 33639.792969
351 2.333000 21749.345703 34923.031250
352 2.339000 21749.345703 34718.960938
353 2.345000 21749.345703 34499.714844
354 2.352000 21749.345703 34718.304688
355 2.358000 21749.345703 34979.511719
356 2.364000 21749.345703 34396.460938
357 2.370000 21749.345703 35655.101563
358 2.376000 21749.345703 36002.289063
359 2.382000 21749.345703 35328.761719
360 2.389000 21749.345703 35041.023438
361 2.395000 21749.345703 36461.859375
362 2.402000 21749.345703 35811.343750
363 2.408000 21749.345703 36106.617188
364 2.414000 21749.345703 36072.828125
365 2.422000 21749.345703 35842.835938
366 2.428000 21749.345703 35415.539063
367 2.435000 21749.345703 34883.105469
368 2.441000 21749.345703 34289.738281
369 2.448000 21749.345703 35239.964844
370 2.454000 21749.345703 37166.742188
371 2.461000 21749.345703 36535.222656
372 2.468000 21749.345703 35898.765625
373 2.474000 21749.345703 34968.074219
374 2.480000 21749.345703 34859.800781
375 2.488000 21749.345703 35358.871094
376 2.493000 21749.345703 34751.468750
377 2.500000 21749.345703 34712.121094
378 2.507000 21749.345703 34650.460938
379 2.514000 21749.345703 34232.371094
380 2.520000 21749.345703 35325.796875
381 2.526000 21749.345703 35109.011719
382 2.532000 21749.345703 35052.257813
383 2.538000 21749.345703 35434.183594
384 2.544000 21749.345703 36156.328125
385 2.552000 21749.345703 36213.261719
386 2.559000 21749.345703 35967.093750
387 2.564000 21749.345703 35336.613281
388 2.571000 21749.345703 35255.585938
389 2.579000 21749.345703 34727.539063
390 2.586000 21749.345703 34344.843750
391 2.592000 21749.345703 34270.800781
392 2.599000 21749.345703 33612.382813
393 2.605000 21749.345703 33979.867188
394 2.611000 21749.345703 34448.464844
395 2.617000 21749.345703 36217.398438
396 2.622000 21749.345703 35528.402344
397 2.628000 21749.345703 35342.324219
398 2.634000 21749.345703 36373.468750
399 2.641000 21749.345703 36232.628906
400 2.647000 21749.345703 35766.281250
401 2.652000 21749.345703 36204.125000
402 2.658000 21749.345703 36549.675781
403 2.665000 21749.345703 36213.609375
404 2.671000 21749.345703 36148.480469
405 2.677000 21749.345703 35939.023438
406 2.684000 21749.345703 37001.925781
407 2.690000 21749.345703 36819.953125
408 2.696000 21749.345703 36820.140625
409 2.703000 21749.345703 36894.183594
410 2.709000 21749.345703 36541.312500
411 2.715000 21749.345703 36530.148438
412 2.721000 21749.345703 36995.816406
413 2.727000 21749.345703 36129.199219
414 2.734000 21749.345703 36878.667969
415 2.740000 21749.345703 36337.871094
416 2.746000 21749.345703 35557.339844
417 2.753000 21749.345703 35025.410156
418 2.758000 21749.345703 35408.093750
419 2.765000 21749.345703 35671.718750
420 2.771000 21749.345703 35798.191406
421 2.777000 21749.345703 36292.621094
422 2.783000 21749.345703 36884.609375
423 2.790000 21749.345703 36755.167969
424 2.795000 21749.345703 36381.503906
425 2.802000 21749.345703 36039.007813
426 2.808000 21749.345703 36405.328125
427 2.815000 21749.345703 36113.218750
428 2.821000 21749.345703 35781.933594
429 2.828000 21749.345703 35928.195313
430 2.835000 21749.345703 35910.648438
431 2.841000 21749.345703 35872.515625
432 2.847000 21749.345703 36647.886719
433 2.853000 21749.345703 36723.335938
434 2.859000 21749.345703 36511.230469
435 2.866000 21749.345703 36376.425781
436 2.872000 21749.345703 36303.285156
437 2.879000 21749.345703 36558.570313
438 2.885000 21749.345703 35893.312500
439 2.892000 21749.345703 35342.292969
440 2.898000 21749.345703 36019.578125
441 2.904000 21749.345703 35156.781250
442 2.911000 21749.345703 35764.843750
443 2.916000 21749.345703 36562.640625
444 2.923000 21749.345703 37222.578125
445 2.930000 21749.345703 38737.625000
446 2.936000 21749.345703 37922.976563
447 2.942000 21749.345703 38080.949219
448 2.949000 21749.345703 37211.800781
449 2.955000 21749.345703 37996.476563
450 2.961000 21749.345703 37711.949219
451 2.968000 21749.345703 37013.058594
452 2.974000 21749.345703 37041.851563
453 2.981000 21749.345703 36474.101563
454 2.988000 21749.345703 35771.718750
455 2.994000 21749.345703 34947.789063
456 3.000000 21749.345703 35185.304688
457 3.006000 21749.345703 35127.925781
458 3.012000 21749.345703 35494.531250
459 3.019000 21749.345703 35757.492188
460 3.025000 21749.345703 36211.371094
461 3.032000 21749.345703 36767.128906
462 3.038000 21749.345703 36100.886719
463 3.044000 21749.345703 35680.500000
464 3.050000 21749.345703 35031.984375
465 3.055000 21749.345703 34460.074219
466 3.061000 21749.345703 34900.218750
467 3.068000 21749.345703 35113.566406
468 3.073000 21749.345703 34809.425781
469 3.080000 21749.345703 34283.765625
470 3.086000 21749.345703 34401.371094
471 3.092000 21749.345703 33959.589844
472 3.098000 21749.345703 34241.101563
473 3.104000 21749.345703 34502.015625
474 3.111000 21749.345703 35408.289063
475 3.118000 21749.345703 35320.796875
476 3.124000 21749.345703 36053.570313
477 3.130000 21749.345703 35789.949219
478 3.137000 21749.345703 35251.007813
479 3.143000 21749.345703 35636.964844
480 3.149000 21749.345703 34745.289063
481 3.156000 21749.345703 34578.054688
482 3.161000 21749.345703 34370.625000
483 3.168000 21749.345703 34977.648438
484 3.174000 21749.345703 34563.968750
485 3.181000 21749.345703 35009.585938
486 3.187000 21749.345703 35998.507813
487 3.193000 21749.345703 36486.527344
488 3.200000 21749.345703 36378.523438
489 3.206000 21749.345703 36482.777344
490 3.213000 21749.345703 36810.636719
491 3.220000 21749.345703 36725.546875
492 3.226000 21749.345703 37108.273438
493 3.233000 21749.345703 37118.453125
494 3.239000 21749.345703 37278.167969
495 3.244000 21749.345703 37541.804688
496 3.251000 21749.345703 37266.691406
497 3.257000 21749.345703 36177.753906
498 3.264000 21749.345703 35486.406250
499 3.270000 21749.345703 35891.960938
500 3.276000 21749.345703 37155.308594
501 3.283000 21749.345703 36203.703125
502 3.288000 21749.345703 36450.585938
503 3.294000 21749.345703 36433.441406
504 3.301000 21749.345703 35922.472656
505 3.307000 21749.345703 34926.386719
506 3.314000 21749.345703 34174.609375
507 3.319000 21749.345703 34503.011719
508 3.326000 21749.345703 33859.738281
509 3.333000 21749.345703 35983.152344
510 3.338000 21749.345703 36005.218750
511 3.345000 21749.345703 35925.953125
512 3.351000 21749.345703 36148.109375
513 3.357000 21749.345703 36366.300781
514 3.364000 21749.345703 36532.449219
515 3.369000 21749.345703 36297.246094
516 3.375000 21749.345703 36480.308594
517 3.381000 21749.345703 36337.781250
518 3.388000 21749.345703 36736.671875
519 3.394000 21749.345703 37040.746094
520 3.401000 21749.345703 37075.246094
521 3.407000 21749.345703 36691.101563
522 3.413000 21749.345703 37752.066406
523 3.420000 21749.345703 38476.761719
524 3.426000 21749.345703 37198.093750
525 3.432000 21749.345703 37112.753906
526 3.438000 21749.345703 36331.843750
527 3.444000 21749.345703 35817.304688
528 3.450000 21749.345703 35600.507813
529 3.456000 21749.345703 35479.718750
530 3.462000 21749.345703 35141.273438
531 3.468000 21749.345703 36000.265625
532 3.474000 21749.345703 35498.960938
533 3.481000 21749.345703 35057.324219
534 3.487000 21749.345703 35564.828125
535 3.493000 21749.345703 35652.207031
536 3.500000 21749.345703 36821.609375
537 3.506000 21749.345703 38024.859375
538 3.512000 21749.345703 37248.417969
539 3.518000 21749.345703 36833.625000
540 3.525000 21749.345703 36410.503906
541 3.531000 21749.345703 35684.496094
542 3.538000 21749.345703 35304.058594
543 3.544000 21749.345703 35559.601563
544 3.551000 21749.345703 35128.890625
545 3.557000 21749.345703 35760.792969
546 3.562000 21749.345703 34514.511719
547 3.568000 21749.345703 34689.175781
548 3.574000 21749.345703 34421.250000
549 3.581000 21749.345703 34713.808594
550 3.588000 21749.345703 35266.421875
551 3.594000 21749.345703 36167.140625
552 3.598000 21749.345703 36229.652344
553 3.605000 21749.345703 36895.585938
554 3.611000 21749.345703 37004.796875
555 3.617000 21749.345703 36295.171875
556 3.623000 21749.345703 36520.179688
557 3.629000 21749.345703 36328.277344
558 3.635000 21749.345703 36043.015625
559 3.642000 21749.345703 35521.929688
560 3.648000 21749.345703 35309.835938
561 3.655000 21749.345703 36041.222656
562 3.661000 21749.345703 35731.093750
563 3.667000 21749.345703 35512.449219
564 3.674000 21749.345703 35380.191406
565 3.680000 21749.345703 36463.234375
566 3.687000 21749.345703 35894.925781
567 3.692000 21749.345703 36645.691406
568 3.699000 21749.345703 36599.421875
569 3.705000 21749.345703 36484.023438
570 3.711000 21749.345703 36061.859375
571 3.717000 21749.345703 35698.039063
572 3.723000 21749.345703 35311.835938
573 3.729000 21749.345703 35721.476563
574 3.735000 21749.345703 35922.761719
575 3.741000 21749.345703 36705.328125
576 3.748000 21749.345703 36281.503906
577 3.754000 21749.345703 36509.023438
578 3.760000 21749.345703 36257.488281
579 3.766000 21749.345703 36492.160156
580 3.773000 21749.345703 35768.750000
581 3.779000 21749.345703 34982.886719
582 3.786000 21749.345703 34106.601563
583 3.792000 21749.345703 34818.441406
584 3.799000 21749.345703 34845.171875
585 3.806000 21749.345703 35055.937500
586 3.813000 21749.345703 34682.828125
587 3.820000 21749.345703 34969.765625
588 3.825000 21749.345703 34421.335938
589 3.832000 21749.345703 34757.105469
590 3.838000 21749.345703 34533.593750
591 3.844000 21749.345703 34394.257813
592 3.850000 21749.345703 34428.039063
593 3.856000 21749.345703 34466.839844
594 3.863000 21749.345703 34215.285156
595 3.870000 21749.345703 34728.375000
596 3.876000 21749.345703 35185.410156
597 3.883000 21749.345703 35020.421875
598 3.890000 21749.345703 34678.078125
599 3.896000 21749.345703 33585.757813
600 3.902000 21749.345703 35471.558594
601 3.908000 21749.345703 34852.859375
602 3.914000 21749.345703 35058.640625
603 3.920000 21749.345703 34716.113281
604 3.926000 21749.345703 36050.265625
605 3.932000 21749.345703 35181.855469
606 3.939000 21749.345703 36163.550781
607 3.946000 21749.345703 35663.632813
608 3.952000 21749.345703 35035.953125
609 3.959000 21749.345703 34576.238281
610 3.966000 21749.345703 34248.160156
611 3.971000 21749.345703 33616.878906
612 3.978000 21749.345703 33794.175781
613 3.985000 21749.345703 33282.332031
614 3.991000 21749.345703 33390.265625
615 3.997000 21749.345703 33393.859375
616 4.003000 21749.345703 34719.613281
617 4.010000 21749.345703 34128.734375
618 4.017000 21749.345703 34346.027344
619 4.024000 21749.345703 34079.238281
620 4.031000 21749.345703 34172.511719
621 4.037000 21749.345703 34171.675781
622 4.044000 21749.345703 34332.484375
623 4.051000 21749.345703 35129.726563
624 4.057000 21749.345703 35192.503906
625 4.064000 21749.345703 34926.210938
626 4.071000 21749.345703 34222.519531
627 4.076000 21749.345703 34405.578125
628 4.083000 21749.345703 33790.468750
629 4.089000 21749.345703 34053.867188
630 4.095000 21749.345703 34032.843750
631 4.102000 21749.345703 34106.574219
632 4.108000 21749.345703 34597.621094
633 4.115000 21749.345703 34664.410156
634 4.121000 21749.345703 34326.683594
635 4.127000 21749.345703 34751.460938
636 4.134000 21749.345703 34517.183594
637 4.139000 21749.345703 34010.203125
638 4.146000 21749.345703 34118.855469
639 4.152000 21749.345703 34589.230469
640 4.158000 21749.345703 34230.175781
641 4.165000 21749.345703 33676.414063
642 4.171000 21749.345703 34171.234375
643 4.178000 21749.345703 35013.691406
644 4.184000 21749.345703 34653.484375
645 4.191000 21749.345703 34647.316406
646 4.198000 21749.345703 34145.476563
647 4.205000 21749.345703 35102.644531
648 4.211000 21749.345703 34583.671875
649 4.217000 21749.345703 35115.425781
650 4.223000 21749.345703 34721.105469
651 4.230000 21749.345703 35201.300781
652 4.236000 21749.345703 35338.050781
653 4.241000 21749.345703 35390.847656
654 4.248000 21749.345703 35752.226563
655 4.254000 21749.345703 36351.140625
656 4.262000 21749.345703 35804.652344
657 4.268000 21749.345703 35656.300781
658 4.274000 21749.345703 35627.679688
659 4.282000 21749.345703 35405.496094
660 4.288000 21749.345703 35767.003906
661 4.294000 21749.345703 36250.378906
662 4.301000 21749.345703 35867.972656
663 4.307000 21749.345703 35671.355469
664 4.314000 21749.345703 36605.074219
665 4.320000 21749.345703 35531.265625
666 4.327000 21749.345703 35812.421875
667 4.333000 21749.345703 35218.093750
668 4.340000 21749.345703 35512.808594
669 4.346000 21749.345703 34973.085938
670 4.352000 21749.345703 34828.175781
671 4.358000 21749.345703 33938.269531
672 4.364000 21749.345703 34287.636719
673 4.370000 21749.345703 33360.246094
674 4.377000 21749.345703 33769.246094
675 4.382000 21749.345703 33085.343750
676 4.389000 21749.345703 33440.269531
677 4.395000 21749.345703 33890.531250
678 4.400000 21749.345703 33827.593750
679 4.406000 21749.345703 34447.683594
680 4.412000 21749.345703 33664.574219
681 4.419000 21749.345703 33742.906250
682 4.425000 21749.345703 34111.507813
683 4.432000 21749.345703 34474.472656
684 4.439000 21749.345703 34537.210938
685 4.446000 21749.345703 34328.933594
686 4.454000 21749.345703 34979.199219
687 4.459000 21749.345703 34920.277344
688 4.467000 21749.345703 36325.601563
689 4.473000 21749.345703 36407.261719
690 4.480000 21749.345703 37079.175781
691 4.486000 21749.345703 36287.929688
692 4.493000 21749.345703 36239.796875
693 4.499000 21749.345703 36250.039063
694 4.506000 21749.345703 35877.449219
695 4.512000 21749.345703 35807.226563
696 4.518000 21749.345703 36196.953125
697 4.525000 21749.345703 36193.273438
698 4.531000 21749.345703 36614.851563
699 4.537000 21749.345703 36414.199219
700 4.543000 21749.345703 36066.601563
701 4.550000 21749.345703 35416.164063
702 4.556000 21749.345703 35543.613281
703 4.563000 21749.345703 34485.558594
704 4.569000 21749.345703 33969.226563
705 4.576000 21749.345703 33805.746094
706 4.583000 21749.345703 33974.234375
707 4.589000 21749.345703 35078.644531
708 4.596000 21749.345703 36304.078125
709 4.603000 21749.345703 35512.757813
710 4.609000 21749.345703 34648.710938
711 4.616000 21749.345703 34163.046875
712 4.622000 21749.345703 35201.089844
713 4.629000 21749.345703 34482.015625
714 4.635000 21749.345703 34990.363281
715 4.642000 21749.345703 34493.531250
716 4.651000 21749.345703 35044.828125
717 4.656000 21749.345703 35816.175781
718 4.663000 21749.345703 36416.878906
719 4.672000 21749.345703 37348.925781
720 4.678000 21749.345703 36667.726563
721 4.683000 21749.345703 36087.058594
722 4.689000 21749.345703 36854.503906
723 4.696000 21749.345703 36741.300781
724 4.702000 21749.345703 36457.640625
725 4.708000 21749.345703 37136.937500
726 4.716000 21749.345703 36579.140625
727 4.722000 21749.345703 36049.601563
728 4.728000 21749.345703 36129.042969
729 4.737000 21749.345703 35661.765625
730 4.743000 21749.345703 35163.191406
731 4.751000 21749.345703 34554.398438
732 4.757000 21749.345703 34893.648438
733 4.764000 21749.345703 35111.667969
734 4.770000 21749.345703 34725.296875
735 4.776000 21749.345703 34486.843750
736 4.782000 21749.345703 34607.902344
737 4.789000 21749.345703 34525.765625
738 4.796000 21749.345703 34321.128906
739 4.802000 21749.345703 35120.332031
740 4.808000 21749.345703 35457.511719
741 4.815000 21749.345703 35259.449219
742 4.820000 21749.345703 35672.949219
743 4.829000 21749.345703 34730.105469
744 4.836000 21749.345703 35576.359375
745 4.844000 21749.345703 35770.421875
746 4.851000 21749.345703 36060.593750
747 4.857000 21749.345703 36010.058594
748 4.864000 21749.345703 35395.429688
749 4.870000 21749.345703 36148.378906
750 4.876000 21749.345703 35345.156250
751 4.883000 21749.345703 35574.683594
752 4.890000 21749.345703 36163.156250
753 4.896000 21749.345703 36162.898438
754 4.903000 21749.345703 36045.820313
755 4.909000 21749.345703 35983.316406
756 4.916000 21749.345703 36450.640625
757 4.922000 21749.345703 36474.347656
758 4.929000 21749.345703 36391.109375
759 4.936000 21749.345703 36623.285156
760 4.942000 21749.345703 36707.863281
761 4.949000 21749.345703 37688.359375
762 4.955000 21749.345703 37535.824219
763 4.961000 21749.345703 37665.699219
764 4.969000 21749.345703 37490.253906
765 4.975000 21749.345703 37586.847656
766 4.982000 21749.345703 36243.234375
767 4.989000 21749.345703 36358.988281
768 4.995000 21749.345703 36111.421875
769 5.001000 21749.345703 36022.316406
770 5.007000 21749.345703 36058.152344
771 5.014000 21749.345703 36995.492188
772 5.021000 21749.345703 37131.082031
773 5.026000 21749.345703 36986.742188
774 5.033000 21749.345703 36274.613281
775 5.039000 21749.345703 36084.574219
776 5.045000 21749.345703 35751.476563
777 5.052000 21749.345703 36282.179688
778 5.059000 21749.345703 35905.937500
779 5.065000 21749.345703 36676.789063
780 5.071000 21749.345703 36636.558594
781 5.078000 21749.345703 36152.957031
782 5.084000 21749.345703 35128.265625
783 5.091000 21749.345703 35117.019531
784 5.098000 21749.345703 35343.746094
785 5.104000 21749.345703 36341.300781
786 5.112000 21749.345703 36688.703125
787 5.119000 21749.345703 35785.843750
788 5.126000 21749.345703 37492.308594
789 5.134000 21749.345703 37101.066406
790 5.142000 21749.345703 36907.703125
791 5.148000 21749.345703 35933.550781
792 5.155000 21749.345703 36070.136719
793 5.162000 21749.345703 35816.074219
794 5.168000 21749.345703 35911.699219
795 5.174000 21749.345703 35329.164063
796 5.180000 21749.345703 35695.417969
797 5.187000 21749.345703 36020.949219
798 5.194000 21749.345703 35937.855469
799 5.200000 21749.345703 35607.371094
800 5.207000 21749.345703 35703.886719
801 5.213000 21749.345703 35221.628906
802 5.219000 21749.345703 35193.980469
803 5.225000 21749.345703 35248.515625
804 5.232000 21749.345703 35154.511719
805 5.238000 21749.345703 35275.539063
806 5.244000 21749.345703 35671.343750
807 5.250000 21749.345703 34847.007813
808 5.257000 21749.345703 34862.359375
809 5.263000 21749.345703 34818.699219
810 5.270000 21749.345703 34970.574219
811 5.278000 21749.345703 35590.839844
812 5.284000 21749.345703 35891.328125
813 5.290000 21749.345703 35513.921875
814 5.297000 21749.345703 34744.316406
815 5.303000 21749.345703 34583.511719
816 5.309000 21749.345703 34720.031250
817 5.316000 21749.345703 34687.816406
818 5.322000 21749.345703 35699.265625
819 5.329000 21749.345703 36425.671875
820 5.335000 21749.345703 37263.109375
821 5.341000 21749.345703 36721.191406
822 5.347000 21749.345703 36718.292969
823 5.353000 21749.345703 36899.148438
824 5.359000 21749.345703 36442.273438
825 5.366000 21749.345703 36091.207031
826 5.372000 21749.345703 35400.710938
827 5.379000 21749.345703 35630.652344
828 5.385000 21749.345703 36579.558594
829 5.391000 21749.345703 36554.218750
830 5.398000 21749.345703 36124.792969
831 5.404000 21749.345703 35466.851563
832 5.410000 21749.345703 35156.386719
833 5.416000 21749.345703 35483.046875
834 5.423000 21749.345703 36545.597656
835 5.430000 21749.345703 36783.910156
836 5.436000 21749.345703 36659.617188
837 5.441000 21749.345703 36352.140625
838 5.447000 21749.345703 36514.585938
839 5.453000 21749.345703 36924.539063
840 5.459000 21749.345703 37227.687500
841 5.465000 21749.345703 37525.492188
842 5.471000 21749.345703 36959.316406
843 5.477000 21749.345703 36692.437500
844 5.484000 21749.345703 36330.757813
845 5.491000 21749.345703 36419.640625
846 5.497000 21749.345703 36309.031250
847 5.503000 21749.345703 36760.640625
848 5.509000 21749.345703 37513.621094
849 5.515000 21749.345703 37420.082031
850 5.521000 21749.345703 37363.074219
851 5.528000 21749.345703 37038.996094
852 5.535000 21749.345703 38025.148438
853 5.541000 21749.345703 38247.507813
854 5.548000 21749.345703 37479.648438
855 5.556000 21749.345703 36765.460938
856 5.561000 21749.345703 36491.660156
857 5.569000 21749.345703 36805.906250
858 5.575000 21749.345703 36308.511719
859 5.582000 21749.345703 36112.531250
860 5.589000 21749.345703 36351.738281
861 5.595000 21749.345703 37164.695313
862 5.602000 21749.345703 35672.843750
863 5.608000 21749.345703 35300.570313
864 5.615000 21749.345703 35694.511719
865 5.621000 21749.345703 34711.960938
866 5.628000 21749.345703 34467.148438
867 5.635000 21749.345703 34717.578125
868 5.641000 21749.345703 35995.828125
869 5.648000 21749.345703 34837.917969
870 5.654000 21749.345703 34108.449219
871 5.661000 21749.345703 34146.925781
872 5.667000 21749.345703 34260.539063
873 5.673000 21749.345703 35156.675781
874 5.680000 21749.345703 35112.308594
875 5.686000 21749.345703 34799.933594
876 5.692000 21749.345703 34748.738281
877 5.699000 21749.345703 35140.867188
878 5.705000 21749.345703 34493.593750
879 5.711000 21749.345703 33711.714844
880 5.718000 21749.345703 34300.425781
881 5.724000 21749.345703 34430.210938
882 5.730000 21749.345703 34712.425781
883 5.736000 21749.345703 34448.484375
884 5.743000 21749.345703 33606.761719
885 5.749000 21749.345703 34196.714844
886 5.755000 21749.345703 34263.156250
887 5.761000 21749.345703 34813.289063
888 5.767000 21749.345703 34386.433594
889 5.773000 21749.345703 34562.839844
890 5.780000 21749.345703 34736.382813
891 5.786000 21749.345703 34754.410156
892 5.792000 21749.345703 35464.285156
893 5.798000 21749.345703 35260.914063
894 5.805000 21749.345703 34969.605469
895 5.811000 21749.345703 34738.886719
896 5.818000 21749.345703 33941.949219
897 5.824000 21749.345703 33665.093750
898 5.831000 21749.345703 34290.398438
899 5.837000 21749.345703 33972.824219
900 5.842000 21749.345703 35044.351563
901 5.849000 21749.345703 34998.785156
902 5.856000 21749.345703 35368.281250
903 5.862000 21749.345703 34434.890625
904 5.868000 21749.345703 35274.851563
905 5.874000 21749.345703 34754.972656
906 5.880000 21749.345703 34146.621094
907 5.888000 21749.345703 34037.406250
908 5.895000 21749.345703 33851.039063
909 5.901000 21749.345703 34064.109375
910 5.908000 21749.345703 33696.054688
911 5.914000 21749.345703 34820.218750
912 5.920000 21749.345703 35153.921875
913 5.927000 21749.345703 35504.996094
914 5.933000 21749.345703 36206.343750
915 5.939000 21749.345703 36483.273438
916 5.946000 21749.345703 35928.992188
917 5.952000 21749.345703 36137.601563
918 5.959000 21749.345703 36111.542969
919 5.965000 21749.345703 36446.242188
920 5.971000 21749.345703 36918.503906
921 5.978000 21749.345703 36628.699219
922 5.984000 21749.345703 36911.257813
923 5.990000 21749.345703 35936.011719
924 5.996000 21749.345703 36543.082031
925 6.002000 21749.345703 36288.164063
926 6.008000 21749.345703 36501.406250
927 6.015000 21749.345703 36779.640625
928 6.022000 21749.345703 35732.605469
929 6.029000 21749.345703 36246.984375
930 6.036000 21749.345703 36007.019531
931 6.042000 21749.345703 35671.843750
932 6.048000 21749.345703 36021.761719
933 6.055000 21749.345703 35673.343750
934 6.061000 21749.345703 34669.625000
935 6.068000 21749.345703 35884.574219
936 6.075000 21749.345703 35526.664063
937 6.082000 21749.345703 36271.101563
938 6.088000 21749.345703 36096.996094
939 6.094000 21749.345703 35322.199219
940 6.100000 21749.345703 35610.417969
941 6.107000 21749.345703 35100.660156
942 6.113000 21749.345703 35835.039063
943 6.119000 21749.345703 36085.511719
944 6.125000 21749.345703 35573.679688
945 6.131000 21749.345703 35034.746094
946 6.137000 21749.345703 34516.382813
947 6.144000 21749.345703 34053.804688
948 6.150000 21749.345703 34349.949219
949 6.156000 21749.345703 34600.800781
950 6.162000 21749.345703 35158.132813
951 6.169000 21749.345703 35130.800781
952 6.174000 21749.345703 34453.046875
953 6.180000 21749.345703 34275.425781
954 6.187000 21749.345703 34044.097656
955 6.193000 21749.345703 34928.976563
956 6.199000 21749.345703 34476.015625
957 6.205000 21749.345703 34996.218750
958 6.211000 21749.345703 36212.566406
959 6.217000 21749.345703 35906.359375
960 6.222000 21749.345703 35173.835938
961 6.228000 21749.345703 35897.707031
962 6.235000 21749.345703 36529.242188
963 6.240000 21749.345703 36114.722656
964 6.247000 21749.345703 36163.765625
965 6.252000 21749.345703 36826.863281
966 6.258000 21749.345703 38085.242188
967 6.264000 21749.345703 37074.421875
968 6.269000 21749.345703 37311.886719
969 6.275000 21749.345703 37618.605469
970 6.281000 21749.345703 36259.656250
971 6.288000 21749.345703 35790.097656
972 6.295000 21749.345703 35572.480469
973 6.301000 21749.345703 36541.671875
974 6.307000 21749.345703 36783.406250
975 6.313000 21749.345703 35758.847656
976 6.320000 21749.345703 36440.640625
977 6.327000 21749.345703 36982.476563
978 6.333000 21749.345703 36870.226563
979 6.339000 21749.345703 37487.308594
980 6.345000 21749.345703 37228.097656
981 6.352000 21749.345703 36983.843750
982 6.358000 21749.345703 36894.960938
983 6.365000 21749.345703 36295.132813
984 6.371000 21749.345703 36627.597656
985 6.377000 21749.345703 37117.414063
986 6.384000 21749.345703 35950.296875
987 6.390000 21749.345703 35679.863281
988 6.397000 21749.345703 35070.679688
989 6.403000 21749.345703 34828.312500
990 6.410000 21749.345703 34251.113281
991 6.416000 21749.345703 34132.503906
992 6.422000 21749.345703 33943.750000
993 6.429000 21749.345703 33541.246094
994 6.435000 21749.345703 34121.644531
995 6.441000 21749.345703 34667.968750
996 6.447000 21749.345703 36014.015625
997 6.454000 21749.345703 36523.625000
998 6.461000 21749.345703 36335.328125
999 6.470000 21749.345703 36106.046875
1000 6.476000 21749.345703 36300.023438
1001 6.482000 21749.345703 36797.472656
1002 6.488000 21749.345703 36955.906250
1003 6.495000 21749.345703 37176.765625
1004 6.501000 21749.345703 36031.121094
1005 6.507000 21749.345703 35736.199219
1006 6.513000 21749.345703 36056.558594
1007 6.519000 21749.345703 36505.753906
1008 6.525000 21749.345703 36741.261719
1009 6.532000 21749.345703 37483.148438
1010 6.538000 21749.345703 38317.296875
1011 6.544000 21749.345703 37706.050781
1012 6.551000 21749.345703 36992.878906
1013 6.557000 21749.345703 36251.890625
1014 6.563000 21749.345703 36137.328125
1015 6.569000 21749.345703 36847.558594
1016 6.576000 21749.345703 36152.476563
1017 6.582000 21749.345703 36595.578125
1018 6.588000 21749.345703 35694.925781
1019 6.594000 21749.345703 36070.882813
1020 6.600000 21749.345703 36029.296875
1021 6.606000 21749.345703 36271.820313
