0 0.000000 45354.019531 47159.269531
1 0.200000 43810.839844 47159.269531
2 0.391000 43223.820313 46189.214844
3 0.591000 42567.437500 45535.058594
4 0.776000 41920.343750 44937.558594
5 0.972000 41837.167969 44578.156250
6 1.168000 41770.792969 44245.144531
7 1.346000 41380.988281 43973.800781
8 1.522000 41312.878906 43666.894531
9 1.706000 40668.199219 43419.230469
10 1.897000 40668.199219 43172.191406
11 2.069000 40619.335938 42964.660156
12 2.251000 40289.261719 42771.105469
13 2.446000 40280.683594 42558.683594
14 2.630000 40280.683594 42383.968750
15 2.813000 40240.085938 42208.843750
16 3.007000 39941.261719 42047.378906
17 3.190000 39891.121094 41928.757813
18 3.362000 39891.121094 41797.257813
19 3.544000 39891.121094 41657.777344
20 3.716000 39878.460938 41569.582031
21 3.902000 39740.667969 41513.101563
22 4.070000 39686.722656 41382.128906
23 4.273000 39686.722656 41305.046875
24 4.463000 39686.722656 41222.449219
25 4.643000 39674.710938 41139.496094
26 4.815000 39674.710938 41079.839844
27 5.000000 39661.476563 41002.355469
28 5.184000 39615.859375 40916.523438
29 5.363000 39512.363281 40845.488281
30 5.562000 39495.640625 40792.046875
31 5.741000 39468.566406 40831.484375
32 5.932000 39464.425781 40771.695313
33 6.103000 39464.425781 40730.046875
34 6.302000 39464.425781 40630.562500
35 6.506000 39464.425781 40565.273438
36 6.697000 39464.425781 40501.800781
37 6.874000 39392.585938 40462.148438
38 7.079000 39383.824219 40428.203125
39 7.256000 39383.824219 40393.457031
40 7.430000 39344.140625 40361.871094
41 7.611000 39315.785156 40341.957031
42 7.795000 39315.785156 40312.175781
43 7.962000 39315.785156 40302.890625
44 8.151000 39315.785156 40276.562500
45 8.351000 39288.277344 40253.640625
46 8.536000 39278.316406 40339.753906
47 8.718000 39250.882813 40266.656250
48 8.926000 39250.882813 40213.093750
49 9.118000 39230.636719 40144.523438
50 9.312000 39230.636719 40125.523438
51 9.502000 39230.636719 40114.085938
52 9.692000 39230.636719 40099.230469
53 9.867000 39230.636719 40130.511719
54 10.059000 39230.636719 40113.875000
55 10.245000 39230.636719 40062.234375
56 10.437000 39230.636719 40100.183594
57 10.617000 39228.925781 40070.050781
58 10.793000 39224.078125 40033.460938
59 10.987000 39224.078125 40026.000000
60 11.157000 39224.078125 40015.988281
61 11.325000 39224.078125 40010.703125
62 11.537000 39224.078125 40036.226563
63 11.713000 39131.191406 40022.859375
64 11.895000 39131.191406 40000.441406
65 12.069000 39131.191406 39992.703125
66 12.266000 39131.191406 39973.585938
67 12.423000 39131.191406 39969.496094
68 12.601000 39131.191406 39963.988281
69 12.774000 39131.191406 39952.675781
70 12.969000 39131.191406 39944.140625
71 13.163000 39131.191406 39933.140625
72 13.341000 39131.191406 39929.562500
73 13.516000 39131.191406 39915.019531
74 13.720000 39131.191406 39910.890625
75 13.898000 39131.191406 39914.718750
76 14.076000 39131.191406 39897.488281
77 14.255000 39131.191406 39908.914063
78 14.443000 39131.191406 39962.863281
79 14.629000 39131.191406 39945.425781
80 14.824000 39131.191406 39987.539063
81 15.015000 39131.191406 40050.316406
82 15.219000 39117.261719 39965.960938
83 15.381000 39117.261719 39997.914063
84 15.569000 39117.261719 39996.011719
85 15.754000 39117.261719 40017.871094
86 15.930000 39073.246094 39985.585938
87 16.114000 39073.246094 39963.281250
88 16.284000 39073.246094 39939.703125
89 16.481000 39073.246094 39991.863281
90 16.679000 39073.246094 39917.691406
91 16.870000 39073.246094 39919.406250
92 17.048000 39073.246094 39904.476563
93 17.236000 39073.246094 39918.410156
94 17.437000 39073.246094 39891.402344
95 17.631000 39073.246094 39917.941406
96 17.825000 39073.246094 39986.710938
97 18.016000 39073.246094 39974.324219
98 18.206000 39073.246094 39938.945313
99 18.380000 39073.246094 39944.234375
100 18.581000 39073.246094 39934.175781
101 18.756000 39073.246094 39902.835938
102 18.945000 39073.246094 39966.449219
103 19.124000 39073.246094 39926.468750
104 19.312000 39073.246094 39995.851563
105 19.501000 39073.246094 40000.007813
106 19.676000 39073.246094 39989.101563
107 19.870000 39073.246094 39985.761719
108 20.042000 39064.449219 40066.664063
109 20.239000 39064.449219 39995.609375
110 20.409000 39064.449219 39993.539063
111 20.594000 39064.449219 39973.378906
112 20.780000 39064.449219 39997.695313
113 20.964000 39064.449219 39989.968750
114 21.142000 39064.449219 39993.828125
115 21.330000 39064.449219 39977.031250
116 21.519000 39064.449219 39948.320313
117 21.719000 39064.449219 39939.539063
118 21.919000 39064.449219 39928.593750
119 22.104000 39064.449219 39961.585938
120 22.277000 39064.449219 39955.765625
121 22.471000 39064.449219 39943.429688
122 22.673000 39064.449219 39926.914063
123 22.841000 39064.449219 39967.519531
124 23.043000 39064.449219 39966.867188
125 23.221000 39064.449219 39998.843750
126 23.412000 39064.449219 39980.769531
127 23.596000 39064.449219 40014.531250
128 23.768000 39064.449219 40005.957031
129 23.934000 39064.449219 39978.820313
130 24.129000 39064.449219 39966.726563
131 24.314000 39064.449219 39946.589844
132 24.498000 39064.449219 39945.984375
133 24.681000 39064.449219 39944.523438
134 24.841000 39064.449219 39944.996094
135 25.038000 39064.449219 39935.015625
136 25.251000 39064.449219 39892.785156
137 25.456000 39064.449219 40013.179688
138 25.637000 39064.449219 39973.164063
139 25.818000 39064.449219 39957.183594
140 25.998000 39064.449219 39936.558594
141 26.169000 39064.449219 39904.191406
142 26.342000 39064.449219 39902.003906
143 26.541000 39064.449219 39877.011719
144 26.732000 39064.449219 39900.566406
145 26.898000 39064.449219 39921.582031
146 27.078000 39064.449219 39914.089844
147 27.271000 39064.449219 39920.703125
148 27.459000 39064.449219 39891.156250
149 27.639000 39064.449219 39877.867188
150 27.816000 39064.449219 39886.664063
151 27.984000 39064.449219 39893.269531
152 28.188000 39064.449219 39885.476563
153 28.362000 39064.449219 39886.289063
154 28.546000 39064.449219 39883.816406
155 28.714000 39064.449219 39976.273438
156 28.904000 39064.449219 39915.683594
157 29.100000 39064.449219 39904.304688
158 29.289000 39064.449219 39894.757813
159 29.470000 39064.449219 39893.312500
160 29.654000 39064.449219 39879.464844
161 29.806000 39064.449219 39901.218750
162 30.004000 39064.449219 39875.386719
163 30.193000 39064.449219 39867.414063
164 30.404000 39064.449219 39859.238281
165 30.602000 39064.449219 39854.453125
166 30.787000 39064.449219 39838.468750
167 30.959000 39064.449219 39831.085938
168 31.139000 39064.449219 39823.914063
169 31.353000 39064.449219 39814.011719
170 31.549000 39064.449219 39809.757813
171 31.736000 38931.937500 39843.148438
172 31.888000 38931.937500 39874.898438
173 32.069000 38931.937500 39853.363281
174 32.254000 38931.937500 39838.593750
175 32.438000 38931.937500 39861.023438
176 32.630000 38931.937500 39862.703125
177 32.828000 38931.937500 39860.664063
178 33.010000 38931.937500 39853.175781
179 33.194000 38931.937500 39877.156250
180 33.360000 38931.937500 39859.199219
181 33.537000 38931.937500 39936.476563
182 33.716000 38931.937500 39860.484375
183 33.886000 38931.937500 39863.925781
184 34.065000 38931.937500 39860.800781
185 34.268000 38931.937500 39941.984375
186 34.439000 38923.144531 39897.945313
187 34.626000 38923.144531 39872.800781
188 34.799000 38923.144531 39869.695313
189 34.967000 38923.144531 39869.421875
190 35.154000 38923.144531 39862.683594
191 35.332000 38923.144531 39852.941406
192 35.523000 38923.144531 39839.734375
193 35.716000 38923.144531 39810.484375
194 35.899000 38923.144531 39805.046875
195 36.064000 38923.144531 39796.339844
196 36.232000 38923.144531 39791.753906
197 36.422000 38923.144531 39790.703125
198 36.628000 38923.144531 39787.531250
199 36.819000 38923.144531 39775.906250
200 36.986000 38923.144531 39866.597656
201 37.173000 38923.144531 39871.601563
202 37.368000 38923.144531 39859.875000
203 37.551000 38923.144531 39903.210938
204 37.731000 38923.144531 39875.664063
205 37.913000 38923.144531 39844.753906
206 38.085000 38923.144531 39850.121094
207 38.258000 38923.144531 39850.039063
208 38.450000 38923.144531 39840.546875
209 38.641000 38923.144531 39820.902344
210 38.842000 38923.144531 39818.707031
211 39.018000 38923.144531 39810.867188
212 39.198000 38923.144531 39797.648438
213 39.382000 38923.144531 39791.714844
214 39.557000 38923.144531 39790.890625
215 39.727000 38923.144531 39787.847656
216 39.915000 38923.144531 39783.949219
217 40.103000 38923.144531 39773.781250
218 40.287000 38923.144531 39772.753906
219 40.493000 38923.144531 39770.523438
220 40.703000 38923.144531 39766.167969
221 40.872000 38923.144531 39772.183594
222 41.071000 38923.144531 39758.582031
223 41.241000 38923.144531 39755.992188
224 41.429000 38923.144531 39755.648438
225 41.616000 38923.144531 39752.496094
226 41.809000 38923.144531 39858.488281
227 41.975000 38923.144531 39793.230469
228 42.157000 38923.144531 39797.085938
229 42.355000 38923.144531 39819.535156
230 42.540000 38923.144531 39854.574219
231 42.724000 38923.144531 39830.550781
232 42.910000 38923.144531 39817.031250
233 43.080000 38923.144531 39786.308594
234 43.271000 38917.824219 39766.484375
235 43.458000 38917.824219 39756.199219
236 43.643000 38917.824219 39785.406250
237 43.824000 38917.824219 39846.968750
238 43.995000 38917.824219 39787.703125
239 44.171000 38917.824219 39771.125000
240 44.351000 38917.824219 39772.042969
241 44.525000 38917.824219 39851.390625
242 44.725000 38917.824219 39866.175781
243 44.898000 38917.824219 39845.898438
244 45.064000 38917.824219 39824.304688
245 45.270000 38917.824219 39816.097656
246 45.425000 38917.824219 39873.699219
247 45.600000 38917.824219 39818.328125
248 45.785000 38917.824219 39799.593750
249 45.977000 38917.824219 39794.578125
250 46.167000 38917.824219 39783.703125
251 46.351000 38917.824219 39777.312500
252 46.534000 38917.824219 39770.253906
253 46.727000 38917.824219 39766.398438
254 46.930000 38917.824219 39758.574219
255 47.122000 38917.824219 39767.664063
256 47.310000 38917.824219 39839.027344
257 47.492000 38917.824219 39919.265625
258 47.683000 38917.824219 39832.894531
259 47.860000 38917.824219 39814.656250
260 48.028000 38917.824219 39775.671875
261 48.192000 38917.824219 39773.703125
262 48.373000 38917.824219 39772.562500
263 48.559000 38917.824219 39770.054688
264 48.728000 38917.824219 39767.414063
265 48.924000 38917.824219 39761.234375
266 49.112000 38917.824219 39814.386719
267 49.289000 38917.824219 39792.773438
268 49.475000 38917.824219 39764.960938
269 49.665000 38917.824219 39756.828125
270 49.841000 38917.824219 39774.019531
271 50.039000 38917.824219 39767.417969
272 50.216000 38917.824219 39763.035156
273 50.384000 38917.824219 39746.960938
274 50.564000 38917.824219 39746.937500
275 50.736000 38917.824219 39743.523438
276 50.916000 38917.824219 39742.546875
277 51.092000 38917.824219 39732.289063
278 51.279000 38917.824219 39766.371094
279 51.445000 38917.824219 39756.945313
280 51.636000 38917.824219 39749.832031
281 51.823000 38917.824219 39744.757813
282 52.012000 38917.824219 39742.734375
283 52.201000 38917.824219 39741.968750
284 52.390000 38917.824219 39735.382813
285 52.567000 38917.824219 39722.757813
286 52.746000 38917.824219 39714.460938
287 52.929000 38917.824219 39713.800781
288 53.097000 38917.824219 39711.281250
289 53.290000 38917.824219 39707.253906
290 53.494000 38917.824219 39833.636719
291 53.684000 38917.824219 39790.718750
292 53.853000 38917.824219 39805.753906
293 54.032000 38917.824219 39769.000000
294 54.223000 38917.824219 39752.199219
295 54.412000 38917.824219 39749.535156
296 54.575000 38917.824219 39743.363281
297 54.758000 38917.824219 39791.230469
298 54.956000 38917.824219 39784.281250
299 55.137000 38917.824219 39767.332031
300 55.321000 38917.824219 39737.800781
301 55.508000 38917.824219 39713.031250
302 55.677000 38917.824219 39712.410156
303 55.875000 38917.824219 39711.535156
304 56.070000 38917.824219 39710.125000
305 56.250000 38917.824219 39731.699219
306 56.432000 38917.824219 39723.539063
307 56.619000 38917.824219 39713.140625
308 56.814000 38917.824219 39709.558594
309 57.000000 38917.824219 39708.378906
310 57.158000 38917.824219 39738.097656
311 57.334000 38917.824219 39725.433594
312 57.548000 38917.824219 39720.976563
313 57.740000 38917.824219 39720.890625
314 57.931000 38917.824219 39707.914063
315 58.105000 38917.824219 39703.125000
316 58.286000 38917.824219 39702.183594
317 58.463000 38917.824219 39769.574219
318 58.664000 38917.824219 39711.234375
319 58.845000 38917.824219 39731.542969
320 59.031000 38917.824219 39713.789063
321 59.219000 38917.824219 39698.113281
322 59.397000 38917.824219 39697.289063
323 59.587000 38917.824219 39696.281250
324 59.764000 38917.824219 39688.371094
325 59.939000 38917.824219 39685.222656
326 60.135000 38917.824219 39678.371094
327 60.317000 38917.824219 39668.820313
328 60.496000 38917.824219 39668.683594
329 60.712000 38917.824219 39660.640625
330 60.910000 38917.824219 39816.179688
331 61.094000 38917.824219 39859.421875
332 61.292000 38917.824219 39772.710938
333 61.490000 38917.824219 39693.226563
334 61.664000 38917.824219 39685.925781
335 61.850000 38917.824219 39680.746094
336 62.055000 38917.824219 39674.476563
337 62.222000 38917.824219 39673.742188
338 62.404000 38917.824219 39785.171875
339 62.587000 38917.824219 39728.378906
340 62.771000 38917.824219 39723.828125
341 62.965000 38917.824219 39719.097656
342 63.147000 38917.824219 39713.878906
343 63.326000 38917.824219 39728.816406
344 63.522000 38917.824219 39717.351563
345 63.711000 38917.824219 39708.781250
346 63.896000 38917.824219 39703.566406
347 64.102000 38917.824219 39762.074219
348 64.289000 38917.824219 39715.578125
349 64.478000 38917.824219 39708.335938
350 64.653000 38917.824219 39702.730469
351 64.825000 38917.824219 39692.468750
352 65.039000 38917.824219 39691.992188
353 65.247000 38917.824219 39690.343750
354 65.444000 38917.824219 39686.109375
355 65.635000 38917.824219 39745.863281
356 65.825000 38917.824219 39757.039063
357 66.013000 38917.824219 39747.253906
358 66.197000 38917.824219 39746.175781
359 66.372000 38917.824219 39737.761719
360 66.552000 38917.824219 39758.226563
361 66.748000 38917.824219 39739.355469
362 66.937000 38917.824219 39755.683594
363 67.100000 38917.824219 39736.113281
364 67.300000 38917.824219 39731.328125
365 67.476000 38917.824219 39714.835938
366 67.652000 38917.824219 39707.351563
367 67.844000 38917.824219 39763.734375
368 68.022000 38917.824219 39750.785156
369 68.214000 38917.824219 39734.921875
370 68.398000 38917.824219 39726.109375
371 68.575000 38917.824219 39762.031250
372 68.748000 38917.824219 39744.281250
373 68.958000 38917.824219 39799.191406
374 69.126000 38917.824219 39746.851563
375 69.339000 38917.824219 39763.191406
376 69.537000 38917.824219 39741.207031
377 69.719000 38917.824219 39766.417969
378 69.901000 38917.824219 39762.714844
379 70.082000 38917.824219 39733.835938
380 70.257000 38917.824219 39722.675781
381 70.428000 38917.824219 39706.425781
382 70.622000 38917.824219 39697.375000
383 70.812000 38917.824219 39693.359375
384 70.987000 38917.824219 39690.238281
385 71.176000 38917.824219 39680.675781
386 71.354000 38917.824219 39680.218750
387 71.547000 38917.824219 39670.949219
388 71.727000 38917.824219 39668.753906
389 71.895000 38917.824219 39736.347656
390 72.082000 38917.824219 39705.179688
391 72.274000 38917.824219 39686.144531
392 72.474000 38917.824219 39676.183594
393 72.666000 38917.824219 39665.511719
394 72.851000 38917.824219 39660.707031
395 73.032000 38917.824219 39711.988281
396 73.215000 38917.824219 39704.171875
397 73.402000 38917.824219 39701.265625
398 73.583000 38917.824219 39684.648438
399 73.778000 38917.824219 39862.121094
400 73.969000 38917.824219 39739.230469
401 74.171000 38917.824219 39718.855469
402 74.361000 38917.824219 39661.351563
403 74.546000 38917.824219 39682.386719
404 74.731000 38917.824219 39780.765625
405 74.922000 38917.824219 39714.406250
406 75.121000 38917.824219 39734.773438
407 75.293000 38917.824219 39721.023438
408 75.484000 38917.824219 39730.773438
409 75.651000 38917.824219 39714.617188
410 75.849000 38917.824219 39694.234375
411 76.040000 38917.824219 39679.636719
412 76.224000 38917.824219 39714.125000
413 76.423000 38917.824219 39656.136719
414 76.603000 38917.824219 39645.515625
415 76.792000 38917.824219 39637.843750
416 76.976000 38917.824219 39618.156250
417 77.181000 38917.824219 39613.234375
418 77.367000 38917.824219 39609.496094
419 77.534000 38917.824219 39654.136719
420 77.724000 38917.824219 39644.953125
421 77.922000 38917.824219 39656.378906
422 78.119000 38917.824219 39651.875000
423 78.320000 38917.824219 39636.218750
424 78.532000 38917.824219 39611.480469
425 78.719000 38917.824219 39603.328125
426 78.900000 38917.824219 39602.585938
427 79.087000 38917.824219 39677.203125
428 79.263000 38917.824219 39695.128906
429 79.449000 38917.824219 39673.101563
430 79.657000 38917.824219 39636.488281
431 79.853000 38917.824219 39615.488281
432 80.042000 38917.824219 39613.027344
433 80.214000 38917.824219 39601.488281
434 80.432000 38917.824219 39596.238281
435 80.627000 38917.824219 39591.609375
436 80.806000 38917.824219 39587.238281
437 81.019000 38917.824219 39583.300781
438 81.211000 38917.824219 39582.812500
439 81.381000 38917.824219 39578.585938
440 81.560000 38917.824219 39573.855469
441 81.749000 38917.824219 39567.347656
442 81.934000 38917.824219 39587.621094
443 82.148000 38917.824219 39580.457031
444 82.340000 38917.824219 39587.906250
445 82.517000 38917.824219 39585.804688
446 82.705000 38917.824219 39585.246094
447 82.902000 38917.824219 39577.984375
448 83.081000 38917.824219 39577.597656
449 83.265000 38917.824219 39575.031250
450 83.448000 38917.824219 39565.550781
451 83.631000 38917.824219 39562.734375
452 83.814000 38917.824219 39595.664063
453 84.017000 38917.824219 39564.144531
454 84.197000 38917.824219 39650.695313
455 84.390000 38917.824219 39640.082031
456 84.589000 38917.824219 39596.679688
457 84.762000 38917.824219 39584.414063
458 84.972000 38917.824219 39612.011719
459 85.172000 38917.824219 39608.460938
460 85.349000 38917.824219 39588.195313
461 85.534000 38917.824219 39579.347656
462 85.725000 38917.824219 39605.300781
463 85.926000 38917.824219 39595.011719
464 86.111000 38917.824219 39600.726563
465 86.306000 38917.824219 39597.335938
466 86.482000 38917.824219 39575.187500
467 86.668000 38917.824219 39610.855469
468 86.864000 38917.824219 39565.078125
469 87.062000 38917.824219 39557.386719
470 87.250000 38917.824219 39553.855469
471 87.424000 38917.824219 39543.660156
472 87.609000 38917.824219 39540.289063
473 87.807000 38917.824219 39539.382813
474 87.981000 38917.824219 39653.273438
475 88.162000 38917.824219 39655.046875
476 88.357000 38917.824219 39636.445313
477 88.560000 38917.824219 39562.472656
478 88.739000 38917.824219 39561.660156
479 88.933000 38917.824219 39557.351563
480 89.094000 38917.824219 39550.449219
481 89.295000 38917.824219 39545.503906
482 89.491000 38917.824219 39535.843750
483 89.664000 38917.824219 39507.585938
484 89.837000 38917.824219 39489.308594
485 90.050000 38917.824219 39484.570313
486 90.236000 38917.824219 39479.281250
487 90.406000 38917.824219 39479.007813
488 90.596000 38917.824219 39511.074219
489 90.778000 38917.824219 39498.023438
490 90.962000 38917.824219 39523.000000
491 91.162000 38917.824219 39510.679688
492 91.337000 38917.824219 39506.316406
493 91.536000 38917.824219 39495.828125
494 91.720000 38917.824219 39506.109375
495 91.899000 38917.824219 39502.734375
496 92.114000 38917.824219 39502.476563
497 92.286000 38917.824219 39501.246094
498 92.465000 38917.824219 39581.808594
499 92.673000 38917.824219 39546.421875
500 92.863000 38917.824219 39488.988281
501 93.051000 38917.824219 39483.648438
502 93.230000 38917.824219 39481.664063
503 93.412000 38917.824219 39472.210938
504 93.624000 38917.824219 39461.898438
505 93.810000 38917.824219 39475.207031
506 94.001000 38917.824219 39469.417969
507 94.175000 38917.824219 39466.644531
508 94.351000 38917.824219 39492.843750
509 94.538000 38917.824219 39483.843750
510 94.728000 38917.824219 39498.050781
511 94.920000 38917.824219 39491.531250
512 95.101000 38917.824219 39486.914063
513 95.276000 38917.824219 39472.453125
514 95.466000 38917.824219 39465.562500
515 95.659000 38917.824219 39496.679688
516 95.854000 38917.824219 39501.000000
517 96.035000 38917.824219 39487.183594
518 96.221000 38917.824219 39481.910156
519 96.409000 38917.824219 39448.289063
520 96.604000 38917.824219 39430.304688
521 96.777000 38917.824219 39427.441406
522 96.965000 38917.824219 39422.875000
523 97.154000 38917.824219 39417.429688
524 97.327000 38917.824219 39416.113281
525 97.526000 38917.824219 39436.410156
526 97.724000 38917.824219 39421.574219
527 97.897000 38917.824219 39416.675781
528 98.083000 38917.824219 39414.359375
529 98.278000 38917.824219 39410.191406
530 98.461000 38917.824219 39456.941406
531 98.653000 38917.824219 39450.468750
532 98.847000 38917.824219 39447.593750
533 99.037000 38917.824219 39443.253906
534 99.202000 38917.824219 39433.792969
535 99.408000 38917.824219 39431.664063
536 99.582000 38917.824219 39430.695313
537 99.765000 38917.824219 39401.175781
538 99.994000 38917.824219 39396.824219
539 100.192000 38917.824219 39396.730469
540 100.380000 38917.824219 39394.476563
541 100.563000 38917.824219 39378.523438
542 100.743000 38917.824219 39369.988281
543 100.930000 38917.824219 39407.218750
544 101.106000 38917.824219 39439.074219
545 101.291000 38917.824219 39381.003906
546 101.482000 38917.824219 39374.617188
547 101.661000 38917.824219 39357.550781
548 101.847000 38917.824219 39351.843750
549 102.021000 38917.824219 39346.468750
550 102.204000 38917.824219 39336.363281
551 102.385000 38917.824219 39370.386719
552 102.579000 38917.824219 39414.402344
553 102.778000 38917.824219 39395.992188
554 102.988000 38917.824219 39407.496094
555 103.194000 38917.824219 39373.753906
556 103.378000 38917.824219 39348.101563
557 103.555000 38917.824219 39346.484375
558 103.752000 38917.824219 39330.023438
559 103.938000 38917.824219 39360.488281
560 104.125000 38917.824219 39418.546875
561 104.312000 38917.824219 39423.023438
562 104.512000 38917.824219 39359.378906
563 104.705000 38917.824219 39456.128906
564 104.902000 38917.824219 39463.863281
565 105.071000 38917.824219 39422.121094
566 105.261000 38917.824219 39408.175781
567 105.446000 38917.824219 39344.277344
568 105.621000 38917.824219 39332.261719
569 105.798000 38878.777344 39320.566406
570 105.978000 38844.359375 39308.683594
571 106.167000 38844.359375 39302.003906
572 106.351000 38844.359375 39328.496094
573 106.531000 38844.359375 39318.257813
574 106.718000 38844.359375 39313.937500
575 106.915000 38844.359375 39296.058594
576 107.095000 38844.359375 39363.699219
577 107.268000 38844.359375 39288.312500
578 107.469000 38844.359375 39294.128906
579 107.654000 38844.359375 39344.761719
580 107.842000 38844.250000 39400.597656
581 108.020000 38844.250000 39410.703125
582 108.197000 38844.250000 39340.785156
583 108.395000 38844.250000 39328.546875
584 108.587000 38844.250000 39276.441406
585 108.770000 38844.250000 39301.863281
586 108.959000 38844.250000 39332.898438
587 109.160000 38844.250000 39324.953125
588 109.359000 38844.250000 39323.898438
589 109.532000 38844.250000 39319.464844
590 109.704000 38844.250000 39324.527344
591 109.881000 38844.250000 39357.820313
592 110.064000 38844.250000 39303.164063
593 110.254000 38844.250000 39261.398438
594 110.438000 38844.250000 39279.796875
595 110.623000 38844.250000 39404.957031
596 110.813000 38844.250000 39280.414063
597 110.999000 38844.250000 39262.835938
598 111.183000 38844.250000 39249.621094
599 111.350000 38844.250000 39229.593750
600 111.548000 38844.250000 39268.898438
601 111.739000 38844.250000 39219.484375
602 111.945000 38844.250000 39212.718750
603 112.144000 38844.250000 39195.601563
604 112.318000 38844.250000 39238.726563
605 112.500000 38844.250000 39195.210938
606 112.698000 38844.250000 39255.816406
607 112.883000 38844.250000 39209.027344
608 113.065000 38844.250000 39222.742188
609 113.258000 38844.250000 39210.746094
610 113.431000 38844.250000 39240.019531
611 113.614000 38844.250000 39195.343750
612 113.802000 38844.250000 39275.671875
613 113.980000 38844.250000 39255.996094
614 114.161000 38844.250000 39225.000000
615 114.344000 38844.250000 39207.718750
616 114.515000 38844.250000 39190.460938
617 114.670000 38844.250000 39173.976563
618 114.849000 38844.250000 39143.835938
619 115.024000 38844.250000 39125.613281
620 115.207000 38844.250000 39099.710938
621 115.391000 38844.250000 39082.585938
622 115.574000 38844.250000 39064.933594
623 115.761000 38844.250000 39007.074219
624 115.936000 38844.250000 38994.281250
625 116.130000 38844.250000 38994.281250
626 116.316000 38844.250000 39089.183594
627 116.501000 38844.250000 39036.398438
628 116.668000 38844.250000 38994.281250
629 116.865000 38844.250000 39046.246094
630 117.045000 38844.250000 39044.542969
631 117.219000 38844.250000 38994.281250
632 117.411000 38844.250000 39069.921875
633 117.613000 38844.250000 39113.132813
634 117.811000 38844.250000 39015.878906
635 117.996000 38844.250000 39014.171875
636 118.189000 38844.250000 39037.933594
637 118.389000 38844.250000 39034.523438
638 118.595000 38844.250000 38994.101563
639 118.779000 38844.250000 38992.394531
640 118.946000 38844.250000 38990.691406
641 119.166000 38844.250000 38987.281250
642 119.349000 38844.250000 38982.164063
643 119.551000 38844.250000 38974.328125
644 119.740000 38844.250000 38972.128906
645 119.915000 38844.250000 38972.128906
646 120.112000 38844.250000 39008.023438
647 120.298000 38844.250000 39002.910156
648 120.494000 38844.250000 38999.289063
649 120.673000 38844.250000 39001.226563
650 120.847000 38844.250000 38996.113281
651 121.041000 38844.250000 39040.593750
652 121.231000 38844.250000 39038.886719
653 121.418000 38844.250000 39020.050781
654 121.597000 38844.250000 39008.464844
655 121.786000 38844.250000 39030.398438
656 121.967000 38844.250000 39008.394531
657 122.145000 38844.250000 39002.015625
658 122.314000 38844.250000 38996.308594
659 122.491000 38844.250000 38987.898438
660 122.670000 38844.250000 38974.722656
661 122.850000 38844.250000 38933.851563
662 123.050000 38844.250000 38928.738281
663 123.252000 38844.250000 38920.210938
664 123.430000 38844.250000 38931.875000
665 123.604000 38844.250000 38967.156250
666 123.807000 38844.250000 38958.019531
667 123.978000 38844.250000 38952.906250
668 124.175000 38844.250000 38936.800781
669 124.339000 38844.250000 38931.683594
670 124.517000 38844.250000 38923.160156
671 124.704000 38844.250000 38910.214844
672 124.878000 38844.250000 38899.984375
673 125.056000 38844.250000 38848.894531
674 125.237000 38844.250000 38928.910156
675 125.435000 38844.250000 38844.250000
676 125.621000 38844.250000 38844.250000
677 125.823000 38844.250000 38881.953125
678 126.023000 38844.250000 38844.250000
679 126.204000 38844.250000 38844.250000
680 126.369000 38844.250000 38844.250000
681 126.558000 38844.250000 38844.250000
682 126.739000 38844.250000 38844.250000
683 126.930000 38844.250000 38844.250000
684 127.113000 38844.250000 38877.925781
685 127.301000 38844.250000 38844.250000
686 127.510000 38844.250000 38871.445313
687 127.701000 38844.250000 38877.566406
688 127.896000 38844.250000 38844.250000
689 128.111000 38844.250000 38844.250000
690 128.309000 38844.250000 38844.250000
691 128.469000 38844.250000 38918.539063
692 128.654000 38844.250000 38844.250000
693 128.861000 38844.250000 38918.738281
694 129.052000 38844.250000 38844.250000
695 129.232000 38844.250000 38844.250000
696 129.405000 38844.250000 38890.605469
697 129.571000 38844.250000 38844.250000
698 129.759000 38844.250000 38844.250000
699 129.937000 38844.250000 38844.250000
700 130.104000 38844.250000 38844.250000
701 130.274000 38844.250000 38844.250000
702 130.451000 38844.250000 38878.550781
703 130.632000 38844.250000 38885.628906
704 130.825000 38844.250000 38844.250000
705 131.008000 38844.250000 38844.250000
706 131.192000 38844.250000 38844.250000
707 131.398000 38844.250000 38844.250000
708 131.591000 38844.250000 38844.250000
709 131.781000 38844.250000 38844.250000
710 131.939000 38844.250000 38878.898438
711 132.133000 38844.250000 38844.250000
712 132.331000 38844.250000 38844.250000
713 132.516000 38844.250000 38844.250000
714 132.702000 38844.250000 38844.250000
715 132.887000 38844.250000 38844.250000
716 133.075000 38844.250000 38844.250000
717 133.264000 38844.250000 38876.109375
718 133.423000 38844.250000 38844.250000
719 133.595000 38844.250000 38844.250000
720 133.775000 38844.250000 38844.250000
721 133.968000 38844.250000 38844.250000
722 134.164000 38844.250000 38844.250000
723 134.375000 38844.250000 38844.250000
724 134.556000 38844.250000 38867.945313
725 134.725000 38844.250000 38844.250000
726 134.912000 38844.250000 38844.250000
727 135.108000 38844.250000 38844.250000
728 135.275000 38844.250000 38893.390625
729 135.458000 38844.250000 38844.250000
730 135.658000 38844.250000 38844.476563
731 135.831000 38844.250000 38852.789063
732 136.017000 38844.250000 38844.250000
733 136.200000 38844.250000 38846.015625
734 136.378000 38844.250000 38844.250000
735 136.583000 38844.250000 38844.250000
736 136.765000 38844.250000 38844.250000
737 136.936000 38844.250000 38949.679688
738 137.118000 38844.250000 39034.085938
739 137.299000 38844.250000 38936.574219
740 137.488000 38844.250000 38844.250000
741 137.690000 38844.250000 38844.250000
742 137.872000 38844.250000 38844.250000
743 138.047000 38844.250000 38844.250000
744 138.228000 38844.250000 38844.250000
745 138.420000 38844.250000 38844.250000
746 138.600000 38844.250000 38844.250000
747 138.793000 38844.250000 38844.250000
748 138.979000 38844.250000 38893.984375
749 139.161000 38844.250000 38844.250000
750 139.344000 38844.250000 38844.250000
751 139.543000 38844.250000 38865.191406
752 139.730000 38844.250000 38844.250000
753 139.925000 38844.250000 38844.250000
754 140.133000 38844.250000 38898.378906
755 140.325000 38844.250000 38853.750000
756 140.520000 38844.250000 38844.250000
757 140.711000 38844.250000 38899.480469
758 140.900000 38844.250000 38844.250000
759 141.062000 38844.250000 38844.250000
760 141.253000 38844.250000 38844.250000
761 141.449000 38844.250000 38844.250000
762 141.638000 38844.250000 38844.250000
763 141.817000 38844.250000 38844.250000
764 142.012000 38844.250000 38844.250000
765 142.178000 38844.250000 38844.250000
766 142.365000 38844.250000 38844.250000
767 142.544000 38844.250000 38844.250000
768 142.728000 38844.250000 38844.250000
769 142.912000 38844.250000 38876.898438
770 143.085000 38844.250000 38844.250000
771 143.279000 38844.250000 38844.250000
772 143.467000 38844.250000 38895.746094
773 143.653000 38844.250000 38844.250000
774 143.858000 38844.250000 38844.250000
775 144.047000 38844.250000 38844.250000
776 144.235000 38844.250000 38844.250000
777 144.420000 38844.250000 38889.921875
778 144.590000 38844.250000 38886.359375
779 144.787000 38844.250000 38847.878906
780 144.956000 38844.250000 38844.250000
781 145.133000 38844.250000 38844.250000
782 145.321000 38844.250000 38844.250000
783 145.508000 38844.250000 38844.250000
784 145.703000 38844.250000 38957.636719
785 145.878000 38844.250000 38925.187500
786 146.044000 38844.250000 38844.250000
787 146.222000 38844.250000 38883.390625
788 146.403000 38844.250000 38891.128906
789 146.574000 38844.250000 38874.480469
790 146.745000 38844.250000 38865.777344
791 146.932000 38844.250000 38885.765625
792 147.091000 38844.250000 38844.250000
793 147.267000 38844.250000 38844.250000
794 147.442000 38844.250000 38844.250000
795 147.615000 38844.250000 38844.250000
796 147.800000 38844.250000 38844.250000
797 147.992000 38844.250000 38844.250000
798 148.167000 38844.250000 38884.539063
799 148.347000 38844.250000 38880.191406
800 148.530000 38844.250000 38860.316406
801 148.712000 38844.250000 38896.761719
802 148.878000 38844.250000 38844.250000
803 149.083000 38844.250000 38844.250000
804 149.252000 38844.250000 38899.941406
805 149.462000 38844.250000 38844.250000
806 149.667000 38844.250000 38858.511719
807 149.847000 38844.250000 38844.250000
808 150.031000 38844.250000 38921.746094
809 150.212000 38844.250000 38844.250000
810 150.402000 38844.250000 38885.703125
811 150.592000 38844.250000 38844.250000
812 150.775000 38844.250000 38844.250000
813 150.952000 38844.250000 38844.250000
814 151.130000 38844.250000 38844.250000
815 151.326000 38844.250000 38844.250000
816 151.514000 38844.250000 38872.570313
817 151.690000 38844.250000 38891.441406
818 151.878000 38844.250000 38874.246094
819 152.063000 38844.250000 38844.250000
820 152.240000 38844.250000 38844.250000
821 152.418000 38844.250000 38844.250000
822 152.590000 38844.250000 38844.250000
823 152.768000 38844.250000 38884.417969
824 152.930000 38844.250000 38892.253906
825 153.115000 38844.250000 38963.031250
826 153.326000 38844.250000 38916.437500
827 153.505000 38844.250000 38844.250000
828 153.694000 38844.250000 38936.394531
829 153.876000 38844.250000 38950.085938
830 154.064000 38844.250000 38896.378906
831 154.246000 38844.250000 38844.250000
832 154.424000 38844.250000 38893.839844
833 154.615000 38844.250000 38844.250000
834 154.786000 38844.250000 38844.250000
835 154.952000 38844.250000 38866.429688
836 155.140000 38844.250000 38844.250000
837 155.335000 38844.250000 38844.250000
838 155.515000 38844.250000 38844.250000
839 155.710000 38844.250000 38918.320313
840 155.903000 38844.250000 38871.636719
841 156.086000 38844.250000 38844.250000
842 156.268000 38844.250000 38857.929688
843 156.474000 38844.250000 38844.250000
844 156.651000 38844.250000 38844.250000
845 156.839000 38844.250000 38890.750000
846 157.033000 38844.250000 38844.250000
847 157.228000 38844.250000 38844.250000
848 157.426000 38844.250000 38899.093750
849 157.630000 38844.250000 38852.453125
850 157.806000 38844.250000 38844.250000
851 157.993000 38844.250000 38844.250000
852 158.173000 38844.250000 38844.250000
853 158.365000 38844.250000 38844.250000
854 158.533000 38844.250000 38844.250000
855 158.697000 38844.250000 38844.250000
856 158.881000 38844.250000 38870.296875
857 159.080000 38844.250000 38844.250000
858 159.273000 38844.250000 38844.250000
859 159.450000 38844.250000 38844.250000
860 159.651000 38844.250000 38844.250000
861 159.843000 38844.250000 38883.148438
862 160.035000 38844.250000 38870.273438
863 160.220000 38844.250000 38844.250000
864 160.406000 38844.250000 38844.250000
865 160.581000 38844.250000 38844.250000
866 160.777000 38844.250000 38844.250000
867 160.977000 38844.250000 38863.308594
868 161.153000 38844.250000 38844.250000
869 161.352000 38844.250000 38844.250000
870 161.549000 38844.250000 38844.250000
871 161.757000 38844.250000 38870.125000
872 161.935000 38844.250000 38844.250000
873 162.131000 38844.250000 38844.250000
874 162.305000 38844.250000 38906.183594
875 162.483000 38844.250000 38887.972656
876 162.648000 38844.250000 38844.250000
877 162.831000 38844.250000 38844.250000
878 163.017000 38844.250000 38844.250000
879 163.192000 38844.250000 38844.250000
880 163.383000 38844.250000 38844.250000
881 163.584000 38844.250000 38844.250000
882 163.775000 38844.250000 38858.832031
883 163.955000 38844.250000 38844.250000
884 164.132000 38844.250000 38844.250000
885 164.333000 38844.250000 38844.250000
886 164.512000 38844.250000 38844.250000
887 164.711000 38844.250000 38844.250000
888 164.900000 38844.250000 38844.250000
889 165.084000 38844.250000 38844.250000
890 165.269000 38844.250000 38844.250000
891 165.451000 38844.250000 38844.250000
892 165.621000 38844.250000 38844.250000
893 165.806000 38844.250000 38844.250000
894 165.984000 38844.250000 38844.250000
895 166.161000 38844.250000 38844.250000
896 166.330000 38844.250000 38844.250000
897 166.522000 38844.250000 38844.250000
898 166.700000 38844.250000 38844.250000
899 166.900000 38844.250000 38844.250000
900 167.097000 38844.250000 38912.406250
901 167.279000 38844.250000 38844.250000
902 167.467000 38844.250000 38844.250000
903 167.650000 38844.250000 38844.250000
904 167.848000 38844.250000 38844.250000
905 168.022000 38844.250000 38844.250000
906 168.216000 38844.250000 38844.250000
907 168.395000 38844.250000 38844.250000
908 168.570000 38844.250000 38844.250000
909 168.769000 38844.250000 38844.250000
910 168.951000 38844.250000 38844.250000
911 169.157000 38844.250000 38899.699219
912 169.350000 38844.250000 38874.878906
913 169.564000 38844.250000 38880.902344
914 169.745000 38844.250000 38919.199219
915 169.928000 38844.250000 38918.867188
916 170.088000 38844.250000 38867.914063
917 170.260000 38844.250000 38844.250000
918 170.448000 38844.250000 38844.250000
919 170.634000 38844.250000 38844.250000
920 170.815000 38844.250000 38844.250000
921 171.001000 38844.250000 38844.250000
922 171.215000 38844.250000 38844.250000
923 171.380000 38844.250000 38867.093750
924 171.548000 38844.250000 38844.250000
925 171.733000 38844.250000 38844.250000
926 171.894000 38844.250000 38844.250000
927 172.075000 38844.250000 38844.250000
928 172.285000 38844.250000 38844.250000
929 172.474000 38844.250000 38887.203125
930 172.677000 38844.250000 38889.785156
931 172.832000 38844.250000 38844.250000
932 173.011000 38844.250000 38844.250000
933 173.184000 38844.250000 38844.250000
934 173.368000 38844.250000 38888.425781
935 173.556000 38844.250000 38874.210938
936 173.757000 38844.250000 38844.250000
937 173.963000 38844.250000 38844.250000
938 174.152000 38844.250000 38932.609375
939 174.336000 38844.250000 38844.250000
940 174.526000 38844.250000 38844.250000
941 174.689000 38844.250000 38844.250000
942 174.861000 38844.250000 38887.195313
943 175.036000 38844.250000 38844.250000
944 175.214000 38844.250000 38938.644531
945 175.405000 38844.250000 38926.261719
946 175.592000 38844.250000 38844.250000
947 175.790000 38844.250000 38844.250000
948 175.990000 38844.250000 38844.250000
949 176.179000 38844.250000 38900.968750
950 176.369000 38844.250000 38844.250000
951 176.564000 38844.250000 38872.843750
952 176.722000 38844.250000 38844.250000
953 176.903000 38844.250000 38844.250000
954 177.092000 38844.250000 38844.250000
955 177.264000 38844.250000 38844.250000
956 177.442000 38844.250000 38844.250000
957 177.618000 38844.250000 38884.156250
958 177.808000 38844.250000 38844.250000
959 177.989000 38844.250000 38844.250000
960 178.180000 38844.250000 38878.371094
961 178.376000 38844.250000 38844.250000
962 178.576000 38844.250000 38905.593750
963 178.756000 38844.250000 38844.250000
964 178.941000 38844.250000 38897.816406
965 179.120000 38844.250000 38893.199219
966 179.302000 38844.250000 38844.250000
967 179.493000 38844.250000 38917.457031
968 179.704000 38844.250000 38844.250000
969 179.880000 38844.250000 38844.250000
970 180.077000 38844.250000 38878.167969
971 180.272000 38844.250000 38844.250000
972 180.452000 38844.250000 38844.250000
973 180.632000 38844.250000 38844.250000
974 180.841000 38844.250000 38844.250000
975 181.038000 38844.250000 38883.074219
976 181.219000 38844.250000 38844.250000
977 181.420000 38844.250000 38856.734375
978 181.648000 38844.250000 38844.250000
979 181.845000 38844.250000 38901.738281
980 182.028000 38844.250000 38913.351563
981 182.221000 38844.250000 38896.906250
982 182.412000 38844.250000 38844.250000
983 182.600000 38844.250000 38844.250000
984 182.790000 38844.250000 38844.250000
985 182.961000 38844.250000 38844.250000
986 183.138000 38844.250000 38882.988281
987 183.339000 38844.250000 38844.250000
988 183.527000 38844.250000 38844.250000
989 183.737000 38844.250000 38844.250000
990 183.913000 38844.250000 38844.250000
991 184.096000 38844.250000 38868.691406
992 184.289000 38844.250000 38844.250000
993 184.475000 38844.250000 38844.250000
994 184.657000 38844.250000 38941.679688
995 184.838000 38844.250000 38844.250000
996 185.020000 38844.250000 38844.250000
997 185.202000 38844.250000 38848.214844
998 185.383000 38844.250000 38844.250000
999 185.573000 38844.250000 38844.250000
1000 185.755000 38844.250000 38844.250000
1001 185.939000 38844.250000 38844.250000
1002 186.120000 38844.250000 38844.250000
1003 186.286000 38844.250000 38844.250000
1004 186.477000 38844.250000 38859.359375
1005 186.675000 38844.250000 38844.250000
1006 186.862000 38844.250000 38844.250000
1007 187.043000 38844.250000 38852.156250
1008 187.232000 38844.250000 38977.039063
1009 187.401000 38844.250000 38899.101563
1010 187.596000 38844.250000 38844.250000
1011 187.781000 38844.250000 38881.968750
1012 187.955000 38844.250000 38844.250000
1013 188.120000 38844.250000 38910.285156
1014 188.330000 38844.250000 38844.250000
1015 188.500000 38844.250000 38844.250000
1016 188.676000 38844.250000 38844.250000
1017 188.843000 38844.250000 38844.250000
1018 189.041000 38844.250000 38844.250000
1019 189.217000 38844.250000 38844.250000
1020 189.400000 38844.250000 38844.250000
1021 189.579000 38844.250000 38844.250000
1022 189.789000 38844.250000 38844.250000
1023 189.972000 38844.250000 38897.820313
1024 190.157000 38844.250000 38844.250000
1025 190.349000 38844.250000 38844.250000
1026 190.528000 38844.250000 38844.250000
1027 190.722000 38844.250000 38844.250000
1028 190.899000 38844.250000 38844.250000
1029 191.082000 38844.250000 38844.250000
1030 191.270000 38844.250000 38844.250000
1031 191.463000 38844.250000 38844.250000
1032 191.648000 38844.250000 38855.496094
1033 191.825000 38844.250000 38895.679688
1034 192.007000 38844.250000 38844.250000
1035 192.173000 38844.250000 38844.250000
1036 192.354000 38844.250000 38844.250000
1037 192.546000 38844.250000 38844.250000
1038 192.739000 38844.250000 38913.308594
1039 192.913000 38844.250000 38885.031250
1040 193.101000 38844.250000 38866.656250
1041 193.295000 38844.250000 38844.250000
1042 193.477000 38844.250000 38844.250000
1043 193.665000 38844.250000 38863.996094
1044 193.852000 38844.250000 38860.921875
1045 194.031000 38844.250000 38844.250000
1046 194.220000 38844.250000 38844.250000
1047 194.403000 38844.250000 38863.214844
1048 194.577000 38844.250000 38844.250000
1049 194.762000 38844.250000 38844.250000
1050 194.953000 38844.250000 38844.250000
1051 195.133000 38844.250000 38844.250000
1052 195.310000 38844.250000 38844.250000
1053 195.497000 38844.250000 38902.234375
1054 195.707000 38844.250000 38844.250000
1055 195.894000 38844.250000 38887.734375
1056 196.087000 38844.250000 38868.804688
1057 196.252000 38844.250000 38946.199219
1058 196.442000 38844.250000 38844.250000
1059 196.595000 38844.250000 38901.746094
1060 196.791000 38844.250000 38844.250000
1061 196.955000 38844.250000 38844.250000
1062 197.143000 38844.250000 38865.921875
1063 197.344000 38844.250000 38844.250000
1064 197.532000 38844.250000 38844.250000
1065 197.705000 38844.250000 38844.250000
1066 197.894000 38844.250000 38844.250000
1067 198.067000 38844.250000 38863.371094
1068 198.237000 38844.250000 38906.839844
1069 198.460000 38844.250000 38851.859375
1070 198.633000 38844.250000 38844.250000
1071 198.799000 38844.250000 38844.250000
1072 198.984000 38844.250000 38844.250000
1073 199.159000 38844.250000 38844.250000
1074 199.349000 38844.250000 38864.234375
1075 199.526000 38844.250000 38844.250000
1076 199.706000 38844.250000 38844.250000
1077 199.886000 38844.250000 38844.250000
1078 200.072000 38844.250000 38855.136719
1079 200.279000 38844.250000 38844.250000
1080 200.459000 38844.250000 38844.250000
1081 200.650000 38844.250000 38848.851563
1082 200.830000 38844.250000 38844.250000
1083 201.021000 38844.250000 38844.250000
1084 201.208000 38844.250000 38844.250000
1085 201.393000 38844.250000 38847.511719
1086 201.591000 38844.250000 38846.523438
1087 201.772000 38844.250000 38844.250000
1088 201.949000 38844.250000 38844.250000
1089 202.116000 38844.250000 38844.250000
1090 202.307000 38844.250000 38844.250000
1091 202.504000 38844.250000 38844.250000
1092 202.671000 38844.250000 38844.250000
1093 202.848000 38844.250000 38844.250000
1094 203.025000 38844.250000 38844.250000
1095 203.213000 38844.250000 38933.761719
1096 203.392000 38844.250000 38844.250000
1097 203.564000 38844.250000 38880.121094
1098 203.753000 38844.250000 38914.335938
1099 203.914000 38844.250000 38944.707031
1100 204.101000 38844.250000 38870.089844
1101 204.289000 38844.250000 38844.250000
1102 204.474000 38844.250000 38844.250000
1103 204.672000 38844.250000 38878.105469
1104 204.872000 38844.250000 38844.250000
1105 205.054000 38844.250000 38904.574219
1106 205.232000 38844.250000 38844.250000
1107 205.424000 38844.250000 38844.250000
1108 205.619000 38844.250000 38844.250000
1109 205.795000 38844.250000 38844.250000
1110 205.985000 38844.250000 38844.250000
1111 206.171000 38844.250000 38844.250000
1112 206.367000 38844.250000 38844.250000
1113 206.536000 38844.250000 38844.250000
1114 206.710000 38844.250000 38844.250000
1115 206.899000 38844.250000 38844.250000
1116 207.096000 38844.250000 38844.250000
1117 207.283000 38844.250000 38889.371094
1118 207.471000 38844.250000 38844.250000
1119 207.660000 38844.250000 38844.250000
1120 207.833000 38844.250000 38844.250000
1121 208.012000 38844.250000 38844.250000
1122 208.201000 38844.250000 38888.019531
1123 208.387000 38844.250000 38889.148438
1124 208.546000 38844.250000 38844.250000
1125 208.736000 38844.250000 38934.210938
1126 208.896000 38844.250000 38844.250000
1127 209.101000 38844.250000 38894.246094
1128 209.299000 38844.250000 38869.449219
1129 209.477000 38844.250000 38844.250000
1130 209.668000 38844.250000 38915.191406
1131 209.847000 38844.250000 38844.250000
1132 210.033000 38844.250000 38844.250000
1133 210.252000 38844.250000 38844.250000
1134 210.433000 38844.250000 38844.250000
1135 210.632000 38844.250000 38844.250000
1136 210.805000 38844.250000 38844.250000
1137 210.981000 38844.250000 38844.250000
1138 211.175000 38844.250000 38844.250000
1139 211.370000 38844.250000 38844.250000
1140 211.568000 38844.250000 38890.488281
1141 211.754000 38844.250000 38881.003906
1142 211.938000 38844.250000 38844.250000
1143 212.147000 38844.250000 38892.589844
1144 212.354000 38844.250000 38915.468750
1145 212.555000 38844.250000 38844.250000
1146 212.754000 38844.250000 38844.250000
1147 212.935000 38844.250000 38844.250000
1148 213.115000 38844.250000 38844.250000
1149 213.289000 38844.250000 38931.925781
1150 213.465000 38844.250000 38844.250000
1151 213.662000 38844.250000 38853.453125
1152 213.845000 38844.250000 38844.250000
1153 214.034000 38844.250000 38844.250000
1154 214.206000 38844.250000 38844.250000
1155 214.389000 38844.250000 38844.250000
1156 214.562000 38844.250000 38844.250000
1157 214.780000 38844.250000 38878.960938
1158 214.946000 38844.250000 38844.250000
1159 215.129000 38844.250000 38844.250000
1160 215.318000 38844.250000 38873.976563
1161 215.512000 38844.250000 38844.250000
1162 215.705000 38844.250000 38965.140625
1163 215.893000 38844.250000 38910.050781
1164 216.084000 38844.250000 38844.250000
1165 216.283000 38844.250000 38898.164063
1166 216.496000 38844.250000 38844.250000
1167 216.681000 38844.250000 38844.250000
1168 216.882000 38844.250000 38844.250000
1169 217.066000 38844.250000 38844.250000
1170 217.257000 38844.250000 38844.250000
1171 217.439000 38844.250000 38844.250000
1172 217.626000 38844.250000 38844.250000
1173 217.814000 38844.250000 38892.113281
1174 217.993000 38844.250000 38875.988281
1175 218.189000 38844.250000 38844.250000
1176 218.363000 38844.250000 38894.976563
1177 218.564000 38844.250000 38844.250000
1178 218.748000 38844.250000 38894.859375
1179 218.937000 38844.250000 38844.250000
1180 219.123000 38844.250000 38844.250000
1181 219.303000 38844.250000 38844.250000
1182 219.491000 38844.250000 38844.250000
1183 219.676000 38844.250000 38957.199219
1184 219.854000 38844.250000 38909.148438
1185 220.037000 38844.250000 38865.218750
1186 220.219000 38844.250000 38863.988281
1187 220.401000 38844.250000 38901.531250
1188 220.584000 38844.250000 38844.250000
1189 220.776000 38844.250000 38908.003906
1190 220.944000 38844.250000 38844.250000
1191 221.141000 38844.250000 38844.250000
1192 221.330000 38844.250000 38844.250000
1193 221.493000 38844.250000 38844.250000
1194 221.679000 38844.250000 38844.250000
1195 221.860000 38844.250000 38844.250000
1196 222.036000 38844.250000 38844.250000
1197 222.208000 38844.250000 38844.250000
1198 222.397000 38844.250000 38844.250000
1199 222.575000 38844.250000 38844.250000
1200 222.775000 38844.250000 38844.250000
1201 222.959000 38844.250000 38844.250000
1202 223.143000 38844.250000 38844.250000
1203 223.310000 38844.250000 38844.250000
1204 223.504000 38844.250000 38844.250000
1205 223.669000 38844.250000 38905.996094
1206 223.845000 38844.250000 38844.250000
1207 224.039000 38844.250000 38850.019531
1208 224.239000 38844.250000 38913.136719
1209 224.432000 38844.250000 38889.609375
1210 224.619000 38844.250000 38881.925781
1211 224.786000 38844.250000 38844.250000
1212 224.993000 38844.250000 38844.250000
1213 225.182000 38844.250000 38844.250000
1214 225.368000 38844.250000 38844.250000
1215 225.550000 38844.250000 38844.250000
1216 225.768000 38844.250000 38916.566406
1217 225.957000 38844.250000 39059.539063
1218 226.141000 38844.250000 38912.746094
1219 226.343000 38844.250000 38863.753906
1220 226.511000 38844.250000 38920.683594
1221 226.704000 38844.250000 38844.250000
1222 226.884000 38844.250000 38880.417969
1223 227.057000 38844.250000 38844.250000
1224 227.255000 38844.250000 38844.250000
1225 227.434000 38844.250000 38907.867188
1226 227.614000 38844.250000 38890.054688
1227 227.793000 38844.250000 38879.871094
1228 227.977000 38844.250000 38844.250000
1229 228.163000 38844.250000 38844.250000
1230 228.355000 38844.250000 38844.250000
1231 228.521000 38844.250000 38844.250000
1232 228.706000 38844.250000 38844.250000
1233 228.885000 38844.250000 38882.968750
1234 229.067000 38844.250000 38844.250000
1235 229.238000 38844.250000 38844.250000
1236 229.422000 38844.250000 38844.250000
1237 229.626000 38844.250000 38844.250000
1238 229.796000 38844.250000 38844.250000
1239 229.977000 38844.250000 38844.250000
1240 230.166000 38844.250000 38844.250000
1241 230.361000 38844.250000 38844.250000
1242 230.552000 38844.250000 38844.250000
1243 230.732000 38844.250000 38844.250000
1244 230.926000 38844.250000 38872.500000
1245 231.117000 38844.250000 38844.250000
1246 231.294000 38844.250000 38844.250000
1247 231.465000 38844.250000 38844.250000
1248 231.650000 38844.250000 38844.250000
1249 231.837000 38844.250000 38844.250000
1250 232.039000 38844.250000 38844.250000
1251 232.228000 38844.250000 38913.363281
1252 232.420000 38844.250000 38867.062500
1253 232.622000 38844.250000 38844.250000
1254 232.802000 38844.250000 38844.250000
1255 232.976000 38844.250000 38850.835938
1256 233.171000 38844.250000 38844.250000
1257 233.365000 38844.250000 38844.250000
1258 233.578000 38844.250000 38844.250000
1259 233.753000 38844.250000 38852.546875
1260 233.943000 38844.250000 38844.250000
1261 234.122000 38844.250000 38925.871094
1262 234.297000 38844.250000 38844.250000
1263 234.461000 38844.250000 38899.289063
1264 234.638000 38844.250000 38844.250000
1265 234.817000 38844.250000 38844.250000
1266 235.000000 38844.250000 38844.250000
1267 235.190000 38844.250000 38844.250000
1268 235.375000 38844.250000 38844.250000
1269 235.571000 38844.250000 38844.250000
1270 235.756000 38844.250000 38844.250000
1271 235.951000 38844.250000 38844.250000
1272 236.170000 38844.250000 38844.250000
1273 236.349000 38844.250000 38844.250000
1274 236.523000 38844.250000 38844.250000
1275 236.713000 38844.250000 38844.250000
1276 236.904000 38844.250000 38844.250000
1277 237.084000 38844.250000 38844.250000
1278 237.265000 38844.250000 38844.250000
1279 237.440000 38844.250000 38844.250000
1280 237.637000 38844.250000 38855.359375
1281 237.823000 38844.250000 38935.148438
1282 238.015000 38844.250000 38881.687500
1283 238.186000 38844.250000 38880.453125
1284 238.355000 38844.250000 38882.738281
1285 238.536000 38844.250000 38844.250000
1286 238.723000 38844.250000 38844.250000
1287 238.910000 38844.250000 38872.406250
1288 239.085000 38844.250000 38844.250000
1289 239.272000 38844.250000 38844.250000
1290 239.463000 38844.250000 38878.324219
1291 239.643000 38844.250000 38844.250000
1292 239.826000 38844.250000 38882.898438
1293 240.015000 38844.250000 38844.250000
1294 240.210000 38844.250000 38935.617188
1295 240.374000 38844.250000 38862.867188
1296 240.579000 38844.250000 38844.250000
1297 240.762000 38844.250000 38909.351563
1298 240.955000 38844.250000 38844.250000
1299 241.194000 38844.250000 38879.335938
1300 241.378000 38844.250000 38844.250000
1301 241.566000 38844.250000 38844.250000
1302 241.759000 38844.250000 38899.542969
1303 241.953000 38844.250000 38846.093750
1304 242.161000 38844.250000 38929.394531
1305 242.361000 38844.250000 38930.136719
1306 242.554000 38844.250000 38888.046875
1307 242.738000 38844.250000 38844.250000
1308 242.937000 38844.250000 38844.250000
1309 243.134000 38844.250000 38844.250000
1310 243.309000 38844.250000 38861.183594
1311 243.498000 38844.250000 38844.250000
1312 243.669000 38844.250000 38844.250000
1313 243.869000 38844.250000 38844.250000
1314 244.039000 38844.250000 38872.355469
1315 244.233000 38844.250000 38844.250000
1316 244.431000 38844.250000 38851.867188
1317 244.649000 38844.250000 38844.250000
1318 244.847000 38844.250000 38844.250000
1319 245.036000 38844.250000 38844.250000
1320 245.221000 38844.250000 38954.953125
1321 245.405000 38844.250000 38866.449219
1322 245.598000 38844.250000 38890.753906
1323 245.777000 38844.250000 38844.250000
1324 245.970000 38844.250000 38844.250000
1325 246.163000 38844.250000 38844.250000
1326 246.345000 38844.250000 38844.250000
1327 246.538000 38844.250000 38844.250000
1328 246.711000 38844.250000 38844.250000
1329 246.894000 38844.250000 38844.250000
1330 247.084000 38844.250000 38872.964844
1331 247.273000 38844.250000 38844.250000
1332 247.453000 38844.250000 38888.398438
1333 247.632000 38844.250000 38844.250000
1334 247.818000 38844.250000 38844.250000
1335 248.001000 38844.250000 38858.500000
1336 248.177000 38844.250000 38844.250000
1337 248.353000 38844.250000 38844.250000
1338 248.537000 38844.250000 38877.945313
1339 248.724000 38844.250000 38910.976563
1340 248.894000 38844.250000 38844.250000
1341 249.080000 38844.250000 38844.250000
1342 249.279000 38844.250000 38844.250000
1343 249.440000 38844.250000 38844.250000
1344 249.632000 38844.250000 38844.250000
1345 249.804000 38844.250000 38844.250000
1346 249.995000 38844.250000 38844.250000
1347 250.173000 38844.250000 38844.250000
1348 250.354000 38844.250000 38844.250000
1349 250.537000 38844.250000 38844.250000
1350 250.724000 38844.250000 38917.750000
1351 250.917000 38844.250000 38878.988281
1352 251.086000 38844.250000 38844.250000
1353 251.257000 38844.250000 38844.250000
1354 251.445000 38844.250000 38868.406250
1355 251.648000 38844.250000 38858.621094
1356 251.834000 38844.250000 38871.019531
1357 252.007000 38844.250000 38911.386719
1358 252.184000 38844.250000 38892.265625
1359 252.369000 38844.250000 38886.765625
1360 252.551000 38844.250000 38877.636719
1361 252.741000 38844.250000 38894.089844
1362 252.925000 38844.250000 38844.250000
1363 253.102000 38844.250000 38866.640625
1364 253.277000 38844.250000 38844.250000
1365 253.451000 38844.250000 38844.250000
1366 253.633000 38844.250000 38844.250000
1367 253.826000 38844.250000 38844.250000
1368 254.017000 38844.250000 38844.250000
1369 254.196000 38844.250000 38844.250000
1370 254.391000 38844.250000 38844.250000
1371 254.605000 38844.250000 38844.250000
1372 254.807000 38844.250000 38844.250000
1373 254.975000 38844.250000 38844.250000
1374 255.158000 38844.250000 38844.250000
1375 255.338000 38844.250000 38844.250000
1376 255.535000 38844.250000 38844.250000
1377 255.707000 38844.250000 38844.250000
1378 255.900000 38844.250000 38844.250000
1379 256.122000 38844.250000 38844.250000
1380 256.326000 38844.250000 38901.046875
1381 256.528000 38844.250000 38844.250000
1382 256.699000 38844.250000 38915.039063
1383 256.879000 38844.250000 38844.250000
1384 257.078000 38844.250000 38844.250000
1385 257.266000 38844.250000 38844.250000
1386 257.457000 38844.250000 38844.250000
1387 257.649000 38844.250000 38844.250000
1388 257.834000 38844.250000 38844.250000
1389 258.008000 38844.250000 38844.250000
1390 258.186000 38844.250000 38844.250000
1391 258.358000 38844.250000 38844.250000
1392 258.532000 38844.250000 38844.250000
1393 258.696000 38844.250000 38844.250000
1394 258.883000 38844.250000 38931.683594
1395 259.063000 38844.250000 38844.250000
1396 259.251000 38844.250000 38887.613281
1397 259.431000 38844.250000 38889.714844
1398 259.605000 38844.250000 38874.894531
1399 259.782000 38844.250000 38844.250000
1400 259.991000 38844.250000 38844.250000
1401 260.180000 38844.250000 38844.250000
1402 260.363000 38844.250000 38844.250000
1403 260.543000 38844.250000 38844.250000
1404 260.720000 38844.250000 38861.636719
1405 260.894000 38844.250000 38844.250000
1406 261.089000 38844.250000 38844.250000
1407 261.273000 38844.250000 38844.250000
1408 261.451000 38844.250000 38844.250000
1409 261.619000 38844.250000 38895.808594
1410 261.808000 38844.250000 38844.250000
1411 262.001000 38844.250000 38844.250000
1412 262.191000 38844.250000 38844.250000
1413 262.370000 38844.250000 38844.250000
1414 262.542000 38844.250000 38844.250000
1415 262.751000 38844.250000 38895.320313
1416 262.942000 38844.250000 38844.250000
1417 263.129000 38844.250000 38844.250000
1418 263.321000 38844.250000 38844.250000
1419 263.502000 38844.250000 38844.250000
1420 263.688000 38844.250000 38844.250000
1421 263.869000 38844.250000 38844.250000
1422 264.054000 38844.250000 38844.250000
1423 264.246000 38844.250000 38844.250000
1424 264.444000 38844.250000 38844.250000
1425 264.616000 38844.250000 38844.250000
1426 264.794000 38844.250000 38906.589844
1427 264.982000 38844.250000 38844.250000
1428 265.163000 38844.250000 38844.250000
1429 265.349000 38844.250000 38844.250000
1430 265.535000 38844.250000 38844.250000
1431 265.727000 38844.250000 38844.250000
1432 265.900000 38844.250000 38844.250000
1433 266.083000 38844.250000 38844.250000
1434 266.263000 38844.250000 38844.250000
1435 266.456000 38844.250000 38844.250000
1436 266.625000 38844.250000 38857.539063
1437 266.823000 38844.250000 38892.863281
1438 266.999000 38844.250000 38881.406250
1439 267.200000 38844.250000 38844.250000
1440 267.398000 38844.250000 38844.250000
1441 267.573000 38844.250000 38844.250000
1442 267.779000 38844.250000 38844.250000
1443 267.960000 38844.250000 38844.250000
1444 268.130000 38844.250000 38844.250000
1445 268.309000 38844.250000 38844.250000
1446 268.522000 38844.250000 38844.250000
1447 268.701000 38844.250000 38844.250000
1448 268.893000 38844.250000 38844.250000
1449 269.084000 38844.250000 38844.250000
1450 269.251000 38844.250000 38844.250000
1451 269.446000 38844.250000 38844.250000
1452 269.628000 38844.250000 38869.589844
1453 269.804000 38844.250000 38844.250000
1454 269.996000 38844.250000 38844.250000
1455 270.183000 38844.250000 38844.250000
1456 270.349000 38844.250000 38844.250000
1457 270.528000 38844.250000 38844.250000
1458 270.693000 38844.250000 38844.250000
1459 270.865000 38844.250000 38893.390625
1460 271.046000 38844.250000 38844.250000
1461 271.217000 38844.250000 38844.250000
1462 271.402000 38844.250000 38844.250000
1463 271.602000 38844.250000 38844.250000
1464 271.778000 38844.250000 38844.250000
1465 271.955000 38844.250000 38844.250000
1466 272.122000 38844.250000 38906.933594
1467 272.300000 38844.250000 38844.250000
1468 272.462000 38844.250000 38844.250000
1469 272.649000 38844.250000 38844.250000
1470 272.826000 38844.250000 38844.250000
1471 273.011000 38844.250000 38844.250000
1472 273.199000 38844.250000 38857.121094
1473 273.381000 38844.250000 38844.250000
1474 273.573000 38844.250000 38881.046875
1475 273.740000 38844.250000 38844.250000
1476 273.925000 38844.250000 38885.296875
1477 274.133000 38844.250000 38911.421875
1478 274.314000 38844.250000 38844.250000
1479 274.504000 38844.250000 38844.250000
1480 274.717000 38844.250000 38874.613281
1481 274.895000 38844.250000 38844.250000
1482 275.071000 38844.250000 38844.250000
1483 275.244000 38844.250000 38844.250000
1484 275.430000 38844.250000 38844.250000
1485 275.638000 38844.250000 38844.250000
1486 275.840000 38844.250000 38844.250000
1487 276.015000 38844.250000 38844.250000
1488 276.210000 38844.250000 38859.023438
1489 276.399000 38844.250000 38844.250000
1490 276.577000 38844.250000 38844.250000
1491 276.761000 38844.250000 38869.613281
1492 276.933000 38844.250000 38927.113281
1493 277.121000 38844.250000 38844.250000
1494 277.314000 38844.250000 38848.636719
1495 277.483000 38844.250000 38904.796875
1496 277.665000 38844.250000 38901.480469
1497 277.850000 38844.250000 38844.250000
1498 278.044000 38844.250000 38844.250000
1499 278.218000 38844.250000 38844.250000
1500 278.398000 38844.250000 38844.250000
1501 278.589000 38844.250000 38844.250000
1502 278.776000 38844.250000 38844.250000
1503 278.972000 38844.250000 38844.250000
1504 279.168000 38844.250000 38844.250000
1505 279.373000 38844.250000 38844.250000
1506 279.569000 38844.250000 38844.250000
1507 279.762000 38844.250000 38844.250000
1508 279.958000 38844.250000 38844.250000
1509 280.148000 38844.250000 38881.421875
1510 280.364000 38844.250000 38844.250000
1511 280.547000 38844.250000 38844.250000
1512 280.731000 38844.250000 38844.250000
1513 280.914000 38844.250000 38844.250000
1514 281.084000 38844.250000 38844.250000
1515 281.291000 38844.250000 38844.250000
1516 281.464000 38844.250000 38844.250000
1517 281.658000 38844.250000 38844.250000
1518 281.837000 38844.250000 38900.933594
1519 282.027000 38844.250000 38844.250000
1520 282.210000 38844.250000 38844.250000
1521 282.408000 38844.250000 38845.960938
1522 282.599000 38844.250000 38854.273438
1523 282.759000 38844.250000 38844.250000
1524 282.947000 38844.250000 38844.250000
1525 283.124000 38844.250000 38844.250000
1526 283.303000 38844.250000 38844.250000
1527 283.502000 38844.250000 38880.816406
1528 283.693000 38844.250000 38844.250000
1529 283.861000 38844.250000 38844.250000
1530 284.028000 38844.250000 38844.250000
1531 284.194000 38844.250000 38844.250000
1532 284.381000 38844.250000 38844.250000
1533 284.574000 38844.250000 38873.210938
1534 284.771000 38844.250000 38844.250000
1535 284.974000 38844.250000 38844.250000
1536 285.158000 38844.250000 38895.843750
1537 285.332000 38844.250000 38844.250000
1538 285.525000 38844.250000 38844.250000
1539 285.709000 38844.250000 38844.250000
1540 285.899000 38844.250000 38844.250000
1541 286.076000 38844.250000 38844.250000
1542 286.259000 38844.250000 38872.363281
1543 286.449000 38844.250000 38873.648438
1544 286.641000 38844.250000 38844.250000
1545 286.823000 38844.250000 38844.250000
1546 287.020000 38844.250000 38844.250000
1547 287.191000 38844.250000 38844.250000
1548 287.373000 38844.250000 38844.250000
1549 287.555000 38844.250000 38844.250000
1550 287.741000 38844.250000 38844.250000
1551 287.918000 38844.250000 38844.250000
1552 288.098000 38844.250000 38844.250000
1553 288.278000 38844.250000 38948.140625
1554 288.470000 38844.250000 38901.523438
1555 288.644000 38844.250000 38844.250000
1556 288.841000 38844.250000 38844.250000
1557 289.031000 38844.250000 38870.562500
1558 289.206000 38844.250000 38844.250000
1559 289.392000 38844.250000 38844.250000
1560 289.565000 38844.250000 38844.250000
1561 289.746000 38844.250000 38844.250000
1562 289.937000 38844.250000 38844.250000
1563 290.143000 38844.250000 38844.250000
1564 290.343000 38844.250000 38844.250000
1565 290.517000 38844.250000 38904.136719
1566 290.720000 38844.250000 38934.937500
1567 290.905000 38844.250000 38879.585938
1568 291.092000 38844.250000 38844.250000
1569 291.291000 38844.250000 38911.351563
1570 291.487000 38844.250000 38869.667969
1571 291.655000 38844.250000 38844.250000
1572 291.856000 38844.250000 38844.250000
1573 292.053000 38844.250000 38844.250000
1574 292.249000 38844.250000 38844.250000
1575 292.437000 38844.250000 38844.250000
1576 292.621000 38844.250000 38844.250000
1577 292.810000 38844.250000 38914.789063
1578 293.001000 38844.250000 38933.148438
1579 293.191000 38844.250000 38907.363281
1580 293.363000 38844.250000 38844.250000
