0 0.000000 24698.500000 27009.876953
1 0.007000 24698.500000 27009.876953
2 0.015000 23653.193359 26866.306641
3 0.021000 23653.193359 27359.773438
4 0.026000 23476.927734 27931.445313
5 0.034000 23377.220703 28628.232422
6 0.040000 23229.228516 28959.210938
7 0.047000 23229.228516 29309.306641
8 0.052000 23098.732422 29937.876953
9 0.058000 22832.873047 29712.046875
10 0.065000 22832.873047 30180.414063
11 0.073000 22551.582031 30209.664063
12 0.080000 22522.802734 31268.380859
13 0.086000 22522.802734 32613.117188
14 0.094000 22265.667969 32381.376953
15 0.100000 22265.667969 32466.812500
16 0.105000 22265.667969 32602.527344
17 0.111000 22265.667969 32369.199219
18 0.119000 22265.667969 31807.609375
19 0.124000 22265.667969 32475.867188
20 0.132000 22265.667969 31686.927734
21 0.137000 22265.667969 32334.240234
22 0.143000 22265.667969 32211.613281
23 0.150000 22265.667969 32580.197266
24 0.155000 22265.667969 32471.404297
25 0.162000 22265.667969 32391.175781
26 0.171000 22143.087891 32977.210938
27 0.177000 22143.087891 32967.046875
28 0.184000 22143.087891 32745.634766
29 0.189000 22143.087891 32915.964844
30 0.196000 22075.539063 32837.906250
31 0.202000 22041.710938 33347.808594
32 0.208000 22041.710938 32753.988281
33 0.216000 22041.710938 33009.226563
34 0.222000 22041.710938 33496.804688
35 0.228000 22041.710938 34254.964844
36 0.234000 22041.710938 33001.062500
37 0.240000 22041.710938 32183.078125
38 0.247000 22041.710938 32516.015625
39 0.253000 22041.710938 33973.707031
40 0.259000 22041.710938 34493.121094
41 0.266000 22041.710938 33840.105469
42 0.272000 22041.710938 33551.210938
43 0.278000 22041.710938 33619.007813
44 0.284000 22041.710938 33578.328125
45 0.291000 22041.710938 33759.656250
46 0.298000 22041.710938 34329.617188
47 0.303000 22041.710938 35069.125000
48 0.310000 22041.710938 35303.796875
49 0.316000 22041.710938 35840.238281
50 0.323000 22041.710938 36422.125000
51 0.329000 22041.710938 35996.121094
52 0.335000 22041.710938 36293.910156
53 0.341000 22041.710938 35928.753906
54 0.348000 22041.710938 35564.742188
55 0.354000 22041.710938 35162.191406
56 0.360000 22041.710938 35916.785156
57 0.367000 22041.710938 37384.675781
58 0.374000 22041.710938 37116.679688
59 0.381000 22041.710938 37701.648438
60 0.388000 22041.710938 37010.972656
61 0.394000 22041.710938 35557.269531
62 0.401000 22041.710938 36692.648438
63 0.407000 22041.710938 36170.777344
64 0.414000 22041.710938 37100.417969
65 0.421000 22041.710938 36621.890625
66 0.427000 22041.710938 37425.523438
67 0.435000 21924.972656 36528.843750
68 0.441000 21924.972656 36705.410156
69 0.447000 21924.972656 35653.031250
70 0.455000 21924.972656 35355.906250
71 0.462000 21924.972656 34962.277344
72 0.469000 21924.972656 35156.156250
73 0.475000 21924.972656 35319.140625
74 0.482000 21924.972656 35208.847656
75 0.488000 21924.972656 35063.386719
76 0.494000 21924.972656 34809.308594
77 0.501000 21924.972656 35949.113281
78 0.508000 21924.972656 35726.335938
79 0.514000 21924.972656 36111.093750
80 0.521000 21924.972656 36080.882813
81 0.529000 21815.675781 35764.613281
82 0.536000 21815.675781 34698.925781
83 0.547000 21815.675781 33796.421875
84 0.554000 21815.675781 33914.261719
85 0.560000 21815.675781 33720.109375
86 0.568000 21815.675781 33658.816406
87 0.576000 21815.675781 34280.656250
88 0.582000 21815.675781 34472.257813
89 0.589000 21815.675781 34449.496094
90 0.597000 21815.675781 34331.851563
91 0.604000 21815.675781 34255.636719
92 0.610000 21815.675781 34826.136719
93 0.617000 21815.675781 35179.046875
94 0.623000 21815.675781 36000.296875
95 0.630000 21815.675781 35859.078125
96 0.636000 21815.675781 34903.515625
97 0.644000 21815.675781 35256.296875
98 0.651000 21815.675781 35192.703125
99 0.657000 21815.675781 35299.003906
100 0.663000 21815.675781 35240.640625
101 0.671000 21815.675781 36245.039063
102 0.678000 21815.675781 36869.179688
103 0.684000 21815.675781 35771.089844
104 0.690000 21815.675781 35809.476563
105 0.697000 21815.675781 34967.843750
106 0.705000 21815.675781 34524.093750
107 0.711000 21815.675781 35005.851563
108 0.718000 21815.675781 34471.289063
109 0.724000 21815.675781 33806.414063
110 0.730000 21815.675781 34830.386719
111 0.738000 21815.675781 34118.273438
112 0.746000 21815.675781 34502.011719
113 0.752000 21815.675781 34295.949219
114 0.759000 21815.675781 34918.152344
115 0.765000 21815.675781 35445.191406
116 0.771000 21815.675781 35521.742188
117 0.776000 21815.675781 36697.816406
118 0.784000 21815.675781 36371.632813
119 0.791000 21815.675781 36313.476563
120 0.799000 21815.675781 37657.316406
121 0.805000 21815.675781 37188.171875
122 0.811000 21815.675781 37573.671875
123 0.817000 21815.675781 37544.949219
124 0.823000 21815.675781 36832.265625
125 0.829000 21815.675781 37559.417969
126 0.836000 21815.675781 37408.031250
127 0.842000 21815.675781 37315.160156
128 0.848000 21815.675781 36487.234375
129 0.854000 21815.675781 36153.871094
130 0.862000 21815.675781 36268.960938
131 0.866000 21815.675781 36322.343750
132 0.873000 21815.675781 36772.167969
133 0.880000 21815.675781 35940.746094
134 0.887000 21815.675781 36148.671875
135 0.893000 21815.675781 35423.851563
136 0.900000 21815.675781 35122.484375
137 0.907000 21815.675781 35119.085938
138 0.913000 21815.675781 36052.066406
139 0.920000 21815.675781 35744.832031
140 0.927000 21815.675781 35121.281250
141 0.933000 21815.675781 35565.839844
142 0.941000 21815.675781 35120.945313
143 0.948000 21815.675781 34971.109375
144 0.959000 21815.675781 34613.585938
145 0.966000 21815.675781 33850.460938
146 0.974000 21815.675781 33905.644531
147 0.982000 21815.675781 33088.488281
148 0.989000 21815.675781 33680.972656
149 0.995000 21815.675781 33670.011719
150 1.002000 21815.675781 34462.347656
151 1.009000 21815.675781 34499.273438
152 1.016000 21815.675781 34627.078125
153 1.023000 21815.675781 35403.226563
154 1.029000 21815.675781 34814.644531
155 1.036000 21815.675781 34629.273438
156 1.042000 21815.675781 34741.664063
157 1.048000 21815.675781 34230.558594
158 1.055000 21815.675781 34554.019531
159 1.062000 21815.675781 34839.636719
160 1.069000 21815.675781 34740.218750
161 1.075000 21815.675781 35187.390625
162 1.082000 21815.675781 34699.992188
163 1.089000 21815.675781 34485.906250
164 1.095000 21815.675781 34933.726563
165 1.102000 21726.662109 34666.187500
166 1.108000 21726.662109 35060.199219
167 1.115000 21726.662109 35514.054688
168 1.121000 21726.662109 35724.511719
169 1.127000 21726.662109 35470.707031
170 1.132000 21726.662109 35390.390625
171 1.139000 21726.662109 34684.343750
172 1.145000 21726.662109 34774.691406
173 1.151000 21726.662109 35311.601563
174 1.158000 21726.662109 34999.203125
175 1.166000 21726.662109 35359.199219
176 1.171000 21726.662109 35496.808594
177 1.178000 21726.662109 34885.378906
178 1.185000 21726.662109 35041.031250
179 1.191000 21726.662109 34988.585938
180 1.199000 21726.662109 35282.937500
181 1.204000 21726.662109 35690.062500
182 1.212000 21726.662109 36162.011719
183 1.218000 21726.662109 35705.906250
184 1.224000 21726.662109 36073.433594
185 1.230000 21726.662109 36557.570313
186 1.236000 21726.662109 36051.101563
187 1.244000 21726.662109 36552.382813
188 1.252000 21726.662109 36457.953125
189 1.258000 21726.662109 36462.640625
190 1.264000 21726.662109 36740.617188
191 1.271000 21726.662109 35631.261719
192 1.277000 21726.662109 35068.992188
193 1.284000 21726.662109 35316.152344
194 1.291000 21726.662109 35279.937500
195 1.298000 21726.662109 35437.777344
196 1.305000 21726.662109 34688.531250
197 1.311000 21726.662109 35566.660156
198 1.318000 21726.662109 35676.648438
199 1.324000 21726.662109 35418.531250
200 1.330000 21726.662109 35467.496094
201 1.336000 21726.662109 36242.328125
202 1.342000 21726.662109 34974.605469
203 1.348000 21726.662109 35637.382813
204 1.355000 21726.662109 35139.105469
205 1.361000 21726.662109 35170.285156
206 1.371000 21726.662109 34426.378906
207 1.377000 21726.662109 35945.269531
208 1.383000 21726.662109 36476.824219
209 1.389000 21726.662109 36115.058594
210 1.396000 21726.662109 36101.183594
211 1.402000 21726.662109 36045.804688
212 1.408000 21726.662109 36346.832031
213 1.415000 21726.662109 35880.781250
214 1.421000 21726.662109 35665.054688
215 1.429000 21726.662109 36745.980469
216 1.436000 21726.662109 36819.601563
217 1.442000 21726.662109 36603.082031
218 1.450000 21726.662109 36478.332031
219 1.457000 21726.662109 36391.136719
220 1.463000 21726.662109 36275.710938
221 1.470000 21726.662109 36850.636719
222 1.477000 21726.662109 36553.296875
223 1.483000 21726.662109 35680.375000
224 1.489000 21726.662109 36564.277344
225 1.496000 21726.662109 36262.015625
226 1.503000 21726.662109 36096.621094
227 1.510000 21726.662109 35946.601563
228 1.517000 21726.662109 36512.964844
229 1.523000 21726.662109 36626.687500
230 1.530000 21726.662109 36315.183594
231 1.537000 21726.662109 36760.851563
232 1.543000 21726.662109 36947.222656
233 1.550000 21726.662109 36427.644531
234 1.557000 21726.662109 36517.351563
235 1.565000 21726.662109 35882.246094
236 1.571000 21726.662109 35248.453125
237 1.577000 21726.662109 35093.589844
238 1.583000 21726.662109 35891.660156
239 1.590000 21726.662109 36012.488281
240 1.596000 21726.662109 36331.480469
241 1.603000 21726.662109 37424.753906
242 1.609000 21726.662109 36110.843750
243 1.616000 21726.662109 35688.804688
244 1.622000 21726.662109 36316.613281
245 1.628000 21726.662109 36949.125000
246 1.634000 21726.662109 36554.359375
247 1.640000 21726.662109 36846.113281
248 1.648000 21726.662109 35881.265625
249 1.654000 21726.662109 36563.281250
250 1.661000 21726.662109 37455.218750
251 1.668000 21726.662109 37636.414063
252 1.674000 21726.662109 37332.359375
253 1.681000 21726.662109 37306.468750
254 1.688000 21726.662109 37402.269531
255 1.695000 21726.662109 37269.593750
256 1.701000 21726.662109 36143.648438
257 1.708000 21726.662109 36827.050781
258 1.716000 21726.662109 36813.199219
259 1.722000 21726.662109 37200.500000
260 1.729000 21726.662109 36155.613281
261 1.739000 21726.662109 35543.609375
262 1.746000 21726.662109 35457.976563
263 1.754000 21726.662109 36206.128906
264 1.759000 21726.662109 36060.585938
265 1.768000 21726.662109 35973.539063
266 1.774000 21726.662109 37257.636719
267 1.781000 21726.662109 37536.453125
268 1.788000 21726.662109 37293.125000
269 1.793000 21726.662109 37178.121094
270 1.800000 21726.662109 36652.730469
271 1.806000 21726.662109 36532.328125
272 1.813000 21726.662109 36141.660156
273 1.819000 21726.662109 36655.664063
274 1.825000 21726.662109 35815.558594
275 1.832000 21726.662109 35945.996094
276 1.837000 21726.662109 35610.238281
277 1.843000 21726.662109 35156.371094
278 1.850000 21726.662109 35154.203125
279 1.856000 21726.662109 35989.851563
280 1.863000 21726.662109 35051.714844
281 1.869000 21726.662109 35728.902344
282 1.876000 21726.662109 35403.046875
283 1.883000 21726.662109 35217.578125
284 1.889000 21726.662109 34489.765625
285 1.896000 21726.662109 36532.621094
286 1.903000 21726.662109 36862.898438
287 1.909000 21726.662109 36605.148438
288 1.916000 21726.662109 36708.949219
289 1.924000 21726.662109 35589.433594
290 1.930000 21726.662109 35640.132813
291 1.937000 21726.662109 35282.851563
292 1.943000 21726.662109 35305.597656
293 1.950000 21726.662109 34797.304688
294 1.956000 21726.662109 34972.144531
295 1.963000 21726.662109 34267.078125
296 1.969000 21726.662109 35341.144531
297 1.975000 21726.662109 35320.835938
298 1.983000 21726.662109 35957.847656
299 1.989000 21726.662109 35268.218750
300 1.996000 21726.662109 35360.679688
301 2.002000 21726.662109 35235.027344
302 2.009000 21726.662109 34751.316406
303 2.015000 21726.662109 34837.781250
304 2.021000 21726.662109 35209.191406
305 2.027000 21726.662109 35666.093750
306 2.033000 21726.662109 35391.281250
307 2.040000 21726.662109 35943.265625
308 2.047000 21726.662109 35496.656250
309 2.053000 21726.662109 35940.011719
310 2.060000 21726.662109 36027.566406
311 2.066000 21726.662109 35971.460938
312 2.073000 21726.662109 36474.710938
313 2.079000 21726.662109 36089.546875
314 2.085000 21726.662109 36400.386719
315 2.091000 21726.662109 36229.726563
316 2.098000 21726.662109 35680.066406
317 2.105000 21726.662109 35151.007813
318 2.110000 21726.662109 35131.484375
319 2.116000 21726.662109 35529.457031
320 2.123000 21726.662109 35993.882813
321 2.129000 21726.662109 36004.343750
322 2.137000 21726.662109 35568.570313
323 2.143000 21726.662109 34766.015625
324 2.149000 21726.662109 34822.871094
325 2.156000 21726.662109 34787.578125
326 2.162000 21726.662109 34837.875000
327 2.169000 21726.662109 34943.679688
328 2.175000 21726.662109 34427.183594
329 2.180000 21726.662109 34025.652344
330 2.188000 21726.662109 35600.796875
331 2.194000 21726.662109 34868.210938
332 2.201000 21726.662109 35104.781250
333 2.207000 21726.662109 36251.640625
334 2.214000 21726.662109 36646.078125
335 2.220000 21726.662109 37143.648438
336 2.226000 21726.662109 36496.980469
337 2.232000 21726.662109 36908.246094
338 2.239000 21726.662109 37301.113281
339 2.246000 21726.662109 36594.914063
340 2.253000 21726.662109 36890.867188
341 2.259000 21726.662109 36435.121094
342 2.265000 21726.662109 37297.035156
343 2.273000 21726.662109 36646.117188
344 2.280000 21726.662109 36041.500000
345 2.286000 21726.662109 35102.082031
346 2.292000 21726.662109 35387.421875
347 2.299000 21726.662109 34973.656250
348 2.304000 21726.662109 34371.328125
349 2.310000 21726.662109 34937.019531
350 2.317000 21726.662109 35147.753906
351 2.325000 21726.662109 34045.402344
352 2.332000 21726.662109 36208.726563
353 2.339000 21726.662109 36118.808594
354 2.346000 21726.662109 35904.296875
355 2.353000 21726.662109 36082.214844
356 2.359000 21726.662109 35945.863281
357 2.366000 21726.662109 35845.527344
358 2.372000 21726.662109 35771.925781
359 2.379000 21726.662109 36457.234375
360 2.385000 21726.662109 36723.816406
361 2.392000 21726.662109 36512.281250
362 2.398000 21726.662109 36723.691406
363 2.404000 21726.662109 36592.332031
364 2.411000 21726.662109 36749.460938
365 2.417000 21726.662109 36674.039063
366 2.425000 21726.662109 36143.953125
367 2.431000 21726.662109 35862.460938
368 2.437000 21726.662109 36057.058594
369 2.444000 21726.662109 36261.503906
370 2.450000 21726.662109 35427.515625
371 2.456000 21726.662109 34719.917969
372 2.463000 21726.662109 34855.230469
373 2.469000 21726.662109 34711.906250
374 2.475000 21726.662109 35517.648438
375 2.482000 21726.662109 35310.300781
376 2.488000 21726.662109 35230.070313
377 2.494000 21726.662109 35742.339844
378 2.500000 21726.662109 35357.460938
379 2.507000 21726.662109 35432.539063
380 2.513000 21726.662109 35050.480469
381 2.520000 21726.662109 34581.843750
382 2.527000 21726.662109 34978.300781
383 2.533000 21726.662109 34587.531250
384 2.538000 21726.662109 34694.566406
385 2.545000 21726.662109 35342.019531
386 2.551000 21726.662109 35823.550781
387 2.557000 21726.662109 35559.292969
388 2.564000 21726.662109 35544.605469
389 2.570000 21726.662109 37091.003906
390 2.577000 21726.662109 36601.328125
391 2.583000 21726.662109 35998.484375
392 2.589000 21726.662109 35118.382813
393 2.596000 21726.662109 34792.921875
394 2.602000 21726.662109 34940.394531
395 2.609000 21726.662109 34504.746094
396 2.614000 21726.662109 33747.097656
397 2.620000 21726.662109 34375.960938
398 2.627000 21726.662109 34372.464844
399 2.633000 21726.662109 35200.726563
400 2.640000 21726.662109 34503.902344
401 2.646000 21726.662109 34261.238281
402 2.652000 21726.662109 34943.296875
403 2.659000 21726.662109 34891.394531
404 2.665000 21726.662109 35024.796875
405 2.670000 21726.662109 35791.593750
406 2.676000 21726.662109 35293.191406
407 2.682000 21726.662109 35526.191406
408 2.691000 21726.662109 34848.578125
409 2.698000 21726.662109 34941.140625
410 2.706000 21726.662109 34119.640625
411 2.713000 21726.662109 33105.296875
412 2.719000 21726.662109 33676.378906
413 2.725000 21726.662109 33771.738281
414 2.731000 21726.662109 33992.554688
415 2.738000 21726.662109 35555.574219
416 2.743000 21726.662109 34742.683594
417 2.750000 21726.662109 35316.121094
418 2.755000 21726.662109 34812.699219
419 2.762000 21726.662109 35446.218750
420 2.769000 21726.662109 35924.425781
421 2.775000 21726.662109 35525.042969
422 2.783000 21726.662109 35635.968750
423 2.790000 21726.662109 34962.468750
424 2.796000 21726.662109 34124.441406
425 2.803000 21726.662109 35255.082031
426 2.809000 21726.662109 35723.226563
427 2.817000 21726.662109 36055.656250
428 2.823000 21726.662109 36553.488281
429 2.829000 21726.662109 36131.917969
430 2.834000 21726.662109 36170.273438
431 2.839000 21726.662109 36312.867188
432 2.847000 21726.662109 35998.281250
433 2.853000 21726.662109 35693.863281
434 2.860000 21726.662109 35098.992188
435 2.866000 21726.662109 35645.949219
436 2.873000 21726.662109 35410.687500
437 2.879000 21726.662109 34738.460938
438 2.885000 21726.662109 36284.238281
439 2.891000 21726.662109 36039.781250
440 2.897000 21726.662109 36932.664063
441 2.903000 21726.662109 36773.914063
442 2.910000 21726.662109 37155.558594
443 2.916000 21726.662109 37070.335938
444 2.923000 21726.662109 36922.488281
445 2.930000 21726.662109 36158.164063
446 2.935000 21726.662109 36303.800781
447 2.943000 21726.662109 36016.261719
448 2.949000 21726.662109 35828.226563
449 2.956000 21726.662109 35975.515625
450 2.962000 21726.662109 35156.953125
451 2.970000 21726.662109 34861.351563
452 2.976000 21726.662109 35277.058594
453 2.982000 21726.662109 35482.281250
454 2.988000 21726.662109 34858.539063
455 2.995000 21726.662109 34834.894531
456 3.002000 21726.662109 34158.804688
457 3.008000 21726.662109 34976.011719
458 3.014000 21726.662109 35850.210938
459 3.020000 21726.662109 37123.496094
460 3.026000 21726.662109 36473.855469
461 3.033000 21726.662109 36926.613281
462 3.039000 21726.662109 36079.375000
463 3.045000 21726.662109 36223.074219
464 3.053000 21726.662109 37173.023438
465 3.059000 21726.662109 36385.238281
466 3.066000 21726.662109 35921.917969
467 3.072000 21726.662109 36321.871094
468 3.079000 21726.662109 36060.175781
469 3.085000 21726.662109 35684.312500
470 3.091000 21726.662109 35455.406250
471 3.098000 21726.662109 36572.437500
472 3.105000 21726.662109 35965.984375
473 3.111000 21726.662109 36415.527344
474 3.118000 21726.662109 36531.378906
475 3.125000 21726.662109 36325.976563
476 3.130000 21726.662109 36998.683594
477 3.137000 21726.662109 36055.832031
478 3.143000 21726.662109 35596.359375
479 3.149000 21726.662109 36981.789063
480 3.155000 21726.662109 36405.597656
481 3.162000 21726.662109 35691.074219
482 3.168000 21726.662109 35539.574219
483 3.174000 21726.662109 35261.382813
484 3.180000 21726.662109 35401.156250
485 3.187000 21726.662109 34975.265625
486 3.193000 21726.662109 36013.449219
487 3.199000 21726.662109 35502.734375
488 3.205000 21726.662109 34985.265625
489 3.211000 21726.662109 36428.871094
490 3.217000 21726.662109 36742.203125
491 3.224000 21726.662109 37590.746094
492 3.230000 21726.662109 37833.765625
493 3.237000 21726.662109 36922.753906
494 3.243000 21726.662109 36896.953125
495 3.250000 21726.662109 37176.191406
496 3.256000 21726.662109 36439.687500
497 3.262000 21726.662109 36271.441406
498 3.268000 21726.662109 36848.890625
499 3.274000 21726.662109 36910.218750
500 3.280000 21726.662109 37388.863281
501 3.286000 21726.662109 36996.468750
502 3.291000 21726.662109 36576.703125
503 3.298000 21726.662109 36818.519531
504 3.304000 21726.662109 36513.023438
505 3.311000 21726.662109 36755.664063
506 3.318000 21726.662109 36140.656250
507 3.325000 21726.662109 35951.707031
508 3.334000 21726.662109 35517.386719
509 3.340000 21726.662109 35780.191406
510 3.346000 21726.662109 35251.441406
511 3.352000 21726.662109 35980.375000
512 3.359000 21726.662109 35151.851563
513 3.365000 21726.662109 34683.066406
514 3.372000 21726.662109 35162.781250
515 3.380000 21726.662109 35075.781250
516 3.386000 21726.662109 36124.246094
517 3.392000 21726.662109 36162.933594
518 3.399000 21726.662109 35231.515625
519 3.405000 21726.662109 34863.542969
520 3.411000 21726.662109 34112.156250
521 3.418000 21726.662109 34093.265625
522 3.424000 21726.662109 35484.621094
523 3.430000 21726.662109 35154.292969
524 3.436000 21726.662109 34869.933594
525 3.443000 21726.662109 34584.296875
526 3.449000 21726.662109 34315.328125
527 3.456000 21726.662109 34313.820313
528 3.463000 21726.662109 34625.941406
529 3.470000 21726.662109 34623.187500
530 3.476000 21726.662109 34886.851563
531 3.483000 21726.662109 34221.789063
532 3.489000 21726.662109 34550.886719
533 3.496000 21726.662109 34583.507813
534 3.503000 21726.662109 34649.246094
535 3.509000 21726.662109 34322.496094
536 3.515000 21726.662109 34326.855469
537 3.523000 21726.662109 35281.402344
538 3.529000 21726.662109 35642.703125
539 3.535000 21726.662109 36512.003906
540 3.542000 21726.662109 36320.796875
541 3.548000 21726.662109 36478.132813
542 3.555000 21726.662109 36305.246094
543 3.561000 21726.662109 35781.058594
544 3.567000 21726.662109 35129.027344
545 3.572000 21726.662109 34862.636719
546 3.579000 21726.662109 35099.644531
547 3.586000 21726.662109 34781.960938
548 3.592000 21726.662109 35051.000000
549 3.598000 21726.662109 34368.125000
550 3.605000 21726.662109 33860.726563
551 3.611000 21726.662109 34858.566406
552 3.617000 21726.662109 35185.753906
553 3.624000 21726.662109 34623.656250
554 3.632000 21726.662109 34695.058594
555 3.638000 21726.662109 34522.398438
556 3.645000 21726.662109 35914.550781
557 3.651000 21726.662109 36418.812500
558 3.658000 21726.662109 37041.687500
559 3.663000 21726.662109 37058.468750
560 3.669000 21726.662109 37421.894531
561 3.675000 21726.662109 36703.265625
562 3.681000 21726.662109 37696.574219
563 3.687000 21726.662109 37652.503906
564 3.694000 21726.662109 37522.511719
565 3.700000 21726.662109 38020.269531
566 3.706000 21726.662109 37729.351563
567 3.713000 21726.662109 37690.425781
568 3.719000 21726.662109 36911.519531
569 3.725000 21726.662109 36325.683594
570 3.731000 21726.662109 36758.257813
571 3.738000 21726.662109 36458.933594
572 3.744000 21726.662109 36208.386719
573 3.750000 21726.662109 36352.300781
574 3.758000 21726.662109 36095.835938
575 3.764000 21726.662109 36035.226563
576 3.770000 21726.662109 36268.386719
577 3.776000 21726.662109 36042.425781
578 3.782000 21726.662109 36630.753906
579 3.788000 21726.662109 36548.433594
580 3.794000 21726.662109 37183.210938
581 3.800000 21726.662109 36044.234375
582 3.806000 21726.662109 37380.664063
583 3.813000 21726.662109 36947.394531
584 3.819000 21726.662109 36191.562500
585 3.826000 21726.662109 36012.886719
586 3.832000 21726.662109 36096.921875
587 3.838000 21726.662109 36202.312500
588 3.844000 21726.662109 36123.953125
589 3.852000 21726.662109 36253.464844
590 3.857000 21726.662109 35844.652344
591 3.864000 21726.662109 36043.210938
592 3.870000 21726.662109 37053.753906
593 3.877000 21726.662109 36853.582031
594 3.884000 21726.662109 37349.101563
595 3.890000 21726.662109 36819.921875
596 3.897000 21726.662109 36720.675781
597 3.902000 21726.662109 36740.914063
598 3.908000 21726.662109 36188.390625
599 3.914000 21726.662109 36495.160156
600 3.920000 21726.662109 36577.511719
601 3.927000 21726.662109 36709.335938
602 3.934000 21726.662109 37110.492188
603 3.940000 21726.662109 36615.656250
604 3.947000 21726.662109 37184.945313
605 3.953000 21726.662109 36393.128906
606 3.959000 21726.662109 36609.585938
607 3.964000 21726.662109 36527.875000
608 3.971000 21726.662109 36868.296875
609 3.978000 21726.662109 36463.734375
610 3.984000 21726.662109 36561.476563
611 3.990000 21726.662109 36282.289063
612 3.996000 21726.662109 36307.968750
613 4.001000 21726.662109 35715.386719
614 4.009000 21726.662109 34985.109375
615 4.015000 21726.662109 35754.871094
616 4.021000 21726.662109 35718.656250
617 4.028000 21726.662109 36571.417969
618 4.033000 21726.662109 36129.835938
619 4.040000 21726.662109 36322.480469
620 4.046000 21726.662109 36131.605469
621 4.052000 21726.662109 36316.335938
622 4.058000 21726.662109 34899.210938
623 4.065000 21726.662109 34534.363281
624 4.072000 21726.662109 34605.167969
625 4.078000 21726.662109 34279.738281
626 4.084000 21726.662109 34455.332031
627 4.090000 21726.662109 34927.859375
628 4.097000 21726.662109 34180.296875
629 4.103000 21726.662109 35125.832031
630 4.109000 21726.662109 35404.886719
631 4.116000 21726.662109 35519.812500
632 4.122000 21726.662109 35403.382813
633 4.129000 21726.662109 34674.492188
634 4.135000 21726.662109 35215.683594
635 4.141000 21726.662109 34875.683594
636 4.147000 21726.662109 34373.378906
637 4.153000 21726.662109 34253.054688
638 4.159000 21726.662109 34673.867188
639 4.167000 21726.662109 34508.093750
640 4.173000 21726.662109 35889.757813
641 4.180000 21726.662109 36074.410156
642 4.186000 21726.662109 36874.683594
643 4.193000 21726.662109 36544.125000
644 4.199000 21726.662109 36680.800781
645 4.206000 21726.662109 36566.871094
646 4.213000 21726.662109 37351.843750
647 4.219000 21726.662109 37302.511719
648 4.226000 21726.662109 36758.375000
649 4.232000 21726.662109 35916.566406
650 4.239000 21726.662109 35580.105469
651 4.246000 21726.662109 36109.886719
652 4.252000 21726.662109 35096.894531
653 4.258000 21726.662109 34269.773438
654 4.264000 21726.662109 34740.914063
655 4.270000 21726.662109 34146.648438
656 4.277000 21726.662109 34434.207031
657 4.283000 21726.662109 34412.878906
658 4.290000 21726.662109 33794.738281
659 4.297000 21726.662109 33934.460938
660 4.303000 21726.662109 34377.136719
661 4.310000 21726.662109 34203.808594
662 4.316000 21726.662109 33947.593750
663 4.324000 21726.662109 33783.718750
664 4.331000 21726.662109 33644.886719
665 4.339000 21726.662109 35069.281250
