0 0.000000 24698.500000 27047.289063
1 0.007000 23966.173828 27047.289063
2 0.014000 23679.972656 27123.349609
3 0.019000 23118.705078 28601.337891
4 0.028000 22981.972656 28201.841797
5 0.035000 22981.972656 28059.367188
6 0.041000 22845.089844 28455.455078
7 0.047000 22778.746094 29554.927734
8 0.054000 22691.136719 29484.591797
9 0.060000 22523.882813 31599.466797
10 0.067000 22332.113281 31378.490234
11 0.073000 22332.113281 32064.582031
12 0.080000 22332.113281 31833.269531
13 0.086000 22072.769531 33707.929688
14 0.092000 22072.769531 33388.703125
15 0.101000 22072.769531 33603.398438
16 0.107000 22072.769531 34053.015625
17 0.114000 22072.769531 34005.191406
18 0.121000 22072.769531 35562.867188
19 0.126000 22072.769531 36276.800781
20 0.133000 22072.769531 35727.539063
21 0.139000 22072.769531 35487.628906
22 0.145000 21971.996094 35470.378906
23 0.153000 21971.996094 35670.316406
24 0.159000 21971.996094 34719.636719
25 0.166000 21971.996094 34889.179688
26 0.172000 21971.996094 34949.859375
27 0.179000 21971.996094 35757.894531
28 0.186000 21971.996094 37120.449219
29 0.193000 21971.996094 36157.148438
30 0.200000 21971.996094 36018.312500
31 0.206000 21971.996094 35820.472656
32 0.212000 21971.996094 36016.015625
33 0.218000 21971.996094 36660.792969
34 0.224000 21971.996094 36141.789063
35 0.231000 21971.996094 36797.109375
36 0.237000 21971.996094 36300.996094
37 0.243000 21971.996094 35715.398438
38 0.249000 21971.996094 35234.148438
39 0.256000 21971.996094 35145.863281
40 0.262000 21971.996094 34474.558594
41 0.269000 21971.996094 35508.710938
42 0.276000 21971.996094 34665.554688
43 0.284000 21971.996094 35591.714844
44 0.291000 21971.996094 36149.605469
45 0.298000 21971.996094 36095.394531
46 0.304000 21971.996094 34578.000000
47 0.310000 21971.996094 34183.863281
48 0.317000 21971.996094 34549.421875
49 0.325000 21971.996094 34509.062500
50 0.332000 21971.996094 35167.449219
51 0.338000 21971.996094 34702.531250
52 0.345000 21971.996094 34552.687500
53 0.351000 21971.996094 34769.914063
54 0.358000 21971.996094 36157.761719
55 0.364000 21971.996094 36088.128906
56 0.372000 21971.996094 36129.023438
57 0.379000 21971.996094 35987.351563
58 0.385000 21971.996094 35473.871094
59 0.391000 21971.996094 35795.078125
60 0.398000 21971.996094 34907.570313
61 0.404000 21971.996094 34063.570313
62 0.410000 21971.996094 33950.398438
63 0.417000 21971.996094 34084.726563
64 0.423000 21971.996094 34095.898438
65 0.430000 21971.996094 34094.535156
66 0.437000 21971.996094 34689.027344
67 0.443000 21971.996094 34477.953125
68 0.450000 21971.996094 35331.851563
69 0.456000 21971.996094 35567.769531
70 0.463000 21971.996094 35939.371094
71 0.469000 21971.996094 35408.003906
72 0.476000 21971.996094 34667.859375
73 0.483000 21971.996094 34378.984375
74 0.490000 21971.996094 34816.789063
75 0.496000 21971.996094 34571.968750
76 0.502000 21971.996094 36105.246094
77 0.509000 21971.996094 35809.296875
78 0.516000 21971.996094 35829.871094
79 0.522000 21971.996094 35820.945313
80 0.529000 21971.996094 35797.125000
81 0.536000 21971.996094 37380.238281
82 0.543000 21971.996094 38111.015625
83 0.551000 21971.996094 37598.789063
84 0.558000 21971.996094 37685.421875
85 0.567000 21971.996094 37196.574219
86 0.573000 21971.996094 37653.574219
87 0.580000 21971.996094 36501.781250
88 0.587000 21971.996094 35900.851563
89 0.592000 21971.996094 35403.363281
90 0.600000 21971.996094 34307.953125
91 0.606000 21971.996094 34297.925781
92 0.614000 21971.996094 35392.238281
93 0.620000 21971.996094 35487.289063
94 0.627000 21971.996094 35447.078125
95 0.634000 21971.996094 35350.695313
96 0.640000 21971.996094 35320.191406
97 0.648000 21971.996094 34532.558594
98 0.656000 21971.996094 34538.226563
99 0.662000 21971.996094 34533.468750
100 0.669000 21971.996094 34899.574219
101 0.675000 21971.996094 35527.421875
102 0.682000 21971.996094 34971.460938
103 0.689000 21971.996094 34483.812500
104 0.695000 21971.996094 34853.210938
105 0.701000 21971.996094 35015.953125
106 0.707000 21971.996094 34418.734375
107 0.714000 21971.996094 34802.406250
108 0.721000 21971.996094 35188.511719
109 0.727000 21971.996094 35887.886719
110 0.734000 21971.996094 36882.679688
111 0.740000 21971.996094 37330.816406
112 0.747000 21971.996094 36103.359375
113 0.753000 21971.996094 36342.542969
114 0.759000 21971.996094 36402.214844
115 0.766000 21971.996094 36738.546875
116 0.773000 21971.996094 36204.425781
117 0.779000 21971.996094 35286.066406
118 0.785000 21971.996094 36238.738281
119 0.791000 21971.996094 36144.402344
120 0.797000 21971.996094 36398.671875
121 0.803000 21971.996094 36212.183594
122 0.810000 21971.996094 35980.015625
