0 0.000000 3129.305908 3319.142578
1 0.045000 3036.674072 3319.142578
2 0.090000 2973.507080 3254.666992
3 0.134000 2938.508789 3214.030029
4 0.178000 2918.253662 3177.298828
5 0.223000 2892.746094 3151.341797
6 0.265000 2891.867920 3121.998535
7 0.315000 2876.281738 3096.019775
8 0.358000 2867.181885 3078.340332
9 0.404000 2846.391602 3061.341309
10 0.448000 2835.593750 3043.809326
11 0.494000 2828.592529 3030.488037
12 0.539000 2811.770020 3016.451660
13 0.586000 2804.253418 3001.929443
14 0.625000 2780.405518 2992.907471
15 0.673000 2780.405518 2982.125000
16 0.718000 2752.302246 2969.824707
17 0.759000 2739.106201 2959.458740
18 0.798000 2739.106201 2949.364258
19 0.844000 2726.748535 2944.144043
20 0.888000 2709.311768 2934.271484
21 0.933000 2709.311768 2925.989258
22 0.982000 2709.311768 2929.409180
23 1.029000 2709.311768 2917.374023
24 1.078000 2709.311768 2912.265869
25 1.123000 2709.311768 2912.504639
26 1.169000 2709.311768 2907.227783
27 1.212000 2709.311768 2899.472900
28 1.255000 2706.563721 2895.712402
29 1.301000 2706.563721 2900.176025
30 1.346000 2706.563721 2888.906006
31 1.396000 2706.563721 2880.974365
32 1.441000 2706.563721 2876.984375
33 1.486000 2706.563721 2874.241943
34 1.530000 2706.563721 2870.783203
35 1.584000 2706.563721 2866.099121
36 1.628000 2706.563721 2866.293213
37 1.669000 2701.343750 2863.822754
38 1.715000 2701.343750 2867.350586
39 1.759000 2701.343750 2860.264648
40 1.802000 2701.343750 2858.282715
41 1.851000 2701.343750 2856.501221
42 1.897000 2701.343750 2855.765625
43 1.942000 2701.343750 2852.763184
44 1.988000 2701.343750 2849.682861
45 2.034000 2701.343750 2850.574463
46 2.078000 2697.566650 2847.807129
47 2.122000 2697.566650 2851.776855
48 2.165000 2697.566650 2845.659668
49 2.212000 2697.566650 2844.794434
50 2.262000 2697.566650 2841.945313
51 2.304000 2692.880371 2851.205566
52 2.347000 2692.880371 2859.800049
53 2.390000 2692.880371 2851.998535
54 2.432000 2692.880371 2849.321289
55 2.480000 2692.880371 2847.982910
56 2.520000 2692.880371 2842.999023
57 2.562000 2692.880371 2846.054443
58 2.603000 2692.880371 2841.286621
59 2.647000 2692.880371 2840.604980
60 2.695000 2692.880371 2835.077881
61 2.737000 2692.880371 2837.521240
62 2.783000 2692.880371 2835.171875
63 2.836000 2692.880371 2832.462402
64 2.880000 2692.880371 2838.102295
65 2.924000 2692.880371 2840.738770
66 2.967000 2692.880371 2839.952881
67 3.009000 2692.880371 2832.091309
68 3.052000 2692.880371 2837.744385
69 3.089000 2692.880371 2839.829590
70 3.132000 2692.880371 2836.021484
71 3.172000 2692.880371 2833.304932
72 3.216000 2692.880371 2839.841553
73 3.260000 2692.880371 2836.512451
74 3.304000 2692.880371 2832.954102
75 3.348000 2692.880371 2830.712891
76 3.396000 2692.880371 2827.090332
77 3.440000 2692.880371 2832.303955
78 3.485000 2692.880371 2831.499268
79 3.530000 2692.880371 2827.951660
80 3.571000 2692.880371 2826.203369
81 3.617000 2692.880371 2822.225098
82 3.661000 2692.880371 2821.620850
83 3.703000 2692.880371 2820.960938
84 3.747000 2692.880371 2824.707520
85 3.789000 2692.880371 2820.948486
86 3.828000 2692.880371 2819.740967
87 3.877000 2692.880371 2823.445068
88 3.922000 2692.880371 2821.968750
89 3.968000 2692.880371 2819.784424
90 4.010000 2692.880371 2820.533203
91 4.048000 2692.880371 2820.736328
92 4.092000 2692.880371 2818.191650
93 4.134000 2692.880371 2817.303223
94 4.178000 2692.880371 2816.561279
95 4.226000 2692.880371 2813.341309
96 4.273000 2692.880371 2813.603760
97 4.317000 2692.880371 2811.305664
98 4.361000 2692.880371 2810.580566
99 4.398000 2692.880371 2809.528076
100 4.440000 2692.880371 2814.967529
101 4.481000 2692.880371 2813.841309
102 4.520000 2692.880371 2813.541992
103 4.564000 2692.880371 2818.239746
104 4.610000 2692.880371 2814.095703
105 4.657000 2692.880371 2812.928955
106 4.696000 2692.880371 2810.361816
107 4.741000 2692.880371 2808.589111
108 4.785000 2692.879883 2816.335693
109 4.839000 2681.860107 2814.236572
110 4.881000 2679.596191 2809.697510
111 4.924000 2679.596191 2811.287109
112 4.971000 2679.596191 2809.261230
113 5.019000 2679.596191 2821.911621
114 5.065000 2679.596191 2811.410645
115 5.111000 2679.596191 2809.183350
116 5.155000 2679.596191 2806.223633
117 5.203000 2679.596191 2802.320068
118 5.245000 2679.596191 2806.814453
119 5.288000 2679.596191 2801.361572
120 5.331000 2679.596191 2808.567383
121 5.375000 2679.596191 2803.056885
122 5.417000 2679.596191 2805.083984
123 5.462000 2679.596191 2809.696045
124 5.514000 2679.596191 2807.413818
125 5.573000 2672.968750 2821.997803
126 5.620000 2672.968750 2823.078857
127 5.670000 2672.968750 2824.564697
128 5.721000 2672.968750 2822.302246
129 5.766000 2672.968750 2819.136230
130 5.811000 2672.968750 2818.552490
131 5.854000 2672.968750 2820.303711
132 5.907000 2672.968750 2818.814453
133 5.956000 2672.968750 2819.694092
134 6.003000 2672.968750 2816.840576
135 6.055000 2672.968750 2816.002930
136 6.108000 2672.968750 2814.527100
137 6.164000 2672.968750 2813.757080
138 6.222000 2672.968750 2816.614746
139 6.263000 2672.968750 2815.643799
140 6.309000 2672.968750 2817.139404
141 6.358000 2672.968750 2815.381592
142 6.406000 2672.968750 2816.391602
143 6.454000 2672.968750 2828.906006
144 6.500000 2672.968750 2820.437256
145 6.549000 2672.968750 2818.191162
146 6.628000 2672.968750 2818.757813
147 6.675000 2672.968750 2820.157227
148 6.719000 2672.968750 2819.202881
149 6.765000 2669.063965 2817.059326
150 6.814000 2669.063965 2816.020020
151 6.865000 2669.063965 2812.636963
152 6.911000 2669.063965 2811.729736
153 6.958000 2669.063965 2812.980225
154 7.002000 2669.063965 2812.834717
155 7.047000 2669.063965 2820.721680
156 7.090000 2669.063965 2820.642578
157 7.135000 2669.063965 2822.360840
158 7.182000 2669.063965 2815.741211
159 7.227000 2669.063965 2813.049072
160 7.272000 2669.063965 2808.903809
161 7.315000 2669.063965 2805.420898
162 7.362000 2669.063965 2811.370117
163 7.406000 2669.063965 2805.861328
164 7.451000 2669.063965 2813.667725
165 7.501000 2669.063965 2811.239746
166 7.544000 2669.063965 2816.027100
167 7.581000 2669.063965 2812.859131
168 7.629000 2669.063965 2812.088867
169 7.675000 2669.063965 2814.250732
170 7.719000 2669.063965 2810.166504
171 7.766000 2669.063965 2808.836182
172 7.807000 2669.063965 2808.274414
173 7.854000 2669.063965 2810.119141
174 7.901000 2669.063965 2812.357178
175 7.950000 2669.063965 2808.792236
176 7.996000 2669.063965 2806.704346
177 8.044000 2669.063965 2805.514160
178 8.088000 2669.063965 2807.920410
179 8.133000 2669.063965 2814.509277
180 8.176000 2669.063965 2812.432129
181 8.221000 2669.063965 2806.620117
182 8.267000 2669.063965 2805.996826
183 8.317000 2669.063965 2811.379639
184 8.360000 2669.063965 2807.834717
185 8.407000 2669.063965 2807.200928
186 8.451000 2669.063965 2809.351807
187 8.501000 2669.063965 2807.745117
188 8.547000 2669.063965 2815.351318
189 8.589000 2669.063965 2804.796631
190 8.634000 2669.063965 2802.044434
191 8.680000 2669.063965 2807.424805
192 8.727000 2669.063965 2811.294678
193 8.771000 2669.063965 2804.865967
194 8.817000 2669.063965 2801.005615
195 8.858000 2669.063965 2796.846680
196 8.896000 2669.063965 2796.159180
197 8.942000 2669.063965 2794.688232
198 8.983000 2669.063965 2797.899170
199 9.029000 2669.063965 2794.263672
200 9.076000 2669.063965 2796.002197
201 9.124000 2669.063965 2792.620361
202 9.171000 2669.063965 2799.081055
203 9.215000 2669.063965 2796.119629
204 9.255000 2669.063965 2796.049316
205 9.300000 2669.063965 2791.496338
206 9.350000 2669.063965 2793.963379
207 9.397000 2669.063965 2788.934082
208 9.439000 2669.063965 2788.532471
209 9.479000 2669.063965 2787.010010
210 9.521000 2669.063965 2785.264893
211 9.565000 2666.657471 2787.579346
212 9.613000 2666.657471 2785.649658
213 9.658000 2666.657471 2790.286621
214 9.707000 2666.657471 2789.627197
215 9.753000 2666.657471 2786.288818
216 9.797000 2666.657471 2785.773438
217 9.842000 2666.657471 2785.172119
218 9.890000 2666.657471 2784.016357
219 9.936000 2666.657471 2783.291992
220 9.975000 2666.657471 2782.853027
221 10.016000 2666.657471 2781.539063
222 10.062000 2666.657471 2781.160889
223 10.099000 2666.657471 2780.778809
224 10.141000 2666.657471 2780.779053
225 10.189000 2666.657471 2780.779053
226 10.231000 2666.657471 2780.638428
227 10.276000 2666.657471 2787.545410
228 10.325000 2666.657471 2783.217285
229 10.372000 2666.657471 2781.673828
230 10.415000 2666.657471 2785.864746
231 10.461000 2666.657471 2784.166504
232 10.507000 2666.657471 2787.384766
233 10.550000 2666.657471 2786.313721
234 10.595000 2666.657471 2789.085693
235 10.640000 2666.657471 2794.151611
236 10.684000 2666.657471 2793.836914
237 10.729000 2666.657471 2791.515381
238 10.768000 2666.657471 2790.261963
239 10.812000 2666.657471 2789.735107
240 10.857000 2666.657471 2788.766846
241 10.902000 2666.657471 2788.176758
242 10.946000 2666.657471 2786.874023
243 10.987000 2666.657471 2786.256348
244 11.033000 2666.657471 2785.542236
245 11.074000 2666.657471 2784.958984
246 11.120000 2666.657471 2784.327393
247 11.165000 2666.657471 2783.578857
248 11.217000 2666.657471 2783.824707
249 11.262000 2666.657471 2783.434570
250 11.306000 2666.657471 2781.840332
251 11.353000 2666.657471 2780.563232
252 11.400000 2666.657471 2782.665527
253 11.446000 2666.657471 2786.858398
254 11.493000 2666.657471 2785.498779
255 11.537000 2666.657471 2784.341797
256 11.586000 2666.657471 2792.991943
257 11.630000 2666.657471 2789.098389
258 11.675000 2666.657471 2799.411621
259 11.721000 2666.657471 2808.128174
260 11.769000 2666.657471 2798.856201
261 11.814000 2666.657471 2796.298096
262 11.859000 2666.657471 2788.170898
263 11.901000 2666.657471 2791.433105
264 11.945000 2666.657471 2788.703369
265 11.989000 2666.657471 2787.677490
266 12.032000 2666.657471 2786.147217
267 12.081000 2666.657471 2785.025635
268 12.126000 2666.657471 2783.716797
269 12.171000 2666.657471 2783.218750
270 12.217000 2666.657471 2782.221191
271 12.268000 2666.657471 2781.639648
272 12.317000 2666.657471 2787.461914
273 12.364000 2666.657471 2787.395264
274 12.410000 2666.657471 2783.435547
275 12.451000 2666.657471 2793.402832
276 12.494000 2666.657471 2787.742920
277 12.543000 2666.657471 2791.558350
278 12.585000 2666.657471 2787.903076
279 12.628000 2666.657471 2787.018555
280 12.673000 2666.657471 2785.752930
281 12.717000 2666.657471 2783.389893
282 12.764000 2666.657471 2781.577393
283 12.814000 2666.657471 2781.262451
284 12.855000 2666.657471 2785.525635
285 12.895000 2666.657471 2786.054443
286 12.938000 2666.657471 2780.436279
287 12.981000 2666.657471 2779.479004
288 13.029000 2666.657471 2777.622803
289 13.076000 2666.657471 2778.128174
290 13.117000 2666.657471 2786.019287
291 13.161000 2666.657471 2780.424072
292 13.204000 2666.657471 2778.846680
293 13.245000 2666.657471 2777.046143
294 13.290000 2666.657471 2775.489990
295 13.334000 2666.657471 2775.035889
296 13.378000 2666.657471 2784.423096
297 13.423000 2666.657471 2777.431641
298 13.468000 2664.052734 2777.216309
299 13.513000 2664.052734 2784.349365
300 13.560000 2649.941162 2783.923096
301 13.605000 2649.941162 2779.114258
302 13.652000 2649.941162 2778.597168
303 13.698000 2649.941162 2776.467773
304 13.745000 2649.941162 2776.681641
305 13.790000 2649.941162 2776.548096
306 13.835000 2649.941162 2774.852539
307 13.878000 2649.941162 2777.212402
308 13.926000 2649.941162 2777.566650
309 13.979000 2649.941162 2776.878174
310 14.021000 2649.941162 2774.877441
311 14.064000 2649.941162 2776.903320
312 14.105000 2649.941162 2777.934326
313 14.150000 2649.941162 2776.832764
314 14.195000 2644.948486 2774.958984
315 14.237000 2644.948486 2779.974121
316 14.277000 2644.948486 2778.673828
317 14.325000 2644.948486 2778.552490
318 14.373000 2644.948486 2780.636475
319 14.423000 2644.948486 2777.211670
320 14.468000 2644.948486 2775.355713
321 14.509000 2644.948486 2772.612305
322 14.553000 2644.948486 2775.005615
323 14.599000 2644.948486 2773.781250
324 14.645000 2644.948486 2772.820557
325 14.691000 2644.948486 2770.304932
326 14.733000 2644.948486 2769.967529
327 14.779000 2644.948486 2769.518066
328 14.824000 2644.948486 2766.288818
329 14.870000 2644.948486 2766.214355
330 14.919000 2644.948486 2765.739258
331 14.963000 2644.948486 2768.554932
332 15.005000 2644.948486 2766.909424
333 15.052000 2644.948486 2763.924805
334 15.093000 2644.948486 2766.558350
335 15.138000 2644.948486 2772.585205
336 15.183000 2644.948486 2777.134277
337 15.227000 2644.948486 2776.114746
338 15.273000 2644.948486 2776.632813
339 15.320000 2644.948486 2779.181885
340 15.367000 2644.948486 2773.260254
341 15.409000 2644.948486 2771.133789
342 15.454000 2644.948486 2770.549072
343 15.502000 2644.948486 2783.439453
344 15.545000 2644.948486 2778.464355
345 15.591000 2644.948486 2776.243164
346 15.640000 2644.948486 2770.582520
347 15.688000 2644.948486 2768.650879
348 15.733000 2644.948486 2774.257080
349 15.777000 2644.948486 2771.772461
350 15.827000 2644.948486 2770.981445
351 15.873000 2644.948486 2770.928955
352 15.916000 2644.948486 2781.447510
353 15.955000 2644.948486 2774.358398
354 15.998000 2644.948486 2770.228516
355 16.039000 2644.948486 2769.619385
356 16.080000 2644.948486 2785.235107
357 16.125000 2644.948486 2779.965820
358 16.172000 2644.948486 2769.128174
359 16.210000 2644.948486 2772.637451
360 16.255000 2644.948486 2768.526611
361 16.298000 2644.948486 2768.039307
362 16.344000 2644.948486 2767.194580
363 16.393000 2644.948486 2766.558350
364 16.436000 2644.948486 2764.431885
365 16.481000 2644.948486 2763.131592
366 16.523000 2644.948486 2765.557129
367 16.571000 2644.948486 2762.231445
368 16.615000 2644.948486 2758.317139
369 16.658000 2644.948486 2755.618164
370 16.702000 2644.948486 2759.370117
371 16.746000 2644.948486 2767.192139
372 16.790000 2644.948486 2769.909180
373 16.835000 2644.948486 2774.935059
374 16.880000 2644.948486 2766.662598
375 16.923000 2644.948486 2765.386230
376 16.966000 2644.948486 2764.190674
377 17.014000 2644.948486 2768.744385
378 17.065000 2644.948486 2771.015625
379 17.106000 2644.948486 2768.609619
380 17.153000 2644.948486 2765.347412
381 17.204000 2644.948486 2763.518799
382 17.250000 2644.948486 2759.677246
383 17.301000 2644.948486 2760.625244
384 17.357000 2644.948486 2759.727783
385 17.402000 2644.948486 2758.956299
386 17.479000 2644.948486 2770.584961
387 17.528000 2644.948486 2767.337402
388 17.569000 2644.948486 2765.340820
389 17.615000 2644.948486 2762.432129
390 17.658000 2644.948486 2759.339600
391 17.712000 2644.948486 2758.519043
392 17.754000 2644.948486 2769.428467
393 17.798000 2644.948486 2769.625000
394 17.852000 2644.948486 2765.872803
395 17.897000 2644.948486 2762.427490
396 17.940000 2644.948486 2765.863037
397 17.983000 2644.948486 2763.967285
398 18.030000 2644.948486 2763.428223
399 18.073000 2644.948486 2758.668701
400 18.117000 2644.948486 2767.510254
401 18.161000 2644.948486 2760.589111
402 18.209000 2644.948486 2757.037109
403 18.253000 2644.948486 2756.971680
404 18.293000 2644.948486 2754.908447
405 18.347000 2644.948486 2755.482178
406 18.393000 2644.948486 2757.701172
407 18.440000 2644.948486 2756.522217
408 18.494000 2644.948486 2753.901611
409 18.534000 2644.948486 2750.921143
410 18.584000 2644.948486 2750.139648
411 18.630000 2644.948486 2749.354980
412 18.669000 2644.948486 2749.060059
413 18.712000 2644.948486 2749.335693
414 18.758000 2644.948486 2748.777588
