0 0.000000 45485.167969 47316.679688
1 0.226000 43594.546875 47316.679688
2 0.431000 43156.570313 49870.824219
3 0.678000 42941.136719 55130.355469
4 0.870000 42796.468750 60300.785156
5 1.067000 42192.871094 59746.765625
6 1.273000 41725.414063 65078.183594
7 1.484000 41088.464844 63634.546875
8 1.694000 41061.285156 69332.898438
9 1.890000 40841.765625 68554.171875
10 2.158000 40841.765625 73800.859375
11 2.347000 40841.765625 72064.304688
12 2.520000 40841.765625 77057.070313
13 2.702000 40841.765625 75048.851563
14 2.878000 40841.765625 74133.117188
15 3.061000 40841.765625 78583.546875
16 3.245000 40785.523438 78764.773438
17 3.414000 40523.511719 86825.101563
18 3.598000 40523.511719 88102.796875
19 3.783000 40487.863281 86645.632813
20 3.977000 40487.863281 88410.156250
21 4.159000 40471.375000 86694.210938
22 4.345000 40426.179688 81389.093750
23 4.536000 40007.902344 82245.710938
24 4.717000 40007.902344 86462.062500
25 4.900000 40007.902344 85522.687500
26 5.071000 40000.542969 84258.578125
27 5.263000 39980.359375 87632.906250
28 5.442000 39936.382813 89032.250000
29 5.624000 39936.382813 88434.070313
30 5.774000 39920.468750 83443.125000
31 5.962000 39920.468750 87187.859375
32 6.137000 39877.078125 85574.367188
33 6.295000 39877.078125 86482.617188
34 6.472000 39877.078125 94593.648438
35 6.673000 39877.078125 87983.437500
36 6.852000 39877.078125 88490.609375
37 7.035000 39877.078125 86808.960938
38 7.244000 39877.078125 88080.859375
39 7.428000 39877.078125 90719.039063
40 7.609000 39877.078125 92844.718750
41 7.777000 39877.078125 95313.828125
42 7.946000 39877.078125 96368.796875
43 8.132000 39877.078125 96483.296875
44 8.306000 39877.078125 93408.109375
45 8.504000 39877.078125 97309.156250
46 8.668000 39877.078125 97860.000000
47 8.841000 39877.078125 97001.617188
48 9.033000 39877.078125 99208.843750
49 9.230000 39877.078125 98702.070313
50 9.428000 39877.078125 94460.343750
51 9.612000 39877.078125 93080.718750
52 9.805000 39877.078125 92757.460938
53 9.985000 39877.078125 89901.382813
54 10.163000 39877.078125 88806.718750
55 10.363000 39877.078125 93614.601563
56 10.558000 39877.078125 96137.312500
57 10.748000 39877.078125 94288.718750
58 10.944000 39877.078125 88333.812500
59 11.128000 39877.078125 89142.531250
60 11.314000 39877.078125 86040.632813
61 11.496000 39877.078125 83769.734375
62 11.694000 39877.078125 87144.578125
63 11.850000 39877.078125 91432.359375
64 12.043000 39877.078125 95733.687500
65 12.219000 39877.078125 95754.968750
66 12.393000 39877.078125 91019.171875
67 12.580000 39877.078125 86580.359375
68 12.763000 39877.078125 87886.703125
69 12.941000 39877.078125 89688.820313
70 13.132000 39877.078125 90321.812500
71 13.281000 39877.078125 89876.921875
72 13.450000 39877.078125 95149.281250
73 13.633000 39877.078125 97377.007813
74 13.848000 39877.078125 90925.257813
75 14.067000 39877.078125 94098.921875
76 14.254000 39877.078125 100401.968750
77 14.454000 39877.078125 101691.132813
78 14.646000 39877.078125 98079.882813
79 14.832000 39877.078125 98435.460938
80 15.025000 39877.078125 91662.218750
81 15.229000 39877.078125 90736.109375
82 15.422000 39877.078125 91347.320313
83 15.619000 39877.078125 88703.718750
84 15.800000 39877.078125 93671.843750
85 15.983000 39877.078125 93435.289063
86 16.169000 39877.078125 95823.289063
87 16.349000 39877.078125 93355.226563
88 16.545000 39877.078125 92830.648438
89 16.732000 39877.078125 90036.367188
90 16.914000 39877.078125 90489.453125
91 17.105000 39877.078125 90637.007813
92 17.334000 39877.078125 91702.093750
93 17.520000 39877.078125 90748.023438
94 17.704000 39877.078125 97670.562500
95 17.895000 39877.078125 96417.671875
96 18.090000 39877.078125 96513.507813
97 18.265000 39877.078125 99787.679688
98 18.456000 39877.078125 97196.007813
99 18.649000 39877.078125 98444.242188
100 18.839000 39877.078125 100513.328125
101 19.024000 39877.078125 98124.726563
102 19.204000 39877.078125 96922.460938
103 19.375000 39877.078125 94697.468750
104 19.561000 39877.078125 96671.921875
105 19.742000 39877.078125 98511.382813
106 19.941000 39877.078125 100595.296875
107 20.146000 39877.078125 101897.539063
108 20.336000 39877.078125 101009.156250
109 20.519000 39877.078125 104179.101563
110 20.710000 39877.078125 101775.718750
111 20.901000 39877.078125 97300.937500
112 21.094000 39877.078125 100410.046875
113 21.275000 39877.078125 98343.437500
114 21.468000 39877.078125 97406.773438
115 21.637000 39877.078125 93234.210938
116 21.819000 39877.078125 92877.890625
117 22.000000 39877.078125 94939.968750
118 22.191000 39877.078125 91723.648438
119 22.372000 39877.078125 95971.507813
120 22.548000 39877.078125 99981.617188
121 22.706000 39877.078125 96873.718750
122 22.908000 39877.078125 95090.648438
123 23.102000 39877.078125 94406.367188
124 23.285000 39877.078125 100216.367188
125 23.454000 39877.078125 99698.789063
126 23.633000 39877.078125 102784.500000
127 23.873000 39877.078125 103878.968750
128 24.063000 39877.078125 104060.578125
129 24.242000 39877.078125 111593.109375
130 24.431000 39877.078125 107963.257813
131 24.619000 39877.078125 101727.906250
132 24.814000 39877.078125 102126.742188
133 24.998000 39877.078125 101407.453125
134 25.194000 39877.078125 103489.203125
135 25.384000 39877.078125 104218.453125
136 25.575000 39877.078125 104362.273438
137 25.757000 39877.078125 106045.289063
138 25.949000 39877.078125 105809.632813
139 26.128000 39877.078125 104350.312500
140 26.327000 39877.078125 106480.828125
141 26.503000 39877.078125 101694.320313
142 26.681000 39877.078125 99949.031250
143 26.849000 39877.078125 94628.679688
144 27.046000 39877.078125 95819.039063
145 27.221000 39877.078125 96426.406250
146 27.460000 39877.078125 100601.179688
147 27.664000 39877.078125 102663.281250
148 27.849000 39877.078125 100864.570313
149 28.032000 39877.078125 99426.000000
150 28.199000 39877.078125 101157.109375
151 28.381000 39877.078125 101094.882813
152 28.577000 39877.078125 101910.171875
153 28.753000 39877.078125 100133.687500
154 28.953000 39877.078125 102937.289063
155 29.133000 39877.078125 105187.812500
156 29.331000 39877.078125 101903.671875
157 29.516000 39877.078125 97444.492188
158 29.698000 39877.078125 94982.242188
159 29.894000 39877.078125 100783.632813
160 30.080000 39877.078125 98656.382813
161 30.269000 39877.078125 105504.867188
162 30.442000 39877.078125 104459.140625
163 30.616000 39877.078125 107820.476563
164 30.799000 39877.078125 106133.257813
165 30.997000 39877.078125 107542.109375
166 31.175000 39877.078125 99414.078125
167 31.358000 39877.078125 103589.773438
168 31.548000 39877.078125 99579.726563
169 31.743000 39877.078125 96980.906250
170 31.941000 39877.078125 98004.406250
171 32.141000 39877.078125 97146.242188
172 32.333000 39877.078125 93683.976563
173 32.523000 39877.078125 93921.851563
174 32.692000 39877.078125 91533.171875
175 32.875000 39877.078125 96849.687500
176 33.064000 39877.078125 97104.679688
177 33.237000 39877.078125 94939.617188
178 33.409000 39877.078125 94568.007813
179 33.596000 39877.078125 91589.328125
180 33.795000 39877.078125 89654.023438
181 34.006000 39877.078125 89652.593750
182 34.218000 39877.078125 86095.796875
183 34.413000 39877.078125 85859.718750
184 34.618000 39877.078125 90247.718750
185 34.796000 39877.078125 90800.492188
186 34.970000 39877.078125 91377.398438
187 35.161000 39877.078125 93330.828125
188 35.335000 39877.078125 97302.976563
189 35.522000 39877.078125 95210.390625
190 35.711000 39877.078125 100977.179688
191 35.896000 39877.078125 95402.968750
192 36.082000 39877.078125 102073.382813
193 36.262000 39877.078125 98703.500000
194 36.435000 39877.078125 96606.960938
195 36.625000 39877.078125 100578.828125
196 36.813000 39877.078125 101532.687500
197 36.997000 39877.078125 101257.906250
198 37.181000 39877.078125 100176.468750
199 37.381000 39877.078125 100670.820313
200 37.542000 39877.078125 104703.343750
201 37.728000 39877.078125 108563.179688
202 37.915000 39877.078125 105958.609375
203 38.095000 39877.078125 102695.210938
204 38.281000 39877.078125 100523.148438
205 38.468000 39877.078125 100666.117188
206 38.646000 39877.078125 103069.617188
207 38.847000 39877.078125 105282.382813
208 39.040000 39877.078125 106348.093750
209 39.241000 39877.078125 106716.882813
210 39.428000 39877.078125 102449.492188
211 39.603000 39877.078125 101117.507813
212 39.805000 39877.078125 101219.242188
213 40.003000 39877.078125 99228.953125
214 40.182000 39877.078125 98248.203125
215 40.366000 39877.078125 98321.062500
216 40.545000 39877.078125 98922.070313
217 40.754000 39877.078125 99333.132813
218 40.944000 39877.078125 101703.687500
219 41.159000 39877.078125 95581.570313
220 41.336000 39877.078125 95070.593750
221 41.523000 39877.078125 96190.343750
222 41.704000 39877.078125 95372.109375
223 41.909000 39877.078125 96946.820313
224 42.100000 39877.078125 98393.320313
225 42.285000 39877.078125 95304.617188
226 42.466000 39877.078125 94789.179688
227 42.641000 39877.078125 93283.359375
228 42.814000 39877.078125 93512.671875
229 43.035000 39877.078125 92976.382813
230 43.196000 39877.078125 92715.593750
231 43.378000 39877.078125 91230.203125
232 43.561000 39877.078125 96246.437500
233 43.731000 39877.078125 95665.468750
234 43.926000 39877.078125 100526.351563
235 44.108000 39877.078125 102039.210938
236 44.298000 39877.078125 99975.562500
237 44.476000 39877.078125 102176.101563
238 44.662000 39877.078125 103403.609375
239 44.853000 39877.078125 101876.906250
240 45.025000 39877.078125 101804.898438
241 45.265000 39877.078125 98282.679688
242 45.459000 39877.078125 102053.890625
243 45.653000 39877.078125 98925.398438
244 45.838000 39877.078125 96643.632813
245 46.029000 39877.078125 96270.789063
246 46.220000 39877.078125 95667.296875
247 46.419000 39877.078125 96191.726563
248 46.602000 39877.078125 95365.906250
249 46.797000 39877.078125 96807.132813
250 46.984000 39877.078125 98858.187500
251 47.175000 39877.078125 100968.351563
252 47.397000 39877.078125 104779.296875
253 47.576000 39877.078125 101471.492188
254 47.766000 39877.078125 101072.453125
255 47.965000 39877.078125 97526.937500
256 48.157000 39877.078125 96026.328125
257 48.348000 39877.078125 99952.992188
258 48.555000 39877.078125 95199.468750
259 48.749000 39877.078125 97017.906250
260 48.962000 39877.078125 97271.718750
261 49.156000 39877.078125 99816.609375
262 49.330000 39877.078125 96652.273438
263 49.508000 39877.078125 96944.460938
264 49.689000 39877.078125 96550.679688
265 49.864000 39877.078125 98229.328125
266 50.049000 39877.078125 96775.601563
267 50.222000 39877.078125 102421.359375
268 50.396000 39877.078125 98670.187500
269 50.600000 39877.078125 101962.570313
270 50.797000 39877.078125 102835.273438
271 50.996000 39877.078125 102910.023438
272 51.177000 39877.078125 99042.250000
273 51.371000 39877.078125 99435.460938
274 51.567000 39877.078125 95396.859375
275 51.750000 39877.078125 95730.773438
276 51.955000 39877.078125 93442.343750
277 52.141000 39877.078125 93997.898438
278 52.341000 39877.078125 93085.460938
279 52.523000 39877.078125 94856.328125
280 52.694000 39877.078125 96909.578125
281 52.884000 39877.078125 98512.101563
282 53.076000 39877.078125 96133.382813
283 53.256000 39877.078125 95496.648438
284 53.449000 39877.078125 95958.210938
285 53.656000 39877.078125 97531.789063
286 53.829000 39877.078125 94238.859375
287 54.002000 39877.078125 94844.789063
288 54.187000 39877.078125 94474.429688
289 54.368000 39877.078125 90569.039063
290 54.532000 39877.078125 88325.398438
291 54.725000 39877.078125 89945.570313
292 54.894000 39877.078125 93356.156250
293 55.096000 39877.078125 87107.187500
294 55.269000 39877.078125 96039.781250
295 55.465000 39877.078125 97929.390625
296 55.666000 39877.078125 92848.937500
297 55.849000 39877.078125 90870.789063
298 56.029000 39877.078125 93484.632813
299 56.220000 39877.078125 97425.648438
300 56.415000 39877.078125 97986.218750
301 56.616000 39877.078125 94240.250000
302 56.815000 39877.078125 91812.273438
303 56.986000 39877.078125 92767.226563
304 57.176000 39877.078125 90562.757813
305 57.366000 39877.078125 91618.570313
306 57.541000 39877.078125 91041.781250
307 57.732000 39877.078125 92742.687500
308 57.935000 39877.078125 90888.421875
309 58.157000 39877.078125 93092.679688
310 58.359000 39877.078125 97219.078125
311 58.556000 39877.078125 102004.312500
312 58.743000 39877.078125 98507.492188
313 58.930000 39877.078125 101562.546875
314 59.117000 39877.078125 101905.273438
315 59.305000 39877.078125 98583.273438
316 59.487000 39877.078125 101013.156250
317 59.649000 39877.078125 104493.007813
318 59.840000 39877.078125 104673.656250
319 60.009000 39877.078125 102075.250000
320 60.204000 39877.078125 100807.820313
321 60.404000 39877.078125 101985.773438
322 60.589000 39877.078125 94661.593750
323 60.771000 39877.078125 94504.507813
324 60.947000 39877.078125 91055.500000
325 61.124000 39877.078125 92157.859375
326 61.326000 39877.078125 90318.328125
327 61.501000 39877.078125 91520.679688
328 61.689000 39877.078125 93850.882813
329 61.871000 39877.078125 94250.867188
330 62.051000 39877.078125 93901.296875
331 62.246000 39877.078125 95727.437500
332 62.424000 39877.078125 93705.062500
333 62.624000 39877.078125 97012.992188
334 62.811000 39877.078125 101107.851563
335 63.008000 39877.078125 100209.179688
336 63.203000 39877.078125 99741.070313
337 63.375000 39877.078125 102386.117188
338 63.556000 39877.078125 106038.632813
339 63.747000 39877.078125 107780.757813
340 63.923000 39877.078125 106126.671875
341 64.094000 39877.078125 104938.656250
342 64.310000 39877.078125 103759.789063
343 64.493000 39877.078125 102999.007813
344 64.684000 39877.078125 100839.812500
345 64.851000 39877.078125 98185.351563
346 65.048000 39877.078125 97918.750000
347 65.219000 39877.078125 101385.140625
348 65.392000 39877.078125 102619.539063
349 65.592000 39877.078125 103018.679688
350 65.779000 39877.078125 103524.812500
351 65.953000 39877.078125 102230.742188
352 66.148000 39877.078125 100024.593750
353 66.332000 39877.078125 97309.976563
354 66.526000 39877.078125 99570.273438
355 66.716000 39877.078125 97839.531250
356 66.925000 39877.078125 100027.289063
357 67.105000 39877.078125 97622.437500
358 67.259000 39877.078125 95693.242188
359 67.426000 39877.078125 94413.156250
360 67.633000 39877.078125 92858.210938
361 67.823000 39877.078125 93385.843750
362 67.996000 39877.078125 95743.296875
363 68.194000 39877.078125 101622.117188
364 68.431000 39877.078125 101459.789063
365 68.614000 39877.078125 97273.531250
366 68.795000 39877.078125 100380.281250
367 68.984000 39877.078125 96879.093750
368 69.164000 39877.078125 101460.093750
369 69.356000 39877.078125 100957.039063
370 69.540000 39877.078125 100512.070313
371 69.726000 39877.078125 100143.250000
372 69.920000 39877.078125 99682.750000
373 70.115000 39877.078125 98278.179688
374 70.286000 39877.078125 95412.906250
375 70.495000 39877.078125 100103.750000
376 70.677000 39877.078125 96269.648438
377 70.850000 39877.078125 95837.281250
378 71.040000 39877.078125 97279.890625
379 71.221000 39877.078125 98321.226563
380 71.398000 39877.078125 99093.781250
381 71.572000 39877.078125 101649.289063
382 71.744000 39877.078125 101679.281250
383 71.916000 39877.078125 100293.781250
384 72.103000 39877.078125 98800.679688
385 72.298000 39877.078125 103712.000000
386 72.494000 39877.078125 101936.328125
387 72.673000 39877.078125 95476.257813
388 72.849000 39877.078125 98267.640625
389 73.015000 39877.078125 101093.359375
390 73.214000 39877.078125 101129.468750
391 73.401000 39877.078125 98594.382813
392 73.575000 39877.078125 101467.203125
393 73.763000 39877.078125 103506.289063
394 73.956000 39877.078125 106142.257813
395 74.146000 39877.078125 106727.750000
396 74.354000 39877.078125 105818.953125
397 74.539000 39877.078125 110229.929688
398 74.731000 39877.078125 105618.921875
399 74.918000 39877.078125 105182.390625
400 75.100000 39877.078125 103216.601563
401 75.263000 39877.078125 101878.710938
402 75.456000 39877.078125 102108.757813
403 75.638000 39877.078125 103354.578125
404 75.833000 39877.078125 103345.570313
405 75.997000 39877.078125 101500.757813
406 76.195000 39877.078125 100074.093750
407 76.382000 39877.078125 98454.367188
408 76.566000 39877.078125 100140.867188
409 76.760000 39877.078125 99187.523438
410 76.949000 39877.078125 98554.671875
411 77.139000 39877.078125 102638.117188
412 77.327000 39877.078125 100051.109375
413 77.563000 39877.078125 102525.976563
414 77.741000 39877.078125 99432.148438
415 77.935000 39877.078125 102479.273438
416 78.129000 39877.078125 101261.273438
417 78.310000 39877.078125 100782.898438
418 78.518000 39877.078125 100067.359375
419 78.726000 39877.078125 95719.671875
420 78.926000 39877.078125 94624.007813
421 79.115000 39877.078125 92263.710938
422 79.321000 39877.078125 97055.773438
423 79.515000 39877.078125 96916.117188
424 79.694000 39877.078125 96568.703125
425 79.885000 39877.078125 102065.937500
426 80.055000 39877.078125 98071.421875
427 80.242000 39877.078125 95463.976563
428 80.430000 39877.078125 99569.960938
429 80.595000 39877.078125 98105.851563
430 80.784000 39877.078125 97282.640625
431 80.959000 39877.078125 100593.890625
432 81.134000 39877.078125 100455.773438
433 81.320000 39877.078125 105278.500000
434 81.518000 39877.078125 106477.406250
435 81.689000 39877.078125 101309.851563
436 81.880000 39877.078125 100540.796875
437 82.064000 39877.078125 100593.507813
438 82.263000 39877.078125 100993.906250
439 82.454000 39877.078125 96792.968750
440 82.620000 39877.078125 98544.226563
441 82.801000 39877.078125 98632.968750
442 82.972000 39877.078125 95026.203125
443 83.159000 39877.078125 98592.078125
444 83.339000 39877.078125 99576.421875
445 83.529000 39877.078125 100440.539063
446 83.719000 39877.078125 97151.179688
447 83.907000 39877.078125 99131.250000
448 84.078000 39877.078125 97216.632813
449 84.267000 39877.078125 96120.281250
450 84.455000 39877.078125 96303.648438
451 84.645000 39877.078125 97444.671875
452 84.812000 39877.078125 99780.601563
453 84.991000 39877.078125 104242.992188
454 85.191000 39877.078125 105383.328125
455 85.393000 39877.078125 104260.101563
456 85.582000 39877.078125 104172.539063
457 85.775000 39877.078125 105068.351563
458 85.957000 39877.078125 106071.796875
459 86.137000 39877.078125 103776.843750
460 86.317000 39877.078125 102807.937500
461 86.514000 39877.078125 104333.171875
462 86.689000 39877.078125 98235.609375
463 86.888000 39877.078125 101945.039063
464 87.063000 39877.078125 100812.976563
465 87.241000 39877.078125 98294.382813
466 87.420000 39877.078125 94887.328125
467 87.592000 39877.078125 94474.242188
468 87.770000 39877.078125 93799.726563
469 87.944000 39877.078125 99957.703125
470 88.142000 39877.078125 102770.179688
471 88.365000 39877.078125 101132.796875
472 88.550000 39877.078125 97105.117188
473 88.746000 39877.078125 97413.023438
474 88.926000 39877.078125 96002.179688
475 89.108000 39877.078125 99768.367188
476 89.319000 39877.078125 95042.218750
477 89.528000 39877.078125 94900.437500
478 89.712000 39877.078125 96964.359375
479 89.896000 39877.078125 94868.882813
480 90.126000 39877.078125 94940.507813
481 90.308000 39877.078125 96514.046875
482 90.477000 39877.078125 94898.937500
483 90.684000 39877.078125 100923.718750
484 90.883000 39877.078125 95128.593750
485 91.056000 39877.078125 94803.960938
486 91.241000 39877.078125 94674.109375
487 91.428000 39877.078125 93227.539063
488 91.637000 39877.078125 97167.320313
489 91.821000 39877.078125 91583.000000
490 92.006000 39877.078125 92233.742188
491 92.205000 39877.078125 93211.171875
492 92.413000 39877.078125 90308.507813
493 92.597000 39877.078125 91097.617188
494 92.776000 39877.078125 90999.773438
495 92.963000 39877.078125 93816.539063
496 93.136000 39877.078125 90544.492188
497 93.301000 39877.078125 90947.867188
498 93.474000 39877.078125 93189.562500
499 93.654000 39877.078125 93721.093750
500 93.838000 39877.078125 93298.242188
501 94.021000 39877.078125 90839.203125
502 94.219000 39877.078125 93252.632813
503 94.380000 39877.078125 96280.867188
504 94.562000 39877.078125 101228.562500
505 94.744000 39877.078125 99188.578125
506 94.910000 39877.078125 95174.968750
507 95.096000 39877.078125 94943.148438
508 95.264000 39877.078125 94374.281250
509 95.453000 39877.078125 99173.523438
510 95.634000 39877.078125 97902.093750
511 95.815000 39877.078125 99985.171875
512 96.006000 39877.078125 100282.273438
513 96.206000 39877.078125 100920.062500
514 96.380000 39877.078125 99484.976563
515 96.567000 39877.078125 97520.640625
516 96.767000 39877.078125 95411.093750
517 96.934000 39877.078125 95910.640625
518 97.130000 39877.078125 97005.539063
519 97.331000 39877.078125 99378.218750
520 97.524000 39877.078125 95758.406250
521 97.703000 39877.078125 95511.968750
522 97.876000 39877.078125 96994.507813
523 98.065000 39877.078125 95339.757813
524 98.253000 39877.078125 94038.539063
525 98.446000 39877.078125 94638.406250
526 98.629000 39877.078125 95840.406250
527 98.825000 39877.078125 93365.312500
528 99.026000 39877.078125 94561.390625
529 99.199000 39877.078125 96597.632813
530 99.408000 39877.078125 104855.257813
531 99.610000 39877.078125 106626.500000
532 99.779000 39877.078125 101111.343750
