0 0.000000 3113.114258 3316.672852
1 0.053000 3069.519287 3316.672852
2 0.103000 3030.156250 3631.515869
3 0.145000 2995.139893 3646.342529
4 0.195000 2902.117676 3731.614014
5 0.242000 2859.701904 3793.371582
6 0.291000 2859.701904 3936.151855
7 0.336000 2846.629150 4063.577148
8 0.383000 2846.629150 4119.097656
9 0.438000 2846.629150 4091.249268
10 0.484000 2846.629150 4255.076172
11 0.527000 2846.629150 4533.100098
12 0.574000 2846.629150 4403.654297
13 0.617000 2841.860840 4578.292969
14 0.663000 2841.860840 4850.084473
15 0.710000 2841.526611 4656.214844
16 0.757000 2792.936768 4527.277344
17 0.801000 2792.936768 4513.222168
18 0.848000 2792.936768 4781.211426
19 0.896000 2792.936768 4835.397461
20 0.941000 2792.936768 4855.960449
21 0.985000 2792.936768 4856.902344
22 1.027000 2792.936768 4723.587891
23 1.071000 2792.936768 4816.456055
24 1.113000 2792.936768 4854.622070
25 1.156000 2792.936768 4969.247070
26 1.203000 2792.936768 5312.937500
27 1.249000 2792.936768 5204.493652
28 1.293000 2792.936768 5176.357910
29 1.341000 2792.936768 5210.856445
30 1.388000 2792.936768 5438.024414
31 1.431000 2792.936768 5391.384277
32 1.481000 2792.936768 5409.445801
33 1.523000 2792.936768 5245.258301
34 1.572000 2792.936768 5421.015625
35 1.617000 2792.936768 5422.107910
36 1.661000 2792.936768 5454.254883
37 1.705000 2792.936768 5411.336426
38 1.755000 2792.936768 5615.803711
39 1.798000 2792.936768 5452.655762
40 1.842000 2792.936768 5525.517578
41 1.881000 2792.936768 5494.171875
42 1.928000 2792.936768 5762.054199
43 1.970000 2792.936768 5823.713867
44 2.017000 2792.936768 5693.464844
45 2.061000 2792.936768 5756.955078
46 2.106000 2792.936768 5685.586426
47 2.150000 2792.936768 5618.453125
48 2.194000 2792.936768 5595.025391
49 2.239000 2792.936768 5718.236328
50 2.280000 2792.936768 5681.711426
51 2.324000 2792.936768 5857.318848
52 2.373000 2792.936768 5917.852051
53 2.415000 2783.162354 5908.312012
54 2.464000 2783.162354 5947.228516
55 2.513000 2783.162354 5939.316895
56 2.557000 2783.162354 5905.726074
57 2.601000 2783.162354 5932.435547
58 2.650000 2783.162354 5952.169922
59 2.701000 2783.162354 5683.040527
60 2.748000 2783.162354 5736.408203
61 2.797000 2783.162354 5710.625488
62 2.841000 2783.162354 5549.234863
63 2.883000 2783.162354 5519.697266
64 2.927000 2783.162354 5404.597656
65 2.967000 2783.162354 5507.319336
66 3.014000 2783.162354 5546.760742
67 3.059000 2783.162354 5527.488770
68 3.101000 2783.162354 5634.162109
69 3.144000 2779.459717 5593.123535
70 3.189000 2755.191406 5619.446289
71 3.233000 2755.191406 5747.249512
72 3.280000 2755.191406 5747.640137
73 3.320000 2755.191406 5846.016113
74 3.368000 2755.191406 5791.805664
75 3.411000 2755.191406 5960.089355
76 3.459000 2755.191406 6047.568359
77 3.547000 2755.191406 5906.802734
78 3.614000 2755.191406 6027.252930
79 3.663000 2754.540039 5965.133789
80 3.722000 2754.540039 6044.560059
81 3.768000 2754.540039 5937.091797
82 3.834000 2754.540039 5960.293945
83 3.879000 2754.540039 5900.522461
84 3.919000 2754.540039 5633.758301
85 3.968000 2754.540039 5541.562012
86 4.018000 2754.540039 5558.278320
87 4.068000 2754.540039 5512.904297
88 4.116000 2754.540039 5331.959473
89 4.163000 2754.540039 5450.029297
90 4.207000 2754.540039 5612.099609
91 4.266000 2754.540039 5582.750488
92 4.323000 2754.540039 5468.329590
93 4.373000 2754.540039 5575.898926
94 4.421000 2754.540039 5457.495117
95 4.471000 2754.540039 5397.379883
96 4.520000 2754.540039 5260.060547
97 4.571000 2754.540039 5545.120117
98 4.617000 2754.540039 5469.615723
99 4.679000 2754.540039 5661.901367
100 4.727000 2754.540039 5651.625488
101 4.769000 2754.540039 5712.324219
102 4.816000 2754.540039 5710.317383
103 4.861000 2754.540039 5420.501465
104 4.909000 2754.540039 5637.022949
105 4.957000 2754.540039 5552.489258
106 5.004000 2754.540039 5788.147461
107 5.047000 2754.540039 5702.322266
108 5.099000 2754.540039 5571.437988
109 5.144000 2754.540039 5540.823730
110 5.191000 2754.540039 5464.336426
111 5.236000 2754.540039 5394.372070
112 5.280000 2754.540039 5424.192383
113 5.326000 2754.540039 5718.333008
114 5.369000 2754.540039 5748.500488
115 5.412000 2754.540039 5883.488281
116 5.455000 2754.540039 6066.939941
117 5.503000 2754.540039 6139.143066
118 5.546000 2754.540039 5983.611816
119 5.592000 2754.540039 5923.010742
120 5.635000 2754.540039 5806.171875
121 5.678000 2754.540039 5759.468262
122 5.721000 2754.540039 5713.728027
123 5.764000 2754.540039 5833.280762
124 5.802000 2754.540039 5752.427734
125 5.844000 2754.540039 5945.796875
126 5.888000 2754.540039 5882.763184
127 5.935000 2754.540039 6035.658203
128 5.989000 2754.540039 5946.214355
129 6.035000 2754.540039 5828.562012
130 6.079000 2754.540039 5910.758789
131 6.121000 2754.540039 6286.005859
132 6.164000 2754.540039 6345.046875
133 6.204000 2754.540039 6158.293945
134 6.252000 2754.540039 6127.838867
135 6.303000 2754.540039 5988.021484
136 6.342000 2754.540039 5876.576172
137 6.388000 2754.540039 6126.052734
138 6.433000 2754.540039 6000.482910
139 6.479000 2754.540039 5861.044434
140 6.523000 2754.540039 5642.462402
141 6.568000 2754.540039 5626.929199
142 6.610000 2754.540039 5603.479980
143 6.658000 2754.540039 5692.251465
144 6.702000 2754.540039 5759.688965
145 6.739000 2754.540039 5676.039551
146 6.784000 2754.540039 5716.399414
147 6.830000 2754.540039 5744.169434
148 6.879000 2754.540039 5848.752441
149 6.920000 2754.540039 5933.621094
150 6.968000 2754.540039 5745.033203
151 7.013000 2754.540039 5654.416016
152 7.059000 2754.540039 5656.312012
153 7.103000 2754.540039 5719.384277
154 7.145000 2754.540039 5622.413574
155 7.188000 2754.540039 5740.316406
156 7.239000 2754.540039 5707.217285
157 7.287000 2754.540039 5600.345703
158 7.331000 2754.540039 5628.917969
159 7.377000 2754.540039 5745.859375
160 7.427000 2754.540039 5882.037109
161 7.470000 2754.540039 5736.539551
162 7.515000 2754.540039 5633.810547
163 7.559000 2754.540039 5457.510742
164 7.607000 2754.540039 5459.874512
165 7.649000 2754.540039 5463.021484
166 7.697000 2754.540039 5580.459961
167 7.746000 2754.540039 5598.956055
168 7.790000 2754.540039 5509.601074
169 7.844000 2754.540039 5369.972656
170 7.890000 2754.540039 5252.596680
171 7.932000 2754.540039 5257.655762
172 7.978000 2754.540039 5300.267090
173 8.023000 2754.540039 5427.871094
174 8.072000 2754.540039 5400.484863
175 8.115000 2754.540039 5487.168945
176 8.158000 2754.540039 5435.393555
177 8.204000 2754.540039 5334.383789
178 8.247000 2754.540039 5219.995117
179 8.290000 2754.540039 5287.106445
