0 0.000000 25421.833984 27179.974609 28568.722656 25421.833984
1 0.007000 24760.527344 27179.974609 28568.722656 25421.833984
2 0.013000 24325.085938 26589.812500 28499.753906 24760.527344
3 0.020000 23197.667969 26168.113281 28342.242188 24325.085938
4 0.026000 22911.466797 25874.365234 28294.761719 23197.667969
5 0.033000 22717.837891 25574.527344 28294.761719 22911.466797
6 0.039000 22717.837891 25383.402344 27825.855469 22717.837891
7 0.045000 22580.955078 25184.636719 27487.740234 22717.837891
8 0.051000 22480.578125 24991.085938 27397.853516 22580.955078
9 0.057000 22363.396484 24856.470703 27397.853516 22480.578125
10 0.063000 22034.875000 24719.488281 27397.853516 22363.396484
11 0.070000 22034.875000 24556.039063 27005.208984 22034.875000
12 0.076000 22034.875000 24469.044922 26823.322266 22034.875000
13 0.082000 22003.003906 24313.714844 26777.890625 22034.875000
14 0.088000 21935.886719 24175.248047 26651.464844 22003.003906
15 0.095000 21935.886719 24078.373047 26651.464844 21935.886719
16 0.102000 21935.886719 23982.720703 26651.464844 21935.886719
17 0.108000 21803.130859 23931.712891 26651.464844 21935.886719
18 0.114000 21617.445313 23851.964844 26651.464844 21803.130859
19 0.121000 21617.445313 23742.275391 26651.464844 21617.445313
20 0.127000 21596.439453 23670.533203 26651.464844 21617.445313
21 0.134000 21596.439453 23589.636719 25832.039063 21596.439453
22 0.140000 21596.439453 23521.777344 25832.039063 21596.439453
23 0.146000 21596.439453 23480.380859 25832.039063 21596.439453
24 0.152000 21596.439453 23431.759766 25495.296875 21596.439453
25 0.159000 21501.289063 23341.919922 25495.296875 21596.439453
26 0.164000 21501.289063 23302.730469 25495.296875 21501.289063
27 0.170000 21501.289063 23234.865234 25495.296875 21501.289063
28 0.176000 21501.289063 23199.765625 25495.296875 21501.289063
29 0.183000 21501.289063 23145.328125 24941.580078 21501.289063
30 0.189000 21501.289063 23096.035156 24941.580078 21501.289063
31 0.195000 21501.289063 23073.074219 24828.666016 21501.289063
32 0.201000 21501.289063 23007.779297 24326.554688 21501.289063
33 0.208000 21501.289063 22983.732422 24326.554688 21501.289063
34 0.214000 21501.289063 22957.859375 24326.554688 21501.289063
35 0.219000 21501.289063 22935.199219 24326.554688 21501.289063
36 0.225000 21501.289063 22909.539063 24326.554688 21501.289063
37 0.232000 21377.515625 22893.417969 24326.554688 21501.289063
38 0.237000 21377.515625 22868.044922 24326.554688 21377.515625
39 0.243000 21377.515625 22833.074219 24326.554688 21377.515625
40 0.250000 21377.515625 22822.556641 24326.554688 21377.515625
41 0.256000 21377.515625 22800.802734 24073.654297 21377.515625
42 0.262000 21377.515625 22789.675781 24073.654297 21377.515625
43 0.268000 21377.515625 22777.707031 24073.654297 21377.515625
44 0.274000 21377.515625 22756.679688 24073.654297 21377.515625
45 0.281000 21377.515625 22753.125000 24045.484375 21377.515625
46 0.289000 21377.515625 22740.373047 24045.484375 21377.515625
47 0.294000 21377.515625 22728.007813 24045.484375 21377.515625
48 0.300000 21377.515625 22710.945313 24027.642578 21377.515625
49 0.306000 21377.515625 22698.216797 23703.468750 21377.515625
50 0.312000 21377.515625 22690.365234 23703.468750 21377.515625
51 0.319000 21377.515625 22689.070313 23703.468750 21377.515625
52 0.325000 21377.515625 22665.179688 23703.468750 21377.515625
53 0.331000 21377.515625 22636.113281 23703.468750 21377.515625
54 0.337000 21377.515625 22608.623047 23618.984375 21377.515625
55 0.343000 21377.515625 22605.332031 23618.984375 21377.515625
56 0.348000 21377.515625 22604.126953 23618.984375 21377.515625
57 0.356000 21377.515625 22599.230469 23618.984375 21377.515625
58 0.361000 21377.515625 22588.400391 23613.748047 21377.515625
59 0.368000 21377.515625 22585.789063 23613.748047 21377.515625
60 0.373000 21377.515625 22584.832031 23613.748047 21377.515625
61 0.379000 21377.515625 22568.337891 23613.748047 21377.515625
62 0.385000 21377.515625 22564.205078 23607.695313 21377.515625
63 0.391000 21377.515625 22558.677734 23607.695313 21377.515625
64 0.397000 21377.515625 22553.449219 23607.695313 21377.515625
65 0.402000 21377.515625 22546.039063 23607.695313 21377.515625
66 0.408000 21377.515625 22545.554688 23607.695313 21377.515625
67 0.414000 21377.515625 22541.921875 23607.695313 21377.515625
68 0.420000 21377.515625 22540.011719 23607.695313 21377.515625
69 0.426000 21377.515625 22538.390625 23607.695313 21377.515625
70 0.432000 21377.515625 22535.490234 23607.695313 21377.515625
71 0.438000 21377.515625 22526.876953 23607.695313 21377.515625
72 0.444000 21377.515625 22526.726563 23607.695313 21377.515625
73 0.451000 21377.515625 22525.099609 23607.695313 21377.515625
74 0.457000 21377.515625 22519.210938 23565.519531 21377.515625
75 0.464000 21377.515625 22514.484375 23565.519531 21377.515625
76 0.470000 21377.515625 22504.429688 23565.519531 21377.515625
77 0.476000 21377.515625 22504.144531 23565.519531 21377.515625
78 0.481000 21377.515625 22503.695313 23565.519531 21377.515625
79 0.487000 21377.515625 22491.216797 23565.519531 21377.515625
80 0.493000 21377.515625 22485.998047 23565.519531 21377.515625
81 0.499000 21377.515625 22472.740234 23565.519531 21377.515625
82 0.505000 21377.515625 22472.105469 23565.519531 21377.515625
83 0.511000 21377.515625 22470.626953 23565.519531 21377.515625
84 0.517000 21377.515625 22466.181641 23565.519531 21377.515625
85 0.524000 21377.515625 22458.890625 23565.519531 21377.515625
86 0.530000 21377.515625 22451.935547 23565.519531 21377.515625
87 0.537000 21377.515625 22451.935547 23565.519531 21377.515625
88 0.543000 21377.515625 22445.800781 23565.519531 21377.515625
89 0.549000 21377.515625 22445.744141 23565.519531 21377.515625
90 0.556000 21377.515625 22438.945313 23565.519531 21377.515625
91 0.562000 21377.515625 22437.302734 23411.130859 21377.515625
92 0.569000 21377.515625 22437.302734 23411.130859 21377.515625
93 0.575000 21377.515625 22434.734375 23411.130859 21377.515625
94 0.582000 21377.515625 22433.150391 23411.130859 21377.515625
95 0.588000 21377.515625 22427.748047 23411.130859 21377.515625
96 0.594000 21377.515625 22416.847656 23405.484375 21377.515625
97 0.600000 21377.515625 22414.169922 23405.484375 21377.515625
98 0.606000 21377.515625 22413.257813 23405.484375 21377.515625
99 0.611000 21377.515625 22413.257813 23405.484375 21377.515625
100 0.618000 21377.515625 22413.257813 23405.484375 21377.515625
101 0.623000 21377.515625 22404.074219 23405.484375 21377.515625
102 0.629000 21377.515625 22404.074219 23405.484375 21377.515625
103 0.636000 21377.515625 22400.769531 23383.437500 21377.515625
104 0.642000 21377.515625 22398.355469 23383.437500 21377.515625
105 0.649000 21377.515625 22398.357422 23383.437500 21377.515625
106 0.655000 21377.515625 22391.376953 23383.437500 21377.515625
107 0.661000 21377.515625 22384.082031 23383.437500 21377.515625
108 0.667000 21377.515625 22384.085938 23383.437500 21377.515625
109 0.673000 21377.515625 22384.085938 23383.437500 21377.515625
110 0.679000 21377.515625 22384.085938 23383.437500 21377.515625
111 0.685000 21377.515625 22383.230469 23383.437500 21377.515625
112 0.692000 21377.515625 22378.123047 23383.437500 21377.515625
113 0.698000 21377.515625 22378.123047 23383.437500 21377.515625
114 0.704000 21377.515625 22377.132813 23383.437500 21377.515625
115 0.710000 21377.515625 22376.994141 23383.437500 21377.515625
116 0.716000 21377.515625 22376.080078 23291.980469 21377.515625
117 0.722000 21377.515625 22363.970703 23291.980469 21377.515625
118 0.728000 21377.515625 22363.972656 23291.980469 21377.515625
119 0.734000 21377.515625 22358.386719 23291.980469 21377.515625
120 0.740000 21377.515625 22358.386719 23291.980469 21377.515625
121 0.746000 21377.515625 22358.386719 23291.980469 21377.515625
122 0.752000 21377.515625 22358.386719 23291.980469 21377.515625
123 0.757000 21377.515625 22347.875000 23291.980469 21377.515625
124 0.763000 21377.515625 22347.732422 23291.980469 21377.515625
125 0.770000 21377.515625 22347.732422 23291.980469 21377.515625
126 0.777000 21377.515625 22347.181641 23291.980469 21377.515625
127 0.782000 21377.515625 22345.234375 23291.980469 21377.515625
128 0.789000 21377.515625 22345.238281 23291.980469 21377.515625
129 0.795000 21377.515625 22344.001953 23287.451172 21377.515625
130 0.801000 21377.515625 22330.613281 23287.451172 21377.515625
131 0.807000 21377.515625 22330.613281 23287.451172 21377.515625
132 0.813000 21377.515625 22330.437500 23287.451172 21377.515625
133 0.819000 21377.515625 22329.769531 23287.451172 21377.515625
134 0.827000 21377.515625 22329.769531 23287.451172 21377.515625
135 0.833000 21377.515625 22329.769531 23287.451172 21377.515625
136 0.839000 21377.515625 22329.642578 23287.451172 21377.515625
137 0.845000 21377.515625 22329.642578 23287.451172 21377.515625
