0 0.000000 45655.066406 47146.140625
1 0.196000 43026.058594 47146.140625
2 0.368000 42749.683594 46003.210938
3 0.569000 42541.988281 45283.179688
4 0.754000 41982.589844 44913.621094
5 0.940000 41575.957031 44351.000000
6 1.133000 41235.316406 43990.671875
7 1.314000 41006.707031 43634.164063
8 1.518000 40908.164063 43349.210938
9 1.699000 40886.167969 43083.894531
10 1.894000 40741.652344 42864.894531
11 2.074000 40741.652344 42673.226563
12 2.269000 40537.785156 42503.835938
13 2.466000 40395.613281 42342.386719
14 2.656000 40384.527344 42281.640625
15 2.817000 40357.304688 42134.000000
16 3.010000 40115.511719 41958.003906
17 3.205000 40008.585938 41815.882813
18 3.396000 39987.855469 41699.390625
19 3.588000 39987.855469 41568.484375
20 3.776000 39987.855469 41489.113281
21 3.958000 39735.753906 41349.316406
22 4.153000 39674.660156 41258.988281
23 4.339000 39604.386719 41122.500000
24 4.530000 39529.781250 41086.113281
25 4.712000 39525.007813 40982.734375
26 4.908000 39525.007813 40947.621094
27 5.084000 39525.007813 40950.089844
28 5.243000 39525.007813 40847.808594
29 5.427000 39525.007813 40773.167969
30 5.607000 39525.007813 40707.152344
31 5.791000 39495.902344 40639.093750
32 5.984000 39495.902344 40590.753906
33 6.177000 39495.902344 40551.976563
34 6.370000 39442.027344 40640.808594
35 6.558000 39428.589844 40525.917969
36 6.734000 39403.628906 40527.199219
37 6.919000 39388.906250 40453.789063
38 7.107000 39388.906250 40391.031250
39 7.293000 39339.835938 40454.648438
40 7.480000 39325.621094 40372.718750
41 7.666000 39317.613281 40341.699219
42 7.865000 39255.398438 40305.660156
43 8.052000 39255.398438 40284.503906
44 8.232000 39255.398438 40250.136719
45 8.401000 39255.398438 40229.769531
46 8.563000 39255.398438 40241.066406
47 8.752000 39255.398438 40211.781250
48 8.944000 39255.398438 40176.941406
49 9.139000 39255.398438 40161.246094
50 9.301000 39255.398438 40164.863281
51 9.470000 39255.398438 40143.789063
52 9.668000 39255.398438 40133.863281
53 9.846000 39255.398438 40088.843750
54 10.043000 39255.398438 40148.253906
55 10.235000 39255.398438 40167.953125
56 10.429000 39255.398438 40134.960938
57 10.610000 39255.398438 40112.796875
58 10.817000 39255.398438 40095.449219
59 11.000000 39255.398438 40069.156250
60 11.190000 39161.144531 40061.281250
61 11.379000 39161.144531 40045.058594
62 11.573000 39161.144531 40039.312500
63 11.767000 39161.144531 40027.527344
64 11.971000 39161.144531 40023.816406
65 12.156000 39161.144531 40016.804688
66 12.353000 39161.144531 40007.664063
67 12.552000 39161.144531 39994.023438
68 12.735000 39161.144531 40082.664063
69 12.925000 39161.144531 40048.585938
70 13.140000 39161.144531 40035.457031
71 13.332000 39161.144531 40019.058594
72 13.511000 39161.144531 40000.121094
73 13.693000 39161.144531 39996.351563
74 13.900000 39128.890625 39984.226563
75 14.093000 39128.890625 39965.539063
76 14.282000 39128.890625 39946.300781
77 14.467000 39128.890625 39944.285156
78 14.648000 39128.890625 39922.808594
79 14.835000 39128.890625 39955.773438
80 15.001000 39128.890625 39952.199219
81 15.169000 39128.890625 39944.968750
82 15.358000 39128.890625 39999.285156
83 15.544000 39128.890625 39982.656250
84 15.744000 39128.890625 39977.070313
85 15.927000 39128.890625 39938.531250
86 16.120000 39128.890625 39937.425781
87 16.285000 39128.890625 39928.414063
88 16.475000 39128.890625 39960.148438
89 16.664000 39128.890625 39944.433594
90 16.835000 39128.890625 39922.953125
91 17.016000 39128.890625 39915.253906
92 17.192000 39128.890625 39896.945313
93 17.382000 39128.890625 39892.359375
94 17.570000 39128.890625 39891.050781
95 17.754000 39128.890625 39877.816406
96 17.946000 39128.890625 39869.460938
97 18.143000 39128.890625 39864.945313
98 18.325000 39128.890625 39897.703125
99 18.519000 39128.890625 39892.503906
100 18.685000 39128.890625 39885.789063
101 18.878000 39128.890625 39851.988281
102 19.061000 39128.890625 39848.574219
103 19.221000 39128.890625 39898.992188
104 19.420000 39128.890625 39898.687500
105 19.588000 39128.890625 39944.066406
106 19.759000 39101.933594 39936.453125
107 19.945000 39101.933594 39917.207031
108 20.124000 39101.933594 39927.054688
109 20.315000 39101.933594 39919.589844
110 20.507000 39101.933594 39915.648438
111 20.675000 39056.613281 39895.210938
112 20.861000 39056.613281 39893.914063
113 21.041000 39056.613281 39888.066406
114 21.222000 39056.613281 39880.472656
115 21.409000 39054.941406 39877.359375
116 21.598000 39053.753906 39874.101563
117 21.783000 39053.753906 39867.609375
118 21.990000 39053.753906 39862.765625
119 22.181000 39053.753906 39840.234375
120 22.368000 39053.753906 39839.460938
121 22.543000 39053.753906 39855.933594
122 22.719000 39053.753906 39854.832031
123 22.889000 39053.753906 39895.960938
124 23.069000 39053.753906 39894.820313
125 23.263000 39053.753906 39884.054688
126 23.446000 39053.753906 39875.347656
127 23.634000 39053.753906 39864.210938
128 23.838000 39053.753906 39857.031250
129 24.011000 38975.457031 39846.359375
130 24.196000 38975.457031 39870.898438
131 24.383000 38975.457031 39850.484375
132 24.570000 38975.457031 39844.273438
133 24.744000 38975.457031 39840.800781
134 24.940000 38975.457031 39835.074219
135 25.133000 38975.457031 39941.488281
136 25.326000 38975.457031 39865.308594
137 25.521000 38975.457031 39862.316406
138 25.715000 38975.457031 39857.945313
139 25.916000 38922.433594 39850.453125
140 26.076000 38922.433594 39879.949219
141 26.273000 38922.433594 39836.480469
142 26.440000 38922.433594 39861.523438
143 26.619000 38922.433594 39833.593750
144 26.813000 38922.433594 39829.570313
145 26.989000 38916.949219 39823.976563
146 27.184000 38916.949219 39823.035156
147 27.348000 38916.949219 39818.250000
148 27.540000 38916.949219 39808.289063
149 27.721000 38916.949219 39796.984375
150 27.900000 38916.949219 39796.414063
151 28.080000 38900.804688 39793.722656
152 28.281000 38900.804688 39791.734375
153 28.464000 38900.804688 39786.441406
154 28.639000 38900.804688 39863.148438
155 28.817000 38900.804688 39805.003906
156 29.000000 38900.804688 39802.023438
157 29.176000 38900.804688 39800.882813
158 29.341000 38900.804688 39797.078125
159 29.532000 38900.804688 39795.394531
160 29.709000 38900.804688 39805.164063
161 29.904000 38900.804688 39790.039063
162 30.096000 38900.804688 39780.523438
163 30.286000 38900.804688 39778.179688
164 30.467000 38900.804688 39773.296875
165 30.644000 38900.804688 39794.546875
166 30.842000 38900.804688 39790.894531
167 31.002000 38900.804688 39777.972656
168 31.179000 38900.804688 39794.355469
169 31.352000 38900.804688 39779.246094
170 31.535000 38900.804688 39824.261719
171 31.718000 38900.804688 39793.222656
172 31.907000 38900.804688 39790.265625
173 32.087000 38900.804688 39789.031250
174 32.279000 38900.804688 39840.121094
175 32.463000 38900.804688 39801.871094
176 32.655000 38900.804688 39850.351563
177 32.827000 38900.804688 39922.218750
178 33.033000 38900.804688 39970.031250
179 33.198000 38900.804688 39914.718750
180 33.360000 38900.804688 39975.957031
181 33.549000 38900.804688 39970.601563
182 33.734000 38900.804688 39938.710938
183 33.918000 38900.804688 40016.414063
184 34.105000 38900.804688 40007.726563
185 34.297000 38900.804688 39964.714844
186 34.495000 38900.804688 39944.039063
187 34.673000 38900.804688 39920.980469
188 34.870000 38900.804688 39957.234375
189 35.070000 38900.804688 39915.718750
190 35.257000 38900.804688 39868.078125
191 35.449000 38900.804688 39862.988281
192 35.649000 38900.804688 39891.226563
193 35.848000 38900.804688 39870.425781
194 36.034000 38900.804688 39845.468750
195 36.222000 38900.804688 39839.539063
196 36.404000 38900.804688 39804.210938
197 36.596000 38900.804688 39787.808594
198 36.776000 38900.804688 39774.710938
199 36.969000 38900.804688 39804.855469
200 37.140000 38900.804688 39776.648438
201 37.335000 38900.804688 39756.640625
202 37.525000 38900.804688 39751.335938
203 37.715000 38900.804688 39737.785156
204 37.892000 38900.804688 39727.726563
205 38.068000 38900.804688 39724.300781
206 38.257000 38900.804688 39799.117188
207 38.450000 38900.804688 39781.355469
208 38.640000 38900.804688 39776.523438
209 38.839000 38900.804688 39766.136719
210 39.027000 38900.804688 39749.789063
211 39.192000 38900.804688 39744.906250
212 39.371000 38900.804688 39741.531250
213 39.547000 38900.804688 39732.675781
214 39.751000 38900.804688 39729.546875
215 39.941000 38900.804688 39720.453125
216 40.125000 38900.804688 39754.277344
217 40.290000 38900.804688 39753.128906
218 40.510000 38900.804688 39728.671875
219 40.692000 38900.804688 39723.503906
220 40.863000 38900.804688 39719.859375
221 41.076000 38900.804688 39717.851563
222 41.281000 38900.804688 39736.949219
223 41.461000 38900.804688 39762.800781
224 41.665000 38900.804688 39757.128906
225 41.855000 38900.804688 39804.800781
226 42.049000 38900.804688 39798.378906
227 42.251000 38900.804688 39791.039063
228 42.438000 38900.804688 39785.554688
229 42.629000 38900.804688 39780.656250
230 42.819000 38900.804688 39764.574219
231 43.029000 38900.804688 39759.683594
232 43.208000 38900.804688 39762.851563
233 43.396000 38900.804688 39735.421875
234 43.573000 38900.804688 39805.976563
235 43.761000 38900.804688 39759.203125
236 43.941000 38900.804688 39748.515625
237 44.143000 38900.804688 39816.976563
238 44.344000 38900.804688 39772.175781
239 44.514000 38900.804688 39733.226563
240 44.698000 38900.804688 39728.722656
241 44.894000 38900.804688 39792.050781
242 45.095000 38900.804688 39840.050781
243 45.284000 38900.804688 39803.976563
244 45.468000 38900.804688 39782.335938
245 45.647000 38900.804688 39744.453125
246 45.829000 38900.804688 39774.816406
247 46.010000 38900.804688 39748.574219
248 46.211000 38900.804688 39733.171875
249 46.388000 38900.804688 39706.167969
250 46.559000 38900.804688 39703.332031
251 46.756000 38900.804688 39701.292969
