0 0.000000 45580.871094 47188.273438
1 0.183000 43810.839844 47188.273438
2 0.358000 42889.550781 46104.371094
3 0.544000 42297.542969 45406.914063
4 0.723000 41855.984375 44894.855469
5 0.906000 41736.757813 44385.480469
6 1.086000 41460.621094 44058.406250
7 1.267000 41311.820313 43754.453125
8 1.438000 41199.968750 43501.988281
9 1.586000 41182.515625 43253.824219
10 1.776000 41096.304688 43018.136719
11 1.965000 40790.003906 42819.234375
12 2.132000 40494.253906 42649.335938
13 2.305000 40124.601563 42481.160156
14 2.478000 39982.835938 42323.218750
15 2.652000 39869.183594 42188.480469
16 2.842000 39865.507813 42028.320313
17 3.075000 39830.714844 41917.425781
18 3.272000 39814.800781 41797.523438
19 3.469000 39540.703125 41682.789063
20 3.658000 39474.949219 41595.546875
21 3.869000 39462.750000 41496.539063
22 4.044000 39462.750000 41385.843750
23 4.235000 39462.750000 41306.875000
24 4.414000 39402.605469 41204.632813
25 4.601000 39392.460938 41105.417969
26 4.794000 39362.292969 41132.261719
27 4.961000 39362.292969 41019.886719
28 5.157000 39362.292969 40969.316406
29 5.358000 39359.050781 40979.183594
30 5.541000 39299.882813 40953.515625
31 5.731000 39283.171875 40864.167969
32 5.921000 39283.171875 40784.613281
33 6.098000 39283.171875 40723.906250
34 6.264000 39283.171875 40668.816406
35 6.442000 39283.171875 40675.265625
36 6.634000 39283.171875 40664.593750
37 6.808000 39283.171875 40626.976563
38 6.978000 39283.171875 40586.621094
39 7.135000 39283.171875 40503.824219
40 7.309000 39283.171875 40467.335938
41 7.502000 39283.171875 40464.828125
42 7.684000 39283.171875 40400.324219
43 7.861000 39283.171875 40356.191406
44 8.055000 39283.171875 40326.507813
45 8.235000 39283.171875 40298.281250
46 8.398000 39283.171875 40268.531250
47 8.586000 39283.171875 40250.433594
48 8.779000 39283.171875 40238.339844
49 8.965000 39283.171875 40219.039063
50 9.160000 39283.171875 40204.585938
51 9.351000 39195.824219 40188.957031
52 9.525000 39195.824219 40180.339844
53 9.697000 39191.781250 40170.574219
54 9.891000 39191.781250 40159.726563
55 10.091000 39191.781250 40148.894531
56 10.271000 39191.781250 40133.363281
57 10.472000 39191.781250 40129.558594
58 10.674000 39191.781250 40116.128906
59 10.847000 39191.781250 40094.121094
60 11.021000 39191.781250 40085.261719
61 11.221000 39191.781250 40076.191406
62 11.414000 39191.781250 40069.894531
63 11.598000 39191.781250 40092.539063
64 11.799000 39191.781250 40070.765625
65 11.981000 39191.781250 40063.898438
66 12.166000 39191.781250 40046.839844
67 12.352000 39191.781250 40044.515625
68 12.541000 39191.781250 40041.394531
69 12.735000 39191.781250 40036.191406
70 12.911000 39191.781250 40016.484375
71 13.093000 39191.781250 40115.488281
72 13.268000 39191.781250 40080.683594
73 13.442000 39191.781250 40074.371094
74 13.634000 39191.781250 40040.433594
75 13.819000 39191.781250 40146.402344
76 14.014000 39191.781250 40105.570313
77 14.198000 39191.781250 40093.378906
78 14.374000 39191.781250 40088.289063
79 14.594000 39191.781250 40061.382813
80 14.794000 39191.781250 40052.535156
81 15.003000 39191.781250 40134.863281
82 15.210000 39191.781250 40121.808594
83 15.406000 39191.781250 40114.015625
84 15.590000 39191.781250 40110.156250
85 15.775000 39191.781250 40035.214844
86 15.956000 39191.781250 40030.027344
87 16.161000 39191.781250 40026.648438
88 16.435000 39191.781250 40034.898438
89 16.644000 39191.781250 40040.949219
90 16.855000 39191.781250 40034.441406
91 17.064000 39191.781250 40031.902344
92 17.261000 39191.781250 40149.320313
93 17.460000 39191.781250 40110.382813
94 17.642000 39191.781250 40130.097656
95 17.837000 39191.781250 40173.921875
96 18.045000 39191.781250 40191.531250
97 18.256000 39191.781250 40135.109375
98 18.428000 39191.781250 40122.222656
99 18.643000 39191.781250 40088.734375
100 18.834000 39191.781250 40075.281250
101 19.034000 39191.781250 40037.687500
102 19.207000 39191.781250 40099.601563
103 19.391000 39191.781250 40071.757813
104 19.577000 39191.781250 40050.984375
105 19.756000 39191.781250 40050.191406
106 19.947000 39191.781250 40058.347656
107 20.148000 39191.781250 40022.414063
108 20.326000 39191.781250 40020.128906
109 20.507000 39191.781250 40016.511719
110 20.703000 39191.781250 39992.628906
111 20.902000 39191.781250 39979.312500
112 21.100000 39191.781250 39969.644531
113 21.261000 39191.781250 39957.691406
114 21.460000 39191.781250 39953.078125
115 21.639000 39191.781250 39948.039063
116 21.819000 39191.781250 39946.578125
117 22.020000 39191.781250 39938.800781
118 22.212000 39191.781250 39930.699219
119 22.399000 39191.781250 39928.406250
120 22.614000 39191.781250 39928.406250
121 22.819000 39191.781250 39927.371094
122 23.003000 39191.781250 39926.703125
123 23.189000 39191.781250 39923.726563
124 23.381000 39191.781250 39904.324219
125 23.570000 39191.781250 39900.914063
126 23.760000 39191.781250 39899.339844
127 23.933000 39191.781250 39898.968750
128 24.114000 39191.781250 39898.570313
129 24.291000 39191.781250 39896.011719
130 24.496000 39191.781250 39895.843750
131 24.686000 39191.781250 39894.226563
132 24.868000 39191.781250 39886.488281
133 25.040000 39191.781250 39882.367188
134 25.235000 39191.781250 39882.367188
135 25.420000 39191.781250 39877.042969
136 25.581000 39191.781250 39870.914063
137 25.779000 39191.781250 39870.914063
138 25.975000 39191.781250 39971.816406
139 26.160000 39191.781250 39965.855469
140 26.358000 39191.781250 39951.214844
141 26.531000 39191.781250 39877.828125
142 26.726000 39191.781250 39877.425781
143 26.897000 39191.781250 39872.753906
144 27.073000 39191.781250 39867.109375
145 27.283000 39191.781250 39863.468750
146 27.503000 39191.781250 39862.550781
147 27.696000 39191.781250 39862.363281
148 27.890000 39191.781250 39932.601563
149 28.071000 39191.781250 39875.839844
150 28.269000 39191.781250 39872.609375
151 28.457000 39191.781250 39872.609375
152 28.646000 39191.781250 39871.664063
153 28.845000 39191.781250 39923.253906
154 29.056000 39191.781250 40022.363281
155 29.240000 39191.781250 40019.625000
156 29.448000 39191.781250 39991.976563
157 29.656000 39191.781250 39977.964844
158 29.862000 39191.781250 40134.171875
159 30.075000 39191.781250 40041.273438
160 30.255000 39191.781250 40012.074219
161 30.441000 39191.781250 40044.628906
162 30.634000 39191.781250 40033.878906
163 30.827000 39191.781250 40024.992188
164 31.029000 39191.781250 40080.355469
165 31.208000 39191.781250 40070.761719
166 31.402000 39191.781250 39988.601563
167 31.589000 39191.781250 39976.089844
168 31.798000 39191.781250 39973.976563
169 31.994000 39191.781250 39967.121094
170 32.193000 39191.781250 39946.238281
171 32.394000 39191.781250 39948.949219
172 32.602000 39191.781250 39933.773438
173 32.815000 39191.781250 39925.644531
174 32.976000 39191.781250 39918.738281
175 33.163000 39191.781250 39907.589844
176 33.351000 39191.781250 39946.816406
177 33.511000 39191.781250 39935.324219
178 33.696000 39191.781250 39910.699219
179 33.882000 39191.781250 39906.484375
180 34.057000 39191.781250 39906.476563
181 34.241000 39191.781250 39948.175781
182 34.450000 39191.781250 39928.359375
183 34.648000 39191.781250 39917.671875
184 34.851000 39191.781250 39927.808594
185 35.055000 39191.781250 39911.550781
186 35.233000 39191.781250 39904.980469
187 35.415000 39191.781250 39901.144531
188 35.603000 39191.781250 39960.089844
189 35.763000 39191.781250 39958.617188
190 35.963000 39191.781250 39954.355469
191 36.163000 39191.781250 39937.183594
192 36.343000 39191.781250 39930.546875
193 36.535000 39191.781250 39909.792969
194 36.716000 39191.781250 39905.941406
195 36.904000 39191.781250 39905.191406
196 37.083000 39191.781250 39899.890625
197 37.274000 39191.781250 39895.031250
198 37.485000 39191.781250 39961.027344
199 37.704000 39191.781250 39957.699219
200 37.896000 39191.781250 40047.191406
201 38.074000 39191.781250 39996.902344
202 38.256000 39191.781250 39990.964844
203 38.444000 39191.781250 39968.648438
204 38.627000 39191.781250 40010.652344
205 38.814000 39191.781250 39963.835938
206 38.980000 39191.781250 39932.882813
207 39.174000 39191.781250 39928.945313
208 39.358000 39191.781250 39925.066406
209 39.542000 39191.781250 39911.417969
210 39.742000 39191.781250 39943.058594
211 39.927000 39191.781250 39915.496094
212 40.121000 39191.781250 39909.332031
213 40.294000 39191.781250 39924.316406
214 40.500000 39191.781250 39919.816406
215 40.697000 39191.781250 39910.371094
216 40.887000 39191.781250 39926.085938
217 41.082000 39191.781250 39910.558594
218 41.270000 39191.781250 39900.617188
219 41.470000 39191.781250 39897.101563
220 41.630000 39191.781250 39887.878906
221 41.835000 39191.781250 39900.093750
222 42.004000 39191.781250 39893.175781
223 42.204000 39191.781250 39940.281250
224 42.358000 39191.781250 39908.023438
225 42.529000 39191.781250 39941.421875
226 42.705000 39191.781250 39937.921875
227 42.895000 39191.781250 39952.843750
228 43.092000 39191.781250 39944.910156
229 43.281000 39191.781250 39934.203125
230 43.471000 39191.781250 39956.457031
231 43.657000 39191.781250 39988.339844
232 43.850000 39191.781250 39951.437500
233 44.048000 39191.781250 39932.031250
234 44.228000 39191.781250 39920.199219
235 44.404000 39191.781250 39910.187500
236 44.604000 39191.781250 39897.265625
237 44.771000 39191.781250 40006.253906
238 44.951000 39191.781250 39946.273438
239 45.140000 39191.781250 39939.109375
240 45.331000 39191.781250 39975.972656
241 45.500000 39191.781250 39929.539063
242 45.689000 39191.781250 39924.464844
243 45.862000 39191.722656 39920.058594
244 46.070000 39191.722656 39935.152344
245 46.272000 39191.722656 39930.644531
246 46.472000 39191.722656 39925.335938
247 46.675000 39188.710938 39913.117188
248 46.868000 39188.710938 39907.968750
249 47.044000 39188.710938 39903.523438
250 47.225000 39164.605469 39887.804688
251 47.411000 39164.605469 39949.648438
252 47.597000 39164.605469 39959.027344
253 47.794000 39152.546875 39939.769531
254 47.979000 39149.179688 39934.722656
255 48.165000 39149.179688 39984.449219
256 48.357000 39149.179688 39965.156250
257 48.544000 39149.179688 39943.503906
258 48.723000 39149.179688 39934.648438
259 48.903000 39149.179688 39920.828125
260 49.096000 39149.179688 39912.289063
261 49.280000 39149.179688 39953.566406
262 49.454000 39149.179688 39943.753906
263 49.648000 39149.179688 39917.406250
264 49.837000 39149.179688 39940.816406
265 49.999000 39149.179688 39927.636719
266 50.179000 39149.179688 39901.648438
267 50.407000 39149.179688 39896.191406
268 50.581000 39141.820313 39890.992188
269 50.774000 39141.820313 39884.921875
270 50.957000 39141.820313 39879.339844
271 51.135000 39141.820313 39877.011719
272 51.323000 39141.820313 39871.691406
273 51.494000 39141.820313 39870.828125
274 51.683000 39141.820313 39893.738281
275 51.866000 39141.820313 39886.816406
276 52.072000 39141.820313 39878.890625
277 52.255000 39141.820313 39866.164063
278 52.444000 39141.820313 39854.941406
279 52.645000 39141.820313 39850.156250
280 52.834000 39141.820313 39842.328125
281 53.006000 39141.820313 39840.996094
282 53.183000 39141.820313 39834.738281
283 53.382000 39141.820313 39876.179688
284 53.550000 39141.820313 39869.042969
285 53.745000 39141.820313 39867.941406
286 53.958000 39141.820313 39957.375000
287 54.163000 39141.820313 39924.847656
288 54.361000 39141.820313 39904.109375
289 54.538000 39141.820313 39952.054688
290 54.729000 39141.820313 39964.699219
291 54.902000 39141.820313 39935.289063
292 55.089000 39141.820313 39928.671875
293 55.272000 39141.820313 39893.351563
294 55.456000 39141.820313 39924.898438
295 55.641000 39141.820313 39862.886719
296 55.830000 39141.820313 39864.121094
297 56.007000 39141.820313 39905.769531
298 56.196000 39141.820313 39964.218750
299 56.370000 39141.820313 39919.730469
300 56.542000 39141.820313 39947.085938
301 56.758000 39141.820313 39940.175781
302 56.959000 39141.820313 39908.898438
303 57.156000 39141.820313 39926.070313
304 57.376000 39141.820313 39914.750000
305 57.574000 39141.820313 39995.804688
306 57.777000 39141.820313 39958.726563
307 57.980000 39141.820313 39950.601563
308 58.191000 39141.820313 39945.652344
309 58.398000 39141.820313 39940.210938
310 58.575000 39141.820313 39933.058594
311 58.764000 39141.820313 39949.246094
312 58.952000 39141.820313 39931.300781
313 59.141000 39141.820313 39909.675781
314 59.337000 39141.820313 39884.121094
315 59.528000 39141.820313 39911.492188
316 59.716000 39141.820313 39905.914063
317 59.903000 39141.820313 39898.015625
318 60.102000 39141.820313 39896.535156
319 60.300000 39141.820313 40006.089844
320 60.512000 39141.820313 39920.859375
321 60.709000 39141.820313 39896.078125
322 60.882000 39141.820313 39885.089844
323 61.057000 39141.820313 39880.695313
324 61.251000 39141.820313 39857.464844
325 61.426000 39141.820313 39854.148438
326 61.632000 39141.820313 39890.585938
327 61.829000 39141.820313 39883.449219
328 62.036000 39141.820313 39853.976563
329 62.235000 39141.820313 39847.699219
330 62.421000 39141.820313 39841.449219
331 62.617000 39141.820313 39898.128906
332 62.824000 39141.820313 39889.933594
333 63.010000 39141.820313 39886.359375
334 63.190000 39141.820313 39833.218750
335 63.389000 39141.820313 39826.308594
336 63.576000 39141.820313 39824.042969
337 63.786000 39141.820313 39823.562500
338 63.961000 39141.820313 39823.566406
339 64.156000 39141.820313 39823.390625
340 64.346000 39141.820313 39822.183594
341 64.528000 39141.820313 39819.332031
342 64.713000 39141.820313 39878.402344
343 64.901000 39141.820313 39867.140625
344 65.077000 39141.820313 39824.046875
345 65.250000 39141.820313 39819.253906
346 65.446000 39141.820313 39813.238281
347 65.624000 39141.820313 39796.757813
348 65.794000 39141.820313 39793.058594
349 65.969000 39141.820313 39790.832031
350 66.151000 39141.820313 39788.937500
351 66.300000 39141.820313 39782.496094
352 66.494000 39141.820313 39781.671875
353 66.676000 39141.820313 39869.792969
354 66.860000 39141.820313 39866.308594
355 67.054000 39141.820313 39779.679688
356 67.244000 39141.820313 39771.039063
357 67.424000 39141.820313 39768.878906
358 67.602000 39141.820313 39811.285156
359 67.770000 39141.820313 39810.917969
360 67.974000 39141.820313 39854.691406
361 68.165000 39141.820313 39840.578125
362 68.349000 39141.820313 39923.062500
363 68.534000 39141.820313 39886.765625
364 68.722000 39141.820313 39879.523438
365 68.889000 39141.820313 39864.687500
366 69.071000 39141.820313 39817.296875
367 69.239000 39141.820313 39813.718750
368 69.431000 39141.820313 39810.636719
369 69.626000 39141.820313 39809.964844
370 69.804000 39141.820313 39790.328125
371 69.974000 39141.820313 39785.406250
372 70.173000 39141.820313 39785.300781
373 70.348000 39141.820313 39780.699219
374 70.576000 39141.820313 39827.257813
375 70.783000 39141.820313 39818.683594
376 70.977000 39141.820313 39787.148438
377 71.149000 39141.820313 39777.441406
378 71.350000 39141.820313 39770.210938
379 71.552000 39141.820313 39761.140625
380 71.750000 39141.820313 39770.964844
381 71.929000 39141.820313 39765.542969
382 72.111000 39141.820313 39764.218750
383 72.298000 39141.820313 39748.171875
384 72.490000 39141.820313 39746.992188
385 72.671000 39123.117188 39747.023438
386 72.858000 39123.117188 39746.539063
387 73.031000 39123.117188 39786.589844
388 73.207000 39123.117188 39786.390625
389 73.386000 39123.117188 39758.335938
390 73.571000 39123.117188 39752.843750
391 73.742000 39123.117188 39752.843750
392 73.910000 39123.117188 39855.601563
393 74.105000 39123.117188 39849.031250
394 74.273000 39123.117188 39815.976563
395 74.451000 39123.117188 39875.664063
396 74.630000 39123.117188 39850.121094
397 74.796000 39123.117188 39861.328125
398 74.971000 39123.117188 39932.878906
399 75.170000 39123.117188 39879.726563
400 75.357000 39123.117188 39866.128906
401 75.526000 39123.117188 39841.371094
402 75.719000 39123.117188 39839.964844
403 75.923000 39123.117188 39833.250000
404 76.103000 39123.117188 39802.773438
405 76.290000 39123.117188 39833.398438
406 76.484000 39123.117188 39827.109375
407 76.669000 39123.117188 39812.332031
408 76.838000 39123.117188 39803.558594
409 77.033000 39123.117188 39783.656250
410 77.223000 39123.117188 39772.503906
411 77.405000 39123.117188 39754.554688
412 77.556000 39123.117188 39745.953125
413 77.726000 39123.117188 39743.859375
414 77.909000 39123.117188 39740.183594
415 78.099000 39123.117188 39732.671875
416 78.274000 39123.117188 39752.160156
417 78.440000 39123.117188 39739.476563
418 78.605000 39123.117188 39737.781250
419 78.798000 39123.117188 39733.566406
420 78.974000 39123.117188 39719.671875
421 79.149000 39123.117188 39714.527344
422 79.339000 39123.117188 39740.328125
423 79.520000 39123.117188 39728.039063
424 79.695000 39123.117188 39726.300781
425 79.898000 39123.117188 39711.492188
426 80.089000 39123.117188 39710.148438
427 80.289000 39123.117188 39763.230469
428 80.480000 39123.117188 39720.609375
429 80.670000 39123.117188 39725.269531
430 80.865000 39123.117188 39724.503906
431 81.031000 39123.117188 39709.460938
432 81.213000 39123.117188 39708.226563
433 81.401000 39123.117188 39707.386719
434 81.594000 39123.117188 39712.128906
435 81.784000 39123.117188 39736.480469
436 81.989000 39123.117188 39720.433594
437 82.178000 39123.117188 39717.480469
438 82.360000 39123.117188 39716.527344
439 82.544000 39123.117188 39724.226563
440 82.702000 39123.117188 39722.546875
441 82.880000 39123.117188 39717.753906
442 83.084000 39123.117188 39707.886719
443 83.277000 39123.117188 39796.843750
444 83.480000 39123.117188 39727.812500
445 83.662000 39123.117188 39724.664063
446 83.851000 39123.117188 39722.386719
447 84.028000 39123.117188 39716.144531
448 84.189000 39123.117188 39711.203125
449 84.369000 39123.117188 39710.781250
450 84.558000 39123.117188 39735.156250
451 84.744000 39123.117188 39784.218750
452 84.934000 39123.117188 39785.058594
453 85.138000 39123.117188 39781.859375
454 85.316000 39123.117188 39778.074219
455 85.502000 39123.117188 39772.277344
456 85.690000 39123.117188 39745.136719
457 85.883000 39123.117188 39735.476563
458 86.057000 39123.117188 39732.062500
459 86.255000 39123.117188 39725.359375
460 86.469000 39123.117188 39716.511719
461 86.660000 39123.117188 39716.214844
462 86.859000 39123.117188 39707.894531
463 87.034000 39123.117188 39707.890625
464 87.206000 39123.117188 39707.539063
465 87.393000 39123.117188 39706.722656
466 87.590000 39123.117188 39746.871094
467 87.768000 39123.117188 39738.593750
468 87.944000 39123.117188 39736.917969
469 88.136000 39123.117188 39734.234375
470 88.315000 39123.117188 39721.460938
471 88.538000 39123.117188 39715.750000
472 88.720000 39123.117188 39715.468750
473 88.905000 39123.117188 39728.750000
474 89.111000 39123.117188 39764.890625
475 89.306000 39123.117188 39763.187500
476 89.481000 39123.117188 39780.152344
477 89.665000 39104.183594 39758.718750
478 89.856000 39104.183594 39797.875000
479 90.061000 39104.183594 39778.796875
480 90.242000 39104.183594 39870.628906
481 90.416000 39104.183594 39829.109375
482 90.615000 39104.183594 39808.074219
483 90.784000 39104.183594 39788.226563
484 90.974000 39104.183594 39778.500000
485 91.161000 39104.183594 39766.765625
486 91.333000 39104.183594 39751.726563
487 91.515000 39088.089844 39750.757813
488 91.707000 39088.089844 39733.390625
489 91.891000 39088.089844 39731.746094
490 92.093000 39088.089844 39716.234375
491 92.299000 39088.089844 39712.886719
492 92.499000 39088.089844 39710.984375
493 92.688000 39088.089844 39709.996094
494 92.877000 39088.089844 39709.742188
495 93.050000 39088.089844 39706.792969
496 93.237000 39088.089844 39704.433594
497 93.430000 39088.089844 39699.312500
498 93.597000 39088.089844 39690.261719
499 93.777000 39088.089844 39717.238281
500 93.963000 39088.089844 39761.109375
501 94.146000 39088.089844 39708.054688
502 94.333000 39088.089844 39696.031250
503 94.511000 39088.089844 39695.472656
504 94.703000 39088.089844 39720.664063
505 94.873000 39088.089844 39713.148438
506 95.077000 39088.089844 39709.253906
507 95.263000 39088.089844 39692.648438
508 95.452000 39088.089844 39689.609375
509 95.637000 39088.089844 39719.574219
510 95.820000 39088.089844 39702.503906
511 95.999000 39088.089844 39744.363281
512 96.184000 39088.089844 39743.464844
513 96.367000 39088.089844 39730.695313
514 96.549000 39088.089844 39760.191406
515 96.727000 39088.089844 39735.101563
516 96.904000 39088.089844 39727.871094
517 97.100000 39088.089844 39722.281250
518 97.278000 39088.089844 39705.828125
519 97.466000 39088.089844 39733.757813
520 97.663000 39088.089844 39723.156250
521 97.867000 39088.089844 39705.835938
522 98.046000 39088.089844 39702.589844
523 98.250000 39088.089844 39702.503906
524 98.408000 39088.089844 39693.207031
525 98.620000 39088.089844 39693.207031
526 98.816000 39088.089844 39712.414063
527 98.993000 39088.089844 39695.925781
528 99.170000 39088.089844 39690.890625
529 99.349000 39088.089844 39687.277344
530 99.537000 39067.628906 39680.660156
531 99.725000 39067.628906 39677.308594
532 99.913000 39067.628906 39670.546875
533 100.113000 39067.628906 39740.175781
534 100.303000 39067.628906 39737.011719
535 100.488000 39067.628906 39733.953125
536 100.712000 39067.628906 39788.976563
537 100.901000 39067.628906 39734.316406
538 101.083000 39067.628906 39724.218750
539 101.257000 39067.628906 39680.316406
540 101.421000 39067.628906 39678.281250
541 101.621000 39067.628906 39673.316406
542 101.793000 39067.628906 39672.816406
543 101.969000 39067.628906 39664.781250
544 102.143000 39067.628906 39662.621094
545 102.320000 39067.628906 39716.937500
546 102.501000 39067.628906 39693.539063
547 102.683000 39067.628906 39700.304688
548 102.865000 39067.628906 39690.609375
549 103.067000 39067.628906 39713.628906
550 103.254000 39067.628906 39709.859375
551 103.430000 39067.628906 39790.398438
552 103.621000 39067.628906 39739.878906
553 103.786000 39067.628906 39732.789063
554 103.963000 39067.628906 39724.054688
555 104.152000 39067.628906 39717.890625
556 104.338000 39067.628906 39712.582031
557 104.534000 39067.628906 39710.800781
558 104.720000 39067.628906 39683.671875
559 104.881000 39067.628906 39702.562500
560 105.075000 39067.628906 39726.917969
561 105.266000 39067.628906 39711.472656
562 105.439000 39067.628906 39706.371094
563 105.614000 39067.628906 39727.199219
564 105.787000 39067.628906 39717.437500
565 105.964000 39067.628906 39706.261719
566 106.150000 39067.628906 39705.976563
567 106.348000 39067.628906 39717.265625
568 106.521000 39067.628906 39762.246094
569 106.721000 39067.628906 39787.718750
570 106.879000 39067.628906 39742.769531
571 107.047000 39067.628906 39726.636719
572 107.232000 39067.628906 39719.671875
573 107.422000 39067.628906 39707.445313
574 107.627000 39067.628906 39738.109375
575 107.798000 39067.628906 39698.304688
576 107.976000 39067.628906 39761.074219
577 108.158000 39067.628906 39756.800781
578 108.347000 39067.628906 39715.824219
579 108.531000 39067.628906 39706.933594
580 108.729000 39067.628906 39677.558594
581 108.895000 39067.628906 39672.386719
582 109.084000 39067.628906 39661.500000
583 109.286000 39067.628906 39658.421875
584 109.495000 39067.628906 39655.906250
585 109.670000 39067.628906 39648.507813
586 109.851000 39067.628906 39634.011719
587 110.034000 39067.628906 39710.519531
588 110.223000 39067.628906 39693.753906
589 110.412000 39067.628906 39711.289063
590 110.588000 39067.628906 39691.957031
591 110.779000 39067.628906 39640.144531
592 110.980000 39067.628906 39637.878906
593 111.169000 39067.628906 39791.898438
594 111.333000 39067.628906 39694.300781
595 111.526000 39067.628906 39689.496094
596 111.695000 39067.628906 39677.984375
597 111.873000 39067.628906 39658.609375
598 112.055000 39067.628906 39658.363281
599 112.249000 39067.628906 39631.566406
600 112.442000 39067.628906 39670.675781
601 112.640000 39067.628906 39668.316406
602 112.823000 39067.628906 39662.839844
603 112.995000 39067.628906 39638.882813
604 113.197000 39067.628906 39707.558594
605 113.384000 39067.628906 39670.878906
606 113.580000 39067.628906 39666.914063
607 113.753000 39067.628906 39628.253906
608 113.938000 39067.628906 39652.921875
609 114.109000 39067.628906 39667.183594
610 114.273000 39067.628906 39660.332031
611 114.471000 39067.628906 39647.406250
612 114.677000 39067.628906 39629.367188
613 114.861000 39067.628906 39629.085938
614 115.042000 39067.628906 39625.265625
615 115.223000 39067.628906 39625.269531
616 115.431000 39067.628906 39625.269531
617 115.609000 39067.628906 39624.648438
618 115.787000 39067.628906 39623.429688
619 115.979000 39067.628906 39650.613281
620 116.159000 39067.628906 39642.968750
621 116.343000 39067.628906 39648.734375
622 116.553000 39067.628906 39732.609375
623 116.778000 39067.628906 39661.957031
624 116.961000 39067.628906 39652.320313
625 117.138000 39067.628906 39642.082031
626 117.317000 39067.628906 39640.820313
627 117.495000 39067.628906 39638.167969
628 117.689000 39067.628906 39619.195313
629 117.887000 39067.628906 39602.402344
630 118.076000 39067.628906 39602.257813
631 118.281000 39067.628906 39595.234375
632 118.470000 39067.628906 39588.339844
633 118.659000 39067.628906 39582.203125
634 118.844000 39067.628906 39573.144531
635 119.040000 39067.628906 39577.035156
636 119.223000 39067.628906 39568.308594
637 119.422000 39067.628906 39600.718750
638 119.584000 39067.628906 39590.691406
639 119.774000 39067.628906 39630.425781
640 119.975000 39067.628906 39615.488281
641 120.167000 39067.628906 39588.117188
642 120.362000 39067.628906 39569.031250
643 120.528000 39067.628906 39596.796875
644 120.715000 39067.628906 39591.765625
645 120.903000 39067.628906 39590.035156
646 121.088000 39067.628906 39583.093750
647 121.294000 39067.628906 39653.671875
648 121.528000 39067.628906 39642.132813
649 121.715000 39067.628906 39604.878906
650 121.900000 39067.628906 39622.769531
651 122.089000 39067.628906 39569.273438
652 122.280000 39067.628906 39546.171875
653 122.463000 39067.628906 39545.996094
654 122.643000 39067.628906 39545.800781
655 122.836000 39067.628906 39545.800781
656 123.026000 39067.628906 39562.988281
657 123.200000 39067.628906 39545.800781
658 123.395000 39067.628906 39563.824219
659 123.592000 39067.628906 39550.902344
660 123.780000 39067.628906 39550.761719
661 123.957000 39067.628906 39570.800781
662 124.163000 39067.628906 39550.761719
663 124.348000 39067.628906 39550.761719
664 124.537000 39067.628906 39561.683594
665 124.704000 39067.628906 39550.761719
666 124.889000 39067.628906 39570.531250
667 125.068000 39067.628906 39586.621094
668 125.267000 39067.628906 39566.542969
669 125.452000 39067.628906 39553.414063
670 125.639000 39067.628906 39553.265625
671 125.805000 39067.628906 39593.031250
672 125.991000 39067.628906 39580.960938
673 126.180000 39067.628906 39553.242188
674 126.364000 39067.628906 39553.242188
675 126.553000 39067.628906 39553.242188
676 126.737000 39067.628906 39553.242188
677 126.923000 39067.628906 39553.242188
678 127.092000 39067.628906 39553.242188
679 127.271000 39067.628906 39553.242188
680 127.447000 39067.628906 39553.242188
681 127.631000 39067.628906 39649.285156
682 127.807000 39067.628906 39555.578125
683 127.995000 39067.628906 39651.566406
684 128.196000 39067.628906 39596.945313
685 128.381000 39067.628906 39555.863281
686 128.575000 39067.628906 39613.652344
687 128.750000 39067.628906 39614.632813
688 128.936000 39067.628906 39583.003906
689 129.139000 39067.628906 39554.781250
690 129.341000 39067.628906 39554.210938
691 129.500000 39067.628906 39554.210938
692 129.683000 39067.628906 39599.558594
693 129.854000 39067.628906 39673.128906
694 130.035000 39067.628906 39642.460938
695 130.207000 39067.628906 39632.324219
696 130.384000 39067.628906 39557.695313
697 130.593000 39067.628906 39579.824219
698 130.801000 39067.628906 39569.468750
699 131.013000 39067.628906 39569.179688
700 131.192000 39067.628906 39650.375000
701 131.353000 39067.628906 39558.789063
702 131.527000 39067.628906 39558.605469
703 131.712000 39067.628906 39629.886719
704 131.889000 39067.628906 39626.691406
705 132.071000 39067.628906 39560.125000
706 132.256000 39067.628906 39559.019531
707 132.420000 39067.628906 39559.019531
708 132.612000 39067.628906 39557.917969
709 132.798000 39067.628906 39556.812500
710 133.005000 39067.628906 39556.812500
711 133.185000 39067.628906 39555.925781
712 133.372000 39067.628906 39585.789063
713 133.569000 39067.628906 39585.296875
714 133.760000 39067.628906 39581.546875
715 133.949000 39067.628906 39616.710938
716 134.132000 39067.628906 39607.500000
717 134.321000 39067.628906 39622.953125
718 134.506000 39067.628906 39592.277344
719 134.672000 39067.628906 39590.531250
720 134.855000 39067.628906 39588.816406
721 135.034000 39067.628906 39550.378906
722 135.236000 39067.628906 39550.378906
723 135.433000 39067.628906 39560.234375
724 135.609000 39067.628906 39549.867188
725 135.801000 39067.628906 39608.062500
726 135.975000 39067.628906 39606.488281
727 136.179000 39067.628906 39548.441406
728 136.373000 39067.628906 39552.066406
729 136.563000 39067.628906 39600.625000
730 136.746000 39067.628906 39565.765625
731 136.910000 39067.628906 39564.914063
732 137.083000 39067.628906 39548.375000
733 137.265000 39067.628906 39548.375000
734 137.443000 39067.628906 39548.375000
735 137.636000 39067.628906 39547.863281
736 137.796000 39067.628906 39547.863281
737 137.962000 39067.628906 39550.722656
738 138.153000 39067.628906 39549.699219
739 138.336000 39067.628906 39549.187500
740 138.492000 39067.628906 39547.945313
741 138.682000 39067.628906 39546.839844
742 138.848000 39067.628906 39546.839844
743 139.023000 39067.628906 39546.839844
744 139.226000 39067.628906 39546.839844
745 139.394000 39067.628906 39563.140625
746 139.590000 39067.628906 39582.621094
747 139.763000 39067.628906 39564.718750
748 139.967000 39067.628906 39590.363281
749 140.148000 39067.628906 39589.753906
750 140.313000 39067.628906 39561.859375
751 140.493000 39067.628906 39610.093750
752 140.683000 39067.628906 39602.566406
753 140.862000 39067.628906 39555.472656
754 141.054000 39067.628906 39554.960938
755 141.234000 39067.628906 39626.136719
756 141.427000 39067.628906 39578.628906
757 141.605000 39067.628906 39577.015625
758 141.782000 39067.628906 39596.375000
759 141.967000 39067.628906 39617.746094
760 142.153000 39067.628906 39564.949219
761 142.329000 39067.628906 39563.332031
762 142.493000 39067.628906 39618.523438
763 142.675000 39067.628906 39665.531250
764 142.847000 39067.628906 39566.710938
765 143.027000 39067.628906 39564.945313
766 143.195000 39067.628906 39554.394531
767 143.383000 39067.628906 39554.246094
768 143.559000 39067.628906 39553.164063
769 143.727000 39067.628906 39552.683594
770 143.901000 39067.628906 39592.304688
771 144.104000 39067.628906 39591.957031
772 144.286000 39067.628906 39640.230469
773 144.475000 39067.628906 39629.628906
774 144.680000 39067.628906 39576.187500
775 144.863000 39067.628906 39556.015625
776 145.042000 39067.628906 39555.484375
777 145.245000 39067.628906 39552.312500
778 145.423000 39067.628906 39549.777344
779 145.619000 39067.628906 39549.777344
780 145.800000 39067.628906 39619.363281
781 145.982000 39067.628906 39617.648438
782 146.178000 39067.628906 39675.902344
783 146.350000 39067.628906 39672.003906
784 146.552000 39067.628906 39622.085938
785 146.732000 39067.628906 39685.031250
786 146.903000 39067.628906 39596.046875
787 147.089000 39067.628906 39598.746094
788 147.266000 39067.628906 39668.906250
789 147.455000 39067.628906 39638.609375
790 147.634000 39067.628906 39632.203125
791 147.829000 39067.628906 39641.183594
792 148.030000 39067.628906 39706.511719
793 148.238000 39067.628906 39607.753906
794 148.426000 39067.628906 39581.996094
795 148.595000 39067.628906 39549.640625
796 148.775000 39067.628906 39544.949219
797 148.974000 39067.628906 39540.046875
798 149.144000 39067.628906 39531.367188
799 149.346000 39067.628906 39529.121094
800 149.553000 39067.628906 39520.175781
801 149.737000 39067.628906 39513.250000
802 149.915000 39067.628906 39641.867188
803 150.102000 39067.628906 39598.898438
804 150.273000 39067.628906 39495.089844
805 150.465000 39067.628906 39494.718750
806 150.639000 39067.628906 39484.917969
807 150.834000 39067.628906 39484.917969
808 151.014000 39067.628906 39484.917969
809 151.212000 39067.628906 39484.917969
810 151.396000 39067.628906 39484.917969
811 151.572000 39067.628906 39484.898438
812 151.741000 39067.628906 39483.636719
813 151.945000 39067.628906 39526.761719
814 152.123000 39067.628906 39542.738281
815 152.327000 39067.628906 39550.152344
816 152.506000 39067.628906 39542.109375
817 152.689000 39067.628906 39580.308594
818 152.873000 39067.628906 39533.566406
819 153.049000 39067.628906 39600.179688
820 153.221000 39067.628906 39631.195313
821 153.388000 39067.628906 39573.890625
822 153.583000 39067.628906 39557.566406
823 153.752000 39067.628906 39519.683594
824 153.918000 39067.628906 39482.839844
825 154.108000 39067.628906 39482.839844
826 154.287000 39067.628906 39523.093750
827 154.472000 39067.628906 39567.550781
828 154.652000 39067.628906 39575.746094
829 154.840000 39067.628906 39543.210938
830 155.037000 39067.628906 39488.773438
831 155.213000 39067.628906 39531.761719
832 155.399000 39067.628906 39503.144531
833 155.594000 39067.628906 39483.441406
834 155.765000 39067.628906 39520.925781
835 155.950000 39067.628906 39519.664063
836 156.154000 39067.628906 39510.785156
837 156.330000 39067.628906 39508.890625
838 156.513000 39067.628906 39507.628906
839 156.695000 39067.628906 39554.820313
840 156.865000 39067.628906 39553.558594
841 157.066000 39067.628906 39550.031250
842 157.248000 39067.628906 39624.847656
843 157.418000 39067.628906 39573.535156
844 157.596000 39067.628906 39578.945313
845 157.776000 39067.628906 39541.425781
846 157.957000 39067.628906 39474.773438
847 158.138000 39067.628906 39473.515625
848 158.303000 39067.628906 39472.886719
849 158.481000 39067.628906 39471.625000
850 158.678000 39067.628906 39470.363281
851 158.855000 39067.628906 39469.105469
852 159.066000 39067.628906 39466.585938
853 159.254000 39067.628906 39464.695313
854 159.435000 39067.628906 39462.804688
855 159.627000 39067.628906 39460.285156
856 159.817000 39067.628906 39455.441406
857 160.005000 39067.628906 39452.921875
858 160.193000 39067.628906 39450.398438
859 160.368000 39067.628906 39445.410156
860 160.541000 39067.628906 39444.781250
861 160.747000 39067.628906 39444.781250
862 160.937000 39067.628906 39444.359375
863 161.122000 39067.628906 39444.359375
864 161.306000 39067.628906 39444.359375
865 161.481000 39067.628906 39444.359375
866 161.660000 39067.628906 39444.359375
867 161.830000 39067.628906 39444.359375
868 162.023000 39067.628906 39472.617188
869 162.197000 39067.628906 39459.425781
870 162.384000 39067.628906 39518.687500
871 162.566000 39067.628906 39444.339844
872 162.734000 39067.628906 39444.339844
873 162.930000 39067.628906 39450.453125
874 163.106000 39067.628906 39444.339844
875 163.278000 39067.628906 39486.796875
876 163.451000 39067.628906 39496.640625
877 163.633000 39067.628906 39479.746094
878 163.797000 39067.628906 39463.917969
879 163.976000 39067.628906 39444.339844
880 164.160000 39067.628906 39444.339844
881 164.311000 39067.628906 39444.339844
882 164.493000 39067.628906 39444.339844
883 164.672000 39067.628906 39444.339844
884 164.872000 39067.628906 39444.339844
885 165.055000 39067.628906 39485.343750
886 165.240000 39067.628906 39444.339844
887 165.425000 39067.628906 39444.339844
888 165.612000 39067.628906 39444.339844
889 165.779000 39067.628906 39444.339844
890 165.974000 39067.628906 39444.339844
891 166.182000 39067.628906 39489.464844
892 166.393000 39067.628906 39485.605469
893 166.593000 39067.628906 39469.328125
894 166.772000 39067.628906 39444.339844
895 166.941000 39067.628906 39462.128906
896 167.123000 39067.628906 39461.886719
897 167.293000 39067.628906 39450.320313
898 167.475000 39067.628906 39444.097656
899 167.636000 39067.628906 39444.097656
900 167.827000 39067.628906 39444.097656
901 168.004000 39067.628906 39444.097656
902 168.206000 39067.628906 39444.097656
903 168.415000 39067.628906 39444.097656
904 168.589000 39067.628906 39444.097656
905 168.768000 39067.628906 39510.265625
906 168.949000 39067.628906 39494.156250
907 169.120000 39067.628906 39446.585938
908 169.310000 39067.628906 39446.585938
909 169.468000 39067.628906 39446.585938
910 169.653000 39067.628906 39446.585938
911 169.825000 39067.628906 39446.570313
912 170.013000 39067.628906 39446.570313
913 170.190000 39067.628906 39446.570313
914 170.370000 39067.628906 39446.570313
915 170.562000 39067.628906 39446.570313
916 170.746000 39067.628906 39446.570313
917 170.914000 39067.628906 39511.335938
918 171.111000 39067.628906 39446.570313
919 171.271000 39067.628906 39446.570313
920 171.456000 39067.628906 39446.570313
921 171.616000 39067.628906 39446.570313
922 171.797000 39067.628906 39444.660156
923 171.993000 39067.628906 39490.207031
924 172.188000 39067.628906 39444.660156
925 172.361000 39067.628906 39444.660156
926 172.530000 39067.628906 39444.660156
927 172.721000 39067.628906 39444.660156
928 172.901000 39067.628906 39444.660156
929 173.087000 39067.628906 39444.660156
930 173.278000 39067.628906 39444.660156
931 173.464000 39067.628906 39444.660156
932 173.643000 39067.628906 39444.660156
933 173.827000 39067.628906 39528.933594
934 174.017000 39067.628906 39488.996094
935 174.198000 39067.628906 39444.906250
936 174.380000 39067.628906 39444.906250
937 174.562000 39067.628906 39466.347656
938 174.737000 39067.628906 39444.906250
939 174.923000 39067.628906 39444.906250
940 175.096000 39067.628906 39444.906250
941 175.288000 39067.628906 39444.906250
942 175.475000 39067.628906 39444.906250
943 175.661000 39067.628906 39444.906250
944 175.843000 39067.628906 39444.906250
945 176.058000 39067.628906 39496.042969
946 176.248000 39067.628906 39444.363281
947 176.440000 39067.628906 39444.363281
948 176.601000 39067.628906 39444.363281
949 176.778000 39067.628906 39485.421875
950 176.955000 39067.628906 39444.363281
951 177.124000 39067.628906 39444.363281
952 177.330000 39067.628906 39444.363281
953 177.508000 39067.628906 39444.363281
954 177.673000 39067.628906 39444.363281
955 177.867000 39067.628906 39444.363281
956 178.052000 39067.628906 39444.363281
957 178.250000 39067.628906 39444.363281
958 178.429000 39067.628906 39444.363281
959 178.603000 39067.628906 39444.363281
960 178.778000 39067.628906 39444.363281
961 178.969000 39067.628906 39444.363281
962 179.141000 39067.628906 39444.363281
963 179.316000 39067.628906 39444.363281
964 179.515000 39067.628906 39444.363281
965 179.692000 39067.628906 39444.363281
966 179.858000 39067.628906 39444.363281
967 180.048000 39067.628906 39444.363281
968 180.242000 39067.628906 39444.363281
969 180.424000 39067.628906 39444.363281
970 180.603000 39067.628906 39443.566406
971 180.765000 39067.628906 39443.566406
972 180.946000 39067.628906 39443.566406
973 181.128000 39067.628906 39443.566406
974 181.302000 39067.628906 39526.835938
975 181.475000 39067.628906 39443.566406
976 181.635000 39067.628906 39443.566406
977 181.817000 39067.628906 39443.566406
978 182.008000 39067.628906 39443.566406
979 182.166000 39067.628906 39524.386719
980 182.353000 39067.628906 39473.828125
981 182.532000 39067.628906 39443.566406
982 182.700000 39067.628906 39443.566406
983 182.868000 39067.628906 39443.566406
984 183.049000 39067.628906 39443.566406
985 183.234000 39067.628906 39443.566406
986 183.414000 39067.628906 39443.566406
987 183.596000 39067.628906 39443.566406
988 183.768000 39067.628906 39443.566406
989 183.940000 39067.628906 39508.355469
990 184.122000 39067.628906 39445.312500
991 184.281000 39067.628906 39518.433594
992 184.441000 39067.628906 39447.058594
993 184.610000 39067.628906 39447.058594
994 184.798000 39067.628906 39487.414063
995 184.975000 39067.628906 39463.066406
996 185.159000 39067.628906 39451.050781
997 185.334000 39067.628906 39451.050781
998 185.514000 39067.628906 39451.050781
999 185.705000 39067.628906 39451.050781
1000 185.896000 39067.628906 39482.328125
1001 186.072000 39067.628906 39473.085938
1002 186.251000 39067.628906 39451.050781
1003 186.431000 39067.628906 39450.187500
1004 186.622000 39067.628906 39448.105469
1005 186.806000 39067.628906 39448.105469
1006 186.992000 39067.628906 39494.781250
1007 187.171000 39067.628906 39475.808594
1008 187.345000 39067.628906 39462.937500
1009 187.523000 39067.628906 39443.621094
1010 187.711000 39067.628906 39443.621094
1011 187.908000 39067.628906 39443.621094
1012 188.090000 39067.628906 39443.621094
1013 188.274000 39067.628906 39496.046875
1014 188.443000 39067.628906 39492.195313
1015 188.620000 39067.628906 39475.382813
1016 188.776000 39067.628906 39443.621094
1017 188.953000 39067.628906 39478.363281
1018 189.136000 39067.628906 39496.730469
1019 189.306000 39067.628906 39476.121094
1020 189.492000 39067.628906 39441.378906
1021 189.673000 39067.628906 39441.378906
1022 189.848000 39067.628906 39441.378906
1023 190.010000 39067.628906 39441.378906
1024 190.195000 39067.628906 39441.378906
1025 190.361000 39067.628906 39473.898438
1026 190.541000 39067.628906 39441.621094
1027 190.721000 39067.628906 39441.621094
1028 190.900000 39067.628906 39441.621094
1029 191.059000 39067.628906 39489.507813
1030 191.224000 39067.628906 39490.156250
