0 0.000000 3094.278076 3287.976807
1 0.043000 3045.131592 3287.976807
2 0.088000 2935.331543 3220.097168
3 0.134000 2916.841309 3190.452148
4 0.173000 2916.841309 3164.116943
5 0.219000 2906.986572 3130.671875
6 0.262000 2880.337158 3107.155273
7 0.304000 2880.337158 3083.944336
8 0.350000 2880.337158 3064.997070
9 0.393000 2859.268799 3056.448975
10 0.438000 2859.268799 3031.185547
11 0.492000 2857.444824 3024.202148
12 0.542000 2820.509277 3016.317871
13 0.586000 2787.207520 3000.535400
14 0.630000 2784.191162 2983.380615
15 0.669000 2784.191162 2974.425049
16 0.716000 2784.191162 2959.976563
17 0.761000 2760.496094 2948.112549
18 0.813000 2760.496094 2943.227539
19 0.859000 2760.496094 2934.841309
20 0.911000 2757.677490 2931.991211
21 0.957000 2757.677490 2923.966309
22 1.002000 2757.677490 2914.694092
23 1.050000 2757.677490 2911.838135
24 1.099000 2733.372559 2902.430908
25 1.147000 2733.372559 2894.576172
26 1.198000 2727.884033 2886.759766
27 1.244000 2727.884033 2891.814697
28 1.288000 2727.884033 2895.380371
29 1.325000 2727.884033 2891.174316
30 1.369000 2727.884033 2888.055664
31 1.419000 2727.884033 2884.927246
32 1.462000 2727.884033 2876.745361
33 1.510000 2727.884033 2872.118164
34 1.556000 2727.884033 2866.149170
35 1.601000 2727.884033 2862.985840
36 1.649000 2727.884033 2862.084961
37 1.696000 2727.884033 2860.284668
38 1.741000 2727.884033 2855.681152
39 1.786000 2727.884033 2851.014893
40 1.831000 2721.730713 2860.470947
41 1.872000 2717.861084 2858.383545
42 1.914000 2717.861084 2850.258545
43 1.956000 2701.744385 2848.858643
44 2.001000 2701.744385 2838.548096
45 2.047000 2701.744385 2835.665283
46 2.085000 2701.744385 2831.649414
47 2.135000 2690.904785 2828.532227
48 2.177000 2690.904785 2831.232422
49 2.224000 2690.904785 2826.862305
50 2.269000 2690.904785 2824.491211
51 2.316000 2690.904785 2826.076172
52 2.362000 2690.904785 2823.956299
53 2.405000 2677.917236 2821.701904
54 2.451000 2677.917236 2818.989990
55 2.497000 2677.917236 2818.101318
56 2.542000 2677.917236 2816.411621
57 2.585000 2677.917236 2815.627441
58 2.628000 2677.917236 2819.657715
59 2.676000 2677.917236 2817.779297
60 2.730000 2677.917236 2824.272217
61 2.778000 2677.917236 2820.334717
62 2.831000 2677.917236 2820.722168
63 2.879000 2677.917236 2814.925293
64 2.928000 2677.917236 2815.145264
65 2.973000 2677.917236 2813.191162
66 3.015000 2677.917236 2821.576172
67 3.061000 2677.917236 2810.413330
68 3.109000 2677.917236 2809.876953
69 3.151000 2677.917236 2809.527100
70 3.199000 2677.917236 2812.129883
71 3.252000 2677.917236 2812.058838
72 3.303000 2677.917236 2810.310303
73 3.352000 2677.917236 2808.153076
74 3.403000 2677.917236 2806.743408
75 3.455000 2677.917236 2804.857910
76 3.500000 2677.917236 2809.805908
77 3.541000 2677.917236 2808.561279
78 3.584000 2677.917236 2806.736816
79 3.634000 2677.917236 2804.387451
80 3.685000 2677.917236 2814.870850
81 3.731000 2677.917236 2811.590332
82 3.779000 2677.917236 2818.938721
83 3.826000 2677.917236 2827.371826
84 3.870000 2677.917236 2822.765625
85 3.918000 2677.917236 2817.393066
86 3.967000 2677.917236 2816.628418
87 4.013000 2677.917236 2814.972412
88 4.054000 2677.917236 2813.860840
89 4.099000 2677.917236 2817.066895
90 4.139000 2677.917236 2811.691162
91 4.187000 2677.917236 2809.510742
92 4.234000 2677.917236 2806.487549
93 4.277000 2677.917236 2806.072754
94 4.320000 2677.917236 2806.432617
95 4.365000 2677.917236 2805.334717
96 4.410000 2677.917236 2804.270508
97 4.452000 2677.917236 2808.140869
98 4.494000 2677.917236 2807.828369
99 4.540000 2677.917236 2808.153320
100 4.587000 2677.917236 2812.552734
101 4.627000 2677.917236 2815.931641
102 4.671000 2677.917236 2812.793701
103 4.718000 2677.917236 2809.960938
104 4.767000 2677.917236 2813.580322
105 4.815000 2677.917236 2809.240723
106 4.864000 2677.917236 2806.829590
107 4.912000 2677.917236 2807.321777
108 4.955000 2677.917236 2805.366211
109 4.999000 2677.917236 2803.258545
110 5.045000 2677.917236 2812.118164
111 5.090000 2677.917236 2807.119141
112 5.137000 2677.917236 2810.702393
113 5.181000 2677.917236 2812.884033
114 5.227000 2677.917236 2815.565918
115 5.275000 2677.917236 2808.048096
116 5.316000 2677.917236 2804.596191
117 5.359000 2677.917236 2801.897705
118 5.402000 2677.917236 2800.481934
119 5.446000 2677.917236 2804.203857
120 5.495000 2677.917236 2807.900635
121 5.540000 2677.917236 2802.987305
122 5.581000 2677.917236 2800.485596
123 5.626000 2677.917236 2799.462158
124 5.669000 2677.917236 2803.024170
125 5.716000 2677.917236 2801.824463
126 5.756000 2677.917236 2800.169922
127 5.800000 2677.917236 2805.706055
128 5.843000 2677.917236 2803.374023
129 5.889000 2677.917236 2797.684082
130 5.930000 2677.917236 2804.961182
131 5.975000 2677.917236 2806.488770
132 6.020000 2677.917236 2805.666992
133 6.065000 2677.917236 2799.253662
134 6.109000 2677.917236 2797.217285
135 6.153000 2676.439209 2803.020264
136 6.195000 2676.439209 2798.245361
137 6.240000 2676.439209 2796.767822
138 6.286000 2676.439209 2795.875732
139 6.333000 2676.439209 2795.646973
140 6.384000 2676.439209 2795.349365
141 6.434000 2676.439209 2797.949463
142 6.485000 2676.439209 2803.482178
143 6.536000 2676.439209 2801.935547
144 6.594000 2676.439209 2799.727783
145 6.644000 2676.439209 2797.759033
146 6.691000 2676.439209 2805.269043
147 6.748000 2676.439209 2810.564453
148 6.798000 2676.439209 2808.586914
149 6.847000 2676.439209 2801.064941
150 6.897000 2676.439209 2799.185059
151 6.955000 2676.439209 2797.673096
152 7.003000 2676.439209 2795.609131
153 7.052000 2676.439209 2794.098633
154 7.102000 2676.439209 2791.669434
155 7.148000 2676.439209 2795.096680
156 7.194000 2676.439209 2800.126221
157 7.236000 2676.439209 2798.303467
158 7.280000 2676.439209 2792.017578
159 7.321000 2676.439209 2791.553711
160 7.368000 2676.439209 2788.827393
161 7.413000 2676.439209 2786.457275
162 7.457000 2676.439209 2784.012207
163 7.503000 2676.439209 2782.543213
164 7.546000 2676.439209 2781.639648
165 7.593000 2676.439209 2788.711914
166 7.636000 2676.439209 2783.618652
167 7.681000 2676.439209 2788.990967
168 7.723000 2676.439209 2791.897461
169 7.764000 2676.439209 2786.462402
170 7.807000 2676.439209 2790.796631
171 7.848000 2676.439209 2790.852539
172 7.888000 2676.439209 2791.862793
173 7.936000 2676.439209 2800.028320
174 7.982000 2676.439209 2796.715576
175 8.024000 2676.439209 2802.936035
176 8.069000 2676.439209 2804.719727
177 8.115000 2676.439209 2813.308350
178 8.163000 2676.439209 2803.623047
179 8.209000 2676.439209 2803.883057
180 8.253000 2676.439209 2803.767578
181 8.310000 2676.439209 2800.799805
182 8.351000 2676.439209 2802.370117
183 8.398000 2676.439209 2800.097168
184 8.440000 2676.439209 2798.112305
185 8.484000 2676.439209 2795.824463
186 8.526000 2676.439209 2792.220215
187 8.569000 2676.439209 2790.532715
188 8.617000 2676.439209 2795.956299
189 8.662000 2676.439209 2794.045654
190 8.707000 2676.439209 2792.286621
191 8.753000 2676.439209 2796.290527
192 8.802000 2676.439209 2800.077881
193 8.846000 2676.439209 2790.788818
194 8.899000 2676.439209 2796.425293
195 8.941000 2676.439209 2794.970703
196 8.987000 2676.439209 2788.120117
197 9.038000 2676.439209 2792.769775
198 9.081000 2676.439209 2790.954590
199 9.131000 2676.439209 2790.210693
200 9.174000 2676.439209 2803.036133
201 9.215000 2676.439209 2801.132813
202 9.258000 2676.439209 2797.414063
203 9.300000 2676.439209 2795.823486
204 9.344000 2676.439209 2792.866943
205 9.393000 2676.439209 2797.295410
206 9.439000 2676.439209 2793.484131
207 9.488000 2676.439209 2792.765381
208 9.530000 2676.439209 2791.003418
209 9.578000 2676.439209 2790.497070
210 9.621000 2676.439209 2796.426270
211 9.665000 2676.439209 2801.790283
212 9.709000 2676.439209 2794.353760
213 9.755000 2676.439209 2791.862549
214 9.797000 2676.439209 2794.708984
215 9.841000 2676.439209 2792.105225
216 9.882000 2676.439209 2791.425537
217 9.968000 2676.439209 2790.334717
218 10.010000 2676.439209 2788.861328
219 10.057000 2676.439209 2789.324707
220 10.103000 2676.439209 2784.465332
221 10.142000 2676.439209 2781.769775
222 10.189000 2676.439209 2780.642822
223 10.235000 2676.439209 2781.945313
224 10.279000 2676.439209 2782.504639
225 10.325000 2676.439209 2787.507813
226 10.373000 2676.439209 2785.618652
227 10.418000 2676.439209 2785.082275
228 10.465000 2676.439209 2789.872559
229 10.509000 2676.439209 2789.201172
230 10.548000 2676.439209 2785.577148
231 10.592000 2676.439209 2783.822510
232 10.636000 2676.439209 2783.606201
233 10.683000 2676.439209 2781.669922
234 10.729000 2676.439209 2779.821045
235 10.776000 2676.439209 2790.821289
236 10.818000 2676.439209 2789.303711
237 10.872000 2676.439209 2783.921143
238 10.917000 2676.439209 2779.277100
239 10.961000 2676.439209 2785.780273
240 11.004000 2676.439209 2781.248047
241 11.047000 2676.439209 2779.614014
242 11.095000 2676.439209 2778.346924
243 11.141000 2676.439209 2776.539795
244 11.186000 2676.439209 2775.118408
245 11.234000 2676.439209 2782.864746
246 11.274000 2676.439209 2782.291260
247 11.324000 2676.439209 2778.697510
248 11.365000 2676.439209 2775.609375
249 11.414000 2676.439209 2776.166504
250 11.464000 2676.439209 2781.385742
251 11.513000 2676.439209 2776.543945
252 11.554000 2676.439209 2775.853760
253 11.600000 2676.439209 2773.714355
254 11.641000 2676.439209 2771.614014
255 11.685000 2676.439209 2769.780029
256 11.726000 2676.439209 2769.206787
257 11.771000 2674.656250 2768.315674
258 11.810000 2674.656250 2771.627930
259 11.856000 2674.656250 2769.817383
260 11.903000 2674.656250 2768.151611
261 11.942000 2674.656250 2774.801025
262 11.985000 2674.656250 2775.284180
263 12.031000 2674.656250 2774.733154
264 12.073000 2674.656250 2773.387695
265 12.118000 2674.656250 2776.619385
266 12.163000 2674.656250 2769.529053
267 12.210000 2674.656250 2774.116455
268 12.254000 2674.656250 2777.958008
269 12.293000 2674.656250 2778.576660
270 12.337000 2674.656250 2773.175049
271 12.384000 2674.656250 2771.584961
272 12.429000 2674.656250 2771.629150
273 12.473000 2674.656250 2770.857910
274 12.512000 2674.656250 2769.246582
275 12.560000 2674.656250 2768.352539
276 12.603000 2674.656250 2770.689697
277 12.646000 2674.656250 2769.817871
278 12.692000 2674.656250 2770.972900
279 12.737000 2674.656250 2770.165283
280 12.784000 2674.656250 2773.393799
281 12.824000 2674.656250 2772.054688
282 12.869000 2674.656250 2769.526367
283 12.912000 2674.656250 2768.013184
284 12.958000 2674.656250 2767.485107
285 12.999000 2674.656250 2766.930664
286 13.042000 2674.656250 2769.254150
287 13.084000 2674.656250 2771.344727
288 13.127000 2674.656250 2773.106934
289 13.167000 2674.656250 2768.857910
290 13.211000 2674.656250 2768.409912
291 13.258000 2674.656250 2767.057861
292 13.302000 2674.656250 2766.511230
293 13.348000 2674.656250 2765.481201
294 13.393000 2674.656250 2764.920654
295 13.436000 2674.656250 2769.324463
296 13.477000 2674.656250 2769.788818
297 13.519000 2674.656250 2768.847168
298 13.565000 2674.656250 2766.882568
299 13.611000 2674.656250 2766.293457
300 13.657000 2674.656250 2769.470703
301 13.703000 2674.656250 2767.450684
302 13.747000 2674.656250 2763.441895
303 13.790000 2674.656250 2763.388672
304 13.831000 2674.656250 2764.508057
305 13.873000 2674.656250 2764.470947
306 13.918000 2674.656250 2763.528320
307 13.965000 2674.656250 2763.199707
308 14.006000 2674.656250 2761.826660
309 14.055000 2674.656250 2761.125000
310 14.101000 2674.656250 2760.409668
311 14.144000 2674.656250 2765.242920
312 14.188000 2674.656250 2764.425293
313 14.236000 2674.656250 2773.082275
314 14.281000 2674.656250 2764.731934
315 14.324000 2674.656250 2767.867920
316 14.365000 2674.656250 2762.384766
317 14.408000 2674.656250 2761.665039
318 14.455000 2674.656250 2758.398438
319 14.497000 2674.656250 2756.622070
320 14.540000 2674.656250 2753.330566
321 14.592000 2670.965576 2752.392578
322 14.638000 2670.965576 2755.950195
323 14.688000 2670.965576 2760.640625
324 14.736000 2670.965576 2759.774414
325 14.782000 2670.965576 2762.463379
326 14.828000 2670.965576 2765.872070
327 14.873000 2670.965576 2758.750732
328 14.921000 2664.338135 2769.226318
329 14.967000 2664.338135 2774.606201
330 15.008000 2664.338135 2763.957520
331 15.052000 2664.338135 2766.897705
332 15.094000 2664.338135 2761.600342
333 15.136000 2664.338135 2761.507568
334 15.178000 2664.338135 2766.198730
335 15.224000 2664.338135 2766.671875
336 15.271000 2664.338135 2779.106934
337 15.313000 2664.338135 2774.589355
338 15.360000 2664.338135 2772.489014
339 15.403000 2664.338135 2769.908447
340 15.446000 2664.338135 2769.279053
341 15.492000 2664.338135 2767.362549
342 15.533000 2664.338135 2766.896240
343 15.574000 2664.338135 2764.735840
344 15.617000 2664.338135 2763.845215
345 15.656000 2664.338135 2766.638184
346 15.704000 2664.338135 2766.134766
347 15.748000 2664.338135 2774.009766
348 15.792000 2664.338135 2767.219727
349 15.835000 2664.338135 2765.333496
350 15.875000 2664.338135 2764.764404
351 15.917000 2664.338135 2775.175537
352 15.962000 2664.338135 2785.416504
353 16.004000 2664.338135 2787.333496
354 16.047000 2664.338135 2786.154297
355 16.095000 2664.338135 2780.253174
356 16.142000 2664.338135 2776.657471
357 16.184000 2664.338135 2770.119385
358 16.231000 2664.338135 2781.289307
359 16.270000 2664.338135 2775.702393
360 16.313000 2664.338135 2773.388428
361 16.356000 2664.338135 2772.943359
362 16.401000 2664.338135 2769.755371
363 16.446000 2664.338135 2768.563232
364 16.492000 2664.338135 2768.056152
365 16.538000 2664.338135 2765.759033
366 16.582000 2664.338135 2763.806885
367 16.629000 2664.338135 2770.643799
368 16.669000 2664.338135 2768.336914
369 16.710000 2664.338135 2763.816650
370 16.756000 2664.338135 2761.272461
371 16.795000 2664.338135 2759.054688
372 16.837000 2664.338135 2760.493408
373 16.877000 2664.338135 2757.501221
374 16.927000 2664.338135 2766.106934
375 16.972000 2664.338135 2769.188477
376 17.012000 2664.338135 2767.290283
377 17.054000 2664.338135 2763.475098
378 17.097000 2664.338135 2760.834717
379 17.144000 2664.338135 2764.863525
380 17.188000 2664.338135 2763.713379
381 17.236000 2664.338135 2755.685303
382 17.284000 2664.338135 2753.007568
383 17.329000 2664.338135 2750.214600
384 17.372000 2664.338135 2754.646240
385 17.422000 2664.338135 2754.341553
386 17.469000 2664.338135 2753.716553
387 17.515000 2664.338135 2770.226318
388 17.566000 2664.338135 2758.932861
389 17.614000 2664.338135 2766.689697
390 17.655000 2664.338135 2768.636475
391 17.701000 2664.338135 2768.958008
392 17.746000 2664.338135 2771.092529
393 17.789000 2664.338135 2761.842773
394 17.829000 2664.338135 2758.093750
395 17.871000 2664.338135 2756.545654
396 17.920000 2664.338135 2764.103760
397 17.966000 2664.338135 2756.501221
398 18.008000 2664.338135 2755.276611
399 18.058000 2664.338135 2753.665039
400 18.101000 2664.338135 2758.107178
401 18.147000 2664.338135 2752.760986
402 18.194000 2664.338135 2751.338867
403 18.238000 2664.338135 2750.881836
404 18.284000 2664.338135 2748.490723
405 18.334000 2664.338135 2747.776855
406 18.379000 2664.338135 2774.776855
407 18.463000 2664.338135 2770.390381
408 18.505000 2664.338135 2766.431152
409 18.546000 2664.338135 2762.948242
410 18.588000 2664.338135 2761.180908
411 18.629000 2664.338135 2753.326172
412 18.675000 2664.338135 2761.649902
413 18.720000 2664.338135 2756.167236
414 18.767000 2664.338135 2755.117920
415 18.814000 2664.338135 2754.101318
416 18.864000 2664.338135 2760.610596
417 18.908000 2664.338135 2758.928711
418 18.951000 2664.338135 2765.756592
419 18.997000 2664.338135 2765.185059
420 19.045000 2664.338135 2762.637207
421 19.087000 2664.338135 2752.334473
422 19.130000 2664.338135 2759.069092
423 19.173000 2664.338135 2758.821777
424 19.216000 2664.338135 2758.211670
425 19.258000 2664.338135 2748.125977
426 19.304000 2664.338135 2747.928711
427 19.349000 2664.338135 2756.652832
428 19.390000 2664.338135 2761.894775
429 19.439000 2664.338135 2759.119385
430 19.485000 2664.338135 2758.574463
431 19.527000 2664.338135 2760.093994
432 19.572000 2664.338135 2759.672119
433 19.618000 2664.338135 2757.491455
434 19.662000 2664.338135 2756.895264
435 19.708000 2664.338135 2747.939697
436 19.745000 2664.338135 2746.472412
437 19.789000 2664.338135 2746.242188
438 19.835000 2664.338135 2745.074463
439 19.878000 2664.338135 2752.377930
440 19.925000 2664.338135 2750.459717
441 19.971000 2664.338135 2747.906250
442 20.012000 2664.338135 2747.776367
443 20.060000 2664.338135 2746.520020
444 20.102000 2664.338135 2750.975098
445 20.148000 2664.338135 2744.625000
446 20.195000 2664.338135 2742.060303
447 20.240000 2664.338135 2738.766357
448 20.283000 2664.338135 2737.340576
449 20.328000 2664.338135 2747.855957
450 20.374000 2664.338135 2747.355713
451 20.420000 2664.338135 2742.289795
452 20.466000 2664.338135 2747.106201
453 20.509000 2664.338135 2743.429443
454 20.550000 2664.338135 2739.972168
455 20.594000 2664.338135 2744.940674
456 20.638000 2664.338135 2742.114258
457 20.680000 2664.338135 2739.310303
458 20.725000 2664.338135 2739.148438
459 20.771000 2664.338135 2736.816162
460 20.816000 2664.338135 2743.012451
461 20.859000 2664.338135 2742.353027
462 20.905000 2664.338135 2746.425049
463 20.950000 2664.338135 2742.237305
464 20.995000 2664.338135 2746.201904
465 21.040000 2664.338135 2744.184326
466 21.086000 2664.338135 2742.867920
467 21.128000 2664.338135 2740.231934
468 21.175000 2664.338135 2744.283203
469 21.219000 2664.338135 2741.415527
470 21.270000 2664.338135 2749.056641
471 21.317000 2664.338135 2745.781494
472 21.362000 2664.338135 2753.494385
473 21.412000 2664.338135 2746.421875
474 21.460000 2664.338135 2740.378174
475 21.505000 2664.338135 2744.309570
476 21.548000 2664.338135 2741.370117
477 21.594000 2664.338135 2740.684082
478 21.657000 2664.338135 2740.023438
479 21.711000 2664.338135 2742.435303
480 21.758000 2664.338135 2741.812744
481 21.803000 2664.338135 2740.748779
482 21.846000 2656.331055 2738.268555
483 21.893000 2656.331055 2742.806152
484 21.940000 2656.331055 2738.095215
485 21.987000 2656.331055 2744.330078
486 22.031000 2656.331055 2745.699463
487 22.069000 2656.331055 2740.281494
488 22.114000 2656.331055 2739.411865
489 22.159000 2656.331055 2742.017822
490 22.205000 2656.331055 2743.427246
491 22.244000 2656.331055 2743.342529
492 22.292000 2656.331055 2742.242188
493 22.336000 2656.331055 2738.211914
494 22.382000 2656.331055 2735.240234
495 22.431000 2656.331055 2742.175049
496 22.472000 2656.331055 2737.076904
497 22.514000 2656.331055 2733.614746
498 22.558000 2656.331055 2738.202393
499 22.603000 2656.331055 2733.708740
500 22.649000 2656.331055 2732.976807
501 22.697000 2656.331055 2731.963135
502 22.742000 2656.331055 2730.996826
503 22.785000 2656.331055 2728.101807
504 22.832000 2656.331055 2731.381836
505 22.876000 2656.331055 2731.176025
506 22.916000 2656.331055 2735.540039
507 22.964000 2656.331055 2733.465576
508 23.006000 2656.331055 2729.690674
509 23.050000 2656.331055 2728.223145
510 23.094000 2656.331055 2730.767822
511 23.135000 2656.331055 2737.159180
512 23.179000 2656.331055 2736.233643
513 23.225000 2656.331055 2743.451904
514 23.273000 2656.331055 2739.858154
515 23.314000 2656.331055 2739.423340
516 23.356000 2656.331055 2737.788818
517 23.400000 2656.331055 2742.227539
518 23.445000 2656.331055 2741.479980
519 23.485000 2656.331055 2752.264404
520 23.532000 2656.331055 2753.050537
521 23.574000 2656.331055 2750.808105
522 23.620000 2656.331055 2750.331055
523 23.666000 2656.331055 2748.539063
524 23.711000 2656.331055 2745.877441
525 23.754000 2656.331055 2741.639893
526 23.801000 2656.331055 2747.929443
527 23.848000 2656.331055 2748.813965
528 23.891000 2656.331055 2753.821777
529 23.939000 2656.331055 2746.769043
530 23.982000 2656.331055 2751.869385
531 24.029000 2656.331055 2742.820557
532 24.073000 2656.331055 2741.749268
533 24.116000 2656.331055 2754.939941
534 24.161000 2656.331055 2747.750977
535 24.209000 2656.331055 2745.128662
536 24.254000 2656.331055 2741.923096
537 24.299000 2656.331055 2740.884766
538 24.342000 2656.331055 2741.643555
539 24.387000 2656.331055 2738.900391
540 24.430000 2656.331055 2738.870117
541 24.475000 2656.331055 2738.354492
542 24.517000 2656.331055 2749.408691
543 24.558000 2656.331055 2741.091309
544 24.603000 2656.331055 2738.618164
545 24.652000 2656.331055 2738.376465
546 24.698000 2656.331055 2735.022217
547 24.743000 2656.331055 2733.669922
548 24.788000 2656.331055 2732.923340
549 24.828000 2656.331055 2735.425293
550 24.874000 2656.331055 2733.423096
551 24.918000 2656.331055 2734.251221
552 24.964000 2656.331055 2737.449951
553 25.012000 2656.331055 2728.349609
554 25.059000 2656.331055 2724.898438
555 25.103000 2656.331055 2725.168457
556 25.149000 2656.331055 2723.846924
557 25.199000 2656.331055 2720.825928
558 25.242000 2656.331055 2726.115234
559 25.286000 2656.331055 2719.474609
560 25.333000 2656.331055 2711.593506
561 25.377000 2656.331055 2709.259033
562 25.424000 2656.331055 2709.073975
563 25.469000 2656.331055 2709.036621
564 25.513000 2656.331055 2709.813477
565 25.560000 2656.331055 2711.109131
566 25.607000 2656.331055 2710.830078
567 25.652000 2656.331055 2713.660400
568 25.696000 2656.331055 2712.260010
569 25.743000 2656.331055 2715.015381
570 25.785000 2656.331055 2712.058350
571 25.830000 2656.331055 2720.109375
572 25.873000 2656.331055 2728.446045
573 25.914000 2656.331055 2714.429932
574 25.956000 2656.331055 2725.159180
575 26.002000 2656.331055 2727.431152
576 26.048000 2656.331055 2733.088135
577 26.091000 2656.331055 2729.098389
578 26.131000 2656.331055 2727.426270
579 26.174000 2656.331055 2717.049072
580 26.216000 2656.331055 2717.000000
581 26.262000 2656.331055 2712.322266
582 26.310000 2656.331055 2709.936279
583 26.355000 2656.331055 2708.848145
584 26.395000 2656.331055 2714.926758
585 26.441000 2656.331055 2710.457764
586 26.487000 2656.331055 2707.787598
587 26.530000 2656.331055 2717.184570
588 26.573000 2649.703613 2714.499023
589 26.620000 2649.703613 2713.876953
590 26.665000 2649.703613 2715.418701
591 26.704000 2649.703613 2717.972412
592 26.753000 2649.703613 2715.875732
593 26.795000 2649.703613 2712.329102
594 26.839000 2649.703613 2711.420410
595 26.886000 2649.703613 2709.591797
596 26.934000 2649.703613 2707.205322
597 26.978000 2649.703613 2705.854492
598 27.022000 2649.703613 2705.340088
599 27.067000 2649.703613 2705.462891
600 27.113000 2649.703613 2704.793213
601 27.156000 2649.703613 2712.416016
602 27.200000 2649.703613 2707.069580
603 27.240000 2649.703613 2712.137451
604 27.281000 2649.703613 2720.598633
605 27.319000 2649.703613 2714.797607
606 27.364000 2649.703613 2712.085938
607 27.409000 2649.703613 2721.813965
608 27.496000 2649.703613 2710.065430
609 27.539000 2649.703613 2707.527588
610 27.585000 2649.703613 2705.774170
611 27.630000 2649.703613 2705.605713
612 27.682000 2649.703613 2717.547119
613 27.722000 2649.703613 2701.525879
614 27.765000 2649.703613 2699.933350
615 27.808000 2649.703613 2703.943115
616 27.853000 2649.703613 2703.225342
617 27.898000 2649.703613 2699.756592
618 27.942000 2649.703613 2702.464600
619 27.985000 2649.703613 2697.080322
620 28.026000 2649.703613 2694.543701
621 28.071000 2649.703613 2694.610107
622 28.112000 2649.703613 2694.379395
623 28.160000 2649.703613 2684.219971
624 28.207000 2649.703613 2681.536865
625 28.251000 2649.703613 2692.934570
626 28.294000 2649.703613 2693.985352
627 28.336000 2649.703613 2688.062500
628 28.378000 2649.703613 2691.010986
629 28.420000 2649.703613 2681.806641
630 28.464000 2649.703613 2692.140869
631 28.510000 2649.703613 2690.056641
632 28.552000 2649.703613 2695.745850
633 28.595000 2649.703613 2689.493408
634 28.641000 2649.703613 2691.781250
635 28.683000 2649.703613 2681.582764
636 28.724000 2649.703613 2685.717529
637 28.769000 2649.703613 2688.110107
638 28.815000 2649.703613 2683.909180
639 28.858000 2649.703613 2681.494141
640 28.903000 2649.703613 2685.076904
641 28.948000 2649.703613 2681.494141
642 28.991000 2649.703613 2686.746826
643 29.034000 2649.703613 2681.494141
644 29.079000 2649.703613 2681.494141
645 29.121000 2649.703613 2682.112305
646 29.166000 2649.703613 2682.068359
647 29.212000 2649.703613 2682.045898
648 29.253000 2649.703613 2690.801758
649 29.294000 2649.703613 2690.453369
650 29.337000 2649.703613 2690.430664
651 29.382000 2649.703613 2690.364258
652 29.421000 2649.703613 2681.361328
653 29.467000 2649.703613 2681.361328
654 29.514000 2649.703613 2683.380371
655 29.558000 2649.703613 2683.854736
656 29.601000 2649.703613 2681.361328
657 29.649000 2649.703613 2683.175293
658 29.694000 2649.703613 2687.509033
659 29.740000 2649.703613 2683.108398
660 29.785000 2649.703613 2682.321289
661 29.830000 2649.703613 2688.711182
662 29.872000 2649.703613 2685.454102
663 29.919000 2649.703613 2683.823242
664 29.965000 2649.703613 2687.283203
665 30.010000 2649.703613 2693.846924
666 30.056000 2649.703613 2682.869629
667 30.100000 2649.703613 2681.585938
668 30.142000 2649.703613 2681.585938
669 30.185000 2649.703613 2684.917725
670 30.232000 2649.703613 2684.386963
671 30.273000 2649.703613 2685.808350
672 30.315000 2649.703613 2683.074463
673 30.355000 2649.703613 2682.213135
674 30.397000 2649.703613 2681.812256
675 30.444000 2649.703613 2681.652100
676 30.489000 2649.703613 2681.608398
677 30.532000 2649.703613 2685.458984
678 30.582000 2649.703613 2685.413818
679 30.629000 2649.703613 2681.563232
680 30.669000 2649.703613 2681.540527
681 30.712000 2649.703613 2681.540527
682 30.756000 2649.703613 2686.101318
683 30.800000 2649.703613 2686.091553
684 30.844000 2649.703613 2685.095703
685 30.889000 2649.703613 2687.746826
686 30.931000 2649.703613 2688.028320
687 30.973000 2649.703613 2685.511963
688 31.022000 2649.703613 2685.489014
689 31.066000 2649.703613 2681.495361
690 31.107000 2649.703613 2682.843750
691 31.156000 2649.703613 2685.753418
692 31.198000 2649.703613 2686.516357
693 31.242000 2649.703613 2684.405029
694 31.287000 2649.703613 2684.359619
695 31.330000 2649.703613 2685.985840
696 31.368000 2649.703613 2685.963379
697 31.412000 2649.703613 2686.983398
698 31.456000 2649.703613 2685.958740
699 31.505000 2649.703613 2682.636475
700 31.550000 2649.703613 2681.672852
701 31.595000 2649.703613 2681.650391
702 31.635000 2649.703613 2689.716797
703 31.679000 2649.703613 2697.641846
704 31.723000 2649.703613 2689.559570
705 31.767000 2649.703613 2689.172852
706 31.812000 2649.703613 2694.422607
707 31.857000 2649.703613 2698.473633
708 31.902000 2649.703613 2686.582275
709 31.943000 2649.703613 2681.112305
710 31.990000 2649.703613 2693.277100
711 32.040000 2649.703613 2687.905029
712 32.083000 2649.703613 2682.139160
713 32.126000 2649.703613 2682.093750
714 32.166000 2649.703613 2681.796631
715 32.204000 2649.703613 2681.751221
716 32.247000 2649.703613 2681.675537
717 32.294000 2649.703613 2682.189697
718 32.340000 2649.703613 2684.684082
719 32.387000 2649.703613 2680.736572
720 32.434000 2649.703613 2682.971191
721 32.482000 2649.703613 2693.687744
722 32.528000 2649.703613 2696.885742
723 32.575000 2649.703613 2682.432861
724 32.621000 2649.703613 2688.532715
725 32.664000 2649.703613 2692.790039
726 32.706000 2649.703613 2686.454590
727 32.746000 2649.703613 2708.176270
728 32.789000 2649.703613 2700.967285
729 32.837000 2649.703613 2683.334961
730 32.877000 2649.703613 2686.950928
731 32.921000 2649.703613 2688.887451
732 32.968000 2649.703613 2688.350342
733 33.011000 2649.703613 2687.805420
734 33.058000 2649.703613 2681.847900
735 33.103000 2649.703613 2680.191895
736 33.148000 2649.703613 2682.128662
737 33.191000 2649.703613 2695.706299
738 33.234000 2649.703613 2689.503662
739 33.278000 2649.703613 2680.371338
740 33.322000 2649.703613 2689.219727
741 33.365000 2649.703613 2685.075928
742 33.410000 2649.703613 2689.872803
743 33.456000 2649.703613 2696.362549
744 33.502000 2649.703613 2700.426758
745 33.547000 2649.703613 2680.162109
746 33.588000 2649.703613 2679.848633
747 33.633000 2649.703613 2679.086914
748 33.677000 2649.703613 2678.773193
749 33.721000 2649.703613 2676.034668
750 33.765000 2649.703613 2675.721191
751 33.808000 2649.703613 2675.721191
752 33.851000 2649.703613 2680.063965
753 33.896000 2649.703613 2686.015625
754 33.936000 2649.703613 2693.563721
755 33.982000 2649.703613 2684.303711
756 34.026000 2649.703613 2677.628174
757 34.070000 2649.703613 2677.001221
758 34.114000 2649.703613 2675.656006
759 34.158000 2649.703613 2672.998535
760 34.203000 2649.703613 2682.990967
761 34.241000 2649.703613 2686.165527
762 34.287000 2649.703613 2672.371582
763 34.330000 2649.703613 2679.947510
764 34.368000 2649.703613 2675.617920
765 34.414000 2649.703613 2682.537842
766 34.459000 2649.703613 2678.692139
767 34.501000 2649.703613 2678.527832
768 34.543000 2649.703613 2674.708984
769 34.585000 2649.703613 2676.419678
770 34.629000 2649.703613 2679.215088
771 34.672000 2649.703613 2693.187500
772 34.714000 2649.703613 2673.363525
773 34.757000 2649.703613 2677.739746
774 34.799000 2649.703613 2674.028076
775 34.843000 2649.703613 2676.829590
776 34.884000 2649.703613 2669.642090
777 34.928000 2649.703613 2668.388184
778 34.973000 2649.703613 2671.708008
779 35.019000 2649.703613 2675.408691
780 35.062000 2649.703613 2674.108154
781 35.109000 2649.703613 2666.703369
782 35.158000 2649.703613 2666.029785
783 35.208000 2649.703613 2665.089355
784 35.251000 2649.703613 2664.438721
785 35.300000 2649.703613 2663.498535
786 35.339000 2649.703613 2662.198486
787 35.383000 2649.703613 2670.135986
788 35.424000 2649.703613 2666.184082
789 35.465000 2649.703613 2664.778809
790 35.508000 2649.703613 2668.906250
791 35.553000 2649.703613 2670.684326
792 35.592000 2649.703613 2665.668701
793 35.636000 2649.703613 2657.782715
794 35.679000 2649.703613 2655.589355
795 35.727000 2649.703613 2655.169922
796 35.780000 2649.703613 2649.703369
797 35.828000 2649.703613 2649.703369
798 35.870000 2649.703613 2651.004150
799 35.918000 2649.703613 2650.486572
800 35.964000 2649.703613 2649.703369
801 36.006000 2649.703613 2657.213867
802 36.049000 2649.703613 2659.429443
803 36.096000 2649.703613 2656.903076
804 36.142000 2649.703613 2651.044922
805 36.185000 2649.703613 2649.703369
806 36.234000 2649.703613 2656.417480
807 36.276000 2649.703613 2651.655029
808 36.320000 2649.703613 2651.182617
809 36.362000 2649.703613 2649.703369
810 36.402000 2649.703613 2650.565674
811 36.443000 2649.703613 2651.526855
812 36.489000 2649.703613 2649.703369
813 36.535000 2649.703613 2649.703369
814 36.580000 2649.703613 2649.703369
815 36.629000 2649.703613 2649.703369
816 36.673000 2649.703613 2650.335693
817 36.716000 2649.703613 2649.703369
818 36.768000 2649.703613 2649.703369
819 36.819000 2649.703613 2654.837158
820 36.913000 2649.703613 2649.703369
821 36.961000 2649.703613 2653.324463
822 37.004000 2649.703613 2657.241943
823 37.047000 2649.703613 2655.654053
824 37.090000 2649.703613 2649.703369
825 37.135000 2649.703613 2649.703369
826 37.175000 2649.703613 2649.703369
827 37.221000 2649.703613 2652.108398
828 37.261000 2649.703613 2650.983398
829 37.302000 2649.703613 2649.703369
830 37.345000 2649.703613 2649.901367
831 37.390000 2649.703613 2649.703369
832 37.431000 2649.703613 2653.888428
833 37.474000 2649.703613 2655.409180
834 37.519000 2649.703613 2649.703369
835 37.565000 2649.703613 2649.703369
836 37.608000 2649.703613 2655.897461
837 37.652000 2649.703613 2655.110352
838 37.697000 2649.703613 2652.522217
839 37.744000 2649.703613 2649.703369
840 37.789000 2649.703613 2649.703369
841 37.834000 2649.703613 2649.703369
842 37.881000 2649.703613 2649.703369
843 37.930000 2649.703613 2649.703369
844 37.976000 2649.703613 2649.703369
845 38.017000 2649.703613 2650.117188
846 38.060000 2649.703613 2654.212158
847 38.105000 2649.703613 2652.803711
848 38.149000 2649.703613 2649.703369
849 38.195000 2649.703613 2653.690430
850 38.245000 2649.703613 2655.510010
851 38.292000 2649.703613 2652.741943
852 38.340000 2649.703613 2651.723145
853 38.382000 2649.703613 2649.703369
854 38.427000 2649.703613 2649.703369
855 38.472000 2649.703613 2655.700928
856 38.523000 2649.703613 2657.479492
857 38.566000 2649.703613 2649.703369
858 38.609000 2649.703613 2654.173096
859 38.653000 2649.703613 2649.703369
860 38.696000 2649.703613 2656.451172
861 38.741000 2649.703613 2662.143799
862 38.787000 2649.703613 2657.810059
863 38.830000 2649.703613 2654.948975
864 38.875000 2649.703613 2651.509033
865 38.920000 2649.703613 2668.688232
866 38.963000 2649.703613 2659.034912
867 39.001000 2649.703613 2651.929932
868 39.049000 2649.703613 2655.043701
869 39.097000 2649.703613 2652.448486
870 39.141000 2649.703613 2649.703369
871 39.183000 2649.703613 2649.703369
872 39.224000 2649.703613 2649.703369
873 39.272000 2649.703613 2651.685547
874 39.319000 2649.703613 2649.703369
875 39.362000 2649.703613 2653.992188
876 39.404000 2649.703613 2656.741455
877 39.444000 2649.703613 2655.760986
878 39.489000 2649.703613 2649.703369
879 39.530000 2649.703613 2661.040527
880 39.573000 2649.703613 2657.707764
881 39.615000 2649.703613 2649.703369
882 39.659000 2649.703613 2654.347168
883 39.701000 2649.703613 2655.958008
884 39.742000 2649.703613 2652.164307
885 39.783000 2649.703613 2658.580566
886 39.824000 2649.703613 2649.703369
887 39.864000 2649.703613 2649.703369
888 39.907000 2649.703613 2649.703369
889 39.949000 2649.703613 2649.703369
890 39.994000 2649.703613 2649.703369
891 40.033000 2649.703613 2649.703369
892 40.075000 2649.703613 2672.708984
893 40.118000 2649.703613 2656.269043
894 40.160000 2649.703613 2652.342285
895 40.195000 2649.703613 2649.703369
896 40.240000 2649.703613 2649.703369
897 40.280000 2649.703613 2665.578369
898 40.325000 2649.703613 2654.764404
899 40.368000 2649.703613 2649.703369
900 40.416000 2649.703613 2653.171143
901 40.457000 2649.703613 2660.676025
902 40.499000 2649.703613 2649.703369
903 40.547000 2649.703613 2654.915527
904 40.592000 2649.703613 2651.774658
905 40.633000 2649.703613 2650.945313
906 40.671000 2649.703613 2649.703369
907 40.714000 2649.703613 2649.703369
908 40.750000 2649.703613 2649.703369
909 40.793000 2649.703613 2652.596924
910 40.838000 2649.703613 2651.539795
911 40.879000 2649.703613 2649.703369
912 40.923000 2649.703613 2657.270996
913 40.969000 2649.703613 2649.703369
914 41.012000 2649.703613 2649.703369
915 41.057000 2649.703613 2656.202881
916 41.100000 2649.703613 2649.703369
917 41.142000 2649.703613 2654.668945
918 41.192000 2649.703613 2649.703369
919 41.237000 2649.703613 2658.050049
920 41.281000 2649.703613 2649.703369
921 41.328000 2649.703613 2651.805908
922 41.372000 2649.703613 2657.168945
923 41.414000 2649.703613 2653.632568
924 41.460000 2649.703613 2649.703369
925 41.505000 2649.703613 2649.703369
926 41.550000 2649.703613 2657.539063
927 41.593000 2649.703613 2668.403809
928 41.642000 2649.703613 2657.904053
929 41.691000 2649.703613 2651.625244
930 41.739000 2649.703613 2651.483398
931 41.782000 2649.703613 2653.651855
932 41.824000 2649.703613 2651.877930
933 41.869000 2649.703613 2649.703369
934 41.917000 2649.703613 2656.866455
935 41.959000 2649.703613 2656.164307
936 42.004000 2649.703613 2654.073242
937 42.046000 2649.703613 2651.135742
938 42.089000 2649.703613 2653.337402
939 42.135000 2649.703613 2649.703369
940 42.180000 2649.703613 2653.101563
941 42.225000 2649.703613 2655.148193
942 42.269000 2649.703613 2652.434082
943 42.314000 2649.703613 2660.768555
944 42.361000 2649.703613 2657.466553
945 42.407000 2649.703613 2649.703369
946 42.459000 2649.703613 2649.703369
947 42.500000 2649.703613 2649.703369
948 42.541000 2649.703613 2653.255615
949 42.582000 2649.703613 2649.703369
950 42.628000 2649.703613 2655.813965
951 42.669000 2649.703613 2655.548096
952 42.715000 2649.703613 2653.843994
953 42.759000 2649.703613 2654.273193
954 42.806000 2649.703613 2653.033447
955 42.851000 2649.703613 2649.703369
956 42.896000 2649.703613 2664.384277
957 42.944000 2649.703613 2653.011475
958 42.991000 2649.703613 2649.703369
959 43.036000 2649.703613 2658.374023
960 43.081000 2649.703613 2652.672607
961 43.126000 2649.703613 2649.703369
962 43.169000 2649.703613 2649.703369
963 43.212000 2649.703613 2656.030273
964 43.255000 2649.703613 2659.222412
965 43.301000 2649.703613 2655.217529
966 43.348000 2649.703613 2657.027588
967 43.396000 2649.703613 2657.979004
968 43.440000 2649.703613 2653.101807
969 43.481000 2649.703613 2651.760742
970 43.520000 2649.703613 2654.158447
971 43.559000 2649.703613 2650.873047
972 43.603000 2649.703613 2650.568115
973 43.647000 2649.703613 2658.155273
974 43.694000 2649.703613 2649.703369
975 43.736000 2649.703613 2650.309570
976 43.780000 2649.703613 2652.990723
977 43.827000 2649.703613 2653.123047
978 43.875000 2649.703613 2649.703369
979 43.919000 2649.703613 2654.207520
980 43.967000 2649.703613 2651.057617
981 44.016000 2649.703613 2656.519775
982 44.062000 2649.703613 2649.703369
983 44.107000 2649.703613 2649.703369
984 44.148000 2649.703613 2649.703369
985 44.194000 2649.703613 2653.887695
986 44.240000 2649.703613 2660.958740
987 44.285000 2649.703613 2659.469727
988 44.326000 2649.703613 2649.703369
989 44.371000 2649.703613 2658.403320
990 44.419000 2649.703613 2656.432861
991 44.465000 2649.703613 2650.631348
992 44.509000 2649.703613 2653.514160
993 44.551000 2649.703613 2657.811035
994 44.596000 2649.703613 2655.724365
995 44.643000 2649.703613 2649.703369
996 44.687000 2649.703613 2658.206055
997 44.724000 2649.703613 2652.320068
998 44.765000 2649.703613 2649.703369
999 44.812000 2649.703613 2657.392090
1000 44.856000 2649.703613 2649.703369
1001 44.898000 2649.703613 2649.703369
1002 44.943000 2649.703613 2652.765625
1003 44.992000 2649.703613 2657.632813
1004 45.034000 2649.703613 2649.703369
1005 45.081000 2649.703613 2660.287598
1006 45.127000 2649.703613 2657.647461
1007 45.173000 2649.703613 2656.421143
1008 45.219000 2649.703613 2649.703369
1009 45.263000 2649.703613 2649.703369
1010 45.306000 2649.703613 2664.291016
1011 45.349000 2649.703613 2652.134033
1012 45.395000 2649.703613 2649.703369
1013 45.439000 2649.703613 2649.703369
1014 45.478000 2649.703613 2649.703369
1015 45.522000 2649.703613 2650.674805
1016 45.565000 2649.703613 2655.428955
1017 45.609000 2649.703613 2652.629639
1018 45.656000 2649.703613 2658.468506
1019 45.701000 2649.703613 2656.439453
1020 45.746000 2649.703613 2649.703369
1021 45.792000 2649.703613 2655.730957
1022 45.834000 2649.703613 2652.253418
1023 45.874000 2649.703613 2652.426270
1024 45.914000 2649.703613 2655.270264
1025 45.961000 2649.703613 2649.703369
1026 46.004000 2649.703613 2649.703369
1027 46.053000 2649.703613 2649.703369
1028 46.100000 2649.703613 2669.935303
1029 46.145000 2649.703613 2656.093994
1030 46.191000 2649.703613 2649.703369
1031 46.234000 2649.703613 2660.438477
1032 46.276000 2649.703613 2649.703369
1033 46.324000 2649.703613 2652.339600
1034 46.373000 2649.703613 2650.023438
1035 46.418000 2649.703613 2655.916260
1036 46.459000 2649.703613 2656.694580
1037 46.510000 2649.703613 2651.807617
1038 46.558000 2649.703613 2649.703369
1039 46.606000 2649.703613 2654.038086
1040 46.651000 2649.703613 2649.703369
1041 46.700000 2649.703613 2649.703369
1042 46.741000 2649.703613 2658.937744
1043 46.787000 2649.703613 2650.685059
1044 46.836000 2649.703613 2652.249268
1045 46.879000 2649.703613 2654.682617
1046 46.925000 2649.703613 2649.703369
1047 46.972000 2649.703613 2652.575195
1048 47.018000 2649.703613 2653.647705
1049 47.063000 2649.703613 2652.108643
1050 47.111000 2649.703613 2652.406982
1051 47.154000 2649.703613 2654.080078
1052 47.201000 2649.703613 2655.354736
1053 47.248000 2649.703613 2649.703369
1054 47.294000 2649.703613 2649.703369
1055 47.339000 2649.703613 2649.703369
1056 47.381000 2649.703613 2659.201660
1057 47.424000 2649.703613 2655.038330
1058 47.467000 2649.703613 2649.703369
1059 47.514000 2649.703613 2649.703369
1060 47.552000 2649.703613 2663.314453
1061 47.598000 2649.703613 2654.545654
1062 47.639000 2649.703613 2655.189453
1063 47.686000 2649.703613 2649.703369
1064 47.732000 2649.703613 2662.018799
1065 47.772000 2649.703613 2653.242432
1066 47.816000 2649.703613 2653.112549
1067 47.856000 2649.703613 2649.703369
1068 47.899000 2649.703613 2652.902588
1069 47.944000 2649.703613 2655.098633
1070 47.992000 2649.703613 2649.703369
1071 48.035000 2649.703613 2649.703369
1072 48.078000 2649.703613 2649.703369
1073 48.124000 2649.703613 2649.703369
1074 48.178000 2649.703613 2649.703369
1075 48.218000 2649.703613 2649.703369
1076 48.260000 2649.703613 2655.205566
1077 48.303000 2649.703613 2653.995605
1078 48.346000 2649.703613 2649.703369
1079 48.422000 2649.703613 2649.703369
1080 48.467000 2649.703613 2655.872070
1081 48.509000 2649.703613 2659.012695
1082 48.556000 2649.703613 2653.998779
1083 48.603000 2649.703613 2653.394043
1084 48.647000 2649.703613 2652.108398
1085 48.689000 2649.703613 2652.863770
1086 48.730000 2649.703613 2652.196777
1087 48.778000 2649.703613 2651.599121
1088 48.820000 2649.703613 2649.703369
1089 48.862000 2649.703613 2649.703369
1090 48.907000 2649.703613 2651.087891
1091 48.952000 2649.703613 2649.703369
1092 48.997000 2649.703613 2649.703369
1093 49.042000 2649.703613 2649.703369
1094 49.089000 2649.703613 2660.751465
1095 49.131000 2649.703613 2666.965576
1096 49.176000 2649.703613 2658.714355
1097 49.219000 2649.703613 2655.893555
1098 49.264000 2649.703613 2649.703369
1099 49.309000 2649.703613 2649.703369
1100 49.356000 2649.703613 2656.572754
1101 49.398000 2649.703613 2662.824951
1102 49.439000 2649.703613 2661.405029
1103 49.476000 2649.703613 2656.274414
1104 49.522000 2649.703613 2666.441162
1105 49.563000 2649.703613 2664.403320
1106 49.607000 2649.703613 2658.806152
1107 49.651000 2649.703613 2649.703369
1108 49.694000 2649.703613 2658.030273
1109 49.737000 2649.703613 2651.908447
1110 49.783000 2649.703613 2649.703369
1111 49.830000 2649.703613 2649.703369
1112 49.875000 2649.703613 2654.189941
1113 49.916000 2649.703613 2652.792725
1114 49.959000 2649.703613 2655.597900
1115 50.012000 2649.703613 2654.389648
1116 50.056000 2649.703613 2653.756592
1117 50.098000 2649.703613 2656.747559
1118 50.140000 2649.703613 2649.703369
1119 50.183000 2649.703613 2657.042236
1120 50.226000 2649.703613 2649.703369
1121 50.264000 2649.703613 2649.703369
1122 50.307000 2649.703613 2649.703369
1123 50.347000 2649.703613 2649.703369
1124 50.391000 2649.703613 2649.703369
1125 50.433000 2649.703613 2649.703369
1126 50.475000 2649.703613 2649.703369
1127 50.521000 2649.703613 2649.703369
1128 50.562000 2649.703613 2659.822266
1129 50.608000 2649.703613 2655.199951
1130 50.649000 2649.703613 2649.703369
1131 50.692000 2649.703613 2649.703369
1132 50.737000 2649.703613 2657.454346
1133 50.784000 2649.703613 2652.006836
1134 50.826000 2649.703613 2649.703369
1135 50.873000 2649.703613 2652.029297
1136 50.915000 2649.703613 2651.109619
1137 50.959000 2649.703613 2655.343018
1138 51.008000 2649.703613 2649.703369
1139 51.050000 2649.703613 2649.703369
1140 51.093000 2649.703613 2653.236816
1141 51.138000 2649.703613 2649.703369
1142 51.179000 2649.703613 2654.273193
1143 51.224000 2649.703613 2652.750732
1144 51.266000 2649.703613 2650.183105
1145 51.308000 2649.703613 2649.816650
1146 51.355000 2649.703613 2652.826172
1147 51.399000 2649.703613 2655.783691
1148 51.439000 2649.703613 2649.703369
1149 51.485000 2649.703613 2649.703369
1150 51.531000 2649.703613 2649.703369
1151 51.578000 2649.703613 2654.449463
1152 51.626000 2649.703613 2649.703369
1153 51.668000 2649.703613 2649.703369
1154 51.712000 2649.703613 2654.316895
1155 51.758000 2649.703613 2652.718750
1156 51.794000 2649.703613 2649.703369
1157 51.842000 2649.703613 2651.639404
1158 51.886000 2649.703613 2649.703369
1159 51.930000 2649.703613 2649.703369
1160 51.977000 2649.703613 2651.763184
1161 52.018000 2649.703613 2649.703369
1162 52.063000 2649.703613 2649.703369
1163 52.107000 2649.703613 2649.703369
1164 52.150000 2649.703613 2649.703369
1165 52.194000 2649.703613 2649.703369
1166 52.241000 2649.703613 2649.703369
1167 52.286000 2649.703613 2649.703369
1168 52.331000 2649.703613 2656.708496
1169 52.371000 2649.703613 2654.233643
1170 52.414000 2649.703613 2649.703369
1171 52.457000 2649.703613 2649.703369
1172 52.502000 2649.703613 2649.703369
1173 52.548000 2649.703613 2652.368408
1174 52.595000 2649.703613 2655.133057
1175 52.642000 2649.703613 2657.862305
1176 52.687000 2649.703613 2662.093750
1177 52.732000 2649.703613 2654.702393
1178 52.775000 2649.703613 2653.678955
1179 52.821000 2649.703613 2649.703369
1180 52.868000 2649.703613 2649.703369
1181 52.913000 2649.703613 2649.703369
1182 52.957000 2649.703613 2649.703369
1183 53.000000 2649.703613 2651.653320
1184 53.044000 2649.703613 2649.703369
1185 53.089000 2649.703613 2649.703369
1186 53.130000 2649.703613 2649.703369
1187 53.176000 2649.703613 2649.703369
1188 53.221000 2649.703613 2651.973389
1189 53.266000 2649.703613 2649.703369
1190 53.306000 2649.703613 2649.703369
1191 53.347000 2649.703613 2649.703369
1192 53.388000 2649.703613 2652.159912
1193 53.432000 2649.703613 2659.855957
1194 53.479000 2649.703613 2671.316162
1195 53.525000 2649.703613 2668.898682
1196 53.568000 2649.703613 2657.478027
1197 53.615000 2649.703613 2649.703369
1198 53.658000 2649.703613 2649.703369
1199 53.700000 2649.703613 2653.187744
1200 53.746000 2649.703613 2653.413086
1201 53.793000 2649.703613 2654.849609
1202 53.837000 2649.703613 2652.339600
1203 53.877000 2649.703613 2649.703369
1204 53.922000 2649.703613 2650.251465
1205 53.968000 2649.703613 2649.703369
1206 54.012000 2649.703613 2655.116943
1207 54.059000 2649.703613 2651.207764
1208 54.108000 2649.703613 2650.502197
1209 54.151000 2649.703613 2665.001953
1210 54.194000 2649.703613 2654.473633
1211 54.233000 2649.703613 2649.703369
1212 54.278000 2649.703613 2649.703369
1213 54.320000 2649.703613 2654.664063
1214 54.368000 2649.703613 2651.331787
1215 54.413000 2649.703613 2654.322266
1216 54.449000 2649.703613 2654.394775
1217 54.491000 2649.703613 2652.750732
1218 54.538000 2649.703613 2649.703369
1219 54.586000 2649.703613 2654.638184
1220 54.629000 2649.703613 2654.105713
1221 54.674000 2649.703613 2649.703369
1222 54.717000 2649.703613 2659.207275
1223 54.765000 2649.703613 2663.811768
1224 54.805000 2649.703613 2655.782227
1225 54.849000 2649.703613 2649.703369
1226 54.892000 2649.703613 2649.703369
1227 54.938000 2649.703613 2652.607178
1228 54.982000 2649.703613 2655.461182
1229 55.028000 2649.703613 2650.845703
1230 55.067000 2649.703613 2653.409668
1231 55.107000 2649.703613 2658.286621
1232 55.153000 2649.703613 2659.434570
1233 55.196000 2649.703613 2649.703369
1234 55.239000 2649.703613 2655.677490
1235 55.284000 2649.703613 2657.575195
1236 55.332000 2649.703613 2652.020996
1237 55.381000 2649.703613 2650.741455
1238 55.422000 2649.703613 2649.703369
1239 55.469000 2649.703613 2649.703369
1240 55.512000 2649.703613 2649.703369
1241 55.560000 2649.703613 2649.703369
1242 55.603000 2649.703613 2654.320313
1243 55.647000 2649.703613 2655.601807
1244 55.690000 2649.703613 2658.529053
1245 55.739000 2649.703613 2658.751221
1246 55.782000 2649.703613 2662.649658
1247 55.831000 2649.703613 2662.336914
1248 55.873000 2649.703613 2657.045410
1249 55.918000 2649.703613 2649.703369
1250 55.961000 2649.703613 2653.550293
1251 56.007000 2649.703613 2653.346191
1252 56.052000 2649.703613 2649.703369
1253 56.096000 2649.703613 2649.703369
1254 56.141000 2649.703613 2649.703369
1255 56.184000 2649.703613 2652.051025
1256 56.227000 2649.703613 2650.442139
1257 56.270000 2649.703613 2649.703369
1258 56.310000 2649.703613 2649.703369
1259 56.353000 2649.703613 2649.703369
1260 56.395000 2649.703613 2649.703369
1261 56.445000 2649.703613 2649.703369
1262 56.498000 2649.703613 2649.703369
1263 56.540000 2649.703613 2649.703369
1264 56.585000 2649.703613 2649.703369
1265 56.628000 2649.703613 2651.303467
1266 56.673000 2649.703613 2650.637695
1267 56.717000 2649.703613 2653.943848
1268 56.761000 2649.703613 2649.703369
1269 56.806000 2649.703613 2649.703369
1270 56.849000 2649.703613 2649.703369
1271 56.895000 2649.703613 2655.630615
1272 56.936000 2649.703613 2657.285889
1273 56.985000 2649.703613 2653.752441
1274 57.032000 2649.703613 2649.703369
1275 57.070000 2649.703613 2649.703369
1276 57.113000 2649.703613 2652.765625
1277 57.158000 2649.703613 2649.703369
1278 57.205000 2649.703613 2650.590332
1279 57.245000 2649.703613 2649.703369
1280 57.289000 2649.703613 2649.703369
1281 57.330000 2649.703613 2654.473145
1282 57.372000 2649.703613 2657.984619
1283 57.417000 2649.703613 2663.534424
1284 57.460000 2649.703613 2652.939941
1285 57.502000 2649.703613 2657.784912
1286 57.544000 2649.703613 2649.703369
1287 57.587000 2649.703613 2649.703369
1288 57.630000 2649.703613 2649.703369
1289 57.673000 2649.703613 2649.703369
1290 57.716000 2649.703613 2659.152832
1291 57.758000 2649.703613 2655.616455
1292 57.803000 2649.703613 2649.703369
1293 57.846000 2649.703613 2649.703369
1294 57.889000 2649.703613 2649.703369
1295 57.933000 2649.703613 2653.025391
1296 57.974000 2649.703613 2649.703369
1297 58.015000 2649.703613 2653.727539
1298 58.055000 2649.703613 2649.703369
1299 58.101000 2649.703613 2652.234375
1300 58.149000 2649.703613 2649.703369
1301 58.191000 2649.703613 2650.840820
1302 58.239000 2649.703613 2649.703369
1303 58.284000 2649.703613 2649.703369
1304 58.333000 2649.703613 2674.231201
1305 58.379000 2649.703613 2649.703369
1306 58.429000 2649.703613 2650.000244
1307 58.473000 2649.703613 2649.703369
1308 58.513000 2649.703613 2654.336670
1309 58.556000 2649.703613 2649.703369
1310 58.600000 2649.703613 2659.886230
1311 58.639000 2649.703613 2654.393066
1312 58.681000 2649.703613 2657.907715
1313 58.727000 2649.703613 2654.776367
1314 58.769000 2649.703613 2653.033691
1315 58.807000 2649.703613 2649.703369
1316 58.848000 2649.703613 2649.703369
1317 58.894000 2649.703613 2653.798340
1318 58.942000 2649.703613 2649.703369
1319 58.989000 2649.703613 2654.933838
1320 59.033000 2649.703613 2652.070313
1321 59.076000 2649.703613 2652.036865
1322 59.123000 2649.703613 2649.703369
1323 59.163000 2649.703613 2649.703369
1324 59.204000 2649.703613 2652.025635
1325 59.247000 2649.703613 2651.644775
1326 59.291000 2649.703613 2652.022217
1327 59.332000 2649.703613 2650.952881
1328 59.378000 2649.703613 2652.734375
1329 59.426000 2649.703613 2654.988037
1330 59.471000 2649.703613 2652.968506
1331 59.514000 2649.703613 2652.550049
1332 59.557000 2649.703613 2652.513428
1333 59.600000 2649.703613 2656.739258
1334 59.646000 2649.703613 2670.174316
1335 59.692000 2649.703613 2652.694580
1336 59.735000 2649.703613 2658.906250
1337 59.778000 2649.703613 2649.703369
1338 59.824000 2649.703613 2652.870361
1339 59.869000 2649.703613 2651.750000
1340 59.915000 2649.703613 2657.658203
1341 59.958000 2649.703613 2649.703369
1342 59.998000 2649.703613 2651.598389
1343 60.042000 2649.703613 2649.703369
1344 60.124000 2649.703613 2649.703369
1345 60.182000 2649.703613 2649.703369
1346 60.231000 2649.703613 2651.364258
1347 60.278000 2649.703613 2649.703369
1348 60.321000 2649.703613 2649.703369
1349 60.371000 2649.703613 2654.518555
1350 60.414000 2649.703613 2651.761475
1351 60.477000 2649.703613 2659.818359
1352 60.534000 2649.703613 2652.083496
1353 60.574000 2649.703613 2658.198975
1354 60.623000 2649.703613 2657.105957
1355 60.666000 2649.703613 2655.277588
1356 60.711000 2649.703613 2659.087158
1357 60.754000 2649.703613 2657.007568
1358 60.798000 2649.703613 2649.703369
1359 60.842000 2649.703613 2649.915527
1360 60.891000 2649.703613 2651.413818
1361 60.932000 2649.703613 2649.703369
1362 60.977000 2649.703613 2658.250732
1363 61.022000 2649.703613 2663.586914
1364 61.058000 2649.703613 2654.694092
1365 61.100000 2649.703613 2660.067871
1366 61.146000 2649.703613 2655.390869
1367 61.190000 2649.703613 2649.703369
1368 61.236000 2649.703613 2649.703369
1369 61.282000 2649.703613 2650.450684
1370 61.333000 2649.703613 2654.152100
1371 61.385000 2649.703613 2651.816895
1372 61.432000 2649.703613 2658.363037
1373 61.481000 2649.703613 2649.703369
1374 61.531000 2649.703613 2653.782227
1375 61.581000 2649.703613 2652.793457
1376 61.628000 2649.703613 2649.703369
1377 61.674000 2649.703613 2652.130615
1378 61.718000 2649.703613 2649.703369
1379 61.770000 2649.703613 2649.703369
1380 61.819000 2649.703613 2651.401611
1381 61.871000 2649.703613 2649.703369
1382 61.918000 2649.703613 2649.703369
1383 61.967000 2649.703613 2657.851318
1384 62.016000 2649.703613 2649.703369
1385 62.069000 2649.703613 2649.703369
1386 62.118000 2649.703613 2652.961670
1387 62.162000 2649.703613 2656.791992
1388 62.205000 2649.703613 2663.176758
1389 62.250000 2649.703613 2662.568115
1390 62.305000 2649.703613 2662.348389
1391 62.356000 2649.703613 2655.620361
1392 62.402000 2649.703613 2655.669678
1393 62.452000 2649.703613 2652.885742
1394 62.496000 2649.703613 2650.632568
1395 62.541000 2649.703613 2655.836182
1396 62.586000 2649.703613 2651.237549
1397 62.632000 2649.703613 2649.703369
1398 62.677000 2649.703613 2650.023438
1399 62.721000 2649.703613 2649.703369
1400 62.766000 2649.703613 2657.437256
1401 62.813000 2649.703613 2654.642090
1402 62.858000 2649.703613 2649.703369
1403 62.902000 2649.703613 2649.703369
1404 62.944000 2649.703613 2653.266846
1405 62.988000 2649.703613 2649.703369
1406 63.037000 2649.703613 2653.100586
1407 63.079000 2649.703613 2652.302490
1408 63.125000 2649.703613 2649.703369
1409 63.176000 2649.703613 2652.208984
1410 63.220000 2649.703613 2650.970947
1411 63.269000 2649.703613 2657.979980
1412 63.314000 2649.703613 2649.703369
1413 63.362000 2649.703613 2649.703369
1414 63.404000 2649.703613 2656.055908
1415 63.453000 2649.703613 2658.662842
1416 63.500000 2649.703613 2653.741943
1417 63.541000 2649.703613 2649.703369
1418 63.585000 2649.703613 2651.053711
1419 63.625000 2649.703613 2649.703369
1420 63.673000 2649.703613 2654.834961
1421 63.718000 2649.703613 2649.901367
1422 63.761000 2649.703613 2653.121338
1423 63.805000 2649.703613 2662.399902
1424 63.854000 2649.703613 2663.852783
1425 63.900000 2649.703613 2656.503418
1426 63.940000 2649.703613 2657.960693
1427 63.986000 2649.703613 2657.301025
1428 64.033000 2649.703613 2655.931152
1429 64.080000 2649.703613 2649.703369
1430 64.122000 2649.703613 2651.093994
1431 64.170000 2649.703613 2660.724609
1432 64.218000 2649.703613 2652.332275
1433 64.265000 2649.703613 2658.333008
1434 64.311000 2649.703613 2661.164795
1435 64.353000 2649.703613 2658.105957
1436 64.397000 2649.703613 2653.376465
1437 64.441000 2649.703613 2649.703369
1438 64.487000 2649.703613 2649.703369
1439 64.534000 2649.703613 2654.755615
1440 64.577000 2649.703613 2649.703369
1441 64.621000 2649.703613 2653.811768
1442 64.662000 2649.703613 2649.703369
1443 64.710000 2649.703613 2649.703369
1444 64.754000 2649.703613 2662.833496
1445 64.799000 2649.703613 2656.699951
1446 64.843000 2649.703613 2653.238037
1447 64.885000 2649.703613 2649.703369
1448 64.927000 2649.703613 2655.443848
1449 64.966000 2649.703613 2649.703369
1450 65.012000 2649.703613 2649.703369
1451 65.053000 2649.703613 2651.333008
1452 65.097000 2649.703613 2649.703369
1453 65.138000 2649.703613 2656.593994
1454 65.182000 2649.703613 2665.184082
1455 65.225000 2649.703613 2653.340332
1456 65.272000 2649.703613 2652.879395
1457 65.319000 2649.703613 2656.438721
1458 65.364000 2649.703613 2655.039795
1459 65.406000 2649.703613 2656.884033
1460 65.450000 2649.703613 2649.703369
1461 65.491000 2649.703613 2656.886230
1462 65.534000 2649.703613 2649.703369
1463 65.574000 2649.703613 2649.703369
1464 65.619000 2649.703613 2654.833496
1465 65.662000 2649.703613 2649.703369
1466 65.706000 2649.703613 2655.535889
1467 65.757000 2649.703613 2649.703369
1468 65.807000 2649.703613 2653.395996
1469 65.855000 2649.703613 2649.703369
1470 65.900000 2649.703613 2655.372559
1471 65.944000 2649.703613 2649.703369
1472 66.001000 2649.703613 2649.703369
1473 66.049000 2649.703613 2649.703369
1474 66.094000 2649.703613 2649.703369
1475 66.143000 2649.703613 2650.568115
1476 66.190000 2649.703613 2649.703369
1477 66.234000 2649.703613 2649.703369
1478 66.277000 2649.703613 2651.804688
1479 66.325000 2649.703613 2649.703369
1480 66.370000 2649.703613 2654.541260
1481 66.418000 2649.703613 2652.312500
1482 66.460000 2649.703613 2649.703369
1483 66.504000 2649.703613 2661.589600
1484 66.545000 2649.703613 2664.975098
1485 66.593000 2649.703613 2655.228760
1486 66.635000 2649.703613 2651.519287
1487 66.691000 2649.703613 2658.307617
1488 66.740000 2649.703613 2653.337402
1489 66.781000 2649.703613 2650.985596
1490 66.827000 2649.703613 2649.703369
1491 66.877000 2649.703613 2649.703369
1492 66.926000 2649.703613 2649.703369
1493 66.983000 2649.703613 2649.703369
1494 67.032000 2649.703613 2652.637207
1495 67.083000 2649.703613 2649.703369
1496 67.143000 2649.703613 2655.755615
1497 67.200000 2649.703613 2649.703369
1498 67.246000 2649.703613 2649.703369
1499 67.293000 2649.703613 2654.608643
1500 67.338000 2649.703613 2655.680908
1501 67.383000 2649.703613 2656.077881
1502 67.427000 2649.703613 2660.665039
1503 67.473000 2649.703613 2653.831055
1504 67.517000 2649.703613 2649.703369
1505 67.561000 2649.703613 2651.814697
1506 67.609000 2649.703613 2657.366455
1507 67.661000 2649.703613 2649.703369
1508 67.706000 2649.703613 2656.858154
1509 67.752000 2649.703613 2666.056885
1510 67.799000 2649.703613 2656.751953
1511 67.839000 2649.703613 2653.385742
1512 67.885000 2649.703613 2649.703369
1513 67.928000 2649.703613 2649.703369
1514 67.972000 2649.703613 2650.890869
1515 68.015000 2649.703613 2649.703369
1516 68.064000 2649.703613 2658.975830
1517 68.107000 2649.703613 2649.703369
1518 68.149000 2649.703613 2649.703369
1519 68.195000 2649.703613 2653.257568
1520 68.235000 2649.703613 2665.053955
1521 68.283000 2649.703613 2655.310059
1522 68.334000 2649.703613 2656.704590
1523 68.379000 2649.703613 2653.377441
1524 68.427000 2649.703613 2656.934082
1525 68.472000 2649.703613 2655.100830
1526 68.516000 2649.703613 2654.212891
1527 68.558000 2649.703613 2652.381348
1528 68.602000 2649.703613 2649.703369
1529 68.645000 2649.703613 2649.703369
1530 68.693000 2649.703613 2656.735840
1531 68.743000 2649.703613 2650.721680
1532 68.787000 2649.703613 2654.508545
1533 68.832000 2649.703613 2649.703369
1534 68.880000 2649.703613 2651.023682
1535 68.920000 2649.703613 2655.791992
1536 68.971000 2649.703613 2653.890869
1537 69.016000 2649.703613 2655.611572
1538 69.061000 2649.703613 2649.703369
1539 69.105000 2649.703613 2649.703369
1540 69.156000 2649.703613 2660.629883
1541 69.200000 2649.703613 2657.846191
1542 69.240000 2649.703613 2655.732178
1543 69.280000 2649.703613 2653.821289
1544 69.328000 2649.703613 2654.415527
1545 69.372000 2649.703613 2649.703369
1546 69.415000 2649.703613 2653.371338
1547 69.458000 2649.703613 2649.703369
1548 69.502000 2649.703613 2663.787842
1549 69.550000 2649.703613 2654.321777
1550 69.590000 2649.703613 2649.703369
1551 69.636000 2649.703613 2649.703369
1552 69.677000 2649.703613 2661.473633
1553 69.727000 2649.703613 2655.672119
1554 69.770000 2649.703613 2655.190430
1555 69.811000 2649.703613 2661.526367
1556 69.856000 2649.703613 2658.185303
1557 69.899000 2649.703613 2656.269775
1558 69.944000 2649.703613 2662.342285
1559 69.985000 2649.703613 2650.635986
1560 70.035000 2649.703613 2654.052734
1561 70.076000 2649.703613 2655.457275
1562 70.118000 2649.703613 2651.590576
1563 70.159000 2649.703613 2655.492188
1564 70.202000 2649.703613 2657.732178
1565 70.248000 2649.703613 2654.473145
1566 70.295000 2649.703613 2657.798340
1567 70.341000 2649.703613 2662.198730
1568 70.383000 2649.703613 2658.780518
1569 70.424000 2649.703613 2655.642822
1570 70.472000 2649.703613 2666.410889
1571 70.520000 2649.703613 2654.928711
1572 70.563000 2649.703613 2649.703369
1573 70.605000 2649.703613 2652.007568
1574 70.648000 2649.703613 2650.891846
1575 70.691000 2649.703613 2653.080322
1576 70.730000 2649.703613 2660.696777
1577 70.773000 2649.703613 2649.703369
1578 70.817000 2649.703613 2649.703369
1579 70.867000 2649.703613 2654.349609
1580 70.908000 2649.703613 2649.703369
1581 70.952000 2649.703613 2657.571777
1582 70.996000 2649.703613 2661.803955
1583 71.042000 2649.703613 2656.506592
1584 71.086000 2649.703613 2652.550049
1585 71.128000 2649.703613 2652.105713
1586 71.167000 2649.703613 2659.311768
1587 71.213000 2649.703613 2655.798828
1588 71.254000 2649.703613 2651.923096
