0 0.000000 3125.833008 3309.103760
1 0.045000 3043.283691 3309.103760
2 0.089000 2933.585938 3243.424805
3 0.134000 2933.585938 3196.712402
4 0.183000 2912.621338 3165.711670
5 0.226000 2908.290283 3134.603027
6 0.280000 2890.964600 3112.517090
7 0.328000 2865.402588 3093.213379
8 0.377000 2844.531494 3077.929688
9 0.431000 2840.957764 3056.476807
10 0.478000 2832.315186 3046.002441
11 0.526000 2832.315186 3038.580566
12 0.570000 2776.062988 3017.320068
13 0.612000 2766.174316 3001.598389
14 0.655000 2761.852783 2991.286865
15 0.700000 2761.852783 2981.926514
16 0.742000 2761.852783 2968.030029
17 0.789000 2761.852783 2954.604004
18 0.836000 2761.852783 2946.653809
19 0.875000 2761.852783 2934.277100
20 0.918000 2761.852783 2927.915527
21 0.964000 2761.852783 2921.257813
22 1.007000 2755.062256 2925.521484
23 1.055000 2755.062256 2915.877441
24 1.099000 2755.062256 2912.360352
25 1.147000 2755.062256 2914.750244
26 1.192000 2755.062256 2905.670410
27 1.238000 2755.062256 2900.153809
28 1.280000 2737.773682 2898.891846
29 1.326000 2737.773682 2894.299072
30 1.370000 2737.773682 2887.225586
31 1.414000 2737.773682 2887.457764
32 1.461000 2737.773682 2884.593506
33 1.506000 2737.773682 2881.963867
34 1.550000 2737.773682 2888.709961
35 1.591000 2737.773682 2881.174805
36 1.632000 2737.773682 2872.721680
37 1.681000 2737.773682 2872.836182
38 1.729000 2737.773682 2868.492432
39 1.779000 2737.773682 2864.232422
40 1.822000 2737.183594 2860.796875
41 1.864000 2737.183594 2867.795898
42 1.910000 2737.183594 2865.020508
43 1.958000 2737.183594 2859.376953
44 2.002000 2737.183594 2856.037598
45 2.049000 2737.183594 2850.854004
46 2.099000 2737.183594 2848.465332
47 2.145000 2737.183594 2848.260986
48 2.190000 2737.183594 2847.135254
49 2.238000 2737.183594 2848.220703
50 2.280000 2733.126465 2845.649170
51 2.330000 2733.126465 2850.223389
52 2.373000 2733.126465 2844.774170
53 2.419000 2733.126465 2841.847900
54 2.463000 2710.430420 2839.641602
55 2.506000 2710.430420 2834.676758
56 2.551000 2710.430420 2842.108643
57 2.600000 2710.430420 2837.269287
58 2.641000 2710.430420 2841.015381
59 2.686000 2710.430420 2849.670654
60 2.738000 2710.430420 2849.897217
61 2.782000 2710.430420 2853.246826
62 2.832000 2710.430420 2840.291016
63 2.880000 2710.430420 2838.539063
64 2.926000 2710.430420 2837.408447
65 2.973000 2710.430420 2836.091797
66 3.019000 2710.430420 2838.337158
67 3.064000 2710.430420 2837.015381
68 3.110000 2710.430420 2832.005859
69 3.158000 2705.586182 2831.443115
70 3.200000 2702.959229 2829.738037
71 3.239000 2702.959229 2828.155518
72 3.280000 2702.959229 2825.390869
73 3.327000 2702.959229 2823.739014
74 3.371000 2702.959229 2824.346191
75 3.414000 2702.959229 2826.654785
76 3.457000 2702.959229 2828.796875
77 3.503000 2702.959229 2826.135986
78 3.546000 2702.959229 2829.152100
79 3.593000 2702.959229 2827.625732
80 3.637000 2702.959229 2828.872070
81 3.678000 2702.959229 2826.144775
82 3.726000 2702.959229 2825.528809
83 3.776000 2702.959229 2824.242188
84 3.817000 2702.959229 2823.081543
85 3.860000 2702.959229 2820.944092
86 3.903000 2702.959229 2820.831055
87 3.946000 2702.959229 2827.805420
88 3.988000 2702.959229 2820.641357
89 4.036000 2702.959229 2819.068359
90 4.084000 2702.959229 2816.137695
91 4.129000 2702.959229 2815.373779
92 4.172000 2702.959229 2817.530029
93 4.221000 2702.959229 2816.348389
94 4.265000 2702.959229 2814.061035
95 4.312000 2702.959229 2812.177734
96 4.352000 2702.959229 2818.777588
97 4.395000 2702.959229 2811.788818
98 4.440000 2702.959229 2816.550293
99 4.491000 2702.959229 2813.401367
100 4.533000 2702.959229 2809.978760
101 4.581000 2702.959229 2814.329590
102 4.627000 2702.959229 2813.689941
103 4.668000 2702.959229 2813.110107
104 4.715000 2702.959229 2826.755371
105 4.757000 2702.959229 2818.214111
106 4.801000 2702.959229 2821.798828
107 4.841000 2702.959229 2817.074463
108 4.887000 2702.959229 2816.401855
109 4.933000 2702.959229 2813.764404
110 4.980000 2702.959229 2820.905029
111 5.029000 2702.959229 2813.702393
112 5.073000 2702.959229 2813.519043
113 5.117000 2702.959229 2813.574707
114 5.159000 2702.959229 2812.291016
115 5.204000 2702.959229 2812.377441
116 5.243000 2702.959229 2810.617188
117 5.287000 2702.959229 2813.798340
118 5.330000 2702.959229 2821.212402
119 5.374000 2702.959229 2819.647461
120 5.416000 2702.959229 2821.448730
121 5.459000 2702.959229 2821.926758
122 5.500000 2702.959229 2823.888428
123 5.544000 2702.959229 2822.536621
124 5.584000 2702.959229 2818.903320
125 5.628000 2702.959229 2814.754150
126 5.668000 2702.959229 2811.909424
127 5.717000 2702.959229 2809.289063
128 5.767000 2702.959229 2807.958984
129 5.808000 2702.959229 2811.852783
130 5.852000 2702.959229 2818.374756
131 5.894000 2702.959229 2806.338867
132 5.941000 2702.959229 2802.932129
133 5.987000 2702.959229 2801.689453
134 6.033000 2702.959229 2798.987793
135 6.072000 2702.959229 2797.637695
136 6.120000 2702.959229 2796.988525
137 6.166000 2702.959229 2801.351563
138 6.212000 2702.959229 2804.838135
139 6.262000 2702.959229 2803.064453
140 6.307000 2702.959229 2804.250732
141 6.349000 2702.959229 2811.902832
142 6.393000 2702.959229 2819.142578
143 6.436000 2702.959229 2813.053955
144 6.484000 2702.959229 2811.238037
145 6.527000 2702.959229 2808.872559
146 6.577000 2702.959229 2803.679932
147 6.628000 2701.455322 2806.182861
148 6.679000 2701.455322 2802.493652
149 6.723000 2701.455322 2802.674072
150 6.765000 2701.455322 2802.077881
151 6.806000 2701.455322 2799.840332
152 6.845000 2701.455322 2797.980225
153 6.890000 2701.455322 2802.499023
154 6.936000 2701.455322 2802.116455
155 6.984000 2701.455322 2814.231201
156 7.028000 2701.455322 2807.496826
157 7.072000 2701.455322 2805.703857
158 7.111000 2694.788574 2802.267822
159 7.159000 2694.788574 2804.197510
160 7.201000 2694.788574 2805.871826
161 7.244000 2694.788574 2802.354736
162 7.289000 2694.788574 2801.037598
163 7.335000 2694.788574 2800.536133
164 7.380000 2694.788574 2798.872803
165 7.427000 2694.788574 2798.008545
166 7.466000 2694.788574 2804.124023
167 7.512000 2694.788574 2798.689941
168 7.559000 2694.788574 2799.155518
169 7.600000 2694.788574 2806.801025
170 7.654000 2694.788574 2806.441895
171 7.695000 2694.788574 2804.014160
172 7.737000 2694.788574 2803.654785
173 7.780000 2694.788574 2802.264893
174 7.819000 2694.788574 2801.154785
175 7.864000 2694.788574 2800.756592
176 7.910000 2694.788574 2802.140381
177 7.952000 2694.788574 2799.826904
178 7.994000 2694.788574 2803.266357
179 8.048000 2694.788574 2800.524414
180 8.093000 2694.788574 2809.370605
181 8.152000 2694.788574 2805.461182
182 8.207000 2694.788574 2800.372070
183 8.257000 2686.380859 2802.357422
184 8.306000 2686.380859 2800.926514
185 8.352000 2686.380859 2813.189453
186 8.400000 2686.380859 2809.948730
187 8.448000 2686.380859 2811.207764
188 8.496000 2686.380859 2809.667480
189 8.539000 2686.380859 2809.380615
190 8.586000 2686.380859 2807.909668
191 8.633000 2686.380859 2806.916504
192 8.675000 2686.380859 2811.441895
193 8.722000 2686.380859 2807.320068
194 8.767000 2686.380859 2806.126465
195 8.810000 2686.380859 2803.308105
196 8.854000 2686.380859 2802.583984
197 8.898000 2686.380859 2804.024414
198 8.940000 2686.380859 2802.579346
199 8.985000 2686.380859 2805.764648
200 9.029000 2686.380859 2807.563477
201 9.075000 2686.380859 2807.960693
202 9.117000 2686.380859 2813.040283
203 9.161000 2686.380859 2811.156494
204 9.206000 2686.380859 2818.518066
205 9.246000 2686.380859 2812.764648
206 9.296000 2686.380859 2806.987549
207 9.341000 2686.380859 2806.421143
208 9.386000 2686.380859 2810.932861
209 9.430000 2686.380859 2807.942871
210 9.475000 2686.380859 2805.540527
211 9.520000 2686.380859 2807.718994
212 9.560000 2686.380859 2813.509766
213 9.603000 2686.380859 2810.645264
214 9.649000 2686.380859 2807.869141
215 9.690000 2686.380859 2814.893066
216 9.734000 2686.380859 2819.036865
217 9.782000 2686.380859 2820.822266
218 9.823000 2686.380859 2813.745117
219 9.868000 2686.380859 2809.459961
220 9.914000 2686.380859 2807.351563
221 9.961000 2686.380859 2804.992432
222 10.009000 2686.380859 2810.169434
223 10.049000 2686.380859 2814.668213
224 10.094000 2686.380859 2814.632080
225 10.144000 2686.380859 2817.899658
226 10.188000 2686.380859 2817.240967
227 10.234000 2686.380859 2814.229736
228 10.280000 2686.380859 2813.561523
229 10.328000 2686.380859 2822.161621
230 10.371000 2686.380859 2813.925293
231 10.414000 2686.380859 2810.884766
232 10.453000 2686.380859 2819.054932
233 10.501000 2686.380859 2820.477783
234 10.545000 2686.380859 2834.030273
235 10.591000 2686.380859 2832.792725
236 10.640000 2686.380859 2827.399902
237 10.688000 2686.380859 2830.415039
238 10.735000 2686.380859 2826.934082
239 10.778000 2686.380859 2825.135986
240 10.826000 2686.380859 2818.969727
241 10.877000 2686.380859 2819.041992
242 10.919000 2686.380859 2821.291504
243 10.967000 2686.380859 2816.034424
244 11.012000 2686.380859 2817.130615
245 11.057000 2686.380859 2816.300293
246 11.104000 2686.380859 2814.830078
247 11.152000 2686.380859 2812.613770
248 11.192000 2686.380859 2809.671631
249 11.235000 2686.380859 2806.928223
250 11.279000 2686.380859 2805.004883
251 11.325000 2686.380859 2818.265869
252 11.367000 2686.380859 2814.168701
253 11.412000 2686.380859 2813.910889
254 11.464000 2686.380859 2805.211670
255 11.509000 2686.380859 2814.254150
256 11.554000 2686.380859 2814.832764
257 11.602000 2686.380859 2809.996338
258 11.642000 2686.380859 2807.282227
259 11.684000 2686.380859 2806.204590
260 11.731000 2651.436035 2807.413330
261 11.776000 2651.436035 2804.312744
262 11.814000 2651.436035 2806.327393
263 11.858000 2651.436035 2802.622559
264 11.899000 2651.436035 2808.573486
265 11.939000 2651.436035 2807.720703
266 11.986000 2651.436035 2814.654785
267 12.032000 2651.436035 2805.747070
268 12.077000 2651.436035 2802.942139
269 12.120000 2633.117920 2801.256348
270 12.165000 2633.117920 2803.397217
271 12.211000 2633.117920 2800.618408
272 12.255000 2633.117920 2799.271240
273 12.305000 2633.117920 2798.389893
274 12.347000 2633.117920 2799.760254
275 12.394000 2633.117920 2801.123779
276 12.439000 2633.117920 2802.320557
277 12.486000 2633.117920 2800.672607
278 12.528000 2633.117920 2798.721191
279 12.578000 2633.117920 2797.422607
280 12.619000 2633.117920 2793.652100
281 12.662000 2633.117920 2790.919922
282 12.742000 2633.117920 2790.354980
283 12.784000 2633.117920 2788.617920
284 12.830000 2633.117920 2787.213135
285 12.876000 2633.117920 2785.943848
286 12.919000 2633.117920 2785.586914
287 12.964000 2633.117920 2791.606445
288 13.005000 2633.117920 2790.603760
289 13.049000 2633.117920 2789.645996
290 13.095000 2633.117920 2787.745361
291 13.139000 2633.117920 2787.282227
292 13.180000 2633.117920 2786.341309
293 13.227000 2633.117920 2785.885010
294 13.271000 2633.117920 2785.024658
295 13.317000 2633.117920 2793.654297
296 13.359000 2633.117920 2792.691650
297 13.401000 2633.117920 2791.930664
298 13.448000 2633.117920 2789.083984
299 13.492000 2633.117920 2788.306152
300 13.540000 2633.117920 2792.179932
301 13.587000 2633.117920 2789.880371
302 13.634000 2633.117920 2785.479004
303 13.680000 2633.117920 2788.202881
304 13.727000 2633.117920 2788.636963
305 13.776000 2633.117920 2787.977295
306 13.823000 2633.117920 2784.651611
307 13.869000 2633.117920 2783.850342
308 13.912000 2633.117920 2790.221924
309 13.956000 2633.117920 2785.770508
310 14.002000 2633.117920 2790.622559
311 14.041000 2633.117920 2784.884766
312 14.092000 2633.117920 2782.608643
313 14.137000 2633.117920 2781.514893
314 14.181000 2633.117920 2781.466309
315 14.226000 2633.117920 2780.532715
316 14.270000 2633.117920 2780.996826
317 14.318000 2633.117920 2781.867432
318 14.364000 2633.117920 2786.902588
319 14.410000 2633.117920 2786.600098
320 14.453000 2633.117920 2786.464111
321 14.493000 2633.117920 2791.446045
322 14.540000 2633.117920 2793.447510
323 14.584000 2633.117920 2792.958984
324 14.630000 2633.117920 2788.604980
325 14.676000 2633.117920 2784.827881
326 14.719000 2633.117920 2782.404297
327 14.767000 2633.117920 2781.867432
328 14.814000 2633.117920 2780.782471
329 14.858000 2633.117920 2780.194336
330 14.904000 2633.117920 2779.212402
331 14.948000 2633.117920 2778.425537
332 14.991000 2633.117920 2777.276367
333 15.033000 2633.117920 2777.026367
334 15.075000 2633.117920 2775.658691
335 15.118000 2633.117920 2775.016602
336 15.162000 2633.117920 2789.329346
337 15.208000 2633.117920 2787.976318
338 15.253000 2633.117920 2784.407715
339 15.296000 2633.117920 2788.035645
340 15.338000 2633.117920 2780.312500
341 15.383000 2633.117920 2779.347412
342 15.429000 2633.117920 2781.884277
343 15.474000 2633.117920 2784.869141
344 15.518000 2633.117920 2781.864014
345 15.561000 2633.117920 2783.560059
346 15.604000 2633.117920 2785.001465
347 15.653000 2633.117920 2783.735107
348 15.694000 2633.117920 2782.409424
349 15.741000 2633.117920 2783.611328
350 15.784000 2633.117920 2782.252930
351 15.827000 2633.117920 2781.748047
352 15.870000 2633.117920 2778.729492
353 15.911000 2633.117920 2792.426270
354 15.957000 2633.117920 2788.302246
355 16.001000 2633.117920 2782.629395
356 16.046000 2633.117920 2776.242920
357 16.091000 2633.117920 2777.773438
358 16.136000 2633.117920 2775.803711
359 16.178000 2633.117920 2779.990723
360 16.227000 2633.117920 2776.371582
361 16.272000 2633.117920 2775.657471
362 16.313000 2633.117920 2776.531982
363 16.355000 2633.117920 2785.661865
364 16.401000 2633.117920 2779.136963
365 16.445000 2633.117920 2775.476807
366 16.487000 2633.117920 2775.057861
367 16.531000 2633.117920 2772.620605
368 16.574000 2633.117920 2778.938477
369 16.617000 2633.117920 2777.771240
370 16.665000 2633.117920 2776.941895
371 16.709000 2633.117920 2780.519043
372 16.753000 2633.117920 2776.555664
373 16.804000 2633.117920 2773.129883
374 16.849000 2633.117920 2772.625000
375 16.892000 2633.117920 2772.524902
376 16.932000 2633.117920 2785.845215
377 16.978000 2633.117920 2778.954590
378 17.027000 2633.117920 2788.045654
379 17.070000 2633.117920 2788.538086
380 17.112000 2633.117920 2785.151611
381 17.155000 2633.117920 2783.829346
382 17.194000 2633.117920 2781.208984
383 17.238000 2633.117920 2779.246826
384 17.284000 2633.117920 2776.678711
385 17.326000 2633.117920 2778.247559
386 17.365000 2633.117920 2776.560059
387 17.410000 2633.117920 2775.692139
388 17.453000 2633.117920 2774.807617
389 17.500000 2633.117920 2773.308838
390 17.545000 2633.117920 2772.490723
391 17.588000 2633.117920 2778.661133
392 17.635000 2633.117920 2773.916504
393 17.675000 2633.117920 2772.253174
394 17.728000 2633.117920 2769.730713
395 17.779000 2633.117920 2769.431885
396 17.824000 2633.117920 2768.122803
397 17.872000 2633.117920 2767.286621
398 17.911000 2633.117920 2768.571533
399 17.954000 2633.117920 2774.108398
400 18.006000 2633.117920 2768.322754
401 18.054000 2633.117920 2772.668213
402 18.093000 2633.117920 2775.061523
403 18.137000 2633.117920 2775.669678
404 18.185000 2633.117920 2772.340088
405 18.230000 2633.117920 2769.120117
406 18.275000 2633.117920 2770.247070
407 18.315000 2633.117920 2769.272461
408 18.359000 2633.117920 2768.512451
409 18.401000 2633.117920 2766.470215
410 18.446000 2633.117920 2765.800049
411 18.485000 2633.117920 2772.895020
412 18.531000 2633.117920 2785.709717
413 18.571000 2633.117920 2779.129639
414 18.617000 2633.117920 2775.685547
415 18.659000 2633.117920 2781.774170
416 18.705000 2633.117920 2777.995605
417 18.747000 2633.117920 2787.457275
418 18.794000 2633.117920 2800.766357
419 18.834000 2633.117920 2785.247070
420 18.875000 2633.117920 2786.692139
421 18.921000 2633.117920 2785.728516
422 18.968000 2633.117920 2783.135742
423 19.010000 2633.117920 2783.442871
424 19.055000 2633.117920 2783.787842
425 19.097000 2633.117920 2786.940430
426 19.144000 2633.117920 2787.070313
427 19.189000 2633.117920 2782.808838
428 19.231000 2633.117920 2778.903320
429 19.276000 2633.117920 2780.680908
430 19.318000 2633.117920 2785.406250
431 19.362000 2633.117920 2783.264893
432 19.410000 2633.117920 2778.307861
433 19.453000 2633.117920 2776.281006
434 19.498000 2633.117920 2775.656982
435 19.544000 2633.117920 2780.964111
436 19.586000 2633.117920 2779.422607
437 19.630000 2633.117920 2787.378174
438 19.671000 2633.117920 2785.325195
439 19.718000 2633.117920 2782.789307
440 19.759000 2633.117920 2786.453857
441 19.806000 2633.117920 2785.940674
442 19.855000 2633.117920 2785.364258
443 19.899000 2633.117920 2782.144287
444 19.941000 2633.117920 2788.710693
445 19.984000 2633.117920 2783.140869
446 20.034000 2633.117920 2787.695068
447 20.081000 2633.117920 2784.708496
448 20.123000 2633.117920 2781.865234
449 20.167000 2633.117920 2792.956543
450 20.209000 2633.117920 2786.992188
451 20.255000 2633.117920 2785.637451
452 20.295000 2633.117920 2795.523682
453 20.342000 2633.117920 2800.326904
454 20.385000 2633.117920 2788.565918
455 20.428000 2633.117920 2786.335205
456 20.477000 2633.117920 2785.833008
457 20.521000 2633.117920 2794.724365
458 20.566000 2633.117920 2792.854492
459 20.612000 2633.117920 2791.163818
460 20.657000 2633.117920 2784.781006
461 20.700000 2633.117920 2782.690674
462 20.743000 2633.117920 2790.979004
463 20.790000 2633.117920 2785.288330
464 20.838000 2633.117920 2784.536865
465 20.881000 2633.117920 2800.176270
466 20.921000 2633.117920 2801.116455
467 20.969000 2633.117920 2803.066650
468 21.011000 2633.117920 2798.438232
469 21.052000 2633.117920 2796.896484
470 21.093000 2633.117920 2790.275879
471 21.139000 2633.117920 2788.640625
472 21.183000 2633.117920 2787.963379
473 21.225000 2633.117920 2784.936035
474 21.267000 2633.117920 2778.724365
475 21.314000 2633.117920 2776.829346
476 21.357000 2633.117920 2780.221191
477 21.402000 2633.117920 2779.855957
478 21.447000 2633.117920 2777.918213
479 21.492000 2633.117920 2783.574951
480 21.538000 2633.117920 2778.311768
481 21.581000 2633.117920 2777.793701
482 21.623000 2633.117920 2778.942871
483 21.668000 2633.117920 2780.276367
484 21.714000 2633.117920 2777.795654
485 21.753000 2633.117920 2775.629395
486 21.796000 2633.117920 2775.143555
487 21.838000 2633.117920 2782.039795
488 21.879000 2633.117920 2782.658447
489 21.924000 2633.117920 2781.227783
490 21.972000 2633.117920 2784.709961
491 22.019000 2633.117920 2778.712402
492 22.063000 2633.117920 2779.719482
493 22.109000 2633.117920 2776.223145
494 22.150000 2633.117920 2779.710205
495 22.195000 2633.117920 2775.811768
496 22.239000 2633.117920 2772.468994
497 22.285000 2633.117920 2780.202881
498 22.326000 2633.117920 2778.159912
499 22.372000 2633.117920 2780.333496
500 22.414000 2633.117920 2775.951172
501 22.463000 2633.117920 2790.738037
502 22.500000 2633.117920 2793.609131
503 22.545000 2633.117920 2798.916992
504 22.585000 2633.117920 2790.879150
505 22.625000 2633.117920 2785.986328
506 22.673000 2633.117920 2786.432129
507 22.721000 2633.117920 2785.554932
508 22.765000 2633.117920 2785.738037
509 22.808000 2633.117920 2784.121826
510 22.854000 2633.117920 2787.942139
511 22.894000 2633.117920 2785.535889
512 22.932000 2633.117920 2789.963867
513 22.978000 2633.117920 2786.326172
514 23.019000 2633.117920 2783.957275
515 23.066000 2633.117920 2781.051025
516 23.107000 2633.117920 2780.131348
517 23.150000 2633.117920 2778.599121
518 23.193000 2633.117920 2780.920410
519 23.236000 2633.117920 2777.342285
520 23.281000 2633.117920 2782.703857
521 23.331000 2633.117920 2776.390625
522 23.372000 2633.117920 2774.631592
523 23.416000 2633.117920 2773.507813
524 23.456000 2633.117920 2771.045410
525 23.499000 2633.117920 2769.563477
526 23.550000 2633.117920 2770.989258
527 23.593000 2633.117920 2777.022705
528 23.637000 2633.117920 2770.593994
529 23.680000 2633.117920 2780.545410
530 23.724000 2633.117920 2775.477539
531 23.759000 2633.117920 2770.547119
532 23.807000 2633.117920 2773.081543
533 23.853000 2633.117920 2770.315918
534 23.892000 2633.117920 2769.301270
535 23.936000 2633.117920 2764.563721
536 23.975000 2633.117920 2770.162109
537 24.023000 2633.117920 2770.087158
538 24.077000 2633.117920 2764.928223
539 24.127000 2633.117920 2764.916504
540 24.172000 2633.117920 2767.652832
541 24.215000 2633.117920 2767.633057
542 24.257000 2633.117920 2767.438721
543 24.305000 2633.117920 2764.426025
544 24.352000 2633.117920 2764.295654
545 24.396000 2633.117920 2764.295654
546 24.444000 2633.117920 2764.257568
547 24.488000 2633.117920 2764.139404
548 24.534000 2633.117920 2764.029053
549 24.578000 2633.117920 2765.078125
550 24.623000 2633.117920 2767.889648
551 24.669000 2633.117920 2775.347900
552 24.712000 2633.117920 2771.683838
553 24.759000 2633.117920 2768.534424
554 24.804000 2633.117920 2767.147217
555 24.853000 2633.117920 2769.233398
556 24.901000 2633.117920 2769.004639
557 24.946000 2633.117920 2767.682129
558 24.995000 2633.117920 2777.927734
559 25.044000 2633.117920 2776.684082
560 25.091000 2633.117920 2774.520020
561 25.140000 2633.117920 2779.562500
562 25.184000 2633.117920 2775.459717
563 25.226000 2633.117920 2777.195557
564 25.272000 2633.117920 2775.853516
565 25.323000 2633.117920 2774.287598
566 25.366000 2633.117920 2775.856934
567 25.412000 2633.117920 2770.702393
568 25.463000 2633.117920 2769.750000
569 25.505000 2633.117920 2771.539795
570 25.550000 2633.117920 2768.976563
571 25.593000 2633.117920 2768.939941
572 25.636000 2633.117920 2768.888672
573 25.684000 2633.117920 2768.846680
574 25.728000 2633.117920 2774.211670
575 25.780000 2633.117920 2771.410645
576 25.827000 2633.117920 2774.001221
577 25.880000 2633.117920 2771.423096
578 25.930000 2633.117920 2775.417725
579 25.975000 2633.117920 2772.264160
580 26.023000 2633.117920 2772.238770
581 26.069000 2633.117920 2771.632568
582 26.117000 2633.117920 2776.945068
583 26.163000 2633.117920 2784.735840
584 26.209000 2633.117920 2779.826172
585 26.250000 2633.117920 2778.568115
586 26.296000 2633.117920 2776.949707
587 26.338000 2633.117920 2776.621582
588 26.385000 2633.117920 2784.906982
589 26.429000 2633.117920 2778.622070
590 26.479000 2633.117920 2776.101563
591 26.524000 2633.117920 2775.836914
592 26.566000 2633.117920 2774.233643
593 26.609000 2633.117920 2777.890625
594 26.650000 2633.117920 2779.088135
595 26.693000 2633.117920 2779.039795
596 26.740000 2633.117920 2779.029053
597 26.783000 2633.117920 2780.396240
598 26.829000 2633.117920 2780.577393
599 26.870000 2633.117920 2784.044434
600 26.912000 2633.117920 2785.698730
601 26.963000 2633.117920 2789.786621
602 27.006000 2633.117920 2791.340576
603 27.048000 2633.117920 2781.973145
604 27.088000 2633.117920 2780.714600
605 27.138000 2633.117920 2794.244385
606 27.179000 2633.117920 2785.646484
607 27.221000 2633.117920 2785.895996
608 27.264000 2633.117920 2783.893555
609 27.309000 2633.117920 2783.876221
610 27.350000 2633.117920 2785.660400
611 27.395000 2633.117920 2786.336914
612 27.439000 2633.117920 2786.146973
613 27.483000 2633.117920 2798.747070
614 27.523000 2633.117920 2787.620117
615 27.571000 2633.117920 2786.853516
616 27.614000 2633.117920 2787.429688
617 27.656000 2633.117920 2786.670898
618 27.698000 2633.117920 2784.598633
619 27.742000 2633.117920 2787.292236
620 27.806000 2633.117920 2787.146484
621 27.851000 2633.117920 2786.392822
622 27.893000 2633.117920 2786.255615
623 27.940000 2633.117920 2792.361816
624 27.989000 2633.117920 2784.542480
625 28.036000 2633.117920 2784.129639
626 28.080000 2633.117920 2786.162842
627 28.124000 2633.117920 2786.788818
628 28.164000 2633.117920 2790.580322
629 28.212000 2633.117920 2790.376465
630 28.251000 2633.117920 2791.703369
631 28.300000 2633.117920 2788.259277
632 28.339000 2633.117920 2788.039307
633 28.384000 2633.117920 2788.039307
634 28.428000 2633.117920 2788.039307
635 28.477000 2633.117920 2789.407227
636 28.525000 2633.117920 2789.384766
637 28.568000 2633.117920 2792.256836
638 28.615000 2633.117920 2788.016602
639 28.657000 2633.117920 2790.974365
640 28.697000 2633.117920 2793.211670
641 28.741000 2633.117920 2789.536133
642 28.784000 2633.117920 2789.536133
643 28.835000 2633.117920 2789.536133
644 28.877000 2633.117920 2789.889893
645 28.918000 2633.117920 2790.725342
646 28.963000 2633.117920 2792.929688
647 29.007000 2633.117920 2788.950928
648 29.050000 2633.117920 2795.741455
649 29.095000 2633.117920 2791.886230
650 29.142000 2633.117920 2788.817383
651 29.186000 2633.117920 2788.817383
652 29.232000 2633.117920 2790.321533
653 29.276000 2633.117920 2805.287109
654 29.318000 2633.117920 2796.395508
655 29.364000 2633.117920 2790.585938
656 29.410000 2633.117920 2790.411865
657 29.452000 2633.117920 2789.340332
658 29.500000 2633.117920 2796.526367
659 29.547000 2633.117920 2788.532715
660 29.589000 2633.117920 2788.532715
661 29.630000 2633.117920 2791.357910
662 29.673000 2633.117920 2788.532715
663 29.717000 2633.117920 2788.241943
664 29.763000 2633.117920 2793.906982
665 29.809000 2633.117920 2790.831787
666 29.857000 2633.117920 2787.111572
667 29.900000 2633.117920 2791.629639
668 29.940000 2633.117920 2791.552734
669 29.982000 2633.117920 2798.549072
670 30.026000 2633.117920 2796.687744
671 30.070000 2633.117920 2787.876221
672 30.119000 2633.117920 2789.827148
673 30.161000 2633.117920 2789.647705
674 30.208000 2633.117920 2790.032715
675 30.255000 2633.117920 2788.098389
676 30.300000 2633.117920 2787.709473
677 30.347000 2633.117920 2794.574951
678 30.393000 2633.117920 2792.551514
679 30.434000 2633.117920 2795.825928
680 30.473000 2633.117920 2789.281982
681 30.514000 2633.117920 2788.068115
682 30.558000 2633.117920 2796.174316
683 30.603000 2633.117920 2785.588135
684 30.651000 2633.117920 2789.216309
685 30.694000 2633.117920 2788.654053
686 30.741000 2633.117920 2788.211914
687 30.786000 2633.117920 2787.920410
688 30.829000 2633.117920 2787.170410
689 30.873000 2633.117920 2783.564941
690 30.913000 2633.117920 2786.893066
691 30.958000 2633.117920 2796.318359
692 31.002000 2629.851074 2790.088379
693 31.044000 2629.851074 2786.509033
694 31.089000 2629.851074 2783.881836
695 31.136000 2629.851074 2785.301758
696 31.182000 2629.851074 2783.763672
697 31.224000 2629.851074 2788.821045
698 31.269000 2629.851074 2781.932861
699 31.312000 2629.851074 2791.203857
700 31.350000 2629.851074 2790.423340
701 31.397000 2629.851074 2782.770020
702 31.438000 2629.851074 2782.332520
703 31.487000 2629.851074 2781.895264
704 31.531000 2629.851074 2788.053955
705 31.574000 2629.851074 2783.304443
706 31.613000 2629.851074 2783.856934
707 31.665000 2629.851074 2783.693848
708 31.707000 2629.851074 2785.590820
709 31.751000 2629.851074 2784.781250
710 31.792000 2629.851074 2781.045410
711 31.836000 2629.851074 2786.792236
712 31.883000 2629.851074 2786.209473
713 31.928000 2629.851074 2777.089111
714 31.976000 2629.851074 2799.264648
715 32.022000 2629.851074 2789.229004
716 32.066000 2629.851074 2792.126465
717 32.111000 2629.851074 2794.480225
718 32.153000 2629.851074 2783.865967
719 32.198000 2629.851074 2780.734131
720 32.240000 2629.851074 2779.256348
721 32.281000 2629.851074 2778.929443
722 32.329000 2629.851074 2778.928955
723 32.370000 2629.851074 2779.956543
724 32.416000 2629.851074 2783.336914
725 32.465000 2629.851074 2780.422119
726 32.509000 2629.851074 2791.062256
727 32.550000 2629.851074 2804.470947
728 32.594000 2629.851074 2795.764160
729 32.638000 2629.851074 2787.134766
730 32.680000 2629.851074 2784.018555
731 32.724000 2629.851074 2790.735107
732 32.764000 2629.851074 2791.995117
733 32.809000 2629.851074 2786.937500
734 32.853000 2629.851074 2785.757813
735 32.897000 2629.851074 2787.468506
736 32.943000 2629.851074 2785.987793
737 32.996000 2629.851074 2791.489990
738 33.036000 2629.851074 2794.886963
739 33.082000 2629.851074 2792.296631
740 33.123000 2629.851074 2788.709473
741 33.170000 2629.851074 2782.264404
742 33.217000 2629.851074 2782.264404
743 33.263000 2629.851074 2783.915283
744 33.306000 2629.851074 2782.648682
745 33.349000 2629.851074 2782.648682
746 33.391000 2629.851074 2782.648682
747 33.436000 2629.851074 2784.571045
748 33.482000 2629.851074 2782.359131
749 33.529000 2629.851074 2787.925293
750 33.567000 2629.851074 2782.359131
751 33.613000 2629.851074 2788.121826
752 33.655000 2629.851074 2789.568359
753 33.706000 2629.851074 2785.966553
754 33.752000 2629.851074 2785.873047
755 33.795000 2629.851074 2783.868164
756 33.832000 2629.851074 2782.818115
757 33.876000 2629.851074 2782.389160
758 33.922000 2629.851074 2782.389160
759 33.963000 2629.851074 2782.389160
760 34.009000 2629.851074 2782.389160
761 34.053000 2629.851074 2782.389160
762 34.098000 2629.851074 2782.389160
763 34.140000 2629.851074 2783.671631
764 34.179000 2629.851074 2784.367188
765 34.223000 2629.851074 2786.078369
766 34.267000 2629.851074 2784.945557
767 34.312000 2629.851074 2782.116943
768 34.353000 2629.851074 2787.502441
769 34.396000 2629.851074 2784.246582
770 34.441000 2629.851074 2782.116943
771 34.482000 2629.851074 2782.087402
772 34.527000 2629.851074 2785.831543
773 34.570000 2629.851074 2782.087402
774 34.610000 2629.851074 2782.087402
775 34.656000 2629.851074 2782.087402
776 34.697000 2629.851074 2782.087402
777 34.743000 2629.851074 2791.166260
778 34.789000 2629.851074 2788.525635
779 34.830000 2629.851074 2795.461670
780 34.871000 2629.851074 2789.402588
781 34.912000 2629.851074 2789.814697
782 34.956000 2629.851074 2789.188965
783 35.000000 2629.851074 2794.569580
784 35.047000 2629.851074 2794.845703
785 35.086000 2629.851074 2794.152100
786 35.132000 2629.851074 2792.073486
787 35.174000 2629.851074 2789.006836
788 35.221000 2629.851074 2787.711914
789 35.262000 2629.851074 2791.030518
790 35.309000 2629.851074 2792.181885
791 35.349000 2629.851074 2795.593994
792 35.391000 2629.851074 2790.645508
793 35.432000 2629.851074 2785.340576
794 35.480000 2629.851074 2785.340576
795 35.532000 2629.851074 2785.340576
796 35.571000 2629.851074 2785.340576
797 35.611000 2629.851074 2795.267578
798 35.659000 2629.851074 2793.611572
799 35.705000 2629.851074 2800.574463
800 35.746000 2629.851074 2788.729492
801 35.793000 2629.851074 2785.340576
802 35.842000 2629.851074 2785.340576
803 35.882000 2629.851074 2792.518066
804 35.923000 2629.851074 2785.298340
805 35.968000 2629.851074 2785.298340
806 36.007000 2629.851074 2785.298340
807 36.050000 2629.851074 2785.298340
808 36.094000 2629.851074 2785.298340
809 36.143000 2629.851074 2786.131348
810 36.186000 2629.851074 2785.298340
811 36.231000 2629.851074 2788.884033
812 36.278000 2629.851074 2786.058350
813 36.317000 2629.851074 2787.422607
814 36.363000 2629.851074 2786.058350
815 36.406000 2629.851074 2804.415527
816 36.452000 2629.851074 2795.084717
817 36.491000 2629.851074 2792.756836
818 36.538000 2629.851074 2795.235352
819 36.586000 2629.851074 2787.150635
820 36.634000 2629.851074 2787.037598
821 36.677000 2629.851074 2797.338867
822 36.718000 2629.851074 2788.385010
823 36.765000 2629.851074 2787.037598
824 36.812000 2629.851074 2787.037598
825 36.855000 2629.851074 2790.306641
826 36.897000 2629.851074 2788.367188
827 36.941000 2629.851074 2788.367188
828 36.990000 2629.851074 2788.367188
829 37.036000 2629.851074 2788.367188
830 37.081000 2629.851074 2788.367188
831 37.126000 2629.851074 2793.300049
832 37.174000 2629.851074 2800.782471
833 37.214000 2629.851074 2795.677734
834 37.258000 2629.851074 2794.665283
835 37.303000 2629.851074 2788.367188
836 37.346000 2629.851074 2788.367188
837 37.393000 2629.851074 2788.215820
838 37.435000 2629.851074 2788.215820
839 37.478000 2629.851074 2788.215820
840 37.521000 2629.851074 2787.733398
841 37.568000 2629.851074 2789.416260
842 37.611000 2629.851074 2790.389404
843 37.662000 2629.851074 2794.300537
844 37.710000 2629.851074 2797.646973
845 37.758000 2629.851074 2793.828857
846 37.797000 2629.851074 2791.659912
847 37.847000 2629.851074 2794.696289
848 37.890000 2629.851074 2794.351318
849 37.928000 2629.851074 2789.357178
850 37.969000 2629.851074 2789.357178
851 38.010000 2629.851074 2793.885986
852 38.050000 2629.851074 2789.951172
853 38.095000 2629.851074 2789.951172
854 38.140000 2629.851074 2789.720703
855 38.186000 2629.851074 2796.914795
856 38.226000 2629.851074 2792.508789
857 38.280000 2629.851074 2789.720703
858 38.321000 2629.851074 2789.720703
859 38.364000 2629.851074 2789.720703
860 38.408000 2629.851074 2789.720703
861 38.452000 2629.851074 2798.611816
862 38.498000 2629.851074 2792.570557
863 38.542000 2629.851074 2789.438477
864 38.582000 2629.851074 2789.316650
865 38.631000 2629.851074 2797.175537
866 38.680000 2629.851074 2795.066895
867 38.722000 2629.851074 2789.056641
868 38.767000 2629.851074 2788.878418
869 38.810000 2629.851074 2798.301270
870 38.854000 2629.851074 2801.651611
871 38.900000 2629.851074 2794.048096
872 38.941000 2629.851074 2790.732178
873 38.984000 2629.851074 2790.348633
874 39.024000 2629.851074 2796.649414
875 39.072000 2629.851074 2793.631836
876 39.119000 2629.851074 2790.298828
877 39.165000 2629.851074 2790.252441
878 39.211000 2629.851074 2794.759277
879 39.253000 2629.851074 2799.789063
880 39.299000 2629.851074 2794.246582
881 39.346000 2629.851074 2807.237305
882 39.389000 2629.851074 2800.614746
883 39.433000 2629.851074 2793.707520
884 39.477000 2629.851074 2793.510986
885 39.520000 2629.851074 2791.934082
886 39.567000 2629.851074 2797.509277
887 39.619000 2629.851074 2791.966553
888 39.660000 2629.851074 2791.906006
889 39.703000 2629.851074 2793.776855
890 39.751000 2629.851074 2805.505859
891 39.791000 2629.851074 2796.928955
892 39.837000 2629.851074 2801.961670
893 39.879000 2629.851074 2796.002197
894 39.920000 2629.851074 2794.241211
895 39.966000 2629.851074 2790.904297
896 40.010000 2629.851074 2798.844971
897 40.054000 2629.851074 2794.448730
898 40.095000 2629.851074 2791.899414
899 40.136000 2629.851074 2793.589355
900 40.177000 2629.851074 2791.498047
901 40.220000 2629.851074 2790.825195
902 40.264000 2629.851074 2796.091797
903 40.308000 2629.851074 2795.854492
904 40.351000 2629.851074 2794.090820
905 40.393000 2629.851074 2792.387695
906 40.441000 2629.851074 2794.070068
907 40.483000 2629.851074 2790.135010
908 40.524000 2629.851074 2790.077881
909 40.568000 2629.851074 2789.979004
910 40.610000 2629.851074 2789.979004
911 40.662000 2629.851074 2793.514893
912 40.709000 2629.851074 2794.232422
913 40.756000 2629.851074 2801.175049
914 40.798000 2629.851074 2809.197266
915 40.842000 2629.851074 2800.138672
916 40.887000 2629.851074 2795.737793
917 40.936000 2629.851074 2800.035645
918 40.978000 2629.851074 2792.658447
919 41.024000 2629.851074 2792.658447
920 41.066000 2629.851074 2792.658447
921 41.110000 2629.851074 2792.658447
922 41.153000 2629.851074 2793.029297
923 41.195000 2629.851074 2793.510010
924 41.239000 2629.851074 2796.288818
925 41.286000 2629.851074 2797.352539
926 41.330000 2629.851074 2794.313477
927 41.374000 2629.851074 2790.833740
928 41.422000 2629.851074 2794.135010
929 41.466000 2629.851074 2792.479004
930 41.511000 2629.851074 2791.475098
931 41.557000 2629.851074 2789.691650
932 41.602000 2629.851074 2789.691650
933 41.643000 2629.851074 2789.691650
934 41.686000 2629.851074 2789.667236
935 41.733000 2629.851074 2790.916016
936 41.773000 2629.851074 2789.485107
937 41.818000 2629.851074 2789.460938
938 41.859000 2629.851074 2791.085938
939 41.902000 2629.851074 2791.085938
940 41.941000 2629.851074 2790.930664
941 41.986000 2629.851074 2791.867188
942 42.030000 2629.851074 2791.851563
943 42.075000 2629.851074 2789.551758
944 42.121000 2629.851074 2794.002441
945 42.164000 2629.851074 2793.962402
946 42.206000 2629.851074 2789.681152
947 42.244000 2629.851074 2792.980713
948 42.287000 2629.851074 2792.506592
949 42.330000 2629.851074 2788.095947
950 42.375000 2629.851074 2788.095947
951 42.418000 2629.851074 2791.833008
952 42.462000 2629.851074 2787.998779
953 42.507000 2629.851074 2787.998779
954 42.553000 2629.851074 2787.998779
955 42.598000 2629.851074 2792.666260
956 42.644000 2629.851074 2803.923828
957 42.687000 2629.851074 2796.860352
958 42.732000 2629.851074 2796.489258
959 42.781000 2629.851074 2795.918701
960 42.821000 2629.851074 2795.651611
961 42.865000 2629.851074 2793.071045
962 42.911000 2629.851074 2787.952148
963 42.958000 2629.851074 2790.452881
964 43.003000 2629.851074 2790.346680
965 43.048000 2629.851074 2787.846191
966 43.090000 2629.851074 2787.741455
967 43.132000 2629.851074 2798.476807
968 43.172000 2629.851074 2801.938965
969 43.222000 2629.851074 2793.447266
970 43.266000 2629.851074 2792.321289
971 43.315000 2629.851074 2789.272217
972 43.358000 2629.851074 2789.272217
973 43.400000 2629.851074 2789.272217
974 43.445000 2629.851074 2793.238770
975 43.492000 2629.851074 2796.583496
976 43.533000 2629.851074 2793.134033
977 43.576000 2629.851074 2789.139893
978 43.618000 2629.851074 2792.126221
979 43.668000 2629.851074 2790.775391
980 43.713000 2629.851074 2792.719971
981 43.759000 2629.851074 2790.775391
982 43.803000 2629.851074 2790.775391
983 43.845000 2629.851074 2798.215576
984 43.887000 2629.851074 2790.775391
985 43.929000 2629.851074 2790.775391
986 43.979000 2629.851074 2792.569336
987 44.023000 2629.851074 2790.953125
988 44.064000 2629.851074 2789.159180
989 44.106000 2629.851074 2795.159912
990 44.148000 2629.851074 2789.430908
991 44.193000 2629.851074 2792.508789
992 44.237000 2629.851074 2793.763672
993 44.282000 2629.851074 2790.923096
994 44.325000 2629.851074 2791.911865
995 44.364000 2629.851074 2789.810547
996 44.408000 2629.851074 2789.706055
997 44.454000 2629.851074 2800.546875
998 44.502000 2629.851074 2803.343506
999 44.548000 2629.851074 2794.803223
1000 44.598000 2629.851074 2798.739014
1001 44.642000 2629.851074 2799.757568
1002 44.718000 2629.851074 2797.858398
1003 44.762000 2629.851074 2795.703857
1004 44.812000 2629.851074 2793.709717
1005 44.855000 2629.851074 2789.126465
1006 44.897000 2629.851074 2787.539307
1007 44.943000 2629.851074 2792.806152
1008 44.989000 2629.851074 2798.275879
1009 45.033000 2629.851074 2797.063721
1010 45.079000 2629.851074 2793.921875
1011 45.122000 2629.851074 2790.954590
1012 45.168000 2629.851074 2794.448486
1013 45.211000 2629.851074 2792.339355
1014 45.256000 2629.851074 2790.959717
1015 45.301000 2629.851074 2797.895508
1016 45.345000 2629.851074 2794.216797
1017 45.388000 2629.851074 2791.750000
1018 45.434000 2629.851074 2789.748047
1019 45.478000 2629.851074 2789.350830
1020 45.520000 2629.851074 2791.584717
1021 45.564000 2629.851074 2798.127197
1022 45.609000 2629.851074 2799.423340
1023 45.654000 2629.851074 2795.810059
1024 45.701000 2629.851074 2793.474121
1025 45.746000 2629.851074 2789.036865
1026 45.790000 2629.851074 2794.520020
1027 45.834000 2629.851074 2790.417725
1028 45.878000 2629.851074 2788.722900
1029 45.920000 2629.851074 2788.618164
1030 45.968000 2629.851074 2794.596924
1031 46.011000 2629.851074 2801.551025
1032 46.054000 2629.851074 2801.180420
1033 46.100000 2629.851074 2804.443359
1034 46.147000 2629.851074 2801.001953
1035 46.191000 2629.851074 2801.582520
1036 46.235000 2629.851074 2791.281250
1037 46.279000 2629.851074 2790.915527
1038 46.326000 2629.851074 2790.645264
1039 46.374000 2629.851074 2792.030029
1040 46.419000 2629.851074 2798.114258
1041 46.467000 2629.851074 2795.575684
1042 46.517000 2629.851074 2790.426025
1043 46.563000 2629.851074 2798.040527
1044 46.615000 2629.851074 2795.384766
1045 46.661000 2629.851074 2788.929688
1046 46.705000 2629.851074 2788.024902
1047 46.746000 2629.851074 2787.493652
1048 46.794000 2629.851074 2786.310303
1049 46.844000 2629.851074 2781.526855
1050 46.888000 2629.851074 2781.381836
1051 46.931000 2629.851074 2784.502930
1052 46.978000 2629.851074 2783.485352
1053 47.020000 2629.851074 2786.319580
1054 47.062000 2629.851074 2790.628662
1055 47.108000 2629.851074 2791.449463
1056 47.148000 2629.851074 2787.097168
1057 47.197000 2629.851074 2781.090088
1058 47.240000 2629.851074 2786.536865
1059 47.285000 2629.851074 2781.090088
1060 47.330000 2629.851074 2786.418701
1061 47.376000 2629.851074 2787.206787
1062 47.421000 2629.851074 2781.090088
1063 47.463000 2629.851074 2781.090088
1064 47.503000 2629.851074 2788.104492
1065 47.545000 2629.851074 2793.379883
1066 47.587000 2629.851074 2785.801270
1067 47.638000 2629.851074 2787.657227
1068 47.678000 2629.851074 2783.859375
1069 47.724000 2629.851074 2783.834473
1070 47.771000 2629.851074 2795.461914
1071 47.810000 2629.851074 2804.272705
1072 47.857000 2629.851074 2789.409180
1073 47.907000 2629.851074 2788.885742
1074 47.961000 2629.851074 2787.454590
1075 48.002000 2629.851074 2785.104492
1076 48.045000 2629.851074 2784.330566
1077 48.088000 2629.851074 2784.330566
1078 48.130000 2629.851074 2791.312500
1079 48.178000 2629.851074 2793.967773
1080 48.219000 2629.851074 2797.304443
1081 48.267000 2629.851074 2791.280518
1082 48.311000 2629.851074 2792.999023
1083 48.359000 2629.851074 2800.331299
1084 48.409000 2629.851074 2791.662598
1085 48.451000 2629.851074 2785.553711
1086 48.491000 2629.851074 2782.839600
1087 48.534000 2629.851074 2782.839600
1088 48.576000 2629.851074 2783.714111
1089 48.617000 2629.851074 2781.348633
1090 48.660000 2629.851074 2782.410889
1091 48.706000 2629.851074 2782.410889
1092 48.753000 2629.851074 2784.211670
1093 48.801000 2629.851074 2789.770264
1094 48.844000 2629.851074 2786.989014
1095 48.893000 2629.851074 2785.757080
1096 48.939000 2629.851074 2787.540527
1097 48.981000 2629.851074 2784.594482
1098 49.026000 2629.851074 2782.924316
1099 49.069000 2629.851074 2781.432861
1100 49.116000 2629.851074 2786.844727
1101 49.156000 2629.851074 2786.826660
1102 49.206000 2629.851074 2784.691895
1103 49.249000 2629.851074 2781.414795
1104 49.291000 2629.851074 2781.414795
1105 49.336000 2629.851074 2781.414795
1106 49.379000 2629.851074 2786.781494
1107 49.430000 2629.851074 2783.512451
1108 49.470000 2629.851074 2782.748047
1109 49.509000 2629.851074 2782.748047
1110 49.551000 2629.851074 2782.125244
1111 49.603000 2629.851074 2782.125244
1112 49.647000 2629.851074 2782.012207
1113 49.697000 2629.851074 2781.896484
1114 49.743000 2629.851074 2781.896484
1115 49.789000 2629.851074 2785.949707
1116 49.832000 2629.851074 2785.859375
1117 49.882000 2629.851074 2789.889648
1118 49.929000 2629.851074 2786.910645
1119 49.970000 2629.851074 2782.857422
1120 50.012000 2629.851074 2782.857422
1121 50.062000 2629.851074 2781.366455
1122 50.107000 2629.851074 2781.366455
1123 50.149000 2629.851074 2781.366455
1124 50.192000 2629.851074 2781.366455
1125 50.229000 2629.851074 2781.366455
1126 50.273000 2629.851074 2783.898438
1127 50.319000 2629.851074 2785.171143
1128 50.365000 2629.851074 2788.672607
1129 50.405000 2629.851074 2789.323975
1130 50.445000 2629.851074 2785.073242
1131 50.492000 2629.851074 2784.039795
1132 50.539000 2629.851074 2782.839600
1133 50.580000 2629.851074 2782.821533
1134 50.627000 2629.851074 2788.323975
1135 50.673000 2629.851074 2781.330566
1136 50.718000 2629.851074 2781.330566
1137 50.763000 2629.851074 2781.330566
1138 50.808000 2629.851074 2781.330566
1139 50.856000 2629.851074 2781.330566
1140 50.897000 2629.851074 2781.330566
1141 50.947000 2629.851074 2791.878662
1142 50.993000 2629.851074 2789.872559
1143 51.033000 2629.851074 2786.096191
1144 51.076000 2629.851074 2786.078125
1145 51.123000 2629.851074 2781.312500
1146 51.163000 2629.851074 2781.312500
1147 51.208000 2629.851074 2781.312500
1148 51.255000 2629.851074 2787.678955
1149 51.296000 2629.851074 2785.883057
1150 51.340000 2629.851074 2793.586670
1151 51.385000 2629.851074 2792.477539
1152 51.428000 2629.851074 2786.105957
1153 51.476000 2629.851074 2784.087891
1154 51.518000 2629.851074 2787.982910
1155 51.560000 2629.851074 2782.821533
1156 51.603000 2629.851074 2795.870850
1157 51.649000 2629.851074 2787.914795
1158 51.693000 2629.851074 2787.860107
1159 51.739000 2629.851074 2784.271240
1160 51.781000 2629.851074 2784.669434
1161 51.824000 2629.851074 2783.952148
1162 51.874000 2629.851074 2782.821533
1163 51.922000 2629.851074 2782.821533
1164 51.967000 2629.851074 2782.821533
1165 52.010000 2629.851074 2782.821533
1166 52.055000 2629.851074 2800.473633
1167 52.096000 2629.851074 2789.573486
1168 52.142000 2629.851074 2789.505615
1169 52.184000 2629.851074 2794.148438
1170 52.233000 2629.851074 2791.267090
1171 52.279000 2629.851074 2791.583740
1172 52.333000 2629.851074 2785.477539
1173 52.380000 2629.851074 2784.312500
1174 52.430000 2629.851074 2784.312500
1175 52.473000 2629.851074 2784.312500
1176 52.520000 2629.851074 2792.777832
1177 52.567000 2629.851074 2784.312500
1178 52.613000 2629.851074 2786.138672
1179 52.654000 2629.851074 2784.312500
1180 52.699000 2629.851074 2784.312500
1181 52.747000 2629.851074 2794.819336
1182 52.793000 2629.851074 2792.155029
1183 52.845000 2629.851074 2784.312500
1184 52.894000 2629.851074 2784.312500
1185 52.934000 2629.851074 2784.312500
1186 52.982000 2629.851074 2788.691895
1187 53.033000 2629.851074 2784.312500
1188 53.103000 2629.851074 2784.312500
1189 53.173000 2629.851074 2784.312500
1190 53.232000 2629.851074 2790.043213
1191 53.296000 2629.851074 2784.312500
1192 53.355000 2629.851074 2784.312500
