0 0.000000 3113.114258 3328.898438
1 0.048000 3030.111816 3328.898438
2 0.094000 3006.145752 3258.128418
3 0.139000 2983.991455 3218.539307
4 0.181000 2970.832764 3183.596924
5 0.228000 2950.176514 3155.757813
6 0.271000 2904.192139 3143.504883
7 0.315000 2876.306885 3114.160889
8 0.361000 2876.306885 3095.133057
9 0.408000 2868.609375 3074.636475
10 0.456000 2865.592773 3058.844971
11 0.499000 2844.968506 3037.265869
12 0.545000 2839.459961 3023.883057
13 0.590000 2812.728516 3011.626465
14 0.636000 2812.728516 2999.411865
15 0.676000 2798.283691 2990.401611
16 0.724000 2798.283691 2979.273438
17 0.767000 2772.098389 2963.880859
18 0.812000 2772.098389 2953.929443
19 0.862000 2772.098389 2944.818115
20 0.909000 2772.098389 2934.892822
21 0.956000 2738.490479 2927.997070
22 1.007000 2738.490479 2919.434570
23 1.051000 2738.490479 2912.541016
24 1.100000 2733.116943 2907.079346
25 1.148000 2733.116943 2903.195557
26 1.189000 2721.053711 2897.434570
27 1.235000 2718.037109 2892.340332
28 1.277000 2718.037109 2888.198730
29 1.325000 2718.037109 2884.485107
30 1.374000 2713.458008 2881.256592
31 1.417000 2713.458008 2878.117920
32 1.461000 2713.458008 2873.135742
33 1.505000 2711.008057 2870.456787
34 1.551000 2711.008057 2865.916260
35 1.598000 2711.008057 2863.226318
36 1.647000 2707.230957 2858.752441
37 1.694000 2707.230957 2853.958984
38 1.737000 2703.917236 2851.431152
39 1.782000 2703.917236 2849.104980
40 1.827000 2703.917236 2847.745361
41 1.867000 2703.917236 2845.793945
42 1.913000 2703.917236 2844.364258
43 1.957000 2703.917236 2841.758789
44 2.002000 2703.917236 2840.700195
45 2.046000 2703.917236 2839.041016
46 2.088000 2703.917236 2837.181152
47 2.132000 2703.917236 2834.543945
48 2.175000 2703.917236 2833.984375
49 2.223000 2703.917236 2832.200928
50 2.262000 2703.917236 2830.408691
51 2.307000 2703.917236 2829.622559
52 2.349000 2703.917236 2831.551514
53 2.391000 2703.917236 2831.167480
54 2.433000 2703.917236 2832.739258
55 2.478000 2703.917236 2829.029785
56 2.525000 2703.917236 2828.278076
57 2.567000 2703.917236 2826.218750
58 2.611000 2689.342529 2825.760742
59 2.655000 2689.342529 2830.989990
60 2.698000 2689.342529 2824.618408
61 2.742000 2689.342529 2822.958740
62 2.786000 2689.342529 2822.168213
63 2.836000 2689.342529 2824.850586
64 2.880000 2689.342529 2822.517578
65 2.918000 2689.342529 2824.888672
66 2.963000 2689.342529 2823.226807
67 3.007000 2689.342529 2832.966553
68 3.048000 2689.342529 2831.321289
69 3.094000 2689.342529 2829.360352
70 3.138000 2689.342529 2828.317383
71 3.183000 2689.342529 2826.806152
72 3.228000 2689.342529 2819.475342
73 3.270000 2689.342529 2818.804443
74 3.314000 2689.342529 2821.814941
75 3.359000 2689.342529 2818.172119
76 3.403000 2689.342529 2816.900879
77 3.450000 2689.342529 2815.320068
78 3.494000 2689.342529 2814.916016
79 3.538000 2689.342529 2814.575684
80 3.580000 2689.342529 2813.674316
81 3.627000 2689.342529 2813.350342
82 3.673000 2689.342529 2812.420410
83 3.718000 2689.342529 2812.334717
84 3.771000 2689.342529 2811.359131
85 3.816000 2689.342529 2810.466797
86 3.859000 2689.342529 2809.998047
87 3.904000 2689.342529 2809.486328
88 3.943000 2689.342529 2809.117432
89 3.981000 2689.342529 2808.293945
90 4.024000 2689.342529 2807.325684
91 4.068000 2689.342529 2806.024414
92 4.115000 2689.342529 2805.441895
93 4.156000 2689.342529 2804.487305
94 4.202000 2689.342529 2803.316895
95 4.245000 2689.342529 2803.056885
96 4.290000 2689.342529 2802.652100
97 4.331000 2689.342529 2802.420410
98 4.375000 2689.342529 2801.757813
99 4.414000 2689.342529 2801.256836
100 4.462000 2689.342529 2800.872803
101 4.507000 2689.342529 2800.776367
102 4.549000 2689.342529 2800.645508
103 4.596000 2689.342529 2800.250732
104 4.641000 2689.342529 2800.168945
105 4.688000 2689.342529 2799.393066
106 4.731000 2689.342529 2798.946045
107 4.770000 2689.342529 2798.732178
108 4.816000 2689.342529 2798.111572
109 4.860000 2689.342529 2797.708984
110 4.905000 2689.342529 2797.460205
111 4.946000 2689.342529 2796.891846
112 4.992000 2689.342529 2796.662109
113 5.038000 2689.342529 2796.662109
114 5.081000 2689.342529 2795.698242
115 5.125000 2689.342529 2795.505859
116 5.171000 2689.342529 2795.314941
117 5.211000 2689.342529 2795.043457
118 5.255000 2689.342529 2793.997070
119 5.305000 2689.342529 2793.832275
120 5.354000 2689.342529 2793.208984
121 5.402000 2689.342529 2793.090820
122 5.446000 2689.342529 2792.177734
123 5.485000 2689.342529 2795.333496
124 5.529000 2689.342529 2792.827881
125 5.574000 2689.342529 2792.827881
126 5.623000 2689.342529 2792.395020
127 5.665000 2689.342529 2798.183838
128 5.710000 2689.342529 2794.082275
129 5.758000 2689.342529 2793.192871
130 5.800000 2684.498047 2793.192871
131 5.840000 2684.498047 2792.889404
132 5.885000 2684.498047 2792.768066
133 5.927000 2684.498047 2794.248779
134 5.968000 2684.498047 2793.894043
135 6.011000 2684.498047 2793.504639
136 6.054000 2684.498047 2792.895508
137 6.099000 2684.498047 2792.510010
138 6.150000 2684.498047 2792.246338
139 6.198000 2684.498047 2792.246338
140 6.245000 2684.498047 2792.168213
141 6.288000 2684.498047 2792.168213
142 6.331000 2684.498047 2791.535645
143 6.373000 2684.498047 2791.038330
144 6.424000 2684.498047 2791.034912
145 6.469000 2684.498047 2790.622803
146 6.515000 2684.498047 2796.855957
147 6.559000 2684.498047 2792.700928
148 6.606000 2684.498047 2791.452148
149 6.648000 2684.498047 2790.882080
150 6.690000 2684.498047 2790.661621
151 6.735000 2684.498047 2790.661133
152 6.777000 2684.498047 2790.082520
153 6.819000 2684.498047 2789.936523
154 6.865000 2684.498047 2795.155518
155 6.913000 2684.498047 2796.424316
156 6.957000 2684.498047 2795.426270
157 7.003000 2684.498047 2797.554932
158 7.047000 2684.498047 2793.954590
159 7.095000 2684.498047 2792.645020
160 7.141000 2684.498047 2792.195068
161 7.187000 2684.498047 2798.280518
162 7.227000 2684.498047 2794.503174
163 7.267000 2684.498047 2793.510742
164 7.312000 2684.498047 2793.239990
165 7.356000 2684.498047 2792.612305
166 7.402000 2684.498047 2791.710938
167 7.451000 2684.498047 2789.786621
168 7.492000 2684.498047 2788.898193
169 7.539000 2684.498047 2788.692871
170 7.581000 2684.498047 2788.407471
171 7.625000 2684.498047 2786.626465
172 7.672000 2684.498047 2785.965820
173 7.719000 2684.498047 2785.965820
174 7.766000 2684.498047 2794.843750
175 7.814000 2684.498047 2794.731201
176 7.858000 2684.498047 2793.120850
177 7.903000 2684.498047 2788.345215
178 7.952000 2683.565674 2788.270996
179 7.999000 2683.565674 2786.856201
180 8.042000 2683.565674 2786.528076
181 8.083000 2683.565674 2786.403076
182 8.127000 2683.565674 2786.348389
183 8.167000 2683.565674 2786.006836
184 8.214000 2683.565674 2785.883545
185 8.262000 2683.565674 2785.541992
186 8.324000 2683.565674 2785.286133
187 8.386000 2683.565674 2784.709473
188 8.445000 2683.565674 2784.396240
189 8.502000 2683.565674 2783.300537
190 8.552000 2683.565674 2783.151855
191 8.621000 2683.565674 2783.151855
192 8.677000 2683.565674 2783.151855
193 8.723000 2683.565674 2782.523438
194 8.771000 2683.565674 2785.899658
195 8.810000 2683.565674 2785.850586
196 8.857000 2683.565674 2783.899414
197 8.903000 2683.565674 2785.675049
198 8.952000 2683.565674 2785.663330
199 9.003000 2683.565674 2792.655029
200 9.051000 2683.565674 2786.121826
201 9.101000 2683.565674 2783.768555
202 9.160000 2683.565674 2782.290527
203 9.214000 2683.565674 2785.643799
204 9.259000 2683.565674 2785.776855
205 9.307000 2683.565674 2783.385010
206 9.347000 2683.565674 2782.809082
207 9.389000 2683.565674 2782.530518
208 9.431000 2683.565674 2782.162842
209 9.472000 2683.565674 2782.040527
210 9.515000 2683.565674 2781.835205
211 9.564000 2683.565674 2781.738037
212 9.607000 2683.565674 2789.469482
213 9.646000 2673.155518 2781.881836
214 9.693000 2673.155518 2781.730713
215 9.740000 2673.155518 2781.718506
216 9.786000 2673.155518 2780.933350
217 9.830000 2673.155518 2780.742432
218 9.887000 2673.155518 2780.740234
219 9.943000 2673.155518 2780.698242
220 10.003000 2673.155518 2780.345215
221 10.047000 2673.155518 2780.245850
222 10.091000 2673.155518 2787.265869
223 10.136000 2673.155518 2787.166992
224 10.182000 2673.155518 2783.128662
225 10.225000 2673.155518 2782.744385
226 10.269000 2673.155518 2781.864990
227 10.312000 2673.155518 2785.600586
228 10.354000 2673.155518 2782.785400
229 10.393000 2673.155518 2782.561768
230 10.438000 2673.155518 2782.357422
231 10.486000 2673.155518 2781.980225
232 10.532000 2673.155518 2781.093506
233 10.579000 2673.155518 2780.443359
234 10.627000 2673.155518 2780.084961
235 10.677000 2673.155518 2780.028809
236 10.721000 2673.155518 2780.028809
237 10.769000 2673.155518 2779.071533
238 10.814000 2673.155518 2779.053223
239 10.860000 2673.155518 2777.195068
240 10.909000 2673.155518 2776.993652
241 10.960000 2673.155518 2776.726807
242 11.013000 2673.155518 2776.450684
243 11.060000 2673.155518 2778.346680
244 11.104000 2673.155518 2776.624023
245 11.150000 2673.155518 2776.624023
246 11.200000 2673.155518 2775.145996
247 11.247000 2673.155518 2775.145996
248 11.289000 2673.155518 2774.452881
249 11.335000 2673.155518 2774.066162
250 11.381000 2673.155518 2777.793701
251 11.424000 2673.155518 2775.165527
252 11.470000 2673.155518 2774.734619
253 11.513000 2673.155518 2773.520996
254 11.554000 2673.155518 2772.931641
255 11.615000 2673.155518 2771.785889
256 11.667000 2673.155518 2771.751953
257 11.716000 2673.155518 2771.675537
258 11.769000 2673.155518 2771.322266
259 11.816000 2673.155518 2770.685059
260 11.870000 2673.155518 2771.103760
261 11.921000 2673.155518 2770.931152
262 11.962000 2673.155518 2770.917725
263 12.005000 2673.155518 2770.005615
264 12.041000 2673.155518 2768.967529
265 12.085000 2673.155518 2768.830078
266 12.130000 2673.155518 2768.830078
267 12.174000 2673.155518 2768.024170
268 12.218000 2673.155518 2770.495850
269 12.263000 2673.155518 2770.290283
270 12.311000 2673.155518 2774.159912
271 12.356000 2673.155518 2775.534668
272 12.402000 2673.155518 2777.089111
273 12.449000 2673.155518 2773.416016
274 12.494000 2673.155518 2772.069092
275 12.545000 2673.155518 2771.609131
276 12.597000 2673.155518 2770.886475
277 12.651000 2673.155518 2769.937500
278 12.698000 2673.155518 2769.561523
279 12.744000 2673.155518 2769.561523
280 12.792000 2673.155518 2769.495850
281 12.836000 2673.155518 2769.032227
282 12.882000 2673.155518 2769.159912
283 12.932000 2673.155518 2768.258057
284 12.977000 2673.155518 2770.246582
285 13.020000 2673.155518 2768.974365
286 13.065000 2673.155518 2768.842529
287 13.114000 2673.155518 2767.066650
288 13.162000 2673.155518 2767.042236
289 13.209000 2673.155518 2766.652588
290 13.262000 2673.155518 2766.427734
291 13.308000 2673.155518 2765.813477
292 13.356000 2671.348145 2765.441650
293 13.410000 2671.348145 2768.521973
294 13.459000 2671.348145 2767.448730
295 13.506000 2671.348145 2766.195068
296 13.554000 2671.348145 2766.195068
297 13.603000 2671.348145 2765.583740
298 13.657000 2671.348145 2765.524658
299 13.706000 2671.348145 2765.524658
300 13.755000 2671.348145 2765.524658
301 13.801000 2671.348145 2764.514160
302 13.861000 2671.348145 2764.514160
303 13.920000 2671.348145 2764.514160
304 13.963000 2671.348145 2764.514160
305 14.010000 2671.348145 2764.449463
306 14.065000 2671.348145 2764.449463
307 14.129000 2671.348145 2764.449463
308 14.182000 2671.348145 2764.449463
309 14.236000 2671.348145 2764.449463
310 14.302000 2671.348145 2763.724365
311 14.351000 2671.348145 2763.723145
312 14.394000 2671.348145 2763.347900
313 14.437000 2671.348145 2763.187744
314 14.484000 2671.348145 2763.136475
315 14.529000 2671.348145 2763.136475
316 14.573000 2671.348145 2762.919434
317 14.618000 2671.348145 2762.909424
318 14.669000 2671.348145 2762.909424
319 14.717000 2671.348145 2762.902100
320 14.767000 2671.348145 2762.542480
321 14.817000 2671.348145 2762.494385
322 14.866000 2671.348145 2762.494385
323 14.923000 2671.348145 2762.363525
324 14.980000 2671.348145 2762.363525
325 15.026000 2671.348145 2762.363525
326 15.072000 2671.348145 2764.840820
327 15.119000 2671.348145 2764.250000
328 15.177000 2671.348145 2763.364258
329 15.226000 2671.348145 2763.204346
330 15.275000 2671.348145 2763.197266
331 15.318000 2671.348145 2763.197266
332 15.378000 2671.348145 2761.937744
333 15.425000 2671.348145 2767.994141
334 15.471000 2671.348145 2767.913818
335 15.514000 2671.348145 2763.218018
336 15.558000 2671.348145 2763.218018
337 15.600000 2671.348145 2762.994629
338 15.646000 2671.348145 2762.621582
339 15.685000 2671.348145 2762.390381
340 15.726000 2671.348145 2762.348633
341 15.766000 2671.348145 2766.346680
342 15.809000 2671.348145 2766.375732
343 15.850000 2671.348145 2766.375732
344 15.895000 2671.348145 2766.226807
345 15.938000 2671.348145 2765.836914
346 15.982000 2671.348145 2765.426758
347 16.026000 2671.348145 2767.590576
348 16.076000 2671.348145 2770.662842
349 16.120000 2671.348145 2769.865723
350 16.162000 2671.348145 2769.694092
351 16.205000 2671.348145 2769.256592
352 16.252000 2671.348145 2768.885010
353 16.296000 2671.348145 2768.010986
354 16.341000 2671.348145 2767.195068
355 16.383000 2671.348145 2767.098145
356 16.429000 2671.348145 2766.089600
357 16.471000 2671.348145 2765.831299
358 16.515000 2671.348145 2765.399902
359 16.556000 2671.348145 2765.197266
360 16.600000 2671.348145 2764.779053
361 16.644000 2671.348145 2764.779053
362 16.686000 2671.348145 2764.779053
363 16.727000 2671.348145 2764.700684
364 16.772000 2671.348145 2764.475830
365 16.817000 2671.348145 2764.389893
366 16.868000 2671.348145 2764.329590
367 16.909000 2671.348145 2764.106445
368 16.948000 2671.348145 2764.106445
369 16.994000 2671.348145 2764.106445
370 17.042000 2671.348145 2763.852539
371 17.085000 2671.348145 2763.635742
372 17.132000 2671.348145 2763.635742
373 17.174000 2671.348145 2763.635742
374 17.221000 2671.348145 2762.545898
375 17.262000 2671.348145 2762.477783
376 17.308000 2671.348145 2761.685303
377 17.352000 2671.348145 2763.258545
378 17.394000 2671.348145 2762.163086
379 17.440000 2671.348145 2761.334473
380 17.483000 2671.348145 2760.483154
381 17.524000 2671.348145 2766.811768
382 17.568000 2671.348145 2764.176514
383 17.609000 2671.348145 2760.973389
384 17.649000 2671.348145 2760.973389
385 17.696000 2671.348145 2760.973389
386 17.741000 2671.348145 2764.020508
387 17.783000 2671.348145 2761.693115
388 17.831000 2671.348145 2761.561035
389 17.879000 2671.348145 2761.561035
390 17.925000 2671.348145 2761.183838
391 17.973000 2671.348145 2761.183838
392 18.020000 2671.348145 2760.840332
393 18.067000 2671.348145 2766.052490
394 18.112000 2671.348145 2760.028076
395 18.154000 2671.348145 2758.928955
396 18.200000 2671.348145 2758.683838
397 18.243000 2671.348145 2764.541992
398 18.287000 2671.348145 2759.809082
399 18.335000 2671.348145 2759.696289
400 18.380000 2671.348145 2768.735107
401 18.421000 2671.348145 2769.287109
402 18.459000 2671.348145 2768.560059
403 18.508000 2671.348145 2759.153076
404 18.555000 2666.342285 2765.614746
405 18.601000 2666.342285 2760.928711
406 18.650000 2666.342285 2759.917725
407 18.698000 2666.342285 2767.209473
408 18.742000 2665.582031 2765.727295
409 18.785000 2665.582031 2765.559082
410 18.829000 2665.582031 2765.268555
411 18.875000 2665.582031 2760.121826
412 18.917000 2665.582031 2759.441650
413 18.962000 2662.554199 2759.109375
414 19.003000 2662.554199 2758.297119
415 19.047000 2662.554199 2758.189453
416 19.091000 2662.554199 2757.254150
417 19.134000 2662.554199 2756.786865
418 19.177000 2662.554199 2756.360840
419 19.220000 2662.554199 2756.360840
420 19.264000 2662.554199 2756.294678
421 19.312000 2662.554199 2756.294678
422 19.358000 2662.554199 2756.294678
423 19.404000 2662.554199 2756.294678
424 19.446000 2662.554199 2763.511475
425 19.490000 2662.554199 2772.615967
426 19.538000 2662.554199 2768.190918
427 19.581000 2662.554199 2766.285645
428 19.628000 2662.554199 2759.244629
429 19.672000 2662.554199 2758.029785
430 19.715000 2662.554199 2756.745605
431 19.756000 2662.554199 2756.398438
432 19.803000 2662.554199 2754.736572
433 19.847000 2662.554199 2761.661865
434 19.890000 2662.554199 2761.047852
435 19.936000 2662.554199 2757.371338
436 19.982000 2662.554199 2755.526611
437 20.028000 2662.554199 2755.526611
438 20.075000 2662.554199 2755.243408
439 20.124000 2662.554199 2755.183350
440 20.168000 2662.554199 2760.009033
441 20.216000 2662.554199 2756.863525
442 20.256000 2662.554199 2755.989258
443 20.299000 2662.554199 2755.551758
444 20.341000 2662.554199 2754.064453
445 20.386000 2662.554199 2753.421631
446 20.434000 2662.554199 2752.563232
447 20.482000 2662.554199 2752.337158
448 20.529000 2662.554199 2755.474609
449 20.570000 2662.554199 2755.369629
450 20.611000 2662.554199 2755.219727
451 20.660000 2662.554199 2755.173340
452 20.704000 2662.554199 2752.909912
453 20.753000 2662.554199 2754.837402
454 20.797000 2662.554199 2751.796143
455 20.840000 2662.554199 2751.194336
456 20.886000 2662.554199 2755.034180
457 20.931000 2662.554199 2758.669434
458 20.976000 2662.554199 2758.143066
459 21.017000 2662.554199 2757.128662
460 21.065000 2662.554199 2755.186035
461 21.111000 2662.554199 2757.856445
462 21.158000 2662.554199 2755.175537
463 21.197000 2662.554199 2754.265381
464 21.242000 2662.554199 2753.962891
465 21.288000 2662.554199 2751.642578
466 21.328000 2662.554199 2751.416504
467 21.374000 2662.554199 2751.099365
468 21.418000 2662.554199 2750.782471
469 21.462000 2662.554199 2750.660400
470 21.506000 2662.554199 2749.928711
471 21.547000 2662.554199 2748.930664
472 21.592000 2662.554199 2748.622803
473 21.636000 2662.554199 2752.031250
474 21.684000 2662.554199 2751.380371
475 21.727000 2662.554199 2750.760986
476 21.771000 2662.554199 2755.014404
477 21.816000 2662.554199 2752.177490
478 21.859000 2662.554199 2758.093506
479 21.900000 2662.554199 2757.731445
480 21.944000 2662.554199 2753.168213
481 21.989000 2662.554199 2752.407227
482 22.035000 2662.554199 2752.306641
483 22.080000 2662.554199 2755.614990
484 22.122000 2662.554199 2755.364746
485 22.166000 2662.554199 2754.244141
486 22.209000 2662.554199 2752.893066
487 22.255000 2662.554199 2752.722168
488 22.298000 2662.554199 2751.589355
489 22.343000 2662.554199 2751.486328
490 22.389000 2662.554199 2751.320313
491 22.434000 2662.554199 2750.917480
492 22.477000 2662.554199 2749.012451
493 22.523000 2662.554199 2748.454590
494 22.569000 2662.554199 2748.125000
495 22.619000 2662.554199 2748.073486
496 22.664000 2662.554199 2747.930664
497 22.708000 2662.554199 2748.882568
498 22.751000 2662.554199 2748.175049
499 22.791000 2662.554199 2756.598389
500 22.837000 2662.554199 2752.971924
501 22.880000 2662.554199 2748.624756
502 22.928000 2662.554199 2748.273682
503 22.970000 2662.554199 2747.752197
504 23.016000 2662.554199 2747.272217
505 23.062000 2662.554199 2747.192871
506 23.105000 2662.554199 2747.007568
507 23.154000 2662.554199 2746.364014
508 23.198000 2662.554199 2746.225586
509 23.243000 2662.554199 2746.015381
510 23.285000 2662.554199 2746.015381
511 23.327000 2662.554199 2745.919678
512 23.370000 2662.554199 2745.919678
513 23.413000 2662.554199 2745.331543
514 23.455000 2662.554199 2745.160889
515 23.497000 2662.554199 2744.999023
516 23.539000 2662.554199 2744.955322
517 23.583000 2662.554199 2744.955322
518 23.630000 2662.554199 2744.955322
519 23.674000 2662.554199 2746.676514
520 23.715000 2662.554199 2746.650879
521 23.758000 2662.554199 2746.544434
522 23.798000 2662.554199 2746.373779
523 23.842000 2662.554199 2746.373535
524 23.882000 2662.554199 2746.373535
525 23.924000 2662.554199 2746.311523
526 23.974000 2662.554199 2746.311523
527 24.020000 2662.554199 2746.311523
528 24.068000 2662.554199 2746.068359
529 24.111000 2662.554199 2746.068359
530 24.158000 2662.554199 2745.601563
531 24.204000 2662.554199 2745.162109
532 24.253000 2662.554199 2744.225342
533 24.294000 2662.554199 2744.202393
534 24.335000 2662.554199 2743.081787
535 24.379000 2662.554199 2742.958008
536 24.427000 2662.554199 2742.843750
537 24.472000 2662.554199 2742.836914
538 24.519000 2662.554199 2742.528809
539 24.567000 2662.554199 2742.162598
540 24.613000 2662.554199 2741.775635
541 24.658000 2656.431396 2741.574463
542 24.699000 2656.431396 2743.869385
543 24.744000 2656.431396 2742.861572
544 24.789000 2656.431396 2742.463379
545 24.829000 2656.431396 2742.089355
546 24.876000 2656.431396 2741.998779
547 24.916000 2656.431396 2741.828125
548 24.961000 2656.431396 2741.048828
549 25.006000 2656.431396 2740.276611
550 25.049000 2656.431396 2744.152588
551 25.092000 2656.431396 2741.176758
552 25.138000 2656.431396 2741.100098
553 25.186000 2656.431396 2739.453369
554 25.227000 2656.431396 2739.008789
555 25.267000 2656.431396 2750.507568
556 25.309000 2656.431396 2750.407715
557 25.352000 2656.431396 2746.439697
558 25.398000 2656.431396 2747.894287
559 25.441000 2656.431396 2747.226563
560 25.489000 2656.431396 2744.214600
561 25.529000 2656.431396 2743.547852
562 25.576000 2656.431396 2743.034668
563 25.615000 2656.431396 2742.586182
564 25.657000 2656.431396 2742.202881
565 25.703000 2656.431396 2741.933350
566 25.745000 2656.431396 2741.585938
567 25.798000 2656.431396 2740.237793
568 25.843000 2656.431396 2739.243652
569 25.884000 2656.431396 2739.241455
570 25.929000 2656.431396 2739.163086
571 25.975000 2656.431396 2738.743408
572 26.017000 2656.431396 2738.376465
573 26.062000 2656.431396 2738.231201
574 26.101000 2656.431396 2738.221191
575 26.146000 2656.431396 2738.221191
576 26.190000 2656.431396 2738.216309
577 26.236000 2656.431396 2737.810059
578 26.278000 2656.431396 2736.925293
579 26.325000 2656.431396 2736.374268
580 26.368000 2656.431396 2741.319336
581 26.415000 2656.431396 2738.237549
582 26.459000 2656.431396 2736.446045
583 26.504000 2656.431396 2736.007813
584 26.551000 2656.431396 2736.007813
585 26.596000 2656.431396 2736.007813
586 26.640000 2656.431396 2735.975586
587 26.688000 2656.431396 2735.870361
588 26.732000 2656.431396 2735.820313
589 26.775000 2656.431396 2735.820313
590 26.819000 2656.431396 2739.554688
591 26.861000 2656.431396 2739.462891
592 26.907000 2656.431396 2738.947754
593 26.950000 2656.431396 2738.746338
594 26.997000 2656.431396 2738.165527
595 27.041000 2656.431396 2734.431152
596 27.082000 2656.431396 2734.373047
597 27.129000 2656.431396 2735.977295
598 27.171000 2656.431396 2736.020996
599 27.215000 2656.431396 2734.873535
600 27.263000 2656.431396 2734.873535
601 27.310000 2656.431396 2734.756836
602 27.354000 2656.431396 2734.653320
603 27.401000 2656.431396 2734.653320
604 27.447000 2656.431396 2734.653320
605 27.490000 2656.431396 2734.482178
606 27.528000 2656.431396 2734.297852
607 27.576000 2656.431396 2734.020020
608 27.620000 2656.431396 2733.807617
609 27.662000 2656.431396 2733.774414
610 27.711000 2656.431396 2743.505615
611 27.759000 2656.431396 2733.708740
612 27.800000 2656.431396 2733.708740
613 27.841000 2656.431396 2733.708740
614 27.884000 2656.431396 2733.364258
615 27.926000 2656.431396 2733.364258
616 27.967000 2656.431396 2732.835205
617 28.011000 2656.431396 2732.675293
618 28.053000 2656.431396 2733.553467
619 28.095000 2656.431396 2733.495605
620 28.143000 2656.431396 2733.493408
621 28.185000 2656.431396 2733.164063
622 28.229000 2656.431396 2733.119629
623 28.279000 2656.431396 2733.116211
624 28.322000 2656.431396 2732.237793
625 28.363000 2656.431396 2732.093018
626 28.407000 2656.431396 2731.912109
627 28.449000 2656.431396 2731.856201
628 28.493000 2656.431396 2731.575195
629 28.538000 2656.431396 2731.574951
630 28.584000 2656.431396 2730.891846
631 28.632000 2656.431396 2730.891846
632 28.673000 2656.431396 2730.858398
633 28.713000 2656.431396 2730.592285
634 28.753000 2656.431396 2730.146973
635 28.801000 2656.431396 2729.829102
636 28.847000 2656.431396 2729.829102
637 28.890000 2656.431396 2729.795898
638 28.935000 2656.431396 2729.795898
639 28.976000 2656.431396 2729.795898
640 29.021000 2656.431396 2729.795898
641 29.069000 2656.431396 2729.454102
642 29.113000 2656.431396 2729.793457
643 29.157000 2656.431396 2729.454102
644 29.202000 2656.431396 2729.454102
645 29.247000 2656.431396 2729.089600
646 29.289000 2656.431396 2728.721191
647 29.332000 2656.431396 2728.721191
648 29.381000 2656.431396 2735.131592
649 29.428000 2656.431396 2733.368164
650 29.466000 2656.431396 2731.709961
651 29.514000 2656.431396 2740.134766
652 29.555000 2656.431396 2739.748535
653 29.603000 2656.431396 2738.995605
654 29.646000 2656.431396 2736.460205
655 29.689000 2656.431396 2729.405273
656 29.736000 2656.431396 2734.554932
657 29.779000 2656.431396 2734.102295
658 29.825000 2656.431396 2742.734375
659 29.867000 2656.431396 2740.524170
660 29.911000 2656.431396 2733.678955
661 29.953000 2656.431396 2730.103760
662 29.998000 2656.431396 2730.091309
663 30.043000 2656.431396 2728.530029
664 30.092000 2656.431396 2728.518555
665 30.132000 2656.431396 2728.518555
666 30.179000 2656.431396 2727.636963
667 30.223000 2656.431396 2727.636963
668 30.268000 2656.431396 2727.636963
669 30.312000 2656.431396 2727.164307
670 30.359000 2656.431396 2730.871338
671 30.405000 2656.431396 2730.732910
672 30.449000 2656.431396 2729.829590
673 30.496000 2656.431396 2729.459717
674 30.540000 2656.431396 2736.063965
675 30.587000 2656.431396 2727.971680
676 30.632000 2656.431396 2727.034912
677 30.676000 2656.431396 2726.527588
678 30.721000 2656.431396 2726.019775
679 30.763000 2656.431396 2725.512207
680 30.809000 2656.431396 2725.004395
681 30.852000 2656.431396 2724.496826
682 30.897000 2656.431396 2723.656006
683 30.938000 2656.431396 2723.448486
684 30.983000 2656.431396 2719.646240
685 31.032000 2656.431396 2725.127930
686 31.078000 2656.431396 2724.191162
687 31.119000 2656.431396 2718.598389
688 31.160000 2656.431396 2717.885254
689 31.207000 2656.431396 2716.870117
690 31.250000 2656.431396 2714.951660
691 31.299000 2656.431396 2712.920898
692 31.346000 2656.431396 2712.920898
693 31.389000 2656.431396 2720.522705
694 31.439000 2656.431396 2717.206055
695 31.482000 2656.431396 2715.333008
696 31.530000 2656.431396 2710.541260
697 31.575000 2656.431396 2705.771240
698 31.621000 2656.431396 2701.918701
699 31.663000 2656.431396 2695.245361
700 31.708000 2656.431396 2688.643555
701 31.753000 2656.431396 2684.897705
702 31.795000 2656.431396 2673.925293
703 31.838000 2656.431396 2676.272461
704 31.885000 2656.431396 2672.988770
705 31.931000 2656.431396 2672.988770
706 31.972000 2656.431396 2678.820313
707 32.016000 2656.431396 2672.988770
708 32.061000 2656.431396 2672.988770
709 32.105000 2656.431396 2672.988770
710 32.147000 2656.431396 2678.055420
711 32.196000 2656.431396 2672.988770
712 32.239000 2656.431396 2678.889648
713 32.280000 2656.431396 2678.797119
714 32.323000 2656.431396 2672.988770
715 32.366000 2656.431396 2676.150635
716 32.412000 2656.431396 2672.988770
717 32.463000 2656.431396 2672.988770
718 32.509000 2656.431396 2672.988770
719 32.557000 2656.431396 2672.988770
720 32.601000 2656.431396 2672.988770
721 32.645000 2656.431396 2672.988770
722 32.688000 2656.431396 2672.988770
723 32.727000 2656.431396 2672.988770
724 32.774000 2656.431396 2672.988770
725 32.817000 2656.431396 2672.988770
726 32.887000 2656.431396 2672.988770
727 32.934000 2656.431396 2672.988770
728 32.981000 2656.431396 2675.068848
729 33.028000 2656.431396 2672.988770
730 33.069000 2656.431396 2672.988770
731 33.119000 2656.431396 2672.988770
732 33.165000 2656.431396 2672.988770
733 33.209000 2656.431396 2672.988770
734 33.251000 2656.431396 2672.988770
735 33.296000 2656.431396 2672.988770
736 33.342000 2656.431396 2672.988770
737 33.383000 2656.431396 2681.224365
738 33.425000 2656.431396 2672.988770
739 33.468000 2656.431396 2672.988770
740 33.512000 2656.431396 2672.988770
741 33.555000 2656.431396 2672.988770
742 33.596000 2656.431396 2672.988770
743 33.637000 2656.431396 2672.988770
744 33.685000 2656.431396 2672.988770
745 33.731000 2656.431396 2672.988770
746 33.772000 2656.431396 2672.988770
747 33.820000 2656.431396 2672.988770
748 33.864000 2656.431396 2676.733154
749 33.907000 2656.431396 2672.988770
750 33.949000 2656.431396 2672.988770
751 33.991000 2656.431396 2672.988770
752 34.038000 2656.431396 2679.405029
753 34.090000 2656.431396 2673.156006
754 34.135000 2656.431396 2673.156006
755 34.178000 2656.431396 2673.156006
756 34.220000 2656.431396 2673.156006
757 34.262000 2656.431396 2673.156006
758 34.305000 2656.431396 2673.156006
759 34.349000 2656.431396 2673.156006
760 34.395000 2656.431396 2673.156006
761 34.435000 2656.431396 2673.156006
762 34.478000 2656.431396 2673.156006
763 34.521000 2656.431396 2673.156006
764 34.562000 2656.431396 2673.156006
765 34.604000 2656.431396 2673.156006
766 34.648000 2656.431396 2673.156006
767 34.693000 2656.431396 2673.156006
768 34.737000 2656.431396 2673.156006
769 34.781000 2656.431396 2673.156006
770 34.823000 2656.431396 2673.156006
771 34.870000 2656.431396 2673.156006
772 34.911000 2656.431396 2673.156006
773 34.955000 2656.431396 2673.156006
774 34.999000 2656.431396 2673.156006
775 35.045000 2656.431396 2673.156006
776 35.086000 2656.431396 2673.156006
777 35.130000 2656.431396 2673.156006
778 35.173000 2656.431396 2673.156006
779 35.220000 2656.431396 2673.156006
780 35.265000 2656.431396 2673.156006
781 35.309000 2656.431396 2673.156006
782 35.357000 2656.431396 2673.156006
783 35.403000 2656.431396 2679.104980
784 35.447000 2656.431396 2673.156006
785 35.495000 2656.431396 2673.156006
786 35.538000 2656.431396 2673.156006
787 35.586000 2656.431396 2673.156006
788 35.627000 2656.431396 2673.156006
789 35.674000 2656.431396 2673.156006
790 35.718000 2656.431396 2673.156006
791 35.761000 2656.431396 2673.156006
792 35.805000 2656.431396 2673.156006
793 35.847000 2656.431396 2678.482910
794 35.890000 2656.431396 2673.156006
795 35.938000 2656.431396 2673.156006
796 35.987000 2656.431396 2673.156006
797 36.029000 2656.431396 2676.143799
798 36.072000 2656.431396 2676.915039
799 36.113000 2656.431396 2673.156006
800 36.159000 2656.431396 2673.156006
801 36.204000 2656.431396 2673.156006
802 36.245000 2656.431396 2675.482178
803 36.290000 2656.431396 2673.156006
804 36.334000 2656.431396 2673.156006
805 36.382000 2656.431396 2673.156006
806 36.423000 2656.431396 2673.156006
807 36.466000 2656.431396 2673.156006
808 36.507000 2656.431396 2673.156006
809 36.545000 2656.431396 2673.156006
810 36.586000 2656.431396 2673.156006
811 36.632000 2656.431396 2673.156006
812 36.675000 2656.431396 2673.156006
813 36.722000 2656.431396 2673.156006
814 36.765000 2656.431396 2673.156006
815 36.809000 2656.431396 2673.156006
816 36.854000 2656.431396 2673.156006
817 36.896000 2656.431396 2673.156006
818 36.940000 2656.431396 2673.156006
819 36.985000 2656.431396 2673.156006
820 37.030000 2656.431396 2673.156006
821 37.077000 2656.431396 2673.156006
822 37.119000 2656.431396 2673.156006
823 37.161000 2656.431396 2673.156006
824 37.205000 2656.431396 2675.000732
825 37.248000 2656.431396 2679.572754
826 37.287000 2656.431396 2673.156006
827 37.332000 2656.431396 2677.320313
828 37.372000 2656.431396 2673.156006
829 37.415000 2656.431396 2673.156006
830 37.464000 2656.431396 2673.156006
831 37.512000 2656.431396 2677.995117
832 37.559000 2656.431396 2673.156006
833 37.608000 2656.431396 2673.156006
834 37.648000 2656.431396 2673.156006
835 37.716000 2656.431396 2673.156006
836 37.768000 2656.431396 2673.156006
837 37.814000 2656.431396 2673.156006
838 37.859000 2656.431396 2682.151367
839 37.903000 2656.431396 2680.468750
840 37.954000 2656.431396 2673.156006
841 38.001000 2656.431396 2673.156006
842 38.046000 2656.431396 2673.156006
843 38.089000 2656.431396 2676.102539
844 38.140000 2656.431396 2674.171631
845 38.183000 2656.431396 2673.156006
846 38.226000 2656.431396 2673.156006
847 38.267000 2656.431396 2673.156006
848 38.316000 2656.431396 2673.156006
849 38.360000 2656.431396 2673.156006
850 38.408000 2656.431396 2673.156006
851 38.452000 2656.431396 2673.156006
852 38.497000 2656.431396 2673.156006
853 38.539000 2656.431396 2673.156006
854 38.583000 2656.431396 2673.156006
855 38.626000 2656.431396 2673.156006
856 38.670000 2656.431396 2683.774170
857 38.716000 2656.431396 2673.156006
858 38.758000 2656.431396 2673.156006
859 38.802000 2656.431396 2679.034912
860 38.849000 2656.431396 2680.908447
861 38.893000 2656.431396 2677.410645
862 38.934000 2656.431396 2673.156006
863 38.977000 2656.431396 2673.156006
864 39.018000 2656.431396 2673.156006
865 39.063000 2656.431396 2673.156006
866 39.105000 2656.431396 2673.156006
867 39.150000 2656.431396 2682.311768
868 39.193000 2656.431396 2673.156006
869 39.236000 2656.431396 2673.156006
870 39.279000 2656.431396 2673.156006
871 39.325000 2656.431396 2673.727539
872 39.372000 2656.431396 2673.156006
873 39.419000 2656.431396 2673.156006
874 39.460000 2656.431396 2673.156006
875 39.507000 2656.431396 2673.156006
876 39.552000 2656.431396 2673.156006
877 39.597000 2656.431396 2673.156006
878 39.640000 2656.431396 2673.156006
879 39.682000 2656.431396 2673.156006
880 39.725000 2656.431396 2673.156006
881 39.774000 2656.431396 2673.156006
882 39.815000 2656.431396 2673.156006
883 39.860000 2656.431396 2673.156006
884 39.907000 2656.431396 2675.688477
885 39.950000 2656.431396 2675.582275
886 40.000000 2656.431396 2673.156006
887 40.046000 2656.431396 2673.156006
888 40.092000 2656.431396 2673.156006
889 40.142000 2656.431396 2673.156006
890 40.185000 2656.431396 2673.156006
891 40.240000 2656.431396 2673.156006
892 40.289000 2656.431396 2681.145996
893 40.340000 2656.431396 2673.156006
894 40.391000 2656.431396 2673.156006
895 40.438000 2656.431396 2678.617432
896 40.487000 2656.431396 2673.156006
897 40.535000 2656.431396 2673.156006
898 40.582000 2656.431396 2673.156006
899 40.627000 2656.431396 2673.156006
900 40.668000 2656.431396 2673.156006
901 40.707000 2656.431396 2679.490234
902 40.755000 2656.431396 2681.032227
903 40.800000 2656.431396 2673.156006
904 40.840000 2656.431396 2673.156006
905 40.882000 2656.431396 2673.156006
906 40.927000 2656.431396 2673.156006
907 40.970000 2656.431396 2675.099365
908 41.016000 2656.431396 2673.156006
909 41.061000 2656.431396 2673.156006
910 41.109000 2656.431396 2673.156006
911 41.154000 2656.431396 2673.156006
912 41.196000 2656.431396 2673.156006
913 41.241000 2656.431396 2673.156006
914 41.282000 2656.431396 2673.156006
915 41.323000 2656.431396 2673.156006
916 41.371000 2656.431396 2673.156006
917 41.416000 2656.431396 2673.156006
918 41.463000 2656.431396 2673.156006
919 41.506000 2656.431396 2673.156006
920 41.549000 2656.431396 2673.156006
921 41.592000 2656.431396 2673.156006
922 41.637000 2656.431396 2676.326660
923 41.680000 2656.431396 2673.156006
924 41.725000 2656.431396 2673.156006
925 41.765000 2656.431396 2673.156006
926 41.808000 2656.431396 2673.156006
927 41.852000 2656.431396 2673.156006
928 41.900000 2656.431396 2673.156006
929 41.945000 2656.431396 2673.156006
930 41.987000 2656.431396 2675.380859
931 42.028000 2656.431396 2673.156006
932 42.073000 2656.431396 2673.156006
933 42.113000 2656.431396 2673.156006
934 42.157000 2656.431396 2673.156006
935 42.202000 2656.431396 2673.156006
936 42.245000 2656.431396 2673.156006
937 42.289000 2656.431396 2673.156006
938 42.331000 2656.431396 2673.156006
939 42.376000 2656.431396 2673.156006
940 42.420000 2656.431396 2673.156006
941 42.465000 2656.431396 2673.156006
942 42.512000 2656.431396 2673.156006
943 42.560000 2656.431396 2673.156006
944 42.604000 2656.431396 2673.156006
945 42.649000 2656.431396 2673.156006
946 42.693000 2656.431396 2673.156006
947 42.735000 2656.431396 2674.686523
948 42.786000 2656.431396 2673.156006
949 42.833000 2656.431396 2673.156006
950 42.877000 2656.431396 2673.156006
951 42.919000 2656.431396 2673.156006
952 42.965000 2656.431396 2673.156006
953 43.012000 2656.431396 2673.156006
954 43.054000 2656.431396 2673.156006
955 43.098000 2656.431396 2673.156006
956 43.141000 2656.431396 2673.156006
957 43.187000 2656.431396 2673.156006
958 43.229000 2656.431396 2673.156006
959 43.276000 2656.431396 2673.156006
960 43.318000 2656.431396 2673.156006
961 43.363000 2656.431396 2673.156006
962 43.407000 2656.431396 2675.453857
963 43.453000 2656.431396 2673.156006
964 43.498000 2656.431396 2673.156006
965 43.541000 2656.431396 2673.156006
966 43.585000 2656.431396 2673.156006
967 43.626000 2656.431396 2673.156006
968 43.671000 2656.431396 2673.156006
969 43.718000 2656.431396 2673.156006
970 43.764000 2656.431396 2679.979980
971 43.804000 2656.431396 2675.417725
972 43.845000 2656.431396 2673.156006
973 43.890000 2656.431396 2673.156006
974 43.933000 2656.431396 2673.156006
975 43.975000 2656.431396 2673.156006
976 44.019000 2656.431396 2673.156006
977 44.061000 2656.431396 2673.156006
978 44.107000 2656.431396 2673.156006
979 44.151000 2656.431396 2673.156006
980 44.197000 2656.431396 2673.156006
981 44.243000 2656.431396 2673.156006
982 44.288000 2656.431396 2673.156006
983 44.336000 2656.431396 2680.163086
984 44.380000 2656.431396 2673.156006
985 44.426000 2656.431396 2673.156006
986 44.470000 2656.431396 2673.156006
987 44.517000 2656.431396 2673.156006
988 44.561000 2656.431396 2673.156006
989 44.603000 2656.431396 2673.156006
990 44.646000 2656.431396 2675.988525
991 44.692000 2656.431396 2679.815918
992 44.735000 2656.431396 2678.207275
993 44.783000 2656.431396 2673.156006
994 44.833000 2656.431396 2673.156006
995 44.879000 2656.431396 2673.156006
996 44.922000 2656.431396 2673.156006
997 44.963000 2656.431396 2673.156006
998 45.009000 2656.431396 2673.156006
999 45.054000 2656.431396 2673.156006
1000 45.100000 2656.431396 2673.156006
1001 45.144000 2656.431396 2673.156006
1002 45.186000 2656.431396 2673.156006
1003 45.226000 2656.431396 2676.396484
1004 45.270000 2656.431396 2673.156006
1005 45.315000 2656.431396 2677.095947
1006 45.361000 2656.431396 2673.156006
1007 45.408000 2656.431396 2673.156006
1008 45.454000 2656.431396 2673.156006
1009 45.495000 2656.431396 2684.093994
1010 45.539000 2656.431396 2682.196045
1011 45.583000 2656.431396 2673.156006
1012 45.627000 2656.431396 2673.156006
1013 45.669000 2656.431396 2673.156006
1014 45.708000 2656.431396 2673.624268
1015 45.755000 2656.431396 2673.156006
1016 45.800000 2656.431396 2673.156006
1017 45.841000 2656.431396 2673.156006
1018 45.881000 2656.431396 2675.725342
1019 45.930000 2656.431396 2673.156006
1020 45.970000 2656.431396 2673.156006
1021 46.018000 2656.431396 2673.156006
1022 46.057000 2656.431396 2673.156006
1023 46.100000 2656.431396 2673.156006
1024 46.147000 2656.431396 2673.156006
1025 46.189000 2656.431396 2674.653076
1026 46.240000 2656.431396 2674.448486
1027 46.288000 2656.431396 2673.156006
1028 46.329000 2656.431396 2673.156006
1029 46.373000 2656.431396 2673.156006
1030 46.423000 2656.431396 2673.156006
1031 46.467000 2656.431396 2673.156006
1032 46.512000 2656.431396 2673.156006
1033 46.557000 2656.431396 2673.156006
1034 46.605000 2656.431396 2678.804932
1035 46.652000 2656.431396 2678.237549
1036 46.699000 2656.431396 2676.162598
1037 46.740000 2656.431396 2673.156006
1038 46.783000 2656.431396 2673.156006
1039 46.828000 2656.431396 2673.156006
1040 46.873000 2656.431396 2673.156006
1041 46.920000 2656.431396 2673.156006
1042 46.964000 2656.431396 2673.156006
1043 47.004000 2656.431396 2673.156006
1044 47.051000 2656.431396 2679.290039
1045 47.098000 2656.431396 2673.156006
1046 47.142000 2656.431396 2673.156006
1047 47.190000 2656.431396 2673.156006
1048 47.232000 2656.431396 2673.156006
1049 47.276000 2656.431396 2673.696777
1050 47.323000 2656.431396 2673.156006
1051 47.370000 2656.431396 2673.156006
1052 47.418000 2656.431396 2673.156006
1053 47.461000 2656.431396 2673.156006
1054 47.501000 2656.431396 2673.156006
1055 47.543000 2656.431396 2673.156006
1056 47.589000 2656.431396 2673.156006
1057 47.637000 2656.431396 2673.156006
1058 47.682000 2656.431396 2673.156006
1059 47.730000 2656.431396 2673.156006
1060 47.773000 2656.431396 2673.156006
1061 47.817000 2656.431396 2673.156006
1062 47.861000 2656.431396 2673.156006
1063 47.904000 2656.431396 2673.156006
1064 47.946000 2656.431396 2673.156006
1065 47.995000 2656.431396 2673.156006
1066 48.036000 2656.431396 2673.156006
1067 48.083000 2656.431396 2673.156006
1068 48.128000 2656.431396 2673.156006
1069 48.175000 2656.431396 2673.156006
1070 48.222000 2656.431396 2675.274902
1071 48.262000 2656.431396 2675.615967
1072 48.304000 2656.431396 2673.156006
1073 48.353000 2656.431396 2673.156006
1074 48.396000 2656.431396 2673.156006
1075 48.440000 2656.431396 2673.156006
1076 48.487000 2656.431396 2676.738770
1077 48.531000 2656.431396 2673.156006
1078 48.576000 2656.431396 2673.156006
1079 48.624000 2656.431396 2673.156006
1080 48.674000 2656.431396 2673.156006
1081 48.721000 2656.431396 2673.156006
1082 48.763000 2656.431396 2673.156006
1083 48.811000 2656.431396 2673.156006
1084 48.857000 2656.431396 2673.156006
1085 48.903000 2656.431396 2673.156006
1086 48.946000 2656.431396 2673.156006
1087 48.994000 2656.431396 2675.017578
1088 49.032000 2656.431396 2674.962402
1089 49.072000 2656.431396 2673.156006
1090 49.117000 2656.431396 2673.156006
1091 49.159000 2656.431396 2673.156006
1092 49.205000 2656.431396 2673.156006
1093 49.249000 2656.431396 2673.156006
1094 49.295000 2656.431396 2673.156006
1095 49.340000 2656.431396 2677.851807
1096 49.381000 2656.431396 2673.156006
1097 49.422000 2656.431396 2673.156006
1098 49.468000 2656.431396 2673.156006
1099 49.514000 2656.431396 2673.156006
1100 49.557000 2656.431396 2673.156006
1101 49.601000 2656.431396 2673.156006
1102 49.645000 2656.431396 2673.156006
1103 49.686000 2656.431396 2673.156006
1104 49.734000 2656.431396 2673.156006
1105 49.781000 2656.431396 2673.156006
1106 49.827000 2656.431396 2673.327393
1107 49.873000 2656.431396 2673.156006
1108 49.919000 2656.431396 2673.156006
1109 49.970000 2656.431396 2673.156006
1110 50.015000 2656.431396 2673.156006
1111 50.060000 2656.431396 2673.156006
1112 50.104000 2656.431396 2673.156006
1113 50.146000 2656.431396 2673.156006
1114 50.186000 2656.431396 2673.156006
1115 50.228000 2656.431396 2673.156006
1116 50.273000 2656.431396 2673.156006
1117 50.317000 2656.431396 2673.156006
1118 50.357000 2656.431396 2673.156006
1119 50.402000 2656.431396 2673.156006
1120 50.445000 2656.431396 2673.156006
1121 50.494000 2656.431396 2673.156006
1122 50.542000 2656.431396 2673.156006
1123 50.588000 2656.431396 2673.156006
1124 50.632000 2656.431396 2674.561035
1125 50.677000 2656.431396 2673.156006
1126 50.722000 2656.431396 2673.156006
1127 50.764000 2656.431396 2673.156006
1128 50.823000 2656.431396 2673.156006
1129 50.868000 2656.431396 2673.156006
1130 50.909000 2656.431396 2673.156006
1131 50.953000 2656.431396 2673.156006
1132 50.998000 2656.431396 2673.156006
1133 51.042000 2656.431396 2673.156006
1134 51.087000 2656.431396 2673.156006
1135 51.131000 2656.431396 2676.630371
1136 51.178000 2656.431396 2673.156006
1137 51.219000 2656.431396 2673.156006
1138 51.267000 2656.431396 2673.156006
1139 51.310000 2656.431396 2673.156006
1140 51.360000 2656.431396 2673.156006
1141 51.403000 2656.431396 2673.156006
1142 51.447000 2656.431396 2675.209473
1143 51.493000 2656.431396 2673.156006
1144 51.541000 2656.431396 2673.156006
1145 51.586000 2656.431396 2673.156006
1146 51.630000 2656.431396 2673.156006
1147 51.675000 2656.431396 2673.156006
1148 51.721000 2656.431396 2673.156006
1149 51.760000 2656.431396 2673.156006
1150 51.802000 2656.431396 2673.156006
1151 51.848000 2656.431396 2675.420898
1152 51.890000 2656.431396 2677.996338
1153 51.942000 2656.431396 2682.009766
1154 51.986000 2656.431396 2673.156006
1155 52.033000 2656.431396 2678.157715
1156 52.077000 2656.431396 2673.156006
1157 52.120000 2656.431396 2673.156006
1158 52.166000 2656.431396 2673.156006
1159 52.205000 2656.431396 2673.156006
1160 52.257000 2656.431396 2673.156006
1161 52.294000 2656.431396 2673.156006
1162 52.338000 2656.431396 2673.156006
1163 52.383000 2656.431396 2677.962158
1164 52.432000 2656.431396 2673.156006
1165 52.474000 2656.431396 2673.156006
1166 52.515000 2656.431396 2674.694092
1167 52.558000 2656.431396 2673.156006
1168 52.602000 2656.431396 2673.156006
1169 52.648000 2656.431396 2673.156006
1170 52.692000 2656.431396 2673.156006
1171 52.738000 2656.431396 2673.156006
1172 52.783000 2656.431396 2673.156006
1173 52.826000 2656.431396 2673.156006
1174 52.868000 2656.431396 2673.156006
1175 52.910000 2656.431396 2675.729736
1176 52.951000 2656.431396 2673.156006
1177 52.996000 2656.431396 2673.156006
1178 53.039000 2656.431396 2673.156006
1179 53.082000 2656.431396 2673.156006
1180 53.128000 2656.431396 2673.156006
1181 53.169000 2656.431396 2673.156006
1182 53.212000 2656.431396 2673.156006
1183 53.258000 2656.431396 2673.156006
1184 53.299000 2656.431396 2678.248535
1185 53.339000 2656.431396 2673.156006
1186 53.385000 2656.431396 2673.156006
1187 53.434000 2656.431396 2673.156006
1188 53.476000 2656.431396 2679.298340
1189 53.518000 2656.431396 2673.156006
1190 53.567000 2656.431396 2673.156006
1191 53.610000 2656.431396 2673.156006
1192 53.654000 2656.431396 2673.156006
1193 53.698000 2656.431396 2673.156006
1194 53.742000 2656.431396 2673.156006
1195 53.783000 2656.431396 2675.228027
1196 53.829000 2656.431396 2673.156006
1197 53.868000 2656.431396 2673.156006
1198 53.909000 2656.431396 2673.156006
1199 53.952000 2656.431396 2677.102295
1200 53.994000 2656.431396 2673.156006
1201 54.043000 2656.431396 2673.156006
1202 54.088000 2656.431396 2673.156006
1203 54.137000 2656.431396 2673.156006
1204 54.176000 2656.431396 2673.156006
1205 54.221000 2656.431396 2678.837891
1206 54.260000 2656.431396 2673.156006
1207 54.301000 2656.431396 2673.156006
1208 54.346000 2656.431396 2676.187744
1209 54.392000 2656.431396 2673.156006
1210 54.439000 2656.431396 2673.156006
1211 54.487000 2656.431396 2673.156006
1212 54.533000 2656.431396 2673.156006
1213 54.590000 2656.431396 2673.156006
1214 54.644000 2656.431396 2673.156006
1215 54.695000 2656.431396 2673.156006
1216 54.738000 2656.431396 2673.156006
1217 54.782000 2656.431396 2673.156006
1218 54.834000 2656.431396 2673.156006
1219 54.878000 2656.431396 2677.391846
1220 54.922000 2656.431396 2674.917725
1221 54.964000 2656.431396 2679.564941
1222 55.010000 2656.431396 2673.156006
1223 55.060000 2656.431396 2673.156006
1224 55.107000 2656.431396 2673.156006
1225 55.159000 2656.431396 2673.156006
1226 55.203000 2656.431396 2673.156006
1227 55.247000 2656.431396 2676.835205
1228 55.295000 2656.431396 2673.156006
1229 55.342000 2656.431396 2673.156006
1230 55.391000 2656.431396 2673.156006
1231 55.440000 2656.431396 2673.156006
1232 55.485000 2656.431396 2673.156006
1233 55.534000 2656.431396 2673.156006
1234 55.581000 2656.431396 2673.156006
1235 55.623000 2656.431396 2673.156006
1236 55.670000 2656.431396 2673.156006
1237 55.719000 2656.431396 2673.156006
1238 55.763000 2656.431396 2673.156006
1239 55.817000 2656.431396 2678.696777
1240 55.869000 2656.431396 2673.156006
1241 55.918000 2656.431396 2673.156006
1242 55.962000 2656.431396 2673.156006
1243 56.004000 2656.431396 2673.156006
1244 56.050000 2656.431396 2673.156006
1245 56.095000 2656.431396 2673.156006
1246 56.137000 2656.431396 2673.156006
1247 56.182000 2656.431396 2673.156006
1248 56.223000 2656.431396 2673.156006
1249 56.268000 2656.431396 2673.156006
1250 56.310000 2656.431396 2673.156006
1251 56.359000 2656.431396 2673.156006
1252 56.398000 2656.431396 2673.156006
1253 56.441000 2656.431396 2673.156006
1254 56.486000 2656.431396 2673.156006
1255 56.531000 2656.431396 2673.156006
1256 56.572000 2656.431396 2673.156006
1257 56.620000 2656.431396 2673.156006
1258 56.662000 2656.431396 2673.156006
1259 56.710000 2656.431396 2673.156006
1260 56.754000 2656.431396 2680.995361
1261 56.798000 2656.431396 2673.156006
1262 56.845000 2656.431396 2673.156006
1263 56.889000 2656.431396 2673.156006
1264 56.935000 2656.431396 2673.156006
1265 56.979000 2656.431396 2673.156006
1266 57.026000 2656.431396 2673.156006
1267 57.069000 2656.431396 2673.156006
1268 57.120000 2656.431396 2673.156006
1269 57.169000 2656.431396 2673.156006
1270 57.219000 2656.431396 2673.156006
1271 57.270000 2656.431396 2673.156006
1272 57.314000 2656.431396 2673.156006
1273 57.368000 2656.431396 2673.156006
1274 57.419000 2656.431396 2673.156006
1275 57.469000 2656.431396 2673.156006
1276 57.516000 2656.431396 2673.156006
1277 57.567000 2656.431396 2673.156006
1278 57.614000 2656.431396 2673.156006
1279 57.661000 2656.431396 2673.156006
1280 57.709000 2656.431396 2673.156006
1281 57.748000 2656.431396 2674.132813
1282 57.790000 2656.431396 2673.156006
1283 57.828000 2656.431396 2673.156006
1284 57.869000 2656.431396 2673.156006
1285 57.911000 2656.431396 2673.156006
1286 57.962000 2656.431396 2673.156006
1287 58.005000 2656.431396 2673.156006
1288 58.049000 2656.431396 2673.156006
1289 58.092000 2656.431396 2679.821533
1290 58.136000 2656.431396 2673.156006
1291 58.179000 2656.431396 2673.156006
1292 58.230000 2656.431396 2673.156006
1293 58.270000 2656.431396 2673.156006
1294 58.313000 2656.431396 2682.121338
1295 58.357000 2656.431396 2673.156006
1296 58.403000 2656.431396 2673.156006
1297 58.446000 2656.431396 2673.156006
1298 58.496000 2656.431396 2673.156006
1299 58.540000 2656.431396 2673.156006
1300 58.584000 2656.431396 2673.156006
1301 58.627000 2656.431396 2673.156006
1302 58.676000 2656.431396 2683.282715
1303 58.718000 2656.431396 2680.922852
1304 58.762000 2656.431396 2677.173096
1305 58.804000 2656.431396 2673.156006
1306 58.845000 2656.431396 2674.500732
1307 58.888000 2656.431396 2673.156006
1308 58.933000 2656.431396 2675.442383
1309 58.976000 2656.431396 2678.525635
1310 59.019000 2656.431396 2673.156006
1311 59.064000 2656.431396 2673.156006
1312 59.113000 2656.431396 2673.156006
1313 59.178000 2656.431396 2673.156006
1314 59.227000 2656.431396 2673.156006
1315 59.275000 2656.431396 2678.017822
1316 59.318000 2656.431396 2673.156006
1317 59.366000 2656.431396 2673.156006
1318 59.407000 2656.431396 2680.120850
1319 59.449000 2656.431396 2678.623047
1320 59.501000 2656.431396 2680.639160
1321 59.554000 2656.431396 2673.156006
1322 59.628000 2656.431396 2673.156006
1323 59.684000 2656.431396 2673.156006
1324 59.738000 2656.431396 2673.156006
1325 59.793000 2656.431396 2673.156006
1326 59.841000 2656.431396 2673.156006
1327 59.885000 2656.431396 2673.156006
1328 59.932000 2656.431396 2673.156006
1329 59.983000 2656.431396 2680.040527
1330 60.030000 2656.431396 2673.156006
1331 60.073000 2656.431396 2673.156006
1332 60.121000 2656.431396 2673.156006
1333 60.169000 2656.431396 2673.156006
1334 60.215000 2656.431396 2673.156006
1335 60.266000 2656.431396 2678.774170
1336 60.312000 2656.431396 2677.063477
1337 60.351000 2656.431396 2674.398438
1338 60.392000 2656.431396 2673.156006
1339 60.444000 2656.431396 2673.156006
1340 60.490000 2656.431396 2681.640625
1341 60.538000 2656.431396 2673.156006
1342 60.580000 2656.431396 2673.156006
1343 60.629000 2656.431396 2673.156006
1344 60.675000 2656.431396 2673.156006
1345 60.726000 2656.431396 2673.156006
1346 60.776000 2656.431396 2673.156006
1347 60.821000 2656.431396 2673.156006
1348 60.867000 2656.431396 2673.156006
1349 60.916000 2656.431396 2679.898193
1350 60.958000 2656.431396 2673.156006
1351 61.002000 2656.431396 2673.156006
1352 61.047000 2656.431396 2673.156006
1353 61.090000 2656.431396 2673.156006
1354 61.134000 2656.431396 2673.156006
1355 61.176000 2656.431396 2673.156006
1356 61.220000 2656.431396 2673.156006
1357 61.265000 2656.431396 2673.156006
1358 61.306000 2656.431396 2673.156006
1359 61.349000 2656.431396 2673.156006
1360 61.390000 2656.431396 2673.156006
1361 61.436000 2656.431396 2673.156006
1362 61.479000 2656.431396 2673.156006
1363 61.522000 2656.431396 2673.156006
1364 61.567000 2656.431396 2676.186279
1365 61.608000 2656.431396 2675.733643
1366 61.652000 2656.431396 2673.156006
1367 61.696000 2656.431396 2673.156006
1368 61.737000 2656.431396 2673.156006
1369 61.780000 2656.431396 2673.156006
1370 61.819000 2656.431396 2673.156006
1371 61.862000 2656.431396 2673.156006
1372 61.906000 2656.431396 2673.156006
1373 61.952000 2656.431396 2673.156006
1374 61.999000 2656.431396 2673.156006
1375 62.044000 2656.431396 2673.156006
1376 62.090000 2656.431396 2673.156006
1377 62.131000 2656.431396 2673.156006
1378 62.172000 2656.431396 2673.156006
1379 62.220000 2656.431396 2673.156006
1380 62.262000 2656.431396 2673.156006
1381 62.306000 2656.431396 2673.156006
1382 62.350000 2656.431396 2673.156006
1383 62.396000 2656.431396 2681.408447
1384 62.440000 2656.431396 2673.156006
1385 62.485000 2656.431396 2681.935547
1386 62.527000 2656.431396 2673.156006
1387 62.572000 2656.431396 2673.156006
1388 62.615000 2656.431396 2673.156006
1389 62.666000 2656.431396 2673.156006
1390 62.707000 2656.431396 2673.156006
1391 62.752000 2656.431396 2673.156006
1392 62.796000 2656.431396 2673.156006
1393 62.841000 2656.431396 2673.156006
1394 62.882000 2656.431396 2673.156006
1395 62.927000 2656.431396 2673.156006
1396 62.969000 2656.431396 2673.156006
1397 63.013000 2656.431396 2673.156006
1398 63.057000 2656.431396 2673.156006
1399 63.103000 2656.431396 2673.156006
1400 63.144000 2656.431396 2673.156006
1401 63.191000 2656.431396 2673.156006
1402 63.233000 2656.431396 2673.156006
1403 63.277000 2656.431396 2673.156006
1404 63.322000 2656.431396 2673.156006
1405 63.362000 2656.431396 2673.156006
1406 63.406000 2656.431396 2673.156006
1407 63.451000 2656.431396 2673.156006
1408 63.492000 2656.431396 2673.156006
1409 63.537000 2656.431396 2673.156006
1410 63.583000 2656.431396 2673.156006
1411 63.623000 2656.431396 2673.347412
1412 63.670000 2656.431396 2673.156006
1413 63.715000 2656.431396 2673.156006
1414 63.759000 2656.431396 2673.156006
1415 63.801000 2656.431396 2673.156006
1416 63.843000 2656.431396 2673.156006
1417 63.891000 2656.431396 2673.156006
1418 63.936000 2656.431396 2676.355957
1419 63.977000 2656.431396 2673.156006
1420 64.020000 2656.431396 2673.156006
1421 64.065000 2656.431396 2673.156006
1422 64.106000 2656.431396 2673.156006
1423 64.155000 2656.431396 2673.971191
1424 64.196000 2656.431396 2673.156006
1425 64.241000 2656.431396 2673.156006
1426 64.284000 2656.431396 2673.156006
1427 64.327000 2656.431396 2673.156006
1428 64.376000 2656.431396 2673.156006
1429 64.420000 2656.431396 2673.156006
1430 64.464000 2656.431396 2673.156006
1431 64.511000 2656.431396 2673.156006
1432 64.557000 2656.431396 2673.156006
1433 64.602000 2656.431396 2673.156006
1434 64.645000 2656.431396 2673.156006
1435 64.688000 2656.431396 2673.156006
1436 64.729000 2656.431396 2673.156006
1437 64.771000 2656.431396 2675.598145
1438 64.819000 2656.431396 2673.156006
1439 64.864000 2656.431396 2673.156006
1440 64.904000 2656.431396 2673.156006
1441 64.945000 2656.431396 2673.156006
1442 64.991000 2656.431396 2673.156006
1443 65.040000 2656.431396 2678.494141
1444 65.085000 2656.431396 2673.156006
1445 65.127000 2656.431396 2673.156006
1446 65.176000 2656.431396 2673.156006
1447 65.219000 2656.431396 2673.156006
1448 65.264000 2656.431396 2673.156006
1449 65.310000 2656.431396 2673.156006
1450 65.353000 2656.431396 2679.063721
1451 65.400000 2656.431396 2682.919678
1452 65.442000 2656.431396 2676.879395
1453 65.487000 2656.431396 2673.156006
1454 65.536000 2656.431396 2673.156006
1455 65.583000 2656.431396 2673.156006
1456 65.630000 2656.431396 2677.961182
1457 65.672000 2656.431396 2674.807861
1458 65.715000 2656.431396 2673.156006
1459 65.760000 2656.431396 2673.156006
1460 65.800000 2656.431396 2673.156006
1461 65.848000 2656.431396 2673.156006
1462 65.889000 2656.431396 2673.156006
1463 65.933000 2656.431396 2673.156006
1464 65.977000 2656.431396 2675.561523
1465 66.021000 2656.431396 2673.156006
1466 66.067000 2656.431396 2673.156006
1467 66.106000 2656.431396 2673.156006
1468 66.152000 2656.431396 2673.156006
1469 66.200000 2656.431396 2673.156006
1470 66.244000 2656.431396 2673.156006
1471 66.291000 2656.431396 2673.156006
1472 66.334000 2656.431396 2673.156006
1473 66.381000 2656.431396 2673.156006
1474 66.420000 2656.431396 2680.254639
1475 66.464000 2656.431396 2673.222168
1476 66.504000 2656.431396 2673.156006
1477 66.547000 2656.431396 2673.156006
1478 66.593000 2656.431396 2673.156006
1479 66.637000 2656.431396 2673.156006
1480 66.678000 2656.431396 2673.156006
1481 66.720000 2656.431396 2673.156006
1482 66.764000 2656.431396 2673.156006
1483 66.810000 2656.431396 2673.156006
1484 66.853000 2656.431396 2673.156006
1485 66.896000 2656.431396 2673.156006
1486 66.943000 2656.431396 2673.156006
1487 66.994000 2656.431396 2675.180420
1488 67.041000 2656.431396 2678.590576
1489 67.085000 2656.431396 2673.156006
1490 67.128000 2656.431396 2673.156006
1491 67.176000 2656.431396 2673.156006
1492 67.217000 2656.431396 2673.156006
1493 67.256000 2656.431396 2673.156006
1494 67.301000 2656.431396 2673.156006
1495 67.342000 2656.431396 2673.156006
1496 67.386000 2656.431396 2673.156006
1497 67.431000 2656.431396 2673.156006
1498 67.476000 2656.431396 2673.156006
1499 67.520000 2656.431396 2673.156006
1500 67.571000 2656.431396 2673.156006
1501 67.614000 2656.431396 2673.156006
1502 67.657000 2656.431396 2673.156006
1503 67.703000 2656.431396 2673.156006
1504 67.746000 2656.431396 2673.156006
1505 67.793000 2656.431396 2673.156006
1506 67.837000 2656.431396 2673.156006
1507 67.882000 2656.431396 2673.156006
1508 67.927000 2656.431396 2673.156006
1509 67.967000 2656.431396 2673.156006
1510 68.009000 2656.431396 2673.156006
1511 68.052000 2656.431396 2673.156006
1512 68.098000 2656.431396 2673.156006
1513 68.147000 2656.431396 2673.156006
1514 68.186000 2656.431396 2673.156006
1515 68.231000 2656.431396 2673.156006
1516 68.274000 2656.431396 2673.156006
1517 68.315000 2656.431396 2673.156006
1518 68.356000 2656.431396 2673.156006
1519 68.405000 2656.431396 2673.156006
1520 68.447000 2656.431396 2673.156006
1521 68.486000 2656.431396 2673.156006
1522 68.532000 2656.431396 2673.156006
1523 68.573000 2656.431396 2673.156006
1524 68.618000 2656.431396 2673.156006
1525 68.659000 2656.431396 2676.215332
1526 68.702000 2656.431396 2680.857910
1527 68.743000 2656.431396 2678.636963
1528 68.786000 2656.431396 2673.156006
1529 68.826000 2656.431396 2673.156006
1530 68.870000 2656.431396 2673.156006
1531 68.904000 2656.431396 2673.156006
1532 68.947000 2656.431396 2673.156006
1533 68.992000 2656.431396 2673.156006
1534 69.038000 2656.431396 2673.156006
1535 69.088000 2656.431396 2680.080078
1536 69.132000 2656.431396 2673.156006
1537 69.177000 2656.431396 2673.156006
1538 69.217000 2656.431396 2673.156006
1539 69.262000 2656.431396 2673.156006
1540 69.305000 2656.431396 2673.156006
1541 69.351000 2656.431396 2673.710205
