0 0.000000 25421.833984 27243.580078 28694.683594 25421.833984
1 0.007000 24760.527344 27243.580078 28694.683594 25421.833984
2 0.013000 24497.931641 26664.320313 28625.714844 24760.527344
3 0.020000 24184.642578 26257.529297 28222.361328 24497.931641
4 0.026000 23858.953125 25953.068359 27681.015625 24184.642578
5 0.033000 23759.964844 25711.632813 27635.720703 23858.953125
6 0.039000 23180.445313 25392.509766 27423.921875 23759.964844
7 0.045000 22754.189453 25198.464844 27423.921875 23180.445313
8 0.051000 22317.312500 24996.494141 27423.921875 22754.189453
9 0.057000 22317.312500 24834.285156 27304.882813 22317.312500
10 0.063000 22317.312500 24691.832031 27304.882813 22317.312500
11 0.069000 22285.388672 24547.195313 27235.914063 22317.312500
12 0.075000 22285.388672 24392.097656 27235.914063 22285.388672
13 0.081000 22285.388672 24313.921875 27235.914063 22285.388672
14 0.087000 22091.759766 24166.287109 26479.503906 22285.388672
15 0.093000 22091.759766 24076.185547 26479.503906 22091.759766
16 0.099000 21892.980469 23958.394531 26479.503906 22091.759766
17 0.104000 21892.980469 23868.169922 26477.113281 21892.980469
18 0.110000 21892.980469 23811.992188 26085.011719 21892.980469
19 0.116000 21892.980469 23721.005859 26085.011719 21892.980469
20 0.122000 21721.152344 23642.251953 26045.683594 21892.980469
21 0.128000 21721.152344 23572.457031 26045.683594 21721.152344
22 0.134000 21718.617188 23477.759766 25745.441406 21721.152344
23 0.140000 21718.617188 23403.304688 25049.486328 21718.617188
24 0.146000 21718.617188 23335.394531 25049.486328 21718.617188
25 0.152000 21718.617188 23301.988281 25049.486328 21718.617188
26 0.158000 21718.617188 23255.796875 25049.486328 21718.617188
27 0.164000 21718.617188 23203.322266 25049.486328 21718.617188
28 0.170000 21718.617188 23141.564453 25049.486328 21718.617188
29 0.176000 21718.617188 23104.054688 24718.119141 21718.617188
30 0.182000 21718.617188 23058.677734 24628.699219 21718.617188
31 0.188000 21478.488281 23023.966797 24628.699219 21718.617188
32 0.195000 21478.488281 22983.402344 24628.699219 21478.488281
33 0.201000 21478.488281 22941.023438 24628.699219 21478.488281
34 0.208000 21478.488281 22909.197266 24628.699219 21478.488281
35 0.214000 21478.488281 22869.107422 24628.699219 21478.488281
36 0.220000 21478.488281 22819.294922 24628.699219 21478.488281
37 0.226000 21478.488281 22803.859375 24628.699219 21478.488281
38 0.232000 21478.488281 22786.544922 24628.699219 21478.488281
39 0.238000 21478.488281 22763.679688 24628.699219 21478.488281
40 0.244000 21478.488281 22758.132813 24595.429688 21478.488281
41 0.250000 21478.488281 22739.265625 24595.429688 21478.488281
42 0.257000 21478.488281 22725.748047 24595.429688 21478.488281
43 0.262000 21478.488281 22713.193359 24456.810547 21478.488281
44 0.268000 21478.488281 22703.886719 24456.810547 21478.488281
45 0.275000 21478.488281 22694.185547 24456.810547 21478.488281
46 0.281000 21478.488281 22664.318359 24090.664063 21478.488281
47 0.287000 21478.488281 22657.927734 24090.664063 21478.488281
48 0.293000 21478.488281 22644.726563 24090.664063 21478.488281
49 0.300000 21478.488281 22641.460938 24090.664063 21478.488281
50 0.306000 21478.488281 22637.851563 24090.664063 21478.488281
51 0.313000 21478.488281 22636.460938 24090.664063 21478.488281
52 0.319000 21478.488281 22631.810547 24090.664063 21478.488281
53 0.325000 21478.488281 22624.867188 24090.664063 21478.488281
54 0.331000 21478.488281 22624.869141 24090.664063 21478.488281
55 0.338000 21478.488281 22624.037109 24090.664063 21478.488281
56 0.343000 21478.488281 22616.783203 24090.664063 21478.488281
57 0.349000 21478.488281 22611.542969 24090.664063 21478.488281
58 0.355000 21478.488281 22602.009766 23800.798828 21478.488281
59 0.361000 21478.488281 22598.820313 23800.798828 21478.488281
60 0.367000 21478.488281 22594.275391 23800.798828 21478.488281
61 0.373000 21478.488281 22582.716797 23800.798828 21478.488281
62 0.380000 21478.488281 22580.925781 23800.798828 21478.488281
63 0.386000 21478.488281 22575.935547 23594.056641 21478.488281
64 0.392000 21478.488281 22562.476563 23594.056641 21478.488281
65 0.398000 21478.488281 22553.453125 23594.056641 21478.488281
66 0.405000 21478.488281 22548.330078 23552.853516 21478.488281
67 0.411000 21478.488281 22545.539063 23552.853516 21478.488281
68 0.417000 21478.488281 22545.322266 23552.853516 21478.488281
69 0.423000 21478.488281 22543.189453 23552.853516 21478.488281
70 0.429000 21478.488281 22538.042969 23552.853516 21478.488281
71 0.436000 21478.488281 22534.355469 23552.853516 21478.488281
72 0.443000 21478.488281 22530.095703 23552.853516 21478.488281
73 0.449000 21478.488281 22527.814453 23552.853516 21478.488281
74 0.456000 21478.488281 22527.453125 23552.853516 21478.488281
75 0.462000 21478.488281 22517.931641 23552.853516 21478.488281
76 0.468000 21478.488281 22515.289063 23552.853516 21478.488281
77 0.474000 21478.488281 22512.322266 23552.853516 21478.488281
78 0.480000 21478.488281 22512.134766 23552.853516 21478.488281
79 0.486000 21478.488281 22510.193359 23552.853516 21478.488281
80 0.493000 21478.488281 22509.126953 23552.853516 21478.488281
81 0.498000 21478.488281 22503.812500 23552.853516 21478.488281
82 0.504000 21478.488281 22500.716797 23552.853516 21478.488281
83 0.510000 21478.488281 22499.292969 23552.853516 21478.488281
84 0.516000 21478.488281 22494.025391 23552.853516 21478.488281
85 0.525000 21478.488281 22489.056641 23552.853516 21478.488281
86 0.533000 21478.488281 22481.640625 23552.853516 21478.488281
87 0.539000 21478.488281 22480.677734 23552.853516 21478.488281
88 0.545000 21478.488281 22479.837891 23552.853516 21478.488281
89 0.551000 21478.488281 22479.837891 23552.853516 21478.488281
90 0.557000 21478.488281 22477.712891 23552.853516 21478.488281
91 0.564000 21478.488281 22467.685547 23552.853516 21478.488281
92 0.570000 21478.488281 22460.466797 23552.853516 21478.488281
93 0.577000 21478.488281 22457.630859 23552.853516 21478.488281
94 0.583000 21478.488281 22456.261719 23552.853516 21478.488281
95 0.589000 21478.488281 22456.261719 23552.853516 21478.488281
96 0.595000 21478.488281 22454.697266 23552.853516 21478.488281
97 0.601000 21478.488281 22451.537109 23552.853516 21478.488281
98 0.607000 21478.488281 22450.697266 23552.853516 21478.488281
99 0.614000 21478.488281 22450.697266 23552.853516 21478.488281
100 0.620000 21478.488281 22444.042969 23552.853516 21478.488281
101 0.626000 21478.488281 22428.740234 23552.853516 21478.488281
102 0.632000 21478.488281 22424.757813 23552.853516 21478.488281
103 0.638000 21478.488281 22424.757813 23552.853516 21478.488281
104 0.644000 21478.488281 22422.664063 23552.853516 21478.488281
105 0.650000 21478.488281 22422.664063 23552.853516 21478.488281
106 0.656000 21478.488281 22421.857422 23552.853516 21478.488281
107 0.662000 21478.488281 22421.857422 23552.853516 21478.488281
108 0.669000 21478.488281 22421.857422 23552.853516 21478.488281
109 0.675000 21478.488281 22420.339844 23552.853516 21478.488281
110 0.681000 21478.488281 22420.339844 23552.853516 21478.488281
111 0.687000 21478.488281 22419.947266 23552.853516 21478.488281
112 0.693000 21478.488281 22419.947266 23552.853516 21478.488281
113 0.699000 21478.488281 22407.535156 23552.853516 21478.488281
114 0.705000 21478.488281 22407.457031 23552.853516 21478.488281
115 0.711000 21478.488281 22407.457031 23552.853516 21478.488281
116 0.718000 21478.488281 22407.457031 23552.853516 21478.488281
117 0.725000 21478.488281 22407.457031 23552.853516 21478.488281
118 0.731000 21478.488281 22406.019531 23552.853516 21478.488281
119 0.736000 21478.488281 22406.019531 23552.853516 21478.488281
120 0.742000 21478.488281 22406.019531 23552.853516 21478.488281
121 0.749000 21478.488281 22406.019531 23552.853516 21478.488281
122 0.755000 21478.488281 22405.126953 23552.853516 21478.488281
123 0.761000 21465.746094 22403.300781 23552.853516 21478.488281
124 0.767000 21465.746094 22400.722656 23552.853516 21465.746094
125 0.773000 21465.746094 22400.722656 23552.853516 21465.746094
126 0.779000 21465.746094 22400.722656 23552.853516 21465.746094
127 0.786000 21465.746094 22396.410156 23552.853516 21465.746094
128 0.792000 21465.746094 22394.800781 23552.853516 21465.746094
129 0.797000 21465.746094 22394.242188 23552.853516 21465.746094
130 0.804000 21465.746094 22388.447266 23552.853516 21465.746094
131 0.810000 21465.746094 22387.142578 23552.853516 21465.746094
132 0.816000 21465.746094 22387.142578 23552.853516 21465.746094
133 0.822000 21465.746094 22387.142578 23552.853516 21465.746094
134 0.829000 21465.746094 22387.142578 23552.853516 21465.746094
135 0.835000 21465.746094 22387.019531 23552.853516 21465.746094
136 0.841000 21465.746094 22386.904297 23552.853516 21465.746094
137 0.847000 21465.746094 22381.599609 23552.853516 21465.746094
138 0.853000 21465.746094 22378.560547 23552.853516 21465.746094
139 0.860000 21465.746094 22378.560547 23552.853516 21465.746094
140 0.865000 21465.746094 22378.560547 23552.853516 21465.746094
141 0.871000 21465.746094 22378.560547 23552.853516 21465.746094
142 0.877000 21465.746094 22378.560547 23552.853516 21465.746094
143 0.883000 21465.746094 22378.560547 23552.853516 21465.746094
144 0.889000 21465.746094 22374.677734 23552.853516 21465.746094
145 0.895000 21465.746094 22371.250000 23552.853516 21465.746094
146 0.902000 21465.746094 22371.052734 23552.853516 21465.746094
147 0.907000 21465.746094 22369.339844 23552.853516 21465.746094
148 0.913000 21465.746094 22365.773438 23552.853516 21465.746094
149 0.919000 21465.746094 22357.777344 23552.853516 21465.746094
150 0.924000 21465.746094 22356.181641 23552.853516 21465.746094
151 0.930000 21465.746094 22356.181641 23552.853516 21465.746094
152 0.936000 21465.746094 22356.181641 23552.853516 21465.746094
153 0.942000 21465.746094 22346.492188 23552.853516 21465.746094
154 0.949000 21465.746094 22346.464844 23552.853516 21465.746094
155 0.955000 21465.746094 22343.992188 23552.853516 21465.746094
156 0.961000 21465.746094 22333.685547 23552.853516 21465.746094
157 0.967000 21465.746094 22330.845703 23552.853516 21465.746094
158 0.973000 21465.746094 22330.845703 23552.853516 21465.746094
159 0.979000 21465.746094 22330.845703 23552.853516 21465.746094
160 0.985000 21465.746094 22328.908203 23552.853516 21465.746094
161 0.991000 21465.746094 22328.259766 23552.853516 21465.746094
162 0.997000 21465.746094 22327.097656 23552.853516 21465.746094
163 1.003000 21465.746094 22322.707031 23552.853516 21465.746094
164 1.010000 21465.746094 22322.707031 23552.853516 21465.746094
165 1.016000 21465.746094 22318.640625 23552.853516 21465.746094
166 1.022000 21465.746094 22314.375000 23552.853516 21465.746094
167 1.028000 21465.746094 22307.175781 23552.853516 21465.746094
168 1.035000 21465.746094 22306.894531 23552.853516 21465.746094
169 1.041000 21465.746094 22305.310547 23394.322266 21465.746094
170 1.047000 21465.746094 22305.310547 23394.322266 21465.746094
171 1.054000 21465.746094 22304.386719 23394.322266 21465.746094
172 1.060000 21465.746094 22304.386719 23394.322266 21465.746094
173 1.067000 21465.746094 22299.660156 23394.322266 21465.746094
174 1.074000 21465.746094 22298.867188 23394.322266 21465.746094
175 1.080000 21465.746094 22298.740234 23394.322266 21465.746094
176 1.086000 21465.746094 22298.740234 23394.322266 21465.746094
177 1.093000 21465.746094 22298.730469 23394.322266 21465.746094
178 1.099000 21465.746094 22298.730469 23394.322266 21465.746094
179 1.105000 21465.746094 22297.017578 23394.322266 21465.746094
180 1.111000 21465.746094 22294.162109 23214.673828 21465.746094
181 1.117000 21465.746094 22294.162109 23214.673828 21465.746094
182 1.124000 21465.746094 22288.539063 23214.673828 21465.746094
183 1.130000 21465.746094 22283.960938 23102.355469 21465.746094
184 1.136000 21465.746094 22283.660156 23102.355469 21465.746094
185 1.142000 21465.746094 22278.626953 23102.355469 21465.746094
186 1.149000 21465.746094 22278.626953 23102.355469 21465.746094
187 1.155000 21465.746094 22278.626953 23102.355469 21465.746094
188 1.161000 21465.746094 22278.234375 23102.355469 21465.746094
189 1.167000 21465.746094 22278.234375 23102.355469 21465.746094
190 1.172000 21465.746094 22277.619141 23102.355469 21465.746094
191 1.179000 21465.746094 22277.537109 23102.355469 21465.746094
192 1.185000 21465.746094 22277.537109 23102.355469 21465.746094
193 1.191000 21465.746094 22277.537109 23102.355469 21465.746094
194 1.198000 21465.746094 22277.537109 23102.355469 21465.746094
195 1.204000 21465.746094 22277.537109 23102.355469 21465.746094
196 1.210000 21465.746094 22277.537109 23102.355469 21465.746094
197 1.216000 21465.746094 22277.537109 23102.355469 21465.746094
198 1.222000 21465.746094 22277.537109 23102.355469 21465.746094
199 1.228000 21465.746094 22277.537109 23102.355469 21465.746094
200 1.236000 21465.746094 22277.537109 23102.355469 21465.746094
201 1.242000 21465.746094 22274.832031 23102.355469 21465.746094
202 1.249000 21465.746094 22274.818359 23102.355469 21465.746094
203 1.255000 21465.746094 22274.818359 23102.355469 21465.746094
204 1.262000 21465.746094 22274.818359 23102.355469 21465.746094
205 1.268000 21465.746094 22274.818359 23102.355469 21465.746094
206 1.275000 21465.746094 22274.818359 23102.355469 21465.746094
207 1.282000 21465.746094 22274.703125 23102.355469 21465.746094
208 1.288000 21465.746094 22274.703125 23102.355469 21465.746094
209 1.294000 21465.746094 22274.703125 23102.355469 21465.746094
210 1.301000 21465.746094 22274.703125 23102.355469 21465.746094
211 1.307000 21465.746094 22274.703125 23102.355469 21465.746094
212 1.314000 21465.746094 22274.703125 23102.355469 21465.746094
213 1.321000 21465.746094 22274.703125 23102.355469 21465.746094
214 1.326000 21465.746094 22274.703125 23102.355469 21465.746094
215 1.332000 21465.746094 22272.230469 23102.355469 21465.746094
216 1.338000 21465.746094 22272.230469 23102.355469 21465.746094
217 1.345000 21465.746094 22271.919922 23102.355469 21465.746094
218 1.350000 21465.746094 22271.919922 23102.355469 21465.746094
219 1.357000 21465.746094 22271.919922 23102.355469 21465.746094
220 1.362000 21465.746094 22271.919922 23102.355469 21465.746094
221 1.369000 21465.746094 22266.912109 23102.355469 21465.746094
222 1.375000 21465.746094 22266.912109 23102.355469 21465.746094
223 1.381000 21465.746094 22266.912109 23102.355469 21465.746094
