0 0.000000 3133.754639 3313.262207
1 0.041000 3010.185303 3313.262207
2 0.086000 2985.187256 3254.546143
3 0.129000 2968.869141 3212.723633
4 0.173000 2924.110352 3185.275635
5 0.220000 2912.308594 3156.517090
6 0.263000 2878.876953 3131.855957
7 0.305000 2878.876953 3108.156006
8 0.353000 2853.012207 3087.876465
9 0.399000 2853.012207 3068.881348
10 0.480000 2847.183105 3048.699707
11 0.525000 2843.176270 3033.169678
12 0.565000 2840.510254 3018.421143
13 0.604000 2824.728516 3006.255859
14 0.651000 2824.728516 2994.285400
15 0.696000 2811.230713 2979.965576
16 0.735000 2802.963379 2967.976563
17 0.779000 2802.963379 2958.504150
18 0.826000 2796.989014 2947.157471
19 0.874000 2796.989014 2938.666504
20 0.917000 2791.041260 2928.260742
21 0.958000 2781.014648 2920.643799
22 1.000000 2778.012451 2912.931152
23 1.047000 2753.527588 2906.766846
24 1.092000 2752.229248 2901.625977
25 1.134000 2752.229248 2894.426758
26 1.176000 2752.229248 2887.772461
27 1.222000 2752.229248 2882.851318
28 1.268000 2745.601807 2875.501221
29 1.320000 2745.601807 2869.378174
30 1.366000 2745.601807 2864.693848
31 1.413000 2745.601807 2861.354736
32 1.463000 2745.601807 2856.758789
33 1.507000 2745.601807 2852.495605
34 1.557000 2720.602295 2849.331543
35 1.610000 2720.602295 2846.794922
36 1.659000 2710.883789 2849.197754
37 1.709000 2710.883789 2843.777588
38 1.761000 2710.883789 2841.806641
39 1.805000 2710.883789 2840.542725
40 1.848000 2710.883789 2840.750244
41 1.896000 2710.883789 2837.414307
42 1.937000 2710.883789 2836.298340
43 1.982000 2708.461670 2835.747070
44 2.024000 2708.461670 2839.602295
45 2.072000 2708.461670 2833.374268
46 2.111000 2707.022949 2832.331543
47 2.158000 2707.022949 2830.981201
48 2.201000 2707.022949 2827.416992
49 2.244000 2707.022949 2825.966309
50 2.296000 2707.022949 2824.392090
51 2.341000 2707.022949 2823.176025
52 2.388000 2707.022949 2820.524414
53 2.430000 2707.022949 2826.438721
54 2.474000 2707.022949 2820.006592
55 2.514000 2707.022949 2819.260254
56 2.556000 2707.022949 2830.663086
57 2.596000 2707.022949 2823.633789
58 2.642000 2707.022949 2817.372559
59 2.685000 2707.022949 2816.253418
60 2.731000 2707.022949 2814.896240
61 2.780000 2707.022949 2814.249268
62 2.822000 2707.022949 2813.727783
63 2.866000 2707.022949 2810.724121
64 2.911000 2707.022949 2810.203857
65 2.954000 2707.022949 2809.014893
66 2.997000 2707.022949 2808.395996
67 3.032000 2707.022949 2807.873535
68 3.074000 2707.022949 2807.546631
69 3.122000 2707.022949 2810.000732
70 3.167000 2707.022949 2809.426270
71 3.210000 2707.022949 2810.656006
72 3.255000 2707.022949 2809.507568
73 3.303000 2707.022949 2808.533691
74 3.344000 2707.022949 2808.466553
75 3.386000 2707.022949 2807.549805
76 3.426000 2707.022949 2806.161865
77 3.465000 2707.022949 2805.467773
78 3.510000 2707.022949 2805.344727
79 3.552000 2707.022949 2804.477295
80 3.596000 2707.022949 2804.140869
81 3.639000 2707.022949 2803.836670
82 3.685000 2707.022949 2803.172607
83 3.735000 2707.022949 2802.556885
84 3.795000 2707.022949 2802.122803
85 3.840000 2707.022949 2801.678223
86 3.883000 2707.022949 2802.469482
87 3.924000 2707.022949 2802.194336
88 3.971000 2707.022949 2803.665039
89 4.015000 2707.022949 2803.377441
90 4.057000 2707.022949 2802.987305
91 4.102000 2707.022949 2802.315918
92 4.153000 2707.022949 2801.461670
93 4.196000 2707.022949 2801.461182
94 4.238000 2707.022949 2801.295410
95 4.279000 2707.022949 2801.130859
96 4.324000 2707.022949 2800.905518
97 4.369000 2707.022949 2799.930420
98 4.413000 2707.022949 2799.178467
99 4.451000 2707.022949 2799.146484
100 4.492000 2707.022949 2798.984375
101 4.534000 2707.022949 2798.821533
102 4.583000 2707.022949 2798.821533
103 4.627000 2707.022949 2798.741455
104 4.673000 2707.022949 2798.675293
105 4.718000 2707.022949 2798.494629
106 4.767000 2707.022949 2798.052734
107 4.809000 2707.022949 2798.010010
108 4.853000 2707.022949 2797.841553
109 4.899000 2707.022949 2797.742432
110 4.938000 2707.022949 2796.284668
111 4.985000 2707.022949 2803.357178
112 5.035000 2707.022949 2804.325928
113 5.080000 2707.022949 2800.479736
114 5.122000 2707.022949 2799.608643
115 5.164000 2707.022949 2799.572510
116 5.209000 2707.022949 2798.761475
117 5.252000 2707.022949 2804.135010
118 5.293000 2707.022949 2799.681641
119 5.337000 2707.022949 2798.908447
120 5.380000 2706.299316 2797.603760
121 5.425000 2706.299316 2797.454590
122 5.474000 2706.299316 2799.756836
123 5.521000 2706.299316 2798.881836
124 5.563000 2706.299316 2797.069580
125 5.606000 2706.299316 2796.843506
126 5.646000 2706.299316 2794.310303
127 5.686000 2706.299316 2793.811279
128 5.735000 2695.652832 2792.126465
129 5.775000 2695.652832 2792.549805
130 5.818000 2695.652832 2791.099609
131 5.862000 2695.652832 2791.780029
132 5.904000 2695.652832 2794.243164
133 5.940000 2695.652832 2793.778809
134 5.984000 2695.652832 2793.429443
135 6.025000 2695.652832 2792.330078
136 6.066000 2695.652832 2792.122070
137 6.109000 2695.652832 2791.194580
138 6.154000 2695.652832 2791.030273
139 6.197000 2695.652832 2790.050293
140 6.240000 2695.652832 2789.270996
141 6.284000 2695.652832 2789.186035
142 6.327000 2695.652832 2790.145996
143 6.370000 2695.652832 2789.034912
144 6.409000 2695.652832 2788.847168
145 6.455000 2695.652832 2788.366943
146 6.502000 2695.652832 2787.971191
147 6.545000 2695.652832 2787.515625
148 6.589000 2695.652832 2787.258789
149 6.636000 2695.652832 2787.429932
150 6.684000 2695.652832 2785.774414
151 6.726000 2695.652832 2785.774414
152 6.771000 2695.652832 2785.540283
153 6.812000 2695.652832 2785.469482
154 6.852000 2695.652832 2785.242920
155 6.893000 2695.652832 2785.058350
156 6.934000 2695.652832 2784.326660
157 6.977000 2695.652832 2783.058350
158 7.020000 2695.652832 2781.945313
159 7.063000 2695.652832 2781.058838
160 7.105000 2695.652832 2781.015869
161 7.147000 2695.652832 2785.552734
162 7.190000 2695.652832 2786.299316
163 7.238000 2695.652832 2784.866211
164 7.289000 2695.652832 2783.806885
165 7.334000 2695.652832 2783.462158
166 7.378000 2695.652832 2785.012451
167 7.423000 2695.652832 2784.415039
168 7.466000 2695.652832 2784.194580
169 7.513000 2695.652832 2783.142090
170 7.555000 2695.652832 2782.784912
171 7.603000 2695.652832 2781.849365
172 7.646000 2695.652832 2780.976807
173 7.687000 2695.652832 2780.350586
174 7.730000 2695.652832 2780.225098
175 7.775000 2695.652832 2779.944092
176 7.818000 2695.652832 2779.581787
177 7.858000 2695.652832 2779.539063
178 7.903000 2695.652832 2779.522217
179 7.947000 2695.652832 2780.850830
180 7.993000 2695.652832 2779.751221
181 8.034000 2695.652832 2779.505371
182 8.082000 2695.652832 2779.120850
183 8.144000 2695.652832 2778.960938
184 8.188000 2695.652832 2777.786621
185 8.230000 2695.652832 2780.394775
186 8.277000 2695.652832 2780.371826
187 8.324000 2695.652832 2779.008789
188 8.366000 2695.652832 2777.832520
189 8.409000 2695.652832 2777.359619
190 8.450000 2695.652832 2777.258057
191 8.500000 2695.652832 2777.161865
192 8.542000 2695.652832 2776.789795
193 8.593000 2695.652832 2776.789307
194 8.644000 2695.652832 2776.431152
195 8.685000 2695.652832 2774.545654
196 8.743000 2695.652832 2774.518555
197 8.791000 2695.652832 2774.518555
198 8.852000 2695.652832 2774.277832
199 8.941000 2695.652832 2774.235352
200 9.023000 2695.652832 2773.674072
201 9.073000 2695.652832 2773.451904
202 9.125000 2695.652832 2772.087891
203 9.176000 2695.652832 2772.017822
204 9.221000 2695.652832 2771.750977
205 9.272000 2695.652832 2771.750977
206 9.318000 2695.652832 2771.750977
207 9.362000 2695.652832 2771.721924
208 9.408000 2695.652832 2771.419434
209 9.455000 2695.652832 2771.090820
210 9.503000 2695.652832 2771.091309
211 9.545000 2695.652832 2770.979492
212 9.594000 2695.652832 2770.979492
213 9.638000 2695.652832 2770.979492
214 9.685000 2695.652832 2770.764648
215 9.731000 2695.652832 2770.637451
216 9.777000 2695.652832 2770.637451
217 9.824000 2695.652832 2770.331055
218 9.870000 2695.652832 2770.302734
219 9.911000 2695.652832 2769.811035
220 9.958000 2695.652832 2769.703857
221 9.998000 2695.652832 2769.703857
222 10.042000 2695.652832 2769.703857
223 10.092000 2695.652832 2769.703857
224 10.140000 2695.652832 2769.703857
225 10.185000 2695.652832 2769.703857
226 10.235000 2695.652832 2769.520264
227 10.277000 2695.652832 2769.493408
228 10.323000 2695.652832 2769.470703
229 10.362000 2695.652832 2777.152832
230 10.409000 2695.652832 2772.021240
231 10.454000 2695.652832 2770.563965
232 10.503000 2695.652832 2772.191650
233 10.546000 2695.652832 2772.120117
234 10.592000 2695.652832 2776.363037
235 10.636000 2695.652832 2773.695313
236 10.674000 2695.652832 2772.504395
237 10.720000 2695.652832 2770.109131
238 10.767000 2695.652832 2770.109131
239 10.813000 2695.652832 2769.581543
240 10.861000 2695.652832 2777.551270
241 10.908000 2695.652832 2773.094971
242 10.954000 2695.652832 2770.557861
243 11.001000 2695.652832 2770.040039
244 11.041000 2695.652832 2769.997803
245 11.086000 2695.652832 2769.924072
246 11.132000 2695.652832 2774.989746
247 11.170000 2695.652832 2770.239014
248 11.218000 2695.652832 2769.986572
249 11.256000 2695.652832 2769.986572
250 11.306000 2695.652832 2772.519043
251 11.344000 2695.652832 2771.377930
252 11.390000 2695.652832 2771.063232
253 11.439000 2695.652832 2770.982178
254 11.486000 2695.652832 2770.752197
255 11.532000 2695.652832 2770.254395
256 11.583000 2695.652832 2769.004150
257 11.632000 2695.652832 2768.678711
258 11.683000 2695.652832 2768.465820
259 11.739000 2695.652832 2768.367188
260 11.790000 2695.652832 2768.245117
261 11.839000 2695.652832 2768.244629
262 11.880000 2695.652832 2768.244629
263 11.927000 2695.652832 2768.236816
264 11.976000 2695.652832 2768.224365
265 12.018000 2695.652832 2774.138672
266 12.060000 2695.652832 2775.050293
267 12.104000 2695.652832 2775.893066
268 12.149000 2695.652832 2774.999023
269 12.191000 2695.652832 2774.937744
270 12.240000 2695.652832 2774.346924
271 12.282000 2695.652832 2774.227783
272 12.325000 2695.652832 2773.366943
273 12.372000 2695.652832 2772.301025
274 12.414000 2695.652832 2772.301025
275 12.457000 2695.652832 2771.629639
276 12.502000 2695.652832 2771.629639
277 12.545000 2695.652832 2771.629639
278 12.591000 2695.652832 2771.629639
279 12.637000 2695.652832 2770.784424
280 12.674000 2695.652832 2770.512207
281 12.715000 2695.652832 2770.488525
282 12.757000 2695.652832 2774.308838
283 12.798000 2695.652832 2772.487793
284 12.840000 2695.652832 2770.929688
285 12.884000 2695.652832 2770.570313
286 12.927000 2695.652832 2769.936768
287 12.971000 2695.652832 2769.719971
288 13.017000 2695.652832 2769.513672
289 13.061000 2695.652832 2769.329590
290 13.107000 2695.652832 2769.329590
291 13.149000 2695.652832 2769.183350
292 13.196000 2695.652832 2779.534668
293 13.243000 2695.652832 2771.191650
294 13.289000 2695.652832 2770.981445
295 13.337000 2695.652832 2768.923340
296 13.383000 2695.652832 2767.774170
297 13.433000 2695.652832 2775.488037
298 13.480000 2695.652832 2781.678467
299 13.525000 2695.652832 2775.301758
300 13.565000 2695.652832 2769.032227
301 13.610000 2695.652832 2769.032471
302 13.655000 2695.652832 2772.777100
303 13.706000 2695.652832 2772.465332
304 13.747000 2695.652832 2772.439453
305 13.790000 2695.652832 2770.752441
306 13.836000 2695.652832 2770.503418
307 13.884000 2695.652832 2769.518799
308 13.931000 2695.652832 2769.321777
309 13.974000 2695.652832 2768.125244
310 14.018000 2695.652832 2767.570557
311 14.063000 2695.652832 2767.502930
312 14.105000 2695.652832 2767.211182
313 14.148000 2695.652832 2768.628174
314 14.190000 2695.652832 2768.568848
315 14.238000 2695.652832 2768.438721
316 14.281000 2695.652832 2775.148193
317 14.324000 2695.652832 2769.863037
318 14.366000 2695.652832 2769.811768
319 14.410000 2695.652832 2769.698486
320 14.452000 2695.652832 2769.407227
321 14.498000 2695.652832 2769.317383
322 14.543000 2695.652832 2769.009277
323 14.589000 2695.652832 2767.462402
324 14.629000 2695.652832 2767.159424
325 14.672000 2695.652832 2773.446533
326 14.717000 2695.652832 2768.003174
327 14.760000 2695.652832 2767.677490
328 14.803000 2695.652832 2767.336670
329 14.849000 2695.652832 2766.170654
330 14.893000 2695.652832 2765.140625
331 14.943000 2695.652832 2764.750977
332 14.991000 2695.652832 2764.646240
333 15.038000 2695.652832 2769.624756
334 15.083000 2695.652832 2768.232178
335 15.127000 2695.652832 2767.651367
336 15.170000 2695.652832 2767.618408
337 15.215000 2695.652832 2767.137451
338 15.263000 2695.652832 2766.492432
339 15.304000 2695.652832 2766.244385
340 15.356000 2695.652832 2765.903320
341 15.401000 2695.652832 2765.696777
342 15.447000 2695.652832 2765.495605
343 15.490000 2695.652832 2765.495605
344 15.534000 2695.652832 2765.477783
345 15.574000 2695.652832 2765.477783
346 15.619000 2695.652832 2765.459961
347 15.663000 2695.652832 2764.666260
348 15.711000 2695.652832 2764.632813
349 15.758000 2695.652832 2764.632813
350 15.801000 2695.652832 2764.508057
351 15.845000 2695.652832 2764.508057
352 15.887000 2695.652832 2764.508057
353 15.931000 2695.652832 2772.433838
354 15.978000 2695.652832 2766.155029
355 16.025000 2695.652832 2772.658447
356 16.067000 2695.652832 2767.811523
357 16.115000 2695.652832 2767.811523
358 16.162000 2695.652832 2766.754639
359 16.209000 2695.652832 2766.545654
360 16.251000 2695.652832 2767.852783
361 16.298000 2695.652832 2767.852783
362 16.347000 2695.652832 2767.244385
363 16.395000 2695.652832 2766.513428
364 16.438000 2695.652832 2766.746338
365 16.486000 2695.652832 2766.586182
366 16.531000 2695.652832 2766.520020
367 16.577000 2695.652832 2766.345703
368 16.623000 2695.652832 2765.916992
369 16.667000 2695.652832 2765.809570
370 16.713000 2695.652832 2765.656494
371 16.752000 2695.652832 2765.553223
372 16.795000 2695.652832 2765.334473
373 16.840000 2695.652832 2765.081299
374 16.888000 2695.652832 2765.081299
375 16.933000 2695.652832 2764.860596
376 16.982000 2695.652832 2764.492920
377 17.024000 2695.652832 2764.492432
378 17.065000 2695.652832 2764.418701
379 17.106000 2695.652832 2764.151611
380 17.151000 2695.652832 2764.151611
381 17.193000 2695.652832 2766.688232
382 17.236000 2695.652832 2766.621826
383 17.281000 2695.652832 2766.276611
384 17.326000 2695.652832 2765.388184
385 17.373000 2695.652832 2765.308838
386 17.419000 2695.652832 2769.782715
387 17.464000 2695.652832 2766.366455
388 17.512000 2695.652832 2766.027588
389 17.561000 2695.652832 2766.010742
390 17.607000 2695.652832 2765.943115
391 17.649000 2695.652832 2767.203369
392 17.691000 2695.652832 2767.203369
393 17.734000 2695.652832 2767.093506
394 17.776000 2695.652832 2766.760986
395 17.823000 2695.652832 2766.657471
396 17.868000 2695.652832 2766.522461
397 17.912000 2695.652832 2766.522461
398 17.957000 2695.652832 2764.758057
399 18.006000 2658.050293 2764.758057
400 18.046000 2658.050293 2764.031006
401 18.095000 2658.050293 2764.031006
402 18.144000 2658.050293 2763.565918
403 18.188000 2658.050293 2763.485352
404 18.240000 2658.050293 2763.485352
405 18.282000 2658.050293 2768.030273
406 18.328000 2658.050293 2766.563477
407 18.372000 2658.050293 2765.569336
408 18.421000 2658.050293 2770.641602
409 18.461000 2658.050293 2767.393799
410 18.505000 2658.050293 2765.952881
411 18.550000 2658.050293 2773.702393
412 18.595000 2655.022949 2766.285645
413 18.640000 2655.022949 2773.594971
414 18.684000 2655.022949 2769.876465
415 18.725000 2655.022949 2767.728027
416 18.770000 2655.022949 2765.817871
417 18.813000 2655.022949 2765.561523
418 18.859000 2655.022949 2765.221191
419 18.904000 2655.022949 2764.817871
420 18.945000 2655.022949 2764.161133
421 18.997000 2655.022949 2763.996338
422 19.042000 2655.022949 2768.573486
423 19.086000 2655.022949 2765.820557
424 19.135000 2655.022949 2765.766357
425 19.178000 2655.022949 2764.649902
426 19.220000 2655.022949 2764.650391
427 19.264000 2655.022949 2763.979980
428 19.309000 2655.022949 2763.811768
429 19.357000 2655.022949 2762.963135
430 19.403000 2655.022949 2762.916260
431 19.446000 2655.022949 2762.571777
432 19.492000 2655.022949 2762.492432
433 19.535000 2655.022949 2770.422119
434 19.575000 2655.022949 2770.043701
435 19.620000 2655.022949 2763.209717
436 19.670000 2655.022949 2768.654785
437 19.713000 2655.022949 2763.138428
438 19.760000 2655.022949 2762.923828
439 19.805000 2652.343018 2761.927246
440 19.850000 2652.343018 2763.791260
441 19.889000 2652.343018 2763.569580
442 19.934000 2652.343018 2763.391846
443 19.977000 2652.343018 2762.579346
444 20.016000 2652.343018 2762.517822
445 20.059000 2652.343018 2762.322510
446 20.104000 2652.343018 2762.322510
447 20.146000 2652.343018 2762.308350
448 20.192000 2652.343018 2762.308350
449 20.255000 2652.343018 2770.810547
450 20.300000 2652.343018 2764.430908
451 20.347000 2652.343018 2764.057617
452 20.389000 2652.343018 2762.557617
453 20.432000 2652.343018 2762.543457
454 20.476000 2652.343018 2767.997070
455 20.515000 2652.343018 2763.967529
456 20.558000 2652.343018 2767.867432
457 20.604000 2652.343018 2766.589600
458 20.646000 2652.343018 2764.647705
459 20.689000 2652.343018 2764.454590
460 20.732000 2652.343018 2763.475098
461 20.776000 2652.343018 2763.156250
462 20.824000 2652.343018 2763.156250
463 20.868000 2652.343018 2762.827148
464 20.913000 2652.343018 2762.314941
465 20.959000 2652.343018 2761.351807
466 21.008000 2652.343018 2764.132813
467 21.052000 2652.343018 2773.179688
468 21.098000 2652.343018 2764.907471
469 21.142000 2652.343018 2764.731201
470 21.185000 2652.343018 2764.575684
471 21.226000 2652.343018 2764.203369
472 21.270000 2652.343018 2763.015381
473 21.315000 2652.343018 2762.104980
474 21.367000 2652.343018 2761.894287
475 21.411000 2652.343018 2761.078369
476 21.456000 2652.343018 2761.078857
477 21.501000 2652.343018 2760.907227
478 21.548000 2652.343018 2766.729736
479 21.586000 2652.343018 2762.149170
480 21.628000 2652.343018 2761.841553
481 21.669000 2652.343018 2761.463135
482 21.715000 2652.343018 2761.463135
483 21.760000 2652.343018 2761.463135
484 21.801000 2652.343018 2761.067871
485 21.847000 2652.343018 2761.067871
486 21.888000 2652.343018 2760.849121
487 21.934000 2652.343018 2760.562744
488 21.977000 2652.343018 2760.562500
489 22.019000 2652.343018 2760.458496
490 22.065000 2652.343018 2761.447266
491 22.104000 2652.343018 2764.539063
492 22.152000 2652.343018 2763.702393
493 22.194000 2652.343018 2763.291504
494 22.237000 2652.343018 2763.003174
495 22.278000 2652.343018 2761.721191
496 22.321000 2652.343018 2760.755615
497 22.366000 2652.343018 2762.858154
498 22.411000 2652.343018 2762.854736
499 22.454000 2652.343018 2761.484131
500 22.500000 2652.343018 2761.309326
501 22.548000 2652.343018 2760.479492
502 22.592000 2652.343018 2760.093750
503 22.639000 2652.343018 2759.619141
504 22.681000 2652.343018 2759.619141
505 22.723000 2652.343018 2759.208984
506 22.770000 2652.343018 2758.244141
507 22.815000 2652.343018 2758.243408
508 22.858000 2652.343018 2758.151367
509 22.903000 2652.343018 2758.151367
510 22.948000 2652.343018 2758.090332
511 22.997000 2652.343018 2757.853516
512 23.045000 2652.343018 2757.801514
513 23.090000 2652.343018 2757.624756
514 23.139000 2652.343018 2757.152832
515 23.186000 2652.343018 2757.152832
516 23.227000 2652.343018 2757.152832
517 23.268000 2652.343018 2756.682129
518 23.309000 2652.343018 2756.682129
519 23.349000 2652.343018 2756.682129
520 23.394000 2652.343018 2756.682129
521 23.429000 2652.343018 2756.578369
522 23.473000 2652.343018 2756.578369
523 23.519000 2652.343018 2756.578369
524 23.564000 2652.343018 2756.578369
525 23.611000 2652.343018 2756.576660
526 23.655000 2652.343018 2756.576660
527 23.700000 2652.343018 2756.576660
528 23.745000 2652.343018 2756.540283
529 23.783000 2652.343018 2756.540283
530 23.823000 2652.343018 2756.466309
531 23.871000 2652.343018 2756.097168
532 23.916000 2652.343018 2755.997559
533 23.965000 2652.343018 2755.995117
534 24.004000 2652.343018 2755.995117
535 24.045000 2652.343018 2756.931641
536 24.091000 2652.343018 2757.793213
537 24.136000 2652.343018 2756.750977
538 24.177000 2652.343018 2756.750977
539 24.223000 2652.343018 2756.624023
540 24.266000 2652.343018 2756.553711
541 24.307000 2652.343018 2756.363525
542 24.351000 2652.343018 2756.290039
543 24.395000 2652.343018 2756.290039
544 24.440000 2652.343018 2756.290039
545 24.486000 2652.343018 2756.129883
546 24.530000 2652.343018 2755.870361
547 24.578000 2652.343018 2755.783691
548 24.627000 2652.343018 2754.697510
549 24.672000 2652.343018 2756.100830
550 24.713000 2652.343018 2754.611328
551 24.761000 2652.343018 2754.360840
552 24.806000 2652.343018 2754.360840
553 24.846000 2652.343018 2754.341797
554 24.887000 2652.343018 2754.128174
555 24.934000 2652.343018 2753.994141
556 24.980000 2652.343018 2753.782227
557 25.024000 2652.343018 2753.628174
558 25.070000 2652.343018 2758.238770
559 25.116000 2652.343018 2756.650391
560 25.157000 2652.343018 2754.071289
561 25.201000 2652.343018 2753.985596
562 25.251000 2652.343018 2753.381836
563 25.301000 2652.343018 2753.334961
564 25.343000 2652.343018 2753.195068
565 25.384000 2652.343018 2758.820313
566 25.430000 2652.343018 2758.034668
567 25.475000 2652.343018 2757.504639
568 25.521000 2652.343018 2757.491455
569 25.565000 2652.343018 2757.005859
570 25.612000 2652.343018 2756.269775
571 25.659000 2652.343018 2756.037598
572 25.705000 2652.343018 2755.353516
573 25.749000 2652.343018 2754.916016
574 25.795000 2652.343018 2754.857178
575 25.839000 2652.343018 2754.258545
576 25.884000 2652.343018 2752.153320
577 25.930000 2652.343018 2751.853760
578 25.973000 2652.343018 2751.851318
579 26.016000 2652.343018 2751.591309
580 26.060000 2652.343018 2751.205322
581 26.103000 2652.343018 2750.774658
582 26.145000 2652.343018 2750.774658
583 26.189000 2652.343018 2750.236572
584 26.230000 2652.343018 2754.259277
585 26.274000 2652.343018 2759.860352
586 26.317000 2652.343018 2759.148682
587 26.358000 2652.343018 2752.008789
588 26.403000 2652.343018 2751.493408
589 26.444000 2652.343018 2750.852783
590 26.486000 2652.343018 2749.413086
591 26.532000 2652.343018 2748.723633
592 26.576000 2652.343018 2748.499268
593 26.620000 2652.343018 2747.945068
594 26.665000 2652.343018 2747.295654
595 26.707000 2652.343018 2753.732422
596 26.748000 2652.343018 2753.912109
597 26.790000 2652.343018 2753.806641
598 26.826000 2652.343018 2753.704346
599 26.871000 2652.343018 2753.529297
600 26.921000 2652.343018 2753.452148
601 26.966000 2652.343018 2747.820313
602 27.011000 2652.343018 2747.729736
603 27.049000 2652.343018 2747.634766
604 27.093000 2652.343018 2747.620117
605 27.134000 2652.343018 2745.394287
606 27.179000 2652.343018 2745.391846
607 27.222000 2652.343018 2744.532715
608 27.268000 2652.343018 2746.235352
609 27.312000 2652.343018 2745.577148
610 27.359000 2652.343018 2745.403320
611 27.402000 2652.343018 2745.179443
612 27.449000 2652.343018 2743.967773
613 27.493000 2652.343018 2746.147461
614 27.536000 2652.343018 2745.857910
615 27.581000 2652.343018 2744.481934
616 27.628000 2652.343018 2744.194336
617 27.671000 2652.343018 2741.342285
618 27.716000 2652.343018 2741.169434
619 27.760000 2652.343018 2741.116943
620 27.799000 2652.343018 2742.654785
621 27.845000 2652.343018 2741.765869
622 27.885000 2652.343018 2740.739258
623 27.929000 2652.343018 2739.801270
624 27.969000 2652.343018 2739.353516
625 28.011000 2652.343018 2742.634277
626 28.052000 2652.343018 2741.774658
627 28.092000 2652.343018 2741.469482
628 28.134000 2652.343018 2752.013184
629 28.177000 2652.343018 2744.390625
630 28.221000 2652.343018 2739.785400
631 28.267000 2652.343018 2739.474609
632 28.311000 2652.343018 2738.007080
633 28.360000 2652.343018 2737.771973
634 28.402000 2652.343018 2737.147461
635 28.444000 2652.343018 2741.107178
636 28.490000 2652.343018 2740.755371
637 28.535000 2652.343018 2740.082275
638 28.578000 2652.343018 2738.631592
639 28.619000 2652.343018 2738.142090
640 28.664000 2652.343018 2737.519043
641 28.709000 2652.343018 2736.508057
642 28.749000 2652.343018 2735.521973
643 28.795000 2652.343018 2734.788818
644 28.840000 2652.343018 2733.196045
645 28.884000 2652.343018 2732.148682
646 28.930000 2652.343018 2731.121582
647 28.975000 2652.343018 2730.794678
648 29.022000 2652.343018 2729.502441
649 29.066000 2652.343018 2735.020508
650 29.108000 2652.343018 2731.802246
651 29.149000 2652.343018 2730.578125
652 29.193000 2652.343018 2736.320068
653 29.237000 2652.343018 2733.832520
654 29.279000 2652.343018 2733.039795
655 29.325000 2652.343018 2729.794678
656 29.369000 2652.343018 2728.268799
657 29.413000 2652.343018 2727.472168
658 29.455000 2652.343018 2724.837402
659 29.500000 2652.343018 2728.483154
660 29.544000 2652.343018 2728.205078
661 29.592000 2652.343018 2726.604492
662 29.637000 2652.343018 2723.045410
663 29.683000 2652.343018 2721.817139
664 29.727000 2652.343018 2721.395020
665 29.772000 2652.343018 2719.767822
666 29.817000 2652.343018 2719.346924
667 29.859000 2652.343018 2718.234619
668 29.901000 2652.343018 2717.328125
669 29.947000 2652.343018 2722.531982
670 29.992000 2652.343018 2721.342285
671 30.032000 2652.343018 2721.703125
672 30.079000 2652.343018 2720.092285
673 30.126000 2652.343018 2718.048340
674 30.169000 2652.343018 2715.698486
675 30.210000 2652.343018 2714.722168
676 30.250000 2652.343018 2712.169434
677 30.293000 2652.343018 2710.209717
678 30.342000 2652.343018 2706.943115
679 30.390000 2652.343018 2703.358398
680 30.433000 2652.343018 2699.142090
681 30.473000 2652.343018 2698.248535
682 30.519000 2652.343018 2698.074463
683 30.565000 2652.343018 2692.902100
684 30.611000 2652.343018 2692.902100
685 30.657000 2652.343018 2692.902100
686 30.699000 2652.343018 2692.728516
687 30.745000 2652.343018 2692.728516
688 30.789000 2652.343018 2692.380615
689 30.835000 2652.343018 2692.380615
690 30.878000 2652.343018 2692.380615
691 30.921000 2652.343018 2692.380615
692 30.965000 2652.343018 2692.206543
693 31.012000 2652.343018 2693.089600
694 31.057000 2652.343018 2699.235107
695 31.099000 2652.343018 2692.206543
696 31.146000 2652.343018 2691.858643
697 31.193000 2652.343018 2691.336914
698 31.237000 2652.343018 2691.336914
699 31.284000 2652.343018 2691.162842
700 31.324000 2652.343018 2690.989014
701 31.364000 2652.343018 2690.640869
702 31.407000 2652.343018 2690.640869
703 31.451000 2652.343018 2690.293213
704 31.495000 2652.343018 2689.945068
705 31.542000 2652.343018 2689.927490
706 31.586000 2652.343018 2689.927490
707 31.633000 2652.343018 2693.849121
708 31.686000 2652.343018 2697.346924
709 31.731000 2652.343018 2696.328369
710 31.774000 2652.343018 2697.489990
711 31.819000 2652.343018 2693.811768
712 31.862000 2652.343018 2692.974121
713 31.906000 2652.343018 2692.278076
714 31.944000 2652.343018 2690.274414
715 31.987000 2652.343018 2689.678223
716 32.034000 2652.343018 2688.703857
717 32.075000 2652.343018 2687.554932
718 32.115000 2652.343018 2686.586670
719 32.159000 2652.343018 2685.393555
720 32.208000 2652.343018 2684.523193
721 32.250000 2652.343018 2683.506836
722 32.295000 2652.343018 2681.397461
723 32.339000 2652.343018 2680.353027
724 32.382000 2652.343018 2679.308838
725 32.424000 2652.343018 2679.135010
726 32.465000 2652.343018 2677.762207
727 32.514000 2652.343018 2677.762207
728 32.557000 2652.343018 2677.762207
729 32.604000 2652.343018 2677.762207
730 32.648000 2652.343018 2677.762207
731 32.692000 2652.343018 2677.762207
732 32.740000 2652.343018 2677.762207
733 32.786000 2652.343018 2677.762207
734 32.829000 2652.343018 2677.762207
735 32.880000 2652.343018 2677.762207
736 32.928000 2652.343018 2677.762207
737 32.971000 2652.343018 2680.257568
738 33.016000 2652.343018 2677.762207
739 33.063000 2652.343018 2677.762207
740 33.109000 2652.343018 2677.762207
741 33.144000 2652.343018 2677.762207
742 33.191000 2652.343018 2677.762207
743 33.233000 2652.343018 2677.762207
744 33.277000 2652.343018 2677.762207
745 33.320000 2652.343018 2677.762207
746 33.363000 2652.343018 2677.762207
747 33.409000 2652.343018 2677.762207
748 33.453000 2652.343018 2677.762207
749 33.494000 2652.343018 2677.762207
750 33.539000 2652.343018 2677.762207
751 33.585000 2652.343018 2677.762207
752 33.629000 2652.343018 2677.762207
753 33.671000 2652.343018 2677.762207
754 33.719000 2652.343018 2677.762207
755 33.764000 2652.343018 2677.762207
756 33.802000 2652.343018 2677.762207
757 33.842000 2652.343018 2677.762207
758 33.885000 2652.343018 2677.762207
759 33.931000 2652.343018 2677.762207
760 33.979000 2652.343018 2677.762207
761 34.032000 2652.343018 2677.762207
762 34.077000 2652.343018 2677.762207
763 34.123000 2652.343018 2683.181885
764 34.165000 2652.343018 2679.294678
765 34.210000 2652.343018 2677.762207
766 34.255000 2652.343018 2677.762207
767 34.296000 2652.343018 2677.762207
768 34.341000 2652.343018 2677.762207
769 34.385000 2652.343018 2677.762207
770 34.428000 2652.343018 2677.762207
771 34.477000 2652.343018 2677.762207
772 34.523000 2652.343018 2677.762207
773 34.570000 2652.343018 2677.762207
774 34.617000 2652.343018 2677.762207
775 34.664000 2652.343018 2677.762207
776 34.713000 2652.343018 2677.762207
777 34.754000 2652.343018 2678.330566
778 34.797000 2652.343018 2677.762207
779 34.840000 2652.343018 2677.762207
780 34.886000 2652.343018 2677.762207
781 34.932000 2652.343018 2677.762207
782 34.976000 2652.343018 2677.762207
783 35.025000 2652.343018 2677.762207
784 35.074000 2652.343018 2677.762207
785 35.118000 2652.343018 2677.762207
786 35.164000 2652.343018 2678.539063
787 35.210000 2652.343018 2684.833740
788 35.254000 2652.343018 2681.356445
789 35.301000 2652.343018 2677.762207
790 35.346000 2652.343018 2677.762207
791 35.392000 2652.343018 2677.762207
792 35.437000 2652.343018 2677.762207
793 35.481000 2652.343018 2677.762207
794 35.526000 2652.343018 2683.616211
795 35.572000 2652.343018 2677.762207
796 35.621000 2652.343018 2677.762207
797 35.667000 2652.343018 2677.762207
798 35.711000 2652.343018 2677.762207
799 35.754000 2652.343018 2683.445313
800 35.797000 2652.343018 2677.762207
801 35.837000 2652.343018 2677.762207
802 35.880000 2652.343018 2677.762207
803 35.926000 2652.343018 2677.762207
804 35.974000 2652.343018 2677.762207
805 36.018000 2652.343018 2677.762207
806 36.064000 2652.343018 2677.762207
807 36.108000 2652.343018 2681.582764
808 36.150000 2652.343018 2677.762207
809 36.191000 2652.343018 2677.762207
810 36.229000 2652.343018 2679.136475
811 36.277000 2652.343018 2677.762207
812 36.319000 2652.343018 2677.985840
813 36.367000 2652.343018 2677.762207
814 36.414000 2652.343018 2677.762207
815 36.457000 2652.343018 2677.762207
816 36.503000 2652.343018 2684.465820
817 36.552000 2652.343018 2677.762207
818 36.593000 2652.343018 2677.762207
819 36.637000 2652.343018 2692.613770
820 36.684000 2652.343018 2687.318359
821 36.726000 2652.343018 2677.762207
822 36.777000 2652.343018 2677.762207
823 36.821000 2652.343018 2677.762207
824 36.861000 2652.343018 2677.762207
825 36.906000 2652.343018 2677.762207
826 36.951000 2652.343018 2677.762207
827 36.994000 2652.343018 2677.762207
828 37.036000 2652.343018 2677.762207
829 37.080000 2652.343018 2677.762207
830 37.125000 2652.343018 2677.762207
831 37.171000 2652.343018 2677.762207
832 37.217000 2652.343018 2677.762207
833 37.259000 2652.343018 2677.762207
834 37.299000 2652.343018 2677.762207
835 37.342000 2652.343018 2677.762207
836 37.385000 2652.343018 2677.762207
837 37.434000 2652.343018 2677.762207
838 37.480000 2652.343018 2677.762207
839 37.525000 2652.343018 2679.541504
840 37.570000 2652.343018 2678.503174
841 37.614000 2652.343018 2677.762207
842 37.655000 2652.343018 2679.203125
843 37.697000 2652.343018 2677.762207
844 37.739000 2652.343018 2677.762207
845 37.782000 2652.343018 2677.762207
846 37.827000 2652.343018 2677.762207
847 37.872000 2652.343018 2677.762207
848 37.915000 2652.343018 2677.762207
849 37.959000 2652.343018 2677.762207
850 38.005000 2652.343018 2677.762207
851 38.048000 2652.343018 2677.762207
852 38.091000 2652.343018 2677.762207
853 38.137000 2652.343018 2692.880615
854 38.187000 2652.343018 2686.181152
855 38.234000 2652.343018 2677.762207
856 38.279000 2652.343018 2684.161865
857 38.328000 2652.343018 2677.762207
858 38.373000 2652.343018 2677.762207
859 38.414000 2652.343018 2681.326660
860 38.456000 2652.343018 2677.762207
861 38.499000 2652.343018 2677.762207
862 38.547000 2652.343018 2677.762207
863 38.587000 2652.343018 2677.762207
864 38.635000 2652.343018 2677.762207
865 38.678000 2652.343018 2677.762207
866 38.723000 2652.343018 2677.762207
867 38.767000 2652.343018 2677.762207
868 38.811000 2652.343018 2677.762207
869 38.860000 2652.343018 2677.762207
870 38.910000 2652.343018 2677.762207
871 38.953000 2652.343018 2677.762207
872 38.994000 2652.343018 2677.762207
873 39.042000 2652.343018 2677.762207
874 39.086000 2652.343018 2677.762207
875 39.134000 2652.343018 2677.762207
876 39.175000 2652.343018 2677.762207
877 39.217000 2652.343018 2681.864014
878 39.263000 2652.343018 2677.762207
879 39.308000 2652.343018 2677.762207
880 39.357000 2652.343018 2677.762207
881 39.399000 2652.343018 2677.762207
882 39.451000 2652.343018 2677.762207
883 39.497000 2652.343018 2677.762207
884 39.537000 2652.343018 2677.762207
885 39.583000 2652.343018 2678.021240
886 39.623000 2652.343018 2677.762207
887 39.673000 2652.343018 2677.762207
888 39.718000 2652.343018 2677.762207
889 39.757000 2652.343018 2679.887207
890 39.803000 2652.343018 2677.762207
891 39.845000 2652.343018 2677.762207
892 39.887000 2652.343018 2677.762207
893 39.935000 2652.343018 2680.431641
894 39.977000 2652.343018 2677.762207
895 40.022000 2652.343018 2677.762207
896 40.063000 2652.343018 2677.762207
897 40.111000 2652.343018 2677.762207
898 40.153000 2652.343018 2677.762207
899 40.198000 2652.343018 2677.762207
900 40.241000 2652.343018 2677.762207
901 40.285000 2652.343018 2677.762207
902 40.332000 2652.343018 2677.762207
903 40.374000 2652.343018 2677.762207
904 40.418000 2652.343018 2677.762207
905 40.464000 2652.343018 2677.762207
906 40.511000 2652.343018 2677.762207
907 40.552000 2652.343018 2677.762207
908 40.596000 2652.343018 2677.762207
909 40.638000 2652.343018 2682.734131
910 40.683000 2652.343018 2680.358154
911 40.723000 2652.343018 2677.762207
912 40.766000 2652.343018 2677.762207
913 40.814000 2652.343018 2677.762207
914 40.861000 2652.343018 2677.762207
915 40.904000 2652.343018 2677.762207
916 40.949000 2652.343018 2677.762207
917 40.994000 2652.343018 2677.762207
918 41.040000 2652.343018 2677.762207
919 41.085000 2652.343018 2677.762207
920 41.134000 2652.343018 2677.762207
921 41.200000 2652.343018 2681.612793
922 41.249000 2652.343018 2677.762207
923 41.295000 2652.343018 2677.762207
924 41.338000 2652.343018 2677.762207
925 41.382000 2652.343018 2677.762207
926 41.427000 2652.343018 2677.762207
927 41.471000 2652.343018 2681.338135
928 41.518000 2652.343018 2677.762207
929 41.556000 2652.343018 2677.762207
930 41.597000 2652.343018 2677.762207
931 41.641000 2652.343018 2677.762207
932 41.688000 2652.343018 2682.554932
933 41.738000 2652.343018 2681.032227
934 41.784000 2652.343018 2679.765381
935 41.828000 2652.343018 2681.406982
936 41.877000 2652.343018 2677.762207
937 41.922000 2652.343018 2677.762207
938 41.966000 2652.343018 2677.762207
939 42.011000 2652.343018 2681.157227
