0 0.000000 24698.500000 26982.054688
1 0.007000 24620.447266 26982.054688
2 0.019000 23697.917969 26419.814453
3 0.024000 23355.800781 26008.464844
4 0.032000 23081.689453 25697.744141
5 0.037000 22946.892578 25403.240234
6 0.044000 22637.599609 25199.560547
7 0.052000 22597.634766 24972.802734
8 0.057000 22597.634766 24747.412109
9 0.064000 22597.634766 24595.181641
10 0.070000 21971.595703 24483.095703
11 0.076000 21971.595703 24331.869141
12 0.082000 21971.595703 24212.867188
13 0.088000 21971.595703 24116.867188
14 0.094000 21971.595703 24004.410156
15 0.101000 21971.595703 23886.632813
16 0.110000 21971.595703 23784.150391
17 0.116000 21971.595703 23670.947266
18 0.123000 21971.595703 23605.929688
19 0.128000 21971.595703 23524.125000
20 0.134000 21971.595703 23452.937500
21 0.140000 21971.595703 23364.869141
22 0.146000 21969.861328 23299.171875
23 0.152000 21969.861328 23256.837891
24 0.159000 21969.861328 23182.917969
25 0.165000 21792.074219 23139.765625
26 0.172000 21792.074219 23094.132813
27 0.178000 21792.074219 23075.705078
28 0.184000 21711.958984 23016.792969
29 0.191000 21711.958984 22985.974609
30 0.197000 21711.958984 22941.310547
31 0.203000 21711.958984 22918.052734
32 0.209000 21711.958984 22889.435547
33 0.215000 21711.958984 22845.863281
34 0.221000 21711.958984 22810.312500
35 0.228000 21711.958984 22780.636719
36 0.234000 21711.958984 22753.150391
37 0.239000 21711.958984 22724.761719
38 0.246000 21711.958984 22695.009766
39 0.252000 21711.958984 22685.005859
40 0.258000 21711.958984 22675.857422
41 0.265000 21711.958984 22668.187500
42 0.272000 21711.958984 22639.130859
43 0.277000 21711.958984 22626.261719
44 0.283000 21711.958984 22621.033203
45 0.290000 21711.958984 22605.078125
46 0.298000 21711.958984 22592.177734
47 0.304000 21696.884766 22578.117188
48 0.310000 21696.884766 22565.339844
49 0.317000 21696.884766 22560.275391
50 0.322000 21696.884766 22552.714844
51 0.330000 21696.884766 22538.865234
52 0.336000 21696.884766 22514.800781
53 0.342000 21696.884766 22503.857422
54 0.349000 21696.884766 22482.539063
55 0.355000 21696.884766 22466.582031
56 0.363000 21696.884766 22462.027344
57 0.369000 21696.884766 22454.220703
58 0.376000 21696.884766 22445.460938
59 0.382000 21696.884766 22436.119141
60 0.389000 21696.884766 22427.835938
61 0.396000 21696.884766 22406.230469
62 0.403000 21696.884766 22401.615234
63 0.409000 21696.884766 22399.779297
64 0.416000 21696.884766 22395.039063
65 0.423000 21696.884766 22393.990234
66 0.430000 21696.884766 22381.148438
67 0.436000 21696.884766 22380.142578
68 0.442000 21696.884766 22375.402344
69 0.449000 21696.884766 22370.517578
70 0.455000 21696.884766 22366.937500
71 0.462000 21696.884766 22359.591797
72 0.468000 21696.884766 22351.626953
73 0.474000 21696.884766 22338.210938
74 0.480000 21696.884766 22329.033203
75 0.487000 21696.884766 22320.505859
76 0.494000 21696.884766 22319.890625
77 0.500000 21696.884766 22317.724609
78 0.506000 21696.884766 22316.654297
79 0.513000 21696.884766 22316.261719
80 0.520000 21696.884766 22313.904297
81 0.526000 21696.884766 22312.884766
82 0.533000 21696.884766 22312.884766
83 0.540000 21696.884766 22312.738281
84 0.549000 21696.884766 22309.427734
85 0.555000 21696.884766 22309.427734
86 0.562000 21495.306641 22306.314453
87 0.569000 21495.306641 22298.019531
88 0.575000 21495.306641 22293.322266
89 0.583000 21495.306641 22291.537109
90 0.589000 21495.306641 22291.328125
91 0.596000 21495.306641 22288.546875
92 0.603000 21495.306641 22288.404297
93 0.610000 21495.306641 22286.453125
94 0.617000 21495.306641 22286.453125
95 0.623000 21495.306641 22281.847656
96 0.631000 21495.306641 22278.015625
97 0.637000 21495.306641 22277.662109
98 0.644000 21495.306641 22274.662109
99 0.650000 21495.306641 22274.664063
100 0.657000 21495.306641 22274.664063
101 0.663000 21495.306641 22273.806641
102 0.670000 21495.306641 22273.806641
103 0.676000 21482.859375 22273.769531
104 0.682000 21482.859375 22273.644531
105 0.689000 21482.859375 22270.392578
106 0.696000 21482.859375 22269.792969
107 0.702000 21482.859375 22268.349609
108 0.710000 21482.859375 22268.349609
109 0.716000 21482.859375 22268.167969
110 0.722000 21482.859375 22268.167969
111 0.729000 21482.859375 22268.167969
112 0.736000 21482.859375 22267.310547
113 0.742000 21482.859375 22266.929688
114 0.748000 21482.859375 22265.830078
115 0.755000 21482.859375 22265.626953
116 0.761000 21482.859375 22265.355469
117 0.768000 21482.859375 22264.296875
118 0.774000 21482.859375 22264.296875
119 0.781000 21482.859375 22264.296875
120 0.787000 21482.859375 22264.296875
121 0.794000 21482.859375 22260.744141
122 0.800000 21482.859375 22258.720703
123 0.807000 21482.859375 22256.632813
124 0.814000 21482.859375 22256.527344
125 0.827000 21482.859375 22252.974609
126 0.860000 21482.859375 22252.974609
127 0.869000 21482.859375 22252.974609
128 0.877000 21482.859375 22251.578125
129 0.886000 21482.859375 22251.574219
130 0.893000 21482.859375 22251.574219
131 0.899000 21482.859375 22249.505859
132 0.905000 21482.859375 22249.505859
133 0.912000 21482.859375 22248.882813
134 0.919000 21482.859375 22244.011719
135 0.927000 21482.859375 22243.310547
136 0.935000 21482.859375 22243.310547
137 0.944000 21482.859375 22242.205078
138 0.951000 21482.859375 22242.167969
139 0.961000 21482.859375 22242.033203
140 0.969000 21482.859375 22242.033203
141 0.976000 21482.859375 22242.033203
142 0.983000 21482.859375 22242.033203
143 0.990000 21482.859375 22242.033203
144 0.998000 21482.859375 22238.480469
145 1.004000 21482.859375 22238.480469
146 1.012000 21482.859375 22238.480469
147 1.019000 21482.859375 22238.367188
148 1.026000 21482.859375 22238.367188
149 1.033000 21482.859375 22238.015625
150 1.040000 21482.859375 22238.011719
151 1.047000 21482.859375 22237.962891
152 1.054000 21482.859375 22237.962891
153 1.063000 21482.859375 22237.962891
154 1.072000 21482.859375 22237.175781
155 1.079000 21482.859375 22236.552734
156 1.086000 21482.859375 22231.640625
157 1.093000 21482.859375 22229.792969
158 1.099000 21482.859375 22227.605469
159 1.106000 21482.859375 22227.607422
160 1.113000 21482.859375 22227.607422
161 1.120000 21482.859375 22227.607422
162 1.127000 21482.859375 22227.607422
163 1.134000 21482.859375 22227.607422
164 1.141000 21482.859375 22227.607422
165 1.149000 21482.859375 22225.472656
166 1.156000 21482.859375 22221.773438
167 1.164000 21482.859375 22221.773438
168 1.170000 21482.859375 22221.773438
169 1.177000 21482.859375 22221.617188
170 1.187000 21482.859375 22221.617188
171 1.195000 21482.859375 22220.625000
172 1.201000 21482.859375 22220.625000
173 1.208000 21482.859375 22220.322266
174 1.217000 21482.859375 22220.322266
175 1.224000 21482.859375 22218.550781
176 1.232000 21482.859375 22218.550781
177 1.238000 21482.859375 22217.550781
178 1.246000 21482.859375 22217.550781
179 1.253000 21482.859375 22217.550781
180 1.261000 21482.859375 22217.550781
181 1.269000 21482.859375 22217.550781
182 1.276000 21482.859375 22217.550781
183 1.283000 21482.859375 22217.550781
184 1.290000 21482.859375 22217.550781
185 1.298000 21482.859375 22217.550781
186 1.305000 21482.859375 22217.550781
187 1.312000 21482.859375 22217.550781
188 1.319000 21482.859375 22217.466797
189 1.327000 21482.859375 22217.466797
190 1.334000 21482.859375 22217.466797
191 1.344000 21482.859375 22217.431641
192 1.351000 21482.859375 22214.605469
193 1.358000 21482.859375 22214.605469
194 1.369000 21482.859375 22214.605469
195 1.377000 21482.859375 22213.078125
196 1.385000 21482.859375 22213.078125
197 1.391000 21482.859375 22213.078125
198 1.401000 21482.859375 22213.078125
199 1.408000 21482.859375 22213.078125
200 1.416000 21482.859375 22212.984375
201 1.423000 21482.859375 22212.984375
202 1.434000 21482.859375 22212.984375
203 1.440000 21482.859375 22212.984375
204 1.449000 21482.859375 22212.984375
205 1.456000 21482.859375 22212.984375
206 1.468000 21482.859375 22212.984375
207 1.476000 21482.859375 22212.984375
208 1.486000 21482.859375 22212.984375
209 1.495000 21482.859375 22212.984375
210 1.502000 21482.859375 22212.984375
211 1.510000 21482.859375 22212.984375
212 1.519000 21482.859375 22212.984375
213 1.529000 21482.859375 22212.984375
214 1.539000 21482.859375 22211.408203
215 1.549000 21482.859375 22211.408203
216 1.557000 21482.859375 22211.408203
217 1.568000 21482.859375 22211.351563
218 1.578000 21482.859375 22211.351563
219 1.589000 21482.859375 22211.351563
220 1.603000 21482.859375 22211.351563
221 1.617000 21482.859375 22211.349609
222 1.628000 21482.859375 22211.349609
223 1.637000 21482.859375 22211.349609
224 1.646000 21482.859375 22211.349609
225 1.654000 21482.859375 22211.349609
226 1.662000 21482.859375 22211.349609
227 1.671000 21482.859375 22211.349609
228 1.678000 21482.859375 22211.349609
229 1.684000 21482.859375 22211.349609
230 1.691000 21482.859375 22211.349609
231 1.702000 21482.859375 22211.017578
232 1.713000 21482.859375 22209.689453
233 1.723000 21482.859375 22209.689453
234 1.734000 21482.859375 22209.689453
235 1.742000 21482.859375 22209.689453
236 1.751000 21482.859375 22209.689453
237 1.758000 21482.859375 22209.492188
238 1.768000 21482.859375 22209.492188
239 1.781000 21482.859375 22209.357422
240 1.793000 21482.859375 22207.580078
241 1.804000 21482.859375 22207.400391
242 1.815000 21482.859375 22207.400391
243 1.826000 21482.859375 22207.400391
244 1.840000 21482.859375 22207.400391
245 1.855000 21482.859375 22207.210938
246 1.866000 21482.859375 22207.210938
247 1.873000 21482.859375 22207.210938
248 1.880000 21482.859375 22207.210938
249 1.887000 21482.859375 22207.210938
250 1.896000 21482.859375 22207.210938
251 1.902000 21482.859375 22207.210938
252 1.908000 21482.859375 22207.210938
253 1.914000 21482.859375 22207.210938
254 1.920000 21482.859375 22207.210938
255 1.926000 21482.859375 22207.210938
256 1.933000 21482.859375 22207.210938
257 1.942000 21482.859375 22207.210938
258 1.948000 21482.859375 22207.210938
259 1.956000 21482.859375 22207.210938
260 1.962000 21482.859375 22206.330078
261 1.969000 21482.859375 22204.687500
262 1.975000 21482.859375 22204.501953
263 1.984000 21482.859375 22204.501953
264 1.990000 21482.859375 22203.349609
265 1.998000 21482.859375 22203.349609
266 2.004000 21482.859375 22203.349609
267 2.010000 21482.859375 22203.349609
268 2.018000 21482.859375 22203.349609
269 2.024000 21482.859375 22203.349609
270 2.033000 21482.859375 22203.349609
271 2.039000 21482.859375 22203.207031
272 2.046000 21482.859375 22203.207031
273 2.052000 21482.859375 22202.773438
274 2.060000 21482.859375 22202.568359
275 2.067000 21482.859375 22202.568359
276 2.074000 21482.859375 22202.568359
277 2.081000 21482.859375 22201.824219
278 2.087000 21482.859375 22201.824219
279 2.094000 21482.859375 22201.824219
280 2.100000 21482.859375 22201.449219
281 2.106000 21482.859375 22200.140625
282 2.113000 21482.859375 22200.140625
283 2.119000 21482.859375 22200.140625
284 2.126000 21482.859375 22199.552734
285 2.132000 21482.859375 22199.419922
286 2.138000 21482.859375 22198.335938
287 2.146000 21482.859375 22198.337891
288 2.152000 21482.859375 22198.337891
289 2.159000 21482.859375 22197.855469
290 2.164000 21482.859375 22197.855469
291 2.171000 21482.859375 22197.023438
292 2.178000 21482.859375 22197.023438
293 2.184000 21482.859375 22197.023438
294 2.191000 21482.859375 22197.023438
295 2.198000 21482.859375 22197.023438
296 2.204000 21482.859375 22194.150391
297 2.210000 21482.859375 22194.150391
298 2.217000 21482.859375 22194.150391
299 2.225000 21482.859375 22194.097656
300 2.231000 21482.859375 22194.097656
301 2.237000 21482.859375 22194.033203
302 2.245000 21482.859375 22193.964844
303 2.252000 21482.859375 22193.964844
304 2.258000 21482.859375 22193.964844
305 2.264000 21482.859375 22193.964844
306 2.270000 21482.859375 22193.964844
307 2.276000 21482.859375 22193.964844
308 2.283000 21482.859375 22193.964844
309 2.289000 21482.859375 22193.886719
310 2.296000 21482.859375 22193.886719
311 2.302000 21482.859375 22193.484375
312 2.309000 21482.859375 22193.484375
313 2.315000 21482.859375 22193.484375
314 2.320000 21482.859375 22190.982422
315 2.327000 21482.859375 22190.980469
316 2.334000 21482.859375 22190.980469
317 2.340000 21482.859375 22190.980469
318 2.346000 21482.859375 22190.619141
319 2.351000 21482.859375 22190.619141
320 2.358000 21482.859375 22190.619141
321 2.366000 21482.859375 22190.619141
322 2.371000 21482.859375 22190.105469
323 2.379000 21482.859375 22190.101563
324 2.385000 21482.859375 22187.917969
325 2.392000 21482.859375 22187.917969
326 2.399000 21482.859375 22187.849609
327 2.404000 21482.859375 22187.072266
328 2.413000 21482.859375 22187.072266
329 2.419000 21482.859375 22187.072266
330 2.425000 21482.859375 22187.072266
331 2.432000 21482.859375 22186.318359
332 2.438000 21482.859375 22186.318359
333 2.445000 21482.859375 22186.027344
334 2.451000 21482.859375 22186.027344
335 2.458000 21482.859375 22186.027344
336 2.464000 21482.859375 22185.494141
337 2.470000 21482.859375 22185.494141
338 2.478000 21482.859375 22185.494141
339 2.485000 21482.859375 22185.310547
340 2.491000 21482.859375 22185.310547
341 2.497000 21482.859375 22185.082031
342 2.503000 21482.859375 22184.757813
343 2.511000 21482.859375 22184.757813
344 2.517000 21482.859375 22184.757813
345 2.526000 21482.859375 22184.757813
346 2.532000 21482.859375 22184.570313
347 2.538000 21482.859375 22184.552734
348 2.544000 21482.859375 22184.552734
349 2.551000 21482.859375 22184.552734
350 2.556000 21482.859375 22184.365234
351 2.562000 21482.859375 22184.324219
352 2.568000 21482.859375 22184.324219
353 2.575000 21482.859375 22184.324219
354 2.580000 21482.859375 22184.324219
355 2.587000 21482.859375 22184.324219
356 2.593000 21482.859375 22184.324219
357 2.600000 21482.859375 22184.324219
358 2.606000 21482.859375 22183.884766
359 2.611000 21482.859375 22183.373047
360 2.617000 21482.859375 22183.158203
361 2.623000 21482.859375 22183.158203
362 2.631000 21482.859375 22183.158203
363 2.637000 21482.859375 22183.158203
364 2.645000 21482.859375 22183.158203
365 2.651000 21482.859375 22183.158203
366 2.658000 21482.859375 22182.869141
367 2.667000 21482.859375 22182.869141
368 2.673000 21482.859375 22179.046875
369 2.682000 21482.859375 22177.314453
370 2.689000 21482.859375 22177.314453
371 2.697000 21482.859375 22177.314453
372 2.704000 21482.859375 22177.126953
373 2.711000 21482.859375 22177.126953
374 2.718000 21482.859375 22177.123047
375 2.724000 21482.859375 22177.123047
376 2.731000 21482.859375 22177.123047
377 2.737000 21482.859375 22177.085938
378 2.744000 21482.859375 22177.085938
379 2.751000 21482.859375 22177.052734
380 2.758000 21482.859375 22177.052734
381 2.765000 21482.859375 22177.052734
382 2.772000 21482.859375 22177.052734
383 2.780000 21482.859375 22177.052734
384 2.787000 21482.859375 22177.052734
385 2.795000 21482.859375 22177.052734
386 2.803000 21482.859375 22177.052734
387 2.810000 21482.859375 22176.992188
388 2.817000 21482.859375 22175.359375
389 2.823000 21482.859375 22175.359375
390 2.829000 21482.859375 22175.359375
391 2.836000 21482.859375 22175.359375
392 2.842000 21482.859375 22174.990234
393 2.851000 21482.859375 22174.990234
394 2.857000 21482.859375 22174.908203
395 2.866000 21482.859375 22169.914063
396 2.874000 21482.859375 22169.914063
397 2.880000 21482.859375 22169.748047
398 2.887000 21482.859375 22169.519531
399 2.895000 21482.859375 22168.025391
400 2.904000 21482.859375 22168.025391
401 2.911000 21482.859375 22168.025391
402 2.918000 21482.859375 22167.623047
403 2.925000 21482.859375 22167.101563
404 2.933000 21482.859375 22167.101563
405 2.941000 21482.859375 22167.101563
406 2.947000 21482.859375 22166.822266
407 2.955000 21482.859375 22166.714844
408 2.962000 21482.859375 22166.714844
409 2.969000 21482.859375 22166.714844
410 2.976000 21482.859375 22164.197266
411 2.982000 21482.859375 22164.197266
412 2.988000 21482.859375 22164.197266
413 2.996000 21482.859375 22163.107422
414 3.001000 21482.859375 22163.107422
415 3.007000 21482.859375 22163.107422
416 3.015000 21482.859375 22163.107422
417 3.021000 21482.859375 22162.351563
418 3.028000 21482.859375 22162.351563
419 3.034000 21482.859375 22162.351563
420 3.038000 21482.859375 22160.945313
421 3.047000 21482.859375 22160.462891
422 3.053000 21482.859375 22157.982422
423 3.060000 21482.859375 22156.722656
424 3.066000 21482.859375 22156.724609
425 3.073000 21482.859375 22155.847656
426 3.080000 21482.859375 22155.189453
427 3.087000 21482.859375 22152.921875
428 3.096000 21482.859375 22152.921875
429 3.102000 21482.859375 22152.921875
430 3.108000 21482.859375 22151.738281
431 3.114000 21482.859375 22150.953125
432 3.121000 21482.859375 22150.953125
433 3.128000 21482.859375 22150.953125
434 3.134000 21482.859375 22145.285156
435 3.141000 21482.859375 22144.123047
436 3.148000 21482.859375 22142.966797
437 3.154000 21482.859375 22142.966797
438 3.161000 21482.859375 22142.966797
439 3.168000 21482.859375 22142.966797
440 3.174000 21482.859375 22142.957031
441 3.182000 21482.859375 22140.882813
442 3.188000 21482.859375 22140.882813
443 3.197000 21482.859375 22139.894531
444 3.202000 21482.859375 22139.392578
445 3.210000 21482.859375 22138.074219
446 3.218000 21482.859375 22137.345703
447 3.223000 21482.859375 22136.615234
448 3.230000 21482.859375 22135.224609
449 3.236000 21482.859375 22135.224609
450 3.243000 21482.859375 22134.494141
451 3.249000 21482.859375 22133.765625
452 3.256000 21482.859375 22133.765625
453 3.262000 21482.859375 22133.421875
454 3.268000 21482.859375 22132.564453
455 3.274000 21482.859375 22132.519531
456 3.281000 21482.859375 22132.519531
457 3.287000 21482.859375 22131.132813
458 3.294000 21482.859375 22130.230469
459 3.301000 21482.859375 22128.841797
460 3.306000 21482.859375 22126.181641
461 3.312000 21482.859375 22122.460938
462 3.319000 21482.859375 22116.250000
463 3.325000 21482.859375 22116.251953
464 3.333000 21482.859375 22114.767578
465 3.338000 21482.859375 22114.767578
466 3.345000 21482.859375 22110.925781
467 3.351000 21482.859375 22109.714844
468 3.357000 21482.859375 22109.714844
469 3.363000 21482.859375 22108.802734
470 3.369000 21482.859375 22103.777344
471 3.376000 21482.859375 22103.046875
472 3.382000 21482.859375 22100.550781
473 3.389000 21482.859375 22100.060547
474 3.396000 21482.859375 22098.875000
475 3.402000 21482.859375 22095.632813
476 3.407000 21482.859375 22094.171875
477 3.415000 21482.859375 22091.919922
478 3.420000 21482.859375 22090.546875
479 3.428000 21482.859375 22089.818359
480 3.434000 21482.859375 22089.087891
481 3.440000 21482.859375 22088.339844
482 3.446000 21482.859375 22088.339844
483 3.452000 21482.859375 22088.339844
484 3.458000 21482.859375 22087.595703
485 3.464000 21482.859375 22084.300781
486 3.470000 21482.859375 22080.945313
487 3.477000 21482.859375 22075.914063
488 3.483000 21482.859375 22075.914063
489 3.490000 21482.859375 22075.914063
490 3.498000 21482.859375 22074.654297
491 3.504000 21482.859375 22067.835938
492 3.511000 21482.859375 22067.363281
493 3.518000 21482.859375 22064.947266
494 3.524000 21482.859375 22051.912109
495 3.531000 21482.859375 22051.912109
496 3.537000 21482.859375 22049.398438
497 3.544000 21482.859375 22035.867188
498 3.550000 21482.859375 22026.847656
499 3.557000 21482.859375 22017.824219
500 3.564000 21482.859375 22017.824219
501 3.570000 21482.859375 22008.800781
502 3.577000 21482.859375 22004.287109
503 3.583000 21482.859375 22004.287109
504 3.588000 21482.859375 22004.287109
505 3.594000 21482.859375 22004.287109
506 3.601000 21482.859375 22004.287109
507 3.607000 21482.859375 22004.287109
508 3.614000 21482.859375 22004.287109
509 3.620000 21482.859375 22004.287109
510 3.626000 21482.859375 22004.287109
511 3.632000 21482.859375 22004.287109
512 3.638000 21482.859375 22004.285156
513 3.646000 21482.859375 22004.285156
514 3.652000 21482.859375 22004.285156
515 3.661000 21482.859375 22004.285156
516 3.668000 21482.859375 22004.285156
517 3.675000 21482.859375 22004.285156
518 3.682000 21482.859375 22004.285156
519 3.688000 21482.859375 22004.285156
520 3.694000 21482.859375 22004.285156
521 3.701000 21482.859375 22004.285156
522 3.706000 21482.859375 22004.285156
523 3.714000 21482.859375 22004.285156
524 3.720000 21482.859375 22004.285156
525 3.726000 21482.859375 22004.285156
526 3.733000 21482.859375 22004.285156
527 3.739000 21482.859375 22004.285156
528 3.745000 21482.859375 22004.285156
529 3.751000 21482.859375 22004.285156
530 3.758000 21482.859375 22004.285156
531 3.763000 21482.859375 22003.750000
532 3.769000 21482.859375 22003.750000
533 3.776000 21482.859375 22003.750000
534 3.782000 21482.859375 22003.640625
535 3.788000 21482.859375 22003.640625
536 3.795000 21482.859375 22003.640625
537 3.801000 21482.859375 22003.640625
538 3.807000 21482.859375 22003.640625
539 3.814000 21482.859375 22003.640625
540 3.820000 21482.859375 22003.640625
541 3.827000 21482.859375 22003.640625
542 3.833000 21482.859375 22003.640625
543 3.841000 21482.859375 22003.640625
544 3.848000 21482.859375 22003.640625
545 3.854000 21482.859375 22003.640625
546 3.861000 21482.859375 22003.640625
547 3.867000 21482.859375 22003.640625
548 3.873000 21482.859375 22003.517578
549 3.880000 21482.859375 22003.517578
550 3.886000 21482.859375 22003.517578
551 3.893000 21482.859375 22003.517578
552 3.899000 21482.859375 22003.517578
553 3.905000 21482.859375 22003.517578
554 3.912000 21482.859375 22003.517578
555 3.918000 21482.859375 22003.517578
556 3.925000 21482.859375 22003.517578
557 3.931000 21482.859375 22003.517578
558 3.935000 21482.859375 22003.517578
559 3.942000 21482.859375 22003.517578
560 3.948000 21482.859375 22003.517578
561 3.954000 21482.859375 22003.517578
562 3.960000 21482.859375 22003.517578
563 3.967000 21482.859375 22003.517578
564 3.973000 21482.859375 22003.517578
565 3.983000 21482.859375 22003.517578
566 3.988000 21482.859375 22003.517578
567 3.996000 21482.859375 22003.517578
568 4.002000 21482.859375 22003.517578
569 4.008000 21482.859375 22003.517578
570 4.014000 21482.859375 22003.517578
571 4.020000 21482.859375 22003.517578
572 4.027000 21482.859375 22003.517578
573 4.033000 21482.859375 22003.517578
574 4.039000 21482.859375 22003.517578
575 4.046000 21482.859375 22003.517578
576 4.051000 21482.859375 22003.517578
577 4.058000 21482.859375 22003.408203
578 4.065000 21482.859375 22003.408203
579 4.071000 21482.859375 22003.408203
580 4.077000 21482.859375 22003.408203
581 4.083000 21482.859375 22003.408203
582 4.089000 21482.859375 22003.408203
583 4.096000 21482.859375 22003.408203
584 4.103000 21482.859375 22003.408203
585 4.110000 21482.859375 22003.408203
586 4.115000 21482.859375 22003.408203
587 4.122000 21482.859375 22003.408203
588 4.128000 21482.859375 22003.408203
589 4.135000 21482.859375 22003.408203
590 4.141000 21482.859375 22003.408203
591 4.147000 21482.859375 22003.185547
592 4.154000 21482.859375 22003.185547
593 4.160000 21482.859375 22003.185547
594 4.166000 21482.859375 22003.185547
595 4.172000 21482.859375 22003.185547
596 4.179000 21482.859375 22003.185547
597 4.186000 21482.859375 22002.849609
598 4.193000 21482.859375 22002.849609
599 4.201000 21482.859375 22002.849609
600 4.206000 21482.859375 22002.849609
601 4.215000 21482.859375 22002.849609
602 4.221000 21482.859375 22002.849609
603 4.228000 21482.859375 22002.849609
604 4.234000 21482.859375 22002.849609
605 4.241000 21482.859375 22002.849609
606 4.248000 21482.859375 22002.849609
607 4.254000 21482.859375 22002.849609
608 4.261000 21482.859375 22002.849609
609 4.268000 21482.859375 22002.849609
610 4.276000 21482.859375 22002.849609
611 4.282000 21482.859375 22002.849609
612 4.287000 21482.859375 22002.849609
613 4.293000 21482.859375 22002.849609
614 4.300000 21482.859375 22002.849609
615 4.307000 21482.859375 22002.849609
616 4.314000 21482.859375 22002.849609
617 4.320000 21482.859375 22002.849609
618 4.326000 21482.859375 22002.849609
619 4.332000 21482.859375 22002.849609
620 4.338000 21482.859375 22002.849609
621 4.344000 21482.859375 22002.849609
622 4.351000 21482.859375 22002.849609
623 4.358000 21482.859375 22002.849609
624 4.365000 21482.859375 22002.849609
625 4.370000 21482.859375 22002.849609
626 4.379000 21482.859375 22002.849609
627 4.385000 21482.859375 22002.849609
628 4.392000 21482.859375 22002.490234
629 4.398000 21482.859375 22002.490234
630 4.404000 21482.859375 22002.490234
631 4.411000 21482.859375 22002.490234
632 4.417000 21482.859375 22002.490234
633 4.424000 21482.859375 22002.482422
634 4.430000 21482.859375 22002.482422
635 4.436000 21482.859375 22002.482422
636 4.443000 21482.859375 22002.482422
637 4.450000 21482.859375 22002.482422
638 4.456000 21482.859375 22002.482422
639 4.463000 21482.859375 22002.117188
640 4.469000 21482.859375 22002.117188
641 4.475000 21482.859375 22002.117188
642 4.482000 21482.859375 22001.445313
643 4.488000 21482.859375 22001.224609
644 4.498000 21482.859375 22001.224609
645 4.503000 21482.859375 22001.224609
646 4.510000 21482.859375 22001.224609
647 4.516000 21482.859375 22001.224609
648 4.521000 21482.859375 22001.224609
649 4.528000 21482.859375 22001.220703
650 4.534000 21482.859375 22001.220703
651 4.541000 21482.859375 22001.220703
652 4.547000 21482.859375 22001.011719
653 4.553000 21482.859375 22001.011719
654 4.559000 21482.859375 22000.943359
655 4.566000 21482.859375 22000.943359
656 4.572000 21482.859375 22000.943359
657 4.578000 21482.859375 22000.943359
658 4.585000 21482.859375 22000.943359
659 4.593000 21482.859375 22000.943359
660 4.598000 21482.859375 22000.402344
661 4.604000 21482.859375 22000.402344
662 4.611000 21482.859375 22000.402344
663 4.618000 21482.859375 22000.402344
664 4.625000 21482.859375 21999.830078
665 4.632000 21482.859375 21999.830078
666 4.638000 21482.859375 21999.830078
667 4.646000 21482.859375 21999.830078
668 4.651000 21482.859375 21998.980469
669 4.658000 21482.859375 21998.980469
670 4.665000 21482.859375 21998.980469
671 4.671000 21482.859375 21998.222656
672 4.678000 21482.859375 21998.222656
673 4.684000 21482.859375 21998.222656
674 4.691000 21482.859375 21997.570313
675 4.698000 21482.859375 21997.570313
676 4.704000 21482.859375 21996.759766
677 4.712000 21482.859375 21996.320313
678 4.718000 21482.859375 21995.667969
679 4.725000 21482.859375 21995.667969
680 4.731000 21482.859375 21995.017578
681 4.737000 21482.859375 21995.017578
682 4.745000 21482.859375 21995.017578
683 4.751000 21482.859375 21995.017578
684 4.759000 21482.859375 21995.017578
685 4.765000 21482.859375 21995.017578
686 4.771000 21482.859375 21995.017578
687 4.778000 21482.859375 21995.017578
688 4.784000 21482.859375 21995.017578
689 4.790000 21482.859375 21994.373047
690 4.796000 21482.859375 21994.373047
691 4.802000 21482.859375 21994.373047
692 4.810000 21482.859375 21993.716797
693 4.816000 21482.859375 21993.716797
694 4.823000 21482.859375 21993.716797
695 4.829000 21482.859375 21993.716797
696 4.836000 21482.859375 21993.716797
697 4.842000 21482.859375 21993.716797
698 4.849000 21482.859375 21993.699219
699 4.856000 21482.859375 21993.699219
700 4.862000 21482.859375 21993.259766
701 4.868000 21482.859375 21993.009766
702 4.875000 21482.859375 21992.330078
703 4.882000 21482.859375 21992.330078
704 4.889000 21482.859375 21992.330078
705 4.897000 21482.859375 21992.330078
706 4.902000 21482.859375 21991.421875
707 4.910000 21482.859375 21991.421875
708 4.916000 21482.859375 21990.517578
709 4.923000 21482.859375 21990.517578
710 4.930000 21482.859375 21990.517578
711 4.936000 21482.859375 21990.517578
712 4.942000 21482.859375 21990.078125
713 4.950000 21482.859375 21990.078125
714 4.956000 21482.859375 21988.900391
715 4.963000 21482.859375 21988.023438
716 4.969000 21482.859375 21987.349609
717 4.976000 21482.859375 21987.349609
718 4.984000 21482.859375 21987.349609
719 4.992000 21482.859375 21986.636719
720 4.999000 21482.859375 21986.384766
721 5.005000 21482.859375 21986.367188
722 5.013000 21482.859375 21986.367188
723 5.020000 21482.859375 21985.687500
724 5.027000 21482.859375 21985.687500
725 5.033000 21482.859375 21984.957031
726 5.041000 21482.859375 21984.587891
727 5.048000 21482.859375 21984.140625
728 5.055000 21482.859375 21984.140625
729 5.062000 21482.859375 21984.140625
730 5.068000 21482.859375 21984.140625
731 5.075000 21482.859375 21984.140625
732 5.083000 21482.859375 21983.693359
733 5.089000 21482.859375 21983.693359
734 5.096000 21482.859375 21982.730469
735 5.103000 21482.859375 21981.714844
736 5.110000 21482.859375 21980.751953
737 5.116000 21482.859375 21980.751953
738 5.122000 21482.859375 21980.304688
739 5.129000 21482.859375 21980.304688
740 5.136000 21482.859375 21979.339844
741 5.143000 21482.859375 21978.376953
742 5.148000 21482.859375 21976.964844
743 5.154000 21482.859375 21975.289063
744 5.161000 21482.859375 21975.289063
745 5.168000 21482.859375 21974.560547
746 5.174000 21482.859375 21973.595703
747 5.184000 21482.859375 21973.595703
748 5.189000 21482.859375 21971.220703
749 5.196000 21482.859375 21970.257813
750 5.201000 21482.859375 21966.867188
751 5.208000 21482.859375 21965.904297
752 5.214000 21482.859375 21965.904297
753 5.220000 21482.859375 21963.529297
754 5.227000 21482.859375 21963.529297
755 5.232000 21482.859375 21961.386719
756 5.238000 21482.859375 21961.386719
757 5.247000 21482.859375 21961.386719
758 5.253000 21482.859375 21960.425781
759 5.260000 21482.859375 21959.011719
760 5.266000 21482.859375 21957.601563
761 5.272000 21482.859375 21953.847656
762 5.278000 21482.859375 21952.437500
763 5.284000 21482.859375 21948.203125
764 5.291000 21482.859375 21948.203125
765 5.297000 21482.859375 21945.380859
766 5.303000 21482.859375 21941.148438
767 5.311000 21482.859375 21938.324219
768 5.343000 21482.859375 21936.181641
769 5.361000 21482.859375 21931.216797
770 5.374000 21482.859375 21928.394531
771 5.380000 21482.859375 21922.750000
772 5.387000 21482.859375 21918.517578
773 5.393000 21482.859375 21912.873047
774 5.399000 21482.859375 21907.908203
775 5.406000 21482.859375 21902.212891
776 5.413000 21482.859375 21900.070313
777 5.420000 21482.859375 21894.429688
778 5.426000 21482.859375 21892.966797
779 5.432000 21482.859375 21891.556641
780 5.439000 21482.859375 21890.148438
781 5.445000 21482.859375 21889.417969
782 5.453000 21482.859375 21888.687500
783 5.460000 21482.859375 21887.957031
784 5.466000 21482.859375 21887.224609
785 5.472000 21482.859375 21886.494141
786 5.478000 21482.859375 21885.035156
787 5.485000 21482.859375 21882.841797
788 5.491000 21482.859375 21881.380859
789 5.498000 21482.859375 21881.380859
790 5.504000 21482.859375 21880.650391
791 5.511000 21482.859375 21879.919922
792 5.518000 21482.859375 21879.189453
793 5.525000 21482.859375 21878.460938
794 5.533000 21482.859375 21877.000000
795 5.539000 21482.859375 21876.269531
796 5.546000 21482.859375 21874.810547
797 5.552000 21482.859375 21873.349609
798 5.559000 21482.859375 21871.890625
799 5.565000 21482.859375 21868.970703
800 5.570000 21482.859375 21868.240234
801 5.578000 21482.859375 21866.779297
802 5.584000 21482.859375 21865.320313
803 5.591000 21482.859375 21862.400391
804 5.597000 21482.859375 21858.750000
805 5.602000 21482.859375 21856.560547
806 5.610000 21482.859375 21853.640625
807 5.615000 21482.859375 21851.449219
808 5.623000 21482.859375 21847.070313
809 5.629000 21482.859375 21844.148438
810 5.635000 21482.859375 21842.687500
811 5.642000 21482.859375 21841.957031
812 5.648000 21482.859375 21841.957031
813 5.654000 21482.859375 21841.957031
814 5.661000 21482.859375 21841.957031
815 5.666000 21482.859375 21841.957031
816 5.673000 21482.859375 21841.957031
817 5.680000 21482.859375 21841.957031
818 5.687000 21482.859375 21841.957031
819 5.693000 21482.859375 21841.957031
820 5.699000 21482.859375 21841.957031
821 5.705000 21482.859375 21841.957031
822 5.711000 21482.859375 21841.957031
823 5.717000 21482.859375 21841.957031
824 5.724000 21482.859375 21841.957031
825 5.730000 21482.859375 21841.957031
826 5.736000 21482.859375 21841.957031
827 5.743000 21482.859375 21841.957031
828 5.749000 21482.859375 21841.957031
829 5.755000 21482.859375 21841.957031
830 5.762000 21482.859375 21841.957031
831 5.768000 21482.859375 21841.957031
832 5.775000 21482.859375 21841.957031
833 5.781000 21482.859375 21841.957031
834 5.787000 21482.859375 21841.957031
835 5.795000 21482.859375 21841.957031
836 5.801000 21482.859375 21841.957031
837 5.807000 21482.859375 21841.957031
838 5.813000 21482.859375 21841.957031
839 5.819000 21482.859375 21841.957031
840 5.826000 21482.859375 21841.957031
841 5.833000 21482.859375 21841.957031
842 5.838000 21482.859375 21841.957031
843 5.845000 21482.859375 21841.957031
844 5.852000 21482.859375 21841.285156
845 5.860000 21482.859375 21841.285156
846 5.866000 21482.859375 21841.285156
847 5.873000 21482.859375 21841.285156
848 5.879000 21482.859375 21841.285156
849 5.884000 21482.859375 21841.285156
850 5.892000 21482.859375 21841.285156
851 5.898000 21482.859375 21841.285156
852 5.904000 21482.859375 21841.285156
853 5.912000 21482.859375 21841.285156
854 5.918000 21482.859375 21841.285156
855 5.925000 21482.859375 21841.285156
856 5.931000 21482.859375 21841.285156
857 5.937000 21482.859375 21841.285156
858 5.944000 21482.859375 21841.285156
859 5.950000 21482.859375 21841.285156
860 5.957000 21482.859375 21841.285156
861 5.962000 21482.859375 21841.285156
862 5.968000 21482.859375 21841.285156
863 5.975000 21482.859375 21841.285156
864 5.982000 21482.859375 21841.285156
865 5.989000 21482.859375 21841.285156
866 5.995000 21482.859375 21841.285156
867 6.002000 21482.859375 21841.285156
868 6.009000 21482.859375 21841.285156
869 6.015000 21482.859375 21841.285156
870 6.022000 21482.859375 21841.285156
871 6.028000 21482.859375 21841.285156
872 6.034000 21482.859375 21841.285156
873 6.040000 21482.859375 21841.285156
874 6.047000 21482.859375 21841.285156
875 6.052000 21482.859375 21841.285156
876 6.059000 21482.859375 21841.285156
877 6.068000 21482.859375 21841.285156
878 6.074000 21482.859375 21841.285156
879 6.082000 21482.859375 21841.285156
880 6.087000 21482.859375 21841.285156
881 6.094000 21482.859375 21841.285156
882 6.099000 21482.859375 21840.193359
883 6.105000 21482.859375 21840.193359
884 6.114000 21482.859375 21840.193359
885 6.121000 21482.859375 21840.193359
886 6.130000 21482.859375 21839.099609
887 6.135000 21482.859375 21839.099609
888 6.141000 21482.859375 21839.099609
889 6.147000 21482.859375 21839.099609
890 6.153000 21482.859375 21839.099609
891 6.160000 21482.859375 21839.099609
892 6.166000 21482.859375 21839.099609
893 6.174000 21482.859375 21839.099609
894 6.179000 21482.859375 21839.099609
895 6.187000 21482.859375 21839.099609
896 6.194000 21482.859375 21839.099609
897 6.200000 21482.859375 21838.652344
898 6.207000 21482.859375 21838.652344
899 6.213000 21482.859375 21838.652344
900 6.220000 21482.859375 21838.652344
901 6.227000 21482.859375 21838.652344
902 6.233000 21482.859375 21838.652344
903 6.240000 21482.859375 21838.652344
904 6.247000 21482.859375 21838.652344
905 6.253000 21482.859375 21838.652344
906 6.259000 21482.859375 21837.285156
907 6.266000 21482.859375 21837.285156
908 6.273000 21482.859375 21837.285156
909 6.279000 21482.859375 21837.285156
910 6.287000 21482.859375 21837.285156
911 6.293000 21482.859375 21837.285156
912 6.299000 21482.859375 21837.285156
913 6.305000 21482.859375 21837.285156
914 6.312000 21482.859375 21837.285156
915 6.318000 21482.859375 21837.285156
916 6.324000 21482.859375 21837.285156
917 6.331000 21482.859375 21837.285156
918 6.336000 21482.859375 21837.285156
919 6.343000 21482.859375 21837.285156
920 6.349000 21482.859375 21837.285156
921 6.354000 21482.859375 21837.285156
922 6.361000 21482.859375 21836.609375
923 6.367000 21482.859375 21836.609375
924 6.374000 21482.859375 21836.609375
925 6.380000 21482.859375 21836.609375
926 6.386000 21482.859375 21836.609375
927 6.393000 21482.859375 21836.609375
928 6.399000 21482.859375 21836.609375
929 6.405000 21482.859375 21836.609375
930 6.413000 21482.859375 21836.609375
931 6.419000 21482.859375 21836.609375
932 6.426000 21482.859375 21836.609375
933 6.431000 21482.859375 21836.609375
934 6.439000 21482.859375 21836.609375
935 6.445000 21482.859375 21836.609375
936 6.450000 21482.859375 21836.609375
937 6.456000 21482.859375 21836.609375
938 6.463000 21482.859375 21836.609375
939 6.470000 21482.859375 21835.027344
940 6.476000 21482.859375 21835.027344
941 6.482000 21482.859375 21835.027344
942 6.489000 21482.859375 21835.027344
943 6.496000 21482.859375 21835.027344
944 6.502000 21482.859375 21835.027344
945 6.509000 21482.859375 21835.027344
946 6.515000 21482.859375 21835.027344
947 6.522000 21482.859375 21835.027344
948 6.529000 21482.859375 21835.027344
949 6.535000 21482.859375 21835.027344
950 6.542000 21482.859375 21835.027344
951 6.548000 21482.859375 21834.351563
952 6.554000 21482.859375 21834.351563
953 6.560000 21482.859375 21834.351563
954 6.565000 21482.859375 21834.351563
955 6.573000 21482.859375 21834.351563
956 6.579000 21482.859375 21834.351563
957 6.585000 21482.859375 21834.351563
958 6.591000 21482.859375 21834.351563
959 6.596000 21482.859375 21834.351563
960 6.602000 21482.859375 21834.351563
961 6.608000 21482.859375 21834.351563
962 6.616000 21482.859375 21834.351563
963 6.624000 21482.859375 21834.351563
964 6.630000 21482.859375 21833.679688
965 6.635000 21482.859375 21833.679688
966 6.642000 21482.859375 21833.679688
967 6.648000 21482.859375 21833.679688
968 6.653000 21482.859375 21833.679688
969 6.661000 21482.859375 21833.679688
970 6.667000 21482.859375 21833.679688
971 6.672000 21482.859375 21833.679688
972 6.681000 21482.859375 21833.007813
973 6.688000 21482.859375 21833.007813
974 6.695000 21482.859375 21833.007813
975 6.701000 21482.859375 21833.007813
976 6.708000 21482.859375 21833.007813
977 6.715000 21482.859375 21833.007813
978 6.721000 21482.859375 21833.007813
979 6.730000 21482.859375 21833.007813
980 6.736000 21482.859375 21833.007813
981 6.743000 21482.859375 21833.007813
982 6.749000 21482.859375 21833.007813
983 6.755000 21482.859375 21833.007813
984 6.761000 21482.859375 21833.007813
985 6.767000 21482.859375 21833.007813
986 6.774000 21482.859375 21833.007813
987 6.780000 21482.859375 21833.007813
988 6.786000 21482.859375 21833.007813
989 6.793000 21482.859375 21833.007813
990 6.799000 21482.859375 21833.007813
991 6.805000 21482.859375 21833.007813
992 6.811000 21482.859375 21833.007813
993 6.818000 21482.859375 21833.007813
994 6.825000 21482.859375 21833.007813
995 6.830000 21482.859375 21833.007813
996 6.836000 21482.859375 21833.007813
997 6.843000 21482.859375 21833.007813
998 6.849000 21482.859375 21833.007813
999 6.856000 21482.859375 21833.007813
1000 6.862000 21482.859375 21832.283203
1001 6.868000 21482.859375 21832.283203
1002 6.874000 21482.859375 21832.283203
1003 6.881000 21482.859375 21832.283203
1004 6.888000 21482.859375 21832.283203
1005 6.894000 21482.859375 21832.283203
1006 6.900000 21482.859375 21832.283203
1007 6.907000 21482.859375 21832.283203
1008 6.914000 21482.859375 21832.283203
1009 6.919000 21482.859375 21832.283203
1010 6.926000 21482.859375 21832.283203
1011 6.933000 21482.859375 21832.283203
1012 6.938000 21482.859375 21832.283203
1013 6.946000 21482.859375 21832.283203
1014 6.951000 21482.859375 21832.283203
1015 6.957000 21482.859375 21832.283203
1016 6.964000 21482.859375 21832.283203
1017 6.970000 21482.859375 21832.283203
1018 6.978000 21482.859375 21832.283203
1019 6.984000 21482.859375 21832.283203
1020 6.991000 21482.859375 21832.283203
1021 6.997000 21482.859375 21832.283203
1022 7.004000 21482.859375 21832.283203
1023 7.011000 21482.859375 21832.283203
1024 7.018000 21482.859375 21832.283203
1025 7.025000 21482.859375 21832.283203
1026 7.031000 21482.859375 21832.283203
1027 7.038000 21482.859375 21832.283203
1028 7.045000 21482.859375 21832.283203
1029 7.051000 21482.859375 21832.283203
1030 7.058000 21482.859375 21832.283203
1031 7.064000 21482.859375 21832.283203
1032 7.071000 21482.859375 21832.283203
1033 7.076000 21482.859375 21832.283203
1034 7.083000 21482.859375 21832.283203
1035 7.091000 21482.859375 21832.283203
1036 7.096000 21482.859375 21832.283203
1037 7.102000 21482.859375 21832.283203
1038 7.109000 21482.859375 21832.283203
1039 7.116000 21482.859375 21832.283203
1040 7.122000 21482.859375 21832.283203
1041 7.127000 21482.859375 21832.283203
1042 7.133000 21482.859375 21832.283203
1043 7.140000 21482.859375 21832.283203
1044 7.145000 21482.859375 21832.283203
1045 7.152000 21482.859375 21832.283203
1046 7.159000 21482.859375 21832.283203
1047 7.165000 21482.859375 21832.283203
1048 7.171000 21482.859375 21832.283203
1049 7.177000 21482.859375 21831.609375
1050 7.185000 21482.859375 21831.609375
1051 7.191000 21482.859375 21831.609375
1052 7.198000 21482.859375 21831.609375
1053 7.204000 21482.859375 21831.609375
1054 7.210000 21482.859375 21831.609375
1055 7.216000 21482.859375 21831.609375
1056 7.223000 21482.859375 21831.609375
1057 7.230000 21482.859375 21831.609375
1058 7.237000 21482.859375 21831.609375
1059 7.243000 21482.859375 21831.609375
1060 7.249000 21482.859375 21831.609375
1061 7.256000 21482.859375 21831.609375
1062 7.264000 21482.859375 21831.609375
1063 7.269000 21482.859375 21831.609375
1064 7.276000 21482.859375 21831.609375
1065 7.283000 21482.859375 21831.609375
1066 7.290000 21482.859375 21831.609375
1067 7.297000 21482.859375 21831.609375
1068 7.303000 21482.859375 21831.609375
1069 7.310000 21482.859375 21831.609375
1070 7.316000 21482.859375 21831.609375
1071 7.322000 21482.859375 21831.609375
1072 7.329000 21482.859375 21831.609375
1073 7.335000 21482.859375 21831.609375
1074 7.341000 21482.859375 21831.609375
1075 7.347000 21482.859375 21831.609375
1076 7.353000 21482.859375 21831.609375
1077 7.359000 21482.859375 21831.609375
1078 7.365000 21482.859375 21831.609375
1079 7.372000 21482.859375 21831.609375
1080 7.378000 21482.859375 21831.609375
1081 7.384000 21482.859375 21831.609375
1082 7.391000 21482.859375 21831.609375
1083 7.397000 21482.859375 21831.609375
1084 7.403000 21482.859375 21831.609375
1085 7.409000 21482.859375 21831.609375
1086 7.415000 21482.859375 21831.609375
1087 7.422000 21482.859375 21831.609375
1088 7.428000 21482.859375 21831.609375
1089 7.435000 21482.859375 21831.609375
1090 7.441000 21482.859375 21831.609375
1091 7.448000 21482.859375 21831.609375
1092 7.455000 21482.859375 21831.609375
1093 7.461000 21482.859375 21831.609375
1094 7.467000 21482.859375 21831.609375
1095 7.473000 21482.859375 21831.609375
1096 7.479000 21482.859375 21831.609375
1097 7.485000 21482.859375 21831.609375
1098 7.493000 21482.859375 21831.609375
1099 7.499000 21482.859375 21831.609375
1100 7.506000 21482.859375 21831.609375
1101 7.511000 21482.859375 21831.609375
1102 7.517000 21482.859375 21831.609375
1103 7.524000 21482.859375 21831.609375
