0 0.000000 24698.500000 27190.902344
1 0.008000 24698.500000 27190.902344
2 0.014000 24498.792969 26622.369141
3 0.021000 23867.185547 26212.679688
4 0.029000 23586.630859 25830.873047
5 0.036000 23586.630859 25575.775391
6 0.042000 23531.871094 25308.312500
7 0.048000 23446.777344 25077.535156
8 0.055000 22810.148438 24861.757813
9 0.061000 22810.148438 24694.744141
10 0.067000 22624.464844 24529.707031
11 0.074000 22624.464844 24422.759766
12 0.080000 22624.464844 24317.314453
13 0.086000 22583.193359 24189.552734
14 0.093000 22392.962891 24058.470703
15 0.099000 22306.416016 23936.490234
16 0.106000 21622.189453 23808.466797
17 0.111000 21622.189453 23712.509766
18 0.118000 21622.189453 23646.119141
19 0.124000 21622.189453 23579.199219
20 0.131000 21622.189453 23503.046875
21 0.138000 21566.123047 23450.175781
22 0.145000 21566.123047 23375.949219
23 0.152000 21566.123047 23309.089844
24 0.158000 21566.123047 23233.255859
25 0.166000 21566.123047 23166.658203
26 0.171000 21566.123047 23104.585938
27 0.178000 21566.123047 23057.019531
28 0.184000 21566.123047 23006.914063
29 0.190000 21566.123047 22962.105469
30 0.196000 21566.123047 22905.224609
31 0.201000 21566.123047 22874.818359
32 0.207000 21566.123047 22845.867188
33 0.214000 21566.123047 22808.033203
34 0.219000 21298.982422 22782.007813
35 0.226000 21298.982422 22748.000000
36 0.232000 21298.982422 22724.699219
37 0.238000 21298.982422 22710.404297
38 0.244000 21298.982422 22692.599609
39 0.251000 21298.982422 22679.527344
40 0.257000 21298.982422 22672.193359
41 0.264000 21298.982422 22665.412109
42 0.269000 21298.982422 22661.875000
43 0.277000 21298.982422 22647.365234
44 0.283000 21298.982422 22630.800781
45 0.289000 21298.982422 22628.900391
46 0.296000 21298.982422 22610.777344
47 0.302000 21298.982422 22596.300781
48 0.309000 21298.982422 22579.394531
49 0.315000 21298.982422 22559.400391
50 0.321000 21298.982422 22543.570313
51 0.329000 21298.982422 22533.214844
52 0.334000 21298.982422 22527.873047
53 0.340000 21298.982422 22508.953125
54 0.347000 21298.982422 22504.242188
55 0.354000 21298.982422 22492.769531
56 0.360000 21298.982422 22461.078125
57 0.366000 21298.982422 22454.189453
58 0.374000 21298.982422 22446.751953
59 0.380000 21298.982422 22433.009766
60 0.386000 21298.982422 22428.814453
61 0.393000 21298.982422 22422.738281
62 0.399000 21298.982422 22410.755859
63 0.405000 21298.982422 22401.287109
64 0.411000 21298.982422 22393.462891
65 0.417000 21298.982422 22388.234375
66 0.423000 21298.982422 22379.910156
67 0.429000 21298.982422 22358.572266
68 0.435000 21298.982422 22354.982422
69 0.442000 21298.982422 22351.462891
70 0.448000 21298.982422 22345.886719
71 0.454000 21298.982422 22341.164063
72 0.461000 21298.982422 22338.759766
73 0.467000 21298.982422 22325.562500
74 0.475000 21298.982422 22310.535156
75 0.481000 21298.982422 22308.216797
76 0.488000 21298.982422 22300.457031
77 0.495000 21298.982422 22291.363281
78 0.501000 21298.982422 22279.578125
79 0.507000 21298.982422 22278.136719
80 0.513000 21298.982422 22277.759766
81 0.520000 21298.982422 22275.599609
82 0.527000 21298.982422 22275.466797
83 0.533000 21298.982422 22264.464844
84 0.539000 21298.982422 22264.466797
85 0.546000 21298.982422 22261.818359
86 0.553000 21298.982422 22257.140625
87 0.562000 21298.982422 22255.185547
88 0.569000 21298.982422 22255.056641
89 0.576000 21298.982422 22251.650391
90 0.582000 21298.982422 22247.205078
91 0.589000 21298.982422 22247.205078
92 0.596000 21298.982422 22244.318359
93 0.602000 21298.982422 22244.320313
94 0.610000 21298.982422 22239.595703
95 0.616000 21298.982422 22226.029297
96 0.622000 21298.982422 22226.029297
97 0.630000 21298.982422 22223.550781
98 0.638000 21298.982422 22222.365234
99 0.646000 21298.982422 22222.365234
100 0.653000 21298.982422 22222.365234
101 0.660000 21298.982422 22220.724609
102 0.665000 21298.982422 22220.724609
103 0.672000 21298.982422 22220.724609
104 0.678000 21298.982422 22220.341797
105 0.684000 21298.982422 22220.341797
106 0.691000 21298.982422 22218.060547
107 0.697000 21298.982422 22217.931641
108 0.703000 21298.982422 22211.414063
109 0.710000 21298.982422 22210.332031
110 0.717000 21298.982422 22210.056641
111 0.724000 21298.982422 22210.056641
112 0.731000 21298.982422 22203.982422
113 0.738000 21298.982422 22202.792969
114 0.744000 21298.982422 22199.568359
115 0.751000 21298.982422 22197.619141
116 0.757000 21298.982422 22195.412109
117 0.762000 21298.982422 22195.082031
118 0.768000 21298.982422 22193.447266
119 0.775000 21298.982422 22187.750000
120 0.782000 21298.982422 22186.148438
121 0.788000 21298.982422 22185.623047
122 0.795000 21298.982422 22185.623047
123 0.801000 21298.982422 22185.107422
124 0.809000 21298.982422 22184.582031
125 0.816000 21298.982422 22184.582031
126 0.822000 21298.982422 22184.148438
127 0.828000 21298.982422 22178.494141
128 0.834000 21298.982422 22178.494141
129 0.840000 21298.982422 22178.494141
130 0.846000 21298.982422 22178.494141
131 0.852000 21298.982422 22178.494141
132 0.858000 21298.982422 22178.160156
133 0.866000 21298.982422 22178.160156
134 0.873000 21298.982422 22176.693359
135 0.879000 21298.982422 22176.357422
136 0.885000 21298.982422 22176.357422
137 0.892000 21298.982422 22176.119141
138 0.898000 21298.982422 22173.876953
139 0.904000 21298.982422 22170.187500
140 0.915000 21298.982422 22170.187500
141 0.922000 21298.982422 22170.187500
142 0.929000 21298.982422 22170.187500
143 0.935000 21298.982422 22168.589844
144 0.943000 21298.982422 22168.589844
145 0.949000 21298.982422 22168.589844
146 0.959000 21298.982422 22167.722656
147 0.966000 21298.982422 22167.722656
148 0.973000 21298.982422 22167.722656
149 0.980000 21298.982422 22167.351563
150 0.986000 21298.982422 22167.351563
151 0.992000 21298.982422 22167.257813
152 0.999000 21298.982422 22165.562500
153 1.006000 21298.982422 22165.562500
154 1.013000 21298.982422 22165.562500
155 1.020000 21298.982422 22162.806641
156 1.027000 21298.982422 22155.837891
157 1.033000 21298.982422 22155.837891
158 1.039000 21298.982422 22155.664063
159 1.045000 21298.982422 22152.738281
160 1.051000 21298.982422 22150.980469
161 1.059000 21298.982422 22150.980469
162 1.067000 21298.982422 22145.925781
163 1.074000 21298.982422 22145.919922
164 1.080000 21298.982422 22145.919922
165 1.086000 21298.982422 22145.919922
166 1.093000 21298.982422 22145.919922
167 1.098000 21298.982422 22145.429688
168 1.107000 21298.982422 22145.429688
169 1.114000 21298.982422 22145.429688
170 1.120000 21298.982422 22145.429688
171 1.128000 21298.982422 22145.429688
172 1.133000 21298.982422 22145.390625
173 1.143000 21298.982422 22144.984375
174 1.149000 21298.982422 22144.984375
175 1.156000 21298.982422 22144.984375
176 1.162000 21298.982422 22144.671875
177 1.169000 21298.982422 22144.671875
178 1.176000 21298.982422 22131.099609
179 1.181000 21298.982422 22131.099609
180 1.188000 21298.982422 22131.099609
181 1.194000 21298.982422 22131.099609
182 1.200000 21298.982422 22130.509766
183 1.208000 21298.982422 22129.841797
184 1.214000 21298.982422 22129.841797
185 1.224000 21298.982422 22129.841797
186 1.230000 21298.982422 22127.292969
187 1.237000 21298.982422 22124.929688
188 1.244000 21298.982422 22124.929688
189 1.251000 21298.982422 22124.929688
190 1.258000 21298.982422 22124.886719
191 1.264000 21298.982422 22124.886719
192 1.270000 21298.982422 22123.470703
193 1.276000 21298.982422 22122.820313
194 1.282000 21298.982422 22122.820313
195 1.289000 21298.982422 22122.820313
196 1.295000 21298.982422 22122.820313
197 1.302000 21298.982422 22117.544922
198 1.309000 21298.982422 22117.265625
199 1.315000 21298.982422 22117.136719
200 1.321000 21298.982422 22117.136719
201 1.328000 21298.982422 22117.136719
202 1.334000 21298.982422 22117.136719
203 1.342000 21298.982422 22115.669922
204 1.348000 21298.982422 22115.664063
205 1.355000 21298.982422 22115.664063
206 1.362000 21298.982422 22115.664063
207 1.368000 21298.982422 22115.664063
208 1.376000 21298.982422 22115.664063
209 1.382000 21298.982422 22115.664063
210 1.390000 21298.982422 22115.457031
211 1.396000 21298.982422 22112.035156
212 1.403000 21298.982422 22108.943359
213 1.410000 21298.982422 22108.943359
214 1.417000 21298.982422 22108.943359
215 1.423000 21298.982422 22108.943359
216 1.429000 21298.982422 22108.943359
217 1.435000 21298.982422 22108.937500
218 1.442000 21298.982422 22108.937500
219 1.449000 21298.982422 22108.937500
220 1.456000 21298.982422 22108.136719
221 1.462000 21298.982422 22107.712891
222 1.468000 21298.982422 22107.712891
223 1.477000 21298.982422 22098.585938
224 1.483000 21298.982422 22097.910156
225 1.490000 21298.982422 22097.730469
226 1.497000 21298.982422 22097.730469
227 1.504000 21298.982422 22097.730469
228 1.514000 21298.982422 22097.730469
229 1.520000 21298.982422 22096.414063
230 1.527000 21298.982422 22094.248047
231 1.533000 21298.982422 22094.248047
232 1.540000 21298.982422 22094.248047
233 1.547000 21298.982422 22094.248047
234 1.555000 21298.982422 22093.259766
235 1.562000 21298.982422 22093.259766
236 1.569000 21298.982422 22093.259766
237 1.576000 21298.982422 22093.259766
238 1.582000 21298.982422 22089.947266
239 1.594000 21298.982422 22089.947266
240 1.606000 21298.982422 22089.947266
241 1.622000 21298.982422 22089.947266
242 1.631000 21298.982422 22089.035156
243 1.641000 21298.982422 22089.035156
244 1.648000 21298.982422 22089.029297
245 1.655000 21298.982422 22088.425781
246 1.663000 21298.982422 22088.425781
247 1.668000 21298.982422 22088.425781
248 1.675000 21298.982422 22088.369141
249 1.681000 21298.982422 22086.097656
250 1.688000 21298.982422 22086.097656
251 1.693000 21298.982422 22085.648438
252 1.700000 21298.982422 22085.648438
253 1.706000 21298.982422 22085.648438
254 1.712000 21298.982422 22084.648438
255 1.719000 21298.982422 22084.648438
256 1.726000 21298.982422 22084.648438
257 1.733000 21298.982422 22084.648438
258 1.741000 21298.982422 22084.648438
259 1.747000 21298.982422 22080.259766
260 1.754000 21298.982422 22080.212891
261 1.761000 21298.982422 22079.578125
262 1.767000 21298.982422 22078.072266
263 1.776000 21298.982422 22070.414063
264 1.782000 21298.982422 22063.804688
265 1.788000 21298.982422 22051.544922
266 1.796000 21298.982422 22051.410156
267 1.802000 21298.982422 22050.431641
268 1.809000 21298.982422 22049.169922
269 1.815000 21298.982422 22047.029297
270 1.827000 21298.982422 22043.572266
271 1.832000 21298.982422 22041.431641
272 1.840000 21298.982422 22039.976563
273 1.847000 21298.982422 22028.148438
274 1.853000 21298.982422 22028.150391
275 1.860000 21298.982422 22028.150391
276 1.866000 21298.982422 22028.150391
277 1.874000 21298.982422 22025.427734
278 1.881000 21298.982422 22025.427734
279 1.888000 21298.982422 22025.427734
280 1.896000 21298.982422 22025.427734
281 1.902000 21298.982422 22023.724609
282 1.910000 21298.982422 22019.175781
283 1.916000 21298.982422 22019.175781
284 1.922000 21298.982422 22017.845703
285 1.927000 21298.982422 22017.542969
286 1.934000 21298.982422 22013.783203
287 1.941000 21298.982422 22006.519531
288 1.948000 21298.982422 22006.322266
289 1.953000 21298.982422 22006.134766
290 1.959000 21298.982422 22006.134766
291 1.966000 21298.982422 22002.845703
292 1.972000 21298.982422 21995.275391
293 1.978000 21298.982422 21993.453125
294 1.984000 21298.982422 21993.453125
295 1.991000 21298.982422 21993.324219
296 1.997000 21298.982422 21993.324219
297 2.003000 21298.982422 21993.277344
298 2.009000 21298.982422 21986.982422
299 2.015000 21298.982422 21986.070313
300 2.022000 21298.982422 21983.097656
301 2.030000 21298.982422 21978.410156
302 2.036000 21298.982422 21976.546875
303 2.044000 21298.982422 21976.546875
304 2.050000 21298.982422 21976.546875
305 2.056000 21298.982422 21976.347656
306 2.063000 21298.982422 21975.919922
307 2.070000 21298.982422 21975.865234
308 2.076000 21298.982422 21973.240234
309 2.083000 21298.982422 21973.240234
310 2.089000 21298.982422 21965.601563
311 2.094000 21298.982422 21965.492188
312 2.100000 21298.982422 21965.117188
313 2.107000 21298.982422 21964.990234
314 2.114000 21298.982422 21960.734375
315 2.122000 21298.982422 21960.732422
316 2.127000 21298.982422 21960.732422
317 2.133000 21298.982422 21960.732422
318 2.140000 21298.982422 21956.689453
319 2.146000 21298.982422 21956.689453
320 2.151000 21298.982422 21956.689453
321 2.159000 21298.982422 21956.677734
322 2.167000 21298.982422 21956.570313
323 2.173000 21298.982422 21954.804688
324 2.179000 21298.982422 21954.804688
325 2.186000 21298.982422 21954.804688
326 2.192000 21298.982422 21954.804688
327 2.197000 21298.982422 21954.750000
328 2.205000 21298.982422 21954.232422
329 2.211000 21298.982422 21954.232422
330 2.217000 21298.982422 21954.089844
331 2.223000 21298.982422 21954.089844
332 2.229000 21298.982422 21954.035156
333 2.236000 21298.982422 21954.035156
334 2.243000 21298.982422 21953.654297
335 2.249000 21298.982422 21950.193359
336 2.256000 21298.982422 21950.193359
337 2.262000 21298.982422 21941.785156
338 2.270000 21298.982422 21941.732422
339 2.276000 21298.982422 21939.564453
340 2.284000 21298.982422 21939.564453
341 2.291000 21298.982422 21939.476563
342 2.297000 21298.982422 21939.019531
343 2.302000 21298.982422 21934.414063
344 2.308000 21298.982422 21934.398438
345 2.314000 21298.982422 21918.949219
346 2.320000 21298.982422 21918.949219
347 2.327000 21298.982422 21918.949219
348 2.333000 21298.982422 21918.931641
349 2.338000 21298.982422 21918.490234
350 2.345000 21298.982422 21918.087891
351 2.352000 21298.982422 21916.898438
352 2.358000 21298.982422 21914.453125
353 2.364000 21298.982422 21914.453125
354 2.372000 21298.982422 21914.453125
355 2.378000 21298.982422 21914.453125
356 2.384000 21298.982422 21914.453125
357 2.391000 21298.982422 21914.453125
358 2.397000 21298.982422 21914.453125
359 2.405000 21298.982422 21914.453125
360 2.411000 21298.982422 21914.453125
361 2.417000 21298.982422 21914.453125
362 2.424000 21298.982422 21913.457031
363 2.430000 21298.982422 21913.375000
364 2.438000 21298.982422 21912.509766
365 2.444000 21298.982422 21911.164063
366 2.451000 21298.982422 21911.164063
367 2.458000 21298.982422 21910.203125
368 2.464000 21298.982422 21909.365234
369 2.470000 21298.982422 21907.845703
370 2.477000 21298.982422 21907.845703
371 2.483000 21298.982422 21907.845703
372 2.492000 21298.982422 21907.500000
373 2.498000 21298.982422 21907.500000
374 2.505000 21298.982422 21907.351563
375 2.512000 21298.982422 21907.351563
376 2.518000 21298.982422 21906.390625
377 2.524000 21298.982422 21906.390625
378 2.531000 21298.982422 21904.287109
379 2.537000 21298.982422 21900.554688
380 2.544000 21298.982422 21900.431641
381 2.549000 21298.982422 21889.232422
382 2.555000 21298.982422 21889.230469
383 2.563000 21298.982422 21887.322266
384 2.570000 21298.982422 21886.357422
385 2.576000 21298.982422 21886.357422
386 2.582000 21298.982422 21886.357422
387 2.588000 21298.982422 21886.320313
388 2.595000 21298.982422 21886.320313
389 2.603000 21298.982422 21885.355469
390 2.609000 21298.982422 21884.390625
391 2.616000 21298.982422 21875.914063
392 2.622000 21298.982422 21874.953125
393 2.628000 21298.982422 21874.839844
394 2.635000 21298.982422 21874.705078
395 2.641000 21298.982422 21874.525391
396 2.648000 21298.982422 21871.476563
397 2.655000 21298.982422 21870.117188
398 2.662000 21298.982422 21869.984375
399 2.668000 21298.982422 21869.255859
400 2.675000 21298.982422 21868.912109
401 2.681000 21298.982422 21866.105469
402 2.687000 21298.982422 21866.105469
403 2.693000 21298.982422 21862.695313
404 2.699000 21298.982422 21860.947266
405 2.706000 21298.982422 21860.257813
406 2.712000 21298.982422 21860.152344
407 2.718000 21298.982422 21859.625000
408 2.724000 21298.982422 21859.625000
409 2.731000 21298.982422 21859.476563
410 2.738000 21298.982422 21859.330078
411 2.744000 21298.982422 21858.902344
412 2.753000 21298.982422 21858.902344
413 2.759000 21298.982422 21855.716797
414 2.766000 21298.982422 21849.355469
415 2.772000 21298.982422 21844.882813
416 2.779000 21298.982422 21841.595703
417 2.784000 21298.982422 21836.474609
418 2.792000 21298.982422 21836.072266
419 2.796000 21298.982422 21825.158203
420 2.803000 21298.982422 21825.160156
421 2.809000 21298.982422 21822.609375
422 2.815000 21298.982422 21819.072266
423 2.822000 21298.982422 21819.072266
424 2.829000 21298.982422 21817.167969
425 2.834000 21298.982422 21816.402344
426 2.841000 21298.982422 21814.591797
427 2.847000 21298.982422 21805.238281
428 2.854000 21298.982422 21801.748047
429 2.860000 21298.982422 21801.748047
430 2.866000 21298.982422 21798.414063
431 2.872000 21298.982422 21797.226563
432 2.879000 21298.982422 21791.064453
433 2.885000 21298.982422 21789.644531
434 2.891000 21298.982422 21788.294922
435 2.897000 21298.982422 21784.982422
436 2.903000 21298.982422 21784.523438
437 2.911000 21298.982422 21784.523438
438 2.917000 21298.982422 21778.355469
439 2.925000 21298.982422 21777.851563
440 2.931000 21298.982422 21771.912109
441 2.939000 21298.982422 21770.029297
442 2.945000 21298.982422 21769.892578
443 2.952000 21298.982422 21763.929688
444 2.959000 21298.982422 21761.154297
445 2.965000 21298.982422 21757.859375
446 2.971000 21298.982422 21757.804688
447 2.977000 21298.982422 21754.914063
448 2.983000 21298.982422 21753.949219
449 2.991000 21298.982422 21750.275391
450 2.997000 21298.982422 21748.998047
451 3.003000 21298.982422 21748.082031
452 3.009000 21298.982422 21744.505859
453 3.015000 21298.982422 21740.849609
454 3.022000 21298.982422 21739.509766
455 3.027000 21298.982422 21726.224609
456 3.034000 21298.982422 21723.535156
457 3.040000 21298.982422 21715.732422
458 3.046000 21298.982422 21712.179688
459 3.052000 21298.982422 21702.884766
460 3.058000 21298.982422 21689.867188
461 3.063000 21298.982422 21681.380859
462 3.070000 21298.982422 21672.279297
463 3.076000 21298.982422 21669.669922
464 3.083000 21298.982422 21655.023438
465 3.089000 21298.982422 21644.279297
466 3.096000 21298.982422 21628.296875
467 3.105000 21298.982422 21610.789063
468 3.111000 21298.982422 21592.980469
469 3.117000 21298.982422 21573.060547
470 3.124000 21298.982422 21545.529297
471 3.130000 21298.982422 21524.669922
472 3.136000 21298.982422 21477.818359
473 3.143000 21298.982422 21438.117188
474 3.149000 21298.982422 21393.421875
475 3.156000 21298.982422 21385.482422
476 3.162000 21298.982422 21375.148438
477 3.168000 21298.982422 21375.148438
478 3.174000 21298.982422 21375.148438
479 3.180000 21298.982422 21375.148438
480 3.186000 21298.982422 21375.148438
481 3.192000 21298.982422 21375.148438
482 3.199000 21298.982422 21375.148438
483 3.206000 21298.982422 21375.148438
484 3.212000 21298.982422 21375.148438
485 3.218000 21298.982422 21375.148438
486 3.225000 21298.982422 21375.148438
487 3.231000 21298.982422 21375.148438
488 3.238000 21298.982422 21375.148438
489 3.244000 21298.982422 21375.148438
490 3.251000 21298.982422 21375.148438
491 3.258000 21298.982422 21375.148438
492 3.264000 21298.982422 21375.148438
493 3.271000 21298.982422 21375.148438
494 3.278000 21298.982422 21375.148438
495 3.284000 21298.982422 21375.148438
496 3.291000 21298.982422 21375.148438
497 3.297000 21298.982422 21375.148438
498 3.303000 21298.982422 21375.148438
499 3.308000 21298.982422 21375.148438
500 3.314000 21298.982422 21375.148438
501 3.321000 21298.982422 21375.148438
502 3.327000 21298.982422 21375.148438
503 3.333000 21298.982422 21375.148438
504 3.340000 21298.982422 21375.148438
505 3.347000 21298.982422 21375.148438
506 3.354000 21298.982422 21375.148438
507 3.360000 21298.982422 21375.148438
508 3.366000 21298.982422 21375.148438
509 3.373000 21298.982422 21375.148438
510 3.379000 21298.982422 21375.148438
511 3.385000 21298.982422 21375.148438
512 3.392000 21298.982422 21375.148438
513 3.399000 21298.982422 21375.148438
514 3.405000 21298.982422 21375.148438
515 3.412000 21298.982422 21375.148438
516 3.417000 21298.982422 21375.148438
517 3.423000 21298.982422 21375.148438
518 3.429000 21298.982422 21375.148438
519 3.436000 21298.982422 21375.148438
520 3.442000 21298.982422 21375.148438
521 3.448000 21298.982422 21375.148438
522 3.453000 21298.982422 21375.148438
523 3.459000 21298.982422 21375.148438
524 3.465000 21298.982422 21375.148438
525 3.472000 21298.982422 21375.148438
526 3.478000 21298.982422 21375.148438
527 3.485000 21298.982422 21375.148438
528 3.493000 21298.982422 21375.148438
529 3.499000 21298.982422 21375.148438
530 3.506000 21298.982422 21375.148438
531 3.512000 21298.982422 21375.148438
532 3.518000 21298.982422 21375.148438
533 3.525000 21298.982422 21375.148438
534 3.531000 21298.982422 21375.148438
535 3.538000 21298.982422 21375.148438
536 3.544000 21298.982422 21375.148438
537 3.550000 21298.982422 21375.148438
538 3.556000 21298.982422 21375.148438
539 3.562000 21298.982422 21374.363281
540 3.569000 21298.982422 21374.363281
541 3.576000 21298.982422 21374.363281
542 3.582000 21298.982422 21374.363281
543 3.589000 21298.982422 21374.363281
544 3.595000 21298.982422 21374.363281
545 3.602000 21298.982422 21374.363281
546 3.608000 21298.982422 21374.363281
547 3.614000 21298.982422 21374.363281
548 3.620000 21298.982422 21374.363281
549 3.626000 21298.982422 21374.363281
550 3.632000 21298.982422 21374.363281
551 3.638000 21298.982422 21374.363281
552 3.644000 21298.982422 21374.363281
553 3.652000 21298.982422 21374.363281
554 3.658000 21298.982422 21374.363281
555 3.664000 21298.982422 21374.363281
556 3.670000 21298.982422 21374.363281
557 3.676000 21298.982422 21374.363281
558 3.683000 21298.982422 21374.363281
559 3.691000 21298.982422 21374.363281
560 3.698000 21298.982422 21374.363281
561 3.704000 21298.982422 21374.363281
562 3.711000 21298.982422 21374.363281
563 3.717000 21298.982422 21374.363281
564 3.722000 21298.982422 21374.363281
565 3.729000 21298.982422 21374.363281
566 3.736000 21298.982422 21374.363281
567 3.744000 21298.982422 21374.363281
568 3.750000 21298.982422 21374.363281
569 3.756000 21298.982422 21374.363281
570 3.762000 21298.982422 21374.363281
571 3.769000 21298.982422 21374.363281
572 3.776000 21298.982422 21374.363281
573 3.782000 21298.982422 21374.363281
574 3.787000 21298.982422 21374.363281
575 3.794000 21298.982422 21374.363281
576 3.800000 21298.982422 21374.363281
577 3.807000 21298.982422 21374.363281
578 3.812000 21298.982422 21374.363281
579 3.822000 21298.982422 21374.363281
580 3.828000 21298.982422 21374.363281
581 3.835000 21298.982422 21374.363281
582 3.841000 21298.982422 21374.363281
583 3.847000 21298.982422 21374.363281
584 3.854000 21298.982422 21374.363281
585 3.860000 21298.982422 21374.363281
586 3.867000 21298.982422 21374.363281
587 3.874000 21298.982422 21374.363281
588 3.880000 21298.982422 21374.363281
589 3.886000 21298.982422 21374.363281
590 3.892000 21298.982422 21374.363281
591 3.897000 21298.982422 21374.363281
592 3.904000 21298.982422 21374.363281
593 3.910000 21298.982422 21374.363281
594 3.916000 21298.982422 21374.363281
595 3.922000 21298.982422 21374.363281
596 3.928000 21298.982422 21374.363281
597 3.937000 21298.982422 21374.363281
598 3.943000 21298.982422 21374.363281
599 3.951000 21298.982422 21374.363281
600 3.957000 21298.982422 21374.363281
601 3.962000 21298.982422 21374.363281
602 3.968000 21298.982422 21374.363281
603 3.974000 21298.982422 21374.363281
604 3.981000 21298.982422 21374.363281
605 3.988000 21298.982422 21374.363281
606 3.995000 21298.982422 21374.363281
607 4.001000 21298.982422 21374.363281
608 4.007000 21298.982422 21374.363281
609 4.013000 21298.982422 21374.363281
610 4.019000 21298.982422 21374.363281
611 4.025000 21298.982422 21374.363281
612 4.031000 21298.982422 21374.363281
613 4.037000 21298.982422 21374.363281
614 4.043000 21298.982422 21374.363281
615 4.050000 21298.982422 21374.363281
616 4.057000 21298.982422 21374.363281
617 4.063000 21298.982422 21374.363281
618 4.070000 21298.982422 21374.363281
619 4.077000 21298.982422 21374.363281
620 4.083000 21298.982422 21374.363281
621 4.089000 21298.982422 21374.363281
622 4.096000 21298.982422 21374.363281
623 4.103000 21298.982422 21374.363281
624 4.109000 21298.982422 21374.363281
625 4.115000 21298.982422 21374.363281
626 4.122000 21298.982422 21374.363281
627 4.129000 21298.982422 21374.363281
628 4.135000 21298.982422 21374.363281
629 4.141000 21298.982422 21374.363281
630 4.146000 21298.982422 21374.363281
631 4.153000 21298.982422 21374.363281
632 4.159000 21298.982422 21374.363281
633 4.165000 21298.982422 21373.578125
634 4.173000 21298.982422 21373.578125
635 4.178000 21298.982422 21373.578125
636 4.185000 21298.982422 21373.578125
637 4.191000 21298.982422 21373.578125
638 4.198000 21298.982422 21373.578125
639 4.204000 21298.982422 21373.578125
640 4.210000 21298.982422 21373.578125
641 4.217000 21298.982422 21373.578125
642 4.223000 21298.982422 21373.578125
643 4.229000 21298.982422 21373.578125
644 4.236000 21298.982422 21373.578125
645 4.242000 21298.982422 21373.578125
646 4.248000 21298.982422 21373.578125
647 4.255000 21298.982422 21373.578125
648 4.261000 21298.982422 21373.578125
649 4.268000 21298.982422 21373.578125
650 4.275000 21298.982422 21373.578125
651 4.282000 21298.982422 21373.578125
652 4.289000 21298.982422 21373.578125
653 4.295000 21298.982422 21373.578125
654 4.301000 21298.982422 21373.578125
655 4.307000 21298.982422 21373.578125
656 4.314000 21298.982422 21373.578125
657 4.321000 21298.982422 21373.578125
658 4.326000 21298.982422 21373.578125
659 4.332000 21298.982422 21373.578125
660 4.338000 21298.982422 21373.578125
661 4.344000 21298.982422 21373.578125
662 4.350000 21298.982422 21373.578125
663 4.356000 21298.982422 21373.578125
664 4.363000 21298.982422 21373.578125
665 4.370000 21298.982422 21373.578125
666 4.375000 21298.982422 21373.578125
667 4.381000 21298.982422 21373.578125
668 4.388000 21298.982422 21373.578125
669 4.394000 21298.982422 21373.578125
670 4.399000 21298.982422 21373.578125
671 4.406000 21298.982422 21373.578125
672 4.412000 21298.982422 21373.578125
673 4.418000 21298.982422 21373.578125
674 4.424000 21298.982422 21373.578125
675 4.431000 21298.982422 21373.578125
676 4.439000 21298.982422 21373.578125
677 4.445000 21298.982422 21373.578125
678 4.451000 21298.982422 21373.578125
679 4.460000 21298.982422 21373.578125
680 4.465000 21298.982422 21373.578125
681 4.472000 21298.982422 21373.578125
682 4.478000 21298.982422 21373.578125
683 4.486000 21298.982422 21373.578125
684 4.492000 21298.982422 21373.578125
685 4.499000 21298.982422 21373.578125
686 4.507000 21298.982422 21373.578125
687 4.512000 21298.982422 21373.578125
688 4.520000 21298.982422 21373.578125
689 4.525000 21298.982422 21373.578125
690 4.531000 21298.982422 21373.578125
691 4.537000 21298.982422 21373.578125
692 4.543000 21298.982422 21373.578125
693 4.550000 21298.982422 21373.578125
694 4.556000 21298.982422 21373.578125
695 4.563000 21298.982422 21373.578125
696 4.569000 21298.982422 21373.578125
697 4.576000 21298.982422 21373.578125
698 4.583000 21298.982422 21373.578125
699 4.589000 21298.982422 21373.578125
700 4.595000 21298.982422 21373.578125
701 4.602000 21298.982422 21373.578125
702 4.608000 21298.982422 21373.578125
703 4.615000 21298.982422 21373.578125
704 4.621000 21298.982422 21373.578125
705 4.628000 21298.982422 21373.578125
706 4.635000 21298.982422 21373.578125
707 4.641000 21298.982422 21373.578125
708 4.647000 21298.982422 21373.578125
709 4.654000 21298.982422 21373.578125
710 4.660000 21298.982422 21373.578125
711 4.666000 21298.982422 21373.578125
712 4.673000 21298.982422 21373.578125
713 4.680000 21298.982422 21373.578125
714 4.686000 21298.982422 21373.578125
715 4.692000 21298.982422 21373.578125
716 4.698000 21298.982422 21373.578125
717 4.705000 21298.982422 21373.578125
718 4.711000 21298.982422 21373.578125
719 4.717000 21298.982422 21373.578125
720 4.723000 21298.982422 21373.578125
721 4.729000 21298.982422 21373.578125
722 4.736000 21298.982422 21373.578125
723 4.743000 21298.982422 21373.578125
724 4.750000 21298.982422 21373.578125
725 4.758000 21298.982422 21373.578125
726 4.765000 21298.982422 21373.578125
727 4.772000 21298.982422 21373.578125
728 4.778000 21298.982422 21373.578125
729 4.785000 21298.982422 21373.578125
730 4.792000 21298.982422 21373.578125
731 4.799000 21298.982422 21373.578125
732 4.805000 21298.982422 21373.578125
733 4.811000 21298.982422 21373.578125
734 4.819000 21298.982422 21373.578125
735 4.826000 21298.982422 21373.578125
736 4.832000 21298.982422 21373.578125
737 4.838000 21298.982422 21373.578125
738 4.845000 21298.982422 21373.578125
739 4.852000 21298.982422 21373.578125
740 4.858000 21298.982422 21373.578125
741 4.864000 21298.982422 21373.578125
742 4.870000 21298.982422 21373.578125
743 4.876000 21298.982422 21373.578125
744 4.882000 21298.982422 21373.578125
745 4.888000 21298.982422 21373.578125
746 4.895000 21298.982422 21373.578125
747 4.902000 21298.982422 21373.578125
748 4.909000 21298.982422 21373.578125
749 4.915000 21298.982422 21373.578125
750 4.920000 21298.982422 21373.578125
751 4.925000 21298.982422 21373.578125
752 4.932000 21298.982422 21373.578125
753 4.940000 21298.982422 21373.578125
754 4.946000 21298.982422 21373.578125
755 4.951000 21298.982422 21373.578125
756 4.957000 21298.982422 21373.578125
757 4.963000 21298.982422 21372.789063
758 4.969000 21298.982422 21372.789063
759 4.975000 21298.982422 21372.789063
760 4.981000 21298.982422 21372.789063
761 4.989000 21298.982422 21372.789063
762 4.995000 21298.982422 21372.789063
763 5.000000 21298.982422 21372.789063
764 5.007000 21298.982422 21372.789063
765 5.014000 21298.982422 21372.789063
766 5.020000 21298.982422 21372.789063
767 5.026000 21298.982422 21372.789063
768 5.033000 21298.982422 21372.789063
769 5.040000 21298.982422 21372.789063
770 5.047000 21298.982422 21372.789063
771 5.052000 21298.982422 21372.789063
772 5.059000 21298.982422 21372.789063
773 5.065000 21298.982422 21372.789063
774 5.071000 21298.982422 21372.789063
775 5.077000 21298.982422 21372.789063
776 5.084000 21298.982422 21372.789063
777 5.090000 21298.982422 21372.789063
778 5.098000 21298.982422 21372.789063
779 5.105000 21298.982422 21372.789063
780 5.111000 21298.982422 21372.789063
781 5.117000 21298.982422 21372.789063
782 5.123000 21298.982422 21372.789063
783 5.130000 21298.982422 21372.789063
784 5.137000 21298.982422 21372.789063
785 5.144000 21298.982422 21372.789063
786 5.153000 21298.982422 21372.789063
787 5.160000 21298.982422 21372.789063
788 5.166000 21298.982422 21372.789063
789 5.172000 21298.982422 21372.789063
790 5.178000 21298.982422 21372.789063
791 5.185000 21298.982422 21372.789063
792 5.191000 21298.982422 21372.789063
793 5.198000 21298.982422 21372.789063
794 5.203000 21298.982422 21372.789063
795 5.210000 21298.982422 21372.789063
796 5.217000 21298.982422 21372.789063
797 5.223000 21298.982422 21372.789063
798 5.228000 21298.982422 21372.789063
799 5.235000 21298.982422 21372.789063
800 5.240000 21298.982422 21372.789063
801 5.247000 21298.982422 21372.789063
802 5.253000 21298.982422 21372.789063
803 5.259000 21298.982422 21372.789063
804 5.265000 21298.982422 21372.789063
805 5.272000 21298.982422 21372.789063
806 5.278000 21298.982422 21372.789063
807 5.285000 21298.982422 21372.789063
808 5.291000 21298.982422 21372.789063
809 5.297000 21298.982422 21372.789063
810 5.303000 21298.982422 21372.789063
811 5.311000 21298.982422 21372.789063
812 5.318000 21298.982422 21372.789063
813 5.326000 21298.982422 21372.789063
814 5.331000 21298.982422 21372.789063
815 5.337000 21298.982422 21372.789063
816 5.344000 21298.982422 21372.789063
817 5.350000 21298.982422 21372.789063
818 5.357000 21298.982422 21372.789063
819 5.362000 21298.982422 21372.789063
820 5.370000 21298.982422 21372.789063
821 5.376000 21298.982422 21372.789063
822 5.382000 21298.982422 21372.789063
823 5.388000 21298.982422 21372.789063
824 5.394000 21298.982422 21372.789063
825 5.402000 21298.982422 21372.789063
826 5.408000 21298.982422 21372.789063
827 5.413000 21298.982422 21372.789063
828 5.419000 21298.982422 21372.789063
829 5.426000 21298.982422 21372.789063
830 5.431000 21298.982422 21372.789063
831 5.437000 21298.982422 21372.789063
832 5.444000 21298.982422 21372.789063
833 5.450000 21298.982422 21372.789063
834 5.456000 21298.982422 21372.789063
835 5.464000 21298.982422 21372.789063
836 5.469000 21298.982422 21372.789063
837 5.475000 21298.982422 21372.789063
838 5.482000 21298.982422 21372.789063
839 5.488000 21298.982422 21372.789063
840 5.495000 21298.982422 21372.789063
841 5.501000 21298.982422 21372.789063
842 5.507000 21298.982422 21372.789063
843 5.513000 21298.982422 21372.789063
844 5.519000 21298.982422 21372.789063
845 5.525000 21298.982422 21372.789063
846 5.531000 21298.982422 21372.789063
847 5.538000 21298.982422 21372.789063
848 5.543000 21298.982422 21372.789063
849 5.550000 21298.982422 21372.789063
850 5.557000 21298.982422 21372.789063
851 5.562000 21298.982422 21372.789063
852 5.569000 21298.982422 21372.789063
853 5.575000 21298.982422 21372.789063
854 5.581000 21298.982422 21372.789063
855 5.587000 21298.982422 21372.789063
856 5.595000 21298.982422 21372.789063
857 5.602000 21298.982422 21372.789063
858 5.608000 21298.982422 21372.789063
859 5.614000 21298.982422 21372.789063
860 5.621000 21298.982422 21372.789063
861 5.628000 21298.982422 21372.789063
862 5.633000 21298.982422 21372.789063
863 5.639000 21298.982422 21372.789063
864 5.646000 21298.982422 21372.789063
865 5.653000 21298.982422 21372.789063
866 5.660000 21298.982422 21372.789063
867 5.667000 21298.982422 21372.789063
868 5.674000 21298.982422 21372.789063
869 5.680000 21298.982422 21372.789063
870 5.687000 21298.982422 21372.789063
871 5.693000 21298.982422 21372.789063
872 5.699000 21298.982422 21372.789063
873 5.705000 21298.982422 21372.789063
874 5.712000 21298.982422 21372.789063
875 5.718000 21298.982422 21372.789063
876 5.725000 21298.982422 21372.789063
877 5.731000 21298.982422 21372.789063
878 5.737000 21298.982422 21372.789063
879 5.743000 21298.982422 21372.789063
880 5.749000 21298.982422 21372.789063
881 5.755000 21298.982422 21372.789063
882 5.762000 21298.982422 21372.789063
883 5.768000 21298.982422 21372.789063
884 5.774000 21298.982422 21372.005859
885 5.780000 21298.982422 21372.005859
886 5.788000 21298.982422 21372.005859
887 5.794000 21298.982422 21372.005859
888 5.800000 21298.982422 21372.005859
889 5.806000 21298.982422 21372.005859
890 5.812000 21298.982422 21372.005859
891 5.819000 21298.982422 21372.005859
892 5.826000 21298.982422 21372.005859
893 5.831000 21298.982422 21372.005859
894 5.838000 21298.982422 21372.005859
895 5.845000 21298.982422 21372.005859
896 5.851000 21298.982422 21372.005859
897 5.857000 21298.982422 21372.005859
898 5.863000 21298.982422 21372.005859
899 5.869000 21298.982422 21372.005859
900 5.875000 21298.982422 21372.005859
901 5.882000 21298.982422 21372.005859
902 5.888000 21298.982422 21372.005859
903 5.895000 21298.982422 21372.005859
904 5.902000 21298.982422 21372.005859
905 5.909000 21298.982422 21372.005859
906 5.915000 21298.982422 21372.005859
907 5.921000 21298.982422 21372.005859
908 5.927000 21298.982422 21372.005859
909 5.934000 21298.982422 21372.005859
910 5.941000 21298.982422 21372.005859
911 5.947000 21298.982422 21372.005859
912 5.953000 21298.982422 21372.005859
913 5.960000 21298.982422 21372.005859
914 5.967000 21298.982422 21372.005859
915 5.975000 21298.982422 21372.005859
916 5.981000 21298.982422 21372.005859
917 5.988000 21298.982422 21372.005859
918 5.994000 21298.982422 21372.005859
919 6.001000 21298.982422 21372.005859
920 6.007000 21298.982422 21372.005859
921 6.012000 21298.982422 21372.005859
922 6.019000 21298.982422 21372.005859
923 6.026000 21298.982422 21372.005859
924 6.031000 21298.982422 21372.005859
925 6.038000 21298.982422 21372.005859
926 6.044000 21298.982422 21372.005859
927 6.051000 21298.982422 21372.005859
928 6.057000 21298.982422 21372.005859
929 6.065000 21298.982422 21372.005859
930 6.072000 21298.982422 21372.005859
931 6.078000 21298.982422 21372.005859
932 6.084000 21298.982422 21372.005859
933 6.089000 21298.982422 21372.005859
934 6.096000 21298.982422 21372.005859
935 6.103000 21298.982422 21372.005859
936 6.109000 21298.982422 21372.005859
937 6.115000 21298.982422 21372.005859
938 6.121000 21298.982422 21372.005859
939 6.127000 21298.982422 21372.005859
940 6.134000 21298.982422 21372.005859
941 6.139000 21298.982422 21372.005859
942 6.145000 21298.982422 21372.005859
943 6.153000 21298.982422 21372.005859
944 6.159000 21298.982422 21372.005859
945 6.164000 21298.982422 21372.005859
946 6.171000 21298.982422 21372.005859
947 6.177000 21298.982422 21372.005859
948 6.184000 21298.982422 21372.005859
949 6.189000 21298.982422 21372.005859
950 6.196000 21298.982422 21371.220703
951 6.202000 21298.982422 21371.220703
952 6.208000 21298.982422 21371.220703
953 6.214000 21298.982422 21370.435547
954 6.222000 21298.982422 21369.650391
955 6.228000 21298.982422 21369.650391
956 6.236000 21298.982422 21369.650391
957 6.242000 21298.982422 21369.650391
958 6.250000 21298.982422 21368.865234
959 6.257000 21298.982422 21368.865234
960 6.263000 21298.982422 21368.865234
961 6.269000 21298.982422 21368.080078
962 6.275000 21298.982422 21368.080078
963 6.281000 21298.982422 21368.080078
964 6.289000 21298.982422 21368.080078
965 6.295000 21298.982422 21368.080078
966 6.301000 21298.982422 21367.294922
967 6.307000 21298.982422 21367.294922
968 6.312000 21298.982422 21367.294922
969 6.319000 21298.982422 21367.294922
970 6.326000 21298.982422 21367.294922
971 6.331000 21298.982422 21367.294922
972 6.338000 21298.982422 21367.294922
973 6.345000 21298.982422 21367.294922
974 6.350000 21298.982422 21367.294922
975 6.356000 21298.982422 21367.294922
976 6.364000 21298.982422 21367.294922
977 6.371000 21298.982422 21367.294922
978 6.377000 21298.982422 21365.724609
979 6.383000 21298.982422 21365.724609
980 6.389000 21298.982422 21365.724609
981 6.396000 21298.982422 21365.724609
982 6.404000 21298.982422 21365.724609
983 6.410000 21298.982422 21365.724609
984 6.417000 21298.982422 21365.724609
985 6.424000 21298.982422 21365.724609
986 6.429000 21298.982422 21365.724609
987 6.435000 21298.982422 21365.724609
988 6.441000 21298.982422 21365.724609
989 6.447000 21298.982422 21364.939453
990 6.454000 21298.982422 21364.939453
991 6.460000 21298.982422 21364.939453
992 6.467000 21298.982422 21364.939453
993 6.474000 21298.982422 21364.154297
994 6.480000 21298.982422 21364.154297
995 6.487000 21298.982422 21363.369141
996 6.493000 21298.982422 21363.369141
997 6.499000 21298.982422 21362.585938
998 6.507000 21298.982422 21362.585938
999 6.513000 21298.982422 21362.585938
1000 6.519000 21298.982422 21362.585938
1001 6.525000 21298.982422 21362.585938
1002 6.532000 21298.982422 21362.585938
1003 6.538000 21298.982422 21361.800781
1004 6.544000 21298.982422 21361.800781
1005 6.550000 21298.982422 21361.800781
1006 6.556000 21298.982422 21361.800781
1007 6.562000 21298.982422 21361.800781
1008 6.570000 21298.982422 21361.015625
1009 6.576000 21298.982422 21361.015625
1010 6.582000 21298.982422 21361.015625
1011 6.588000 21298.982422 21361.015625
1012 6.595000 21298.982422 21361.015625
1013 6.600000 21298.982422 21361.015625
1014 6.607000 21298.982422 21361.015625
1015 6.613000 21298.982422 21361.015625
1016 6.620000 21298.982422 21361.015625
1017 6.627000 21298.982422 21361.015625
1018 6.634000 21298.982422 21361.015625
1019 6.640000 21298.982422 21360.230469
1020 6.647000 21298.982422 21360.230469
1021 6.654000 21298.982422 21359.445313
1022 6.661000 21298.982422 21359.445313
1023 6.667000 21298.982422 21359.445313
1024 6.674000 21298.982422 21358.660156
1025 6.681000 21298.982422 21358.660156
1026 6.687000 21298.982422 21357.875000
1027 6.693000 21298.982422 21357.875000
1028 6.699000 21298.982422 21357.875000
1029 6.705000 21298.982422 21357.875000
1030 6.712000 21298.982422 21357.875000
1031 6.718000 21298.982422 21357.875000
1032 6.724000 21298.982422 21357.875000
1033 6.730000 21298.982422 21357.875000
1034 6.737000 21298.982422 21357.875000
