0 0.000000 24698.500000 27054.546875
1 0.008000 23799.027344 27054.546875
2 0.015000 23512.826172 26501.982422
3 0.021000 23060.781250 26102.755859
4 0.028000 22867.152344 25757.560547
5 0.035000 22867.152344 25518.232422
6 0.042000 22867.152344 25325.472656
7 0.048000 22867.152344 25104.148438
8 0.055000 22730.269531 24952.445313
9 0.061000 22730.269531 24825.703125
10 0.068000 22730.269531 24656.214844
11 0.074000 22648.990234 24516.554688
12 0.081000 22548.287109 24352.812500
13 0.089000 22445.873047 24210.539063
14 0.095000 22309.140625 24092.869141
15 0.104000 22309.140625 23983.988281
16 0.110000 22309.140625 23882.783203
17 0.117000 21850.673828 23825.080078
18 0.123000 21850.673828 23746.873047
19 0.130000 21850.673828 23661.335938
20 0.137000 21850.673828 23596.240234
21 0.143000 21534.123047 23543.275391
22 0.150000 21534.123047 23454.009766
23 0.156000 21507.431641 23361.226563
24 0.162000 21507.431641 23297.488281
25 0.169000 21507.431641 23245.828125
26 0.175000 21507.431641 23203.675781
27 0.183000 21407.056641 23151.300781
28 0.189000 21407.056641 23093.279297
29 0.194000 21407.056641 23054.390625
30 0.202000 21407.056641 22998.386719
31 0.208000 21407.056641 22966.884766
32 0.214000 21407.056641 22941.714844
33 0.219000 21407.056641 22878.408203
34 0.225000 21407.056641 22847.019531
35 0.231000 21407.056641 22819.017578
36 0.238000 21407.056641 22802.570313
37 0.244000 21407.056641 22776.025391
38 0.251000 21407.056641 22762.392578
39 0.257000 21407.056641 22730.931641
40 0.263000 21407.056641 22713.550781
41 0.269000 21407.056641 22699.837891
42 0.275000 21407.056641 22667.857422
43 0.282000 21407.056641 22648.847656
44 0.288000 21407.056641 22639.921875
45 0.295000 21407.056641 22617.517578
46 0.301000 21407.056641 22595.539063
47 0.307000 21407.056641 22576.097656
48 0.313000 21407.056641 22572.740234
49 0.320000 21407.056641 22555.078125
50 0.327000 21407.056641 22551.046875
51 0.333000 21407.056641 22546.966797
52 0.339000 21407.056641 22541.205078
53 0.345000 21407.056641 22522.822266
54 0.350000 21407.056641 22512.470703
55 0.357000 21407.056641 22507.804688
56 0.362000 21407.056641 22505.023438
57 0.370000 21407.056641 22501.537109
58 0.376000 21407.056641 22478.800781
59 0.382000 21407.056641 22473.289063
60 0.388000 21407.056641 22464.794922
61 0.394000 21407.056641 22458.101563
62 0.402000 21407.056641 22455.660156
63 0.408000 21407.056641 22453.980469
64 0.414000 21407.056641 22443.169922
65 0.421000 21407.056641 22442.412109
66 0.427000 21407.056641 22439.123047
67 0.435000 21407.056641 22432.677734
68 0.440000 21407.056641 22429.947266
69 0.446000 21407.056641 22423.822266
70 0.453000 21407.056641 22416.324219
71 0.460000 21407.056641 22416.322266
72 0.466000 21407.056641 22413.390625
73 0.472000 21407.056641 22410.572266
74 0.479000 21407.056641 22409.490234
75 0.486000 21407.056641 22409.490234
76 0.493000 21407.056641 22408.408203
77 0.499000 21407.056641 22401.115234
78 0.506000 21407.056641 22400.724609
79 0.514000 21407.056641 22393.730469
80 0.521000 21407.056641 22391.511719
81 0.528000 21407.056641 22391.511719
82 0.535000 21407.056641 22389.966797
83 0.541000 21407.056641 22385.417969
84 0.548000 21407.056641 22383.068359
85 0.554000 21407.056641 22376.330078
86 0.560000 21407.056641 22376.330078
87 0.570000 21407.056641 22376.056641
88 0.576000 21407.056641 22375.052734
89 0.583000 21407.056641 22364.380859
90 0.589000 21407.056641 22362.330078
91 0.595000 21407.056641 22358.089844
92 0.601000 21407.056641 22356.162109
93 0.608000 21407.056641 22354.525391
94 0.615000 21407.056641 22354.525391
95 0.621000 21407.056641 22354.011719
96 0.627000 21407.056641 22354.011719
97 0.634000 21407.056641 22353.462891
98 0.640000 21407.056641 22352.443359
99 0.645000 21407.056641 22347.613281
100 0.654000 21407.056641 22345.572266
101 0.661000 21407.056641 22345.570313
102 0.669000 21407.056641 22344.523438
103 0.676000 21407.056641 22344.523438
104 0.682000 21407.056641 22337.607422
105 0.689000 21407.056641 22335.625000
106 0.695000 21407.056641 22332.152344
107 0.701000 21407.056641 22322.472656
108 0.708000 21407.056641 22322.472656
109 0.715000 21407.056641 22322.261719
110 0.720000 21407.056641 22319.873047
111 0.726000 21407.056641 22319.873047
112 0.733000 21407.056641 22319.873047
113 0.739000 21407.056641 22319.490234
114 0.745000 21407.056641 22319.445313
115 0.753000 21407.056641 22317.591797
116 0.760000 21407.056641 22317.087891
117 0.766000 21407.056641 22316.447266
118 0.772000 21407.056641 22314.226563
119 0.779000 21407.056641 22314.226563
120 0.785000 21407.056641 22314.033203
121 0.791000 21407.056641 22314.033203
122 0.797000 21407.056641 22312.078125
123 0.803000 21407.056641 22311.255859
124 0.809000 21407.056641 22308.626953
125 0.817000 21407.056641 22308.626953
126 0.823000 21407.056641 22307.568359
127 0.830000 21407.056641 22304.345703
128 0.836000 21407.056641 22302.734375
129 0.842000 21407.056641 22298.812500
130 0.849000 21407.056641 22298.812500
131 0.855000 21407.056641 22298.751953
132 0.861000 21407.056641 22298.164063
133 0.867000 21407.056641 22298.148438
134 0.873000 21407.056641 22298.148438
135 0.879000 21407.056641 22296.869141
136 0.886000 21407.056641 22296.869141
137 0.893000 21407.056641 22296.869141
138 0.902000 21407.056641 22296.527344
139 0.908000 21407.056641 22294.994141
140 0.915000 21407.056641 22292.335938
141 0.922000 21407.056641 22292.332031
142 0.928000 21407.056641 22284.671875
143 0.937000 21407.056641 22284.671875
144 0.947000 21407.056641 22284.671875
145 0.955000 21407.056641 22284.671875
146 0.962000 21407.056641 22281.732422
147 0.969000 21407.056641 22281.732422
148 0.977000 21407.056641 22281.669922
149 0.985000 21407.056641 22281.669922
150 0.992000 21407.056641 22281.042969
151 0.999000 21407.056641 22280.990234
152 1.005000 21407.056641 22280.990234
153 1.013000 21407.056641 22279.931641
154 1.019000 21407.056641 22279.839844
155 1.025000 21407.056641 22274.390625
156 1.032000 21407.056641 22274.390625
157 1.039000 21407.056641 22274.339844
158 1.045000 21407.056641 22274.023438
159 1.052000 21407.056641 22274.023438
160 1.058000 21407.056641 22274.023438
161 1.067000 21407.056641 22272.394531
162 1.073000 21407.056641 22271.914063
163 1.080000 21407.056641 22271.914063
164 1.086000 21407.056641 22271.914063
165 1.092000 21407.056641 22266.970703
166 1.098000 21407.056641 22266.972656
167 1.105000 21407.056641 22266.972656
168 1.111000 21407.056641 22266.972656
169 1.117000 21407.056641 22266.972656
170 1.124000 21407.056641 22266.613281
171 1.130000 21407.056641 22266.537109
172 1.137000 21407.056641 22258.681641
173 1.143000 21407.056641 22258.632813
174 1.151000 21407.056641 22258.632813
175 1.157000 21407.056641 22258.632813
176 1.163000 21407.056641 22258.632813
177 1.170000 21407.056641 22256.339844
178 1.177000 21407.056641 22252.865234
179 1.184000 21407.056641 22252.232422
180 1.190000 21407.056641 22252.232422
181 1.197000 21407.056641 22245.880859
182 1.204000 21407.056641 22245.880859
183 1.210000 21407.056641 22245.880859
184 1.217000 21407.056641 22245.880859
185 1.224000 21407.056641 22245.880859
186 1.232000 21407.056641 22244.671875
187 1.240000 21407.056641 22244.644531
188 1.246000 21407.056641 22244.644531
189 1.253000 21407.056641 22244.644531
190 1.259000 21407.056641 22244.644531
191 1.265000 21407.056641 22243.681641
192 1.272000 21407.056641 22243.681641
193 1.279000 21407.056641 22242.677734
194 1.286000 21407.056641 22242.677734
195 1.292000 21407.056641 22242.677734
196 1.299000 21407.056641 22242.677734
197 1.305000 21407.056641 22242.677734
198 1.318000 21407.056641 22242.677734
199 1.354000 21407.056641 22242.677734
200 1.366000 21407.056641 22242.484375
201 1.373000 21407.056641 22242.462891
202 1.380000 21407.056641 22232.345703
203 1.387000 21407.056641 22230.707031
204 1.393000 21407.056641 22230.707031
205 1.400000 21407.056641 22230.707031
206 1.407000 21407.056641 22230.367188
207 1.414000 21407.056641 22230.365234
208 1.420000 21407.056641 22230.365234
209 1.427000 21407.056641 22230.365234
210 1.433000 21407.056641 22230.365234
211 1.439000 21407.056641 22230.365234
212 1.446000 21407.056641 22230.328125
213 1.453000 21407.056641 22230.328125
214 1.460000 21407.056641 22226.859375
215 1.467000 21407.056641 22226.859375
216 1.473000 21407.056641 22226.859375
217 1.480000 21407.056641 22226.859375
218 1.486000 21407.056641 22226.859375
219 1.492000 21407.056641 22226.859375
220 1.499000 21407.056641 22226.859375
221 1.506000 21407.056641 22226.314453
222 1.514000 21407.056641 22226.314453
223 1.521000 21407.056641 22226.314453
224 1.526000 21407.056641 22224.460938
225 1.532000 21407.056641 22224.460938
226 1.540000 21407.056641 22224.460938
227 1.546000 21407.056641 22224.460938
228 1.553000 21407.056641 22224.460938
229 1.559000 21407.056641 22224.460938
230 1.568000 21407.056641 22224.460938
231 1.574000 21407.056641 22224.314453
232 1.581000 21407.056641 22221.634766
233 1.589000 21407.056641 22221.634766
234 1.594000 21407.056641 22221.498047
235 1.600000 21407.056641 22221.498047
236 1.606000 21407.056641 22220.765625
237 1.614000 21407.056641 22220.765625
238 1.621000 21407.056641 22220.765625
239 1.627000 21407.056641 22220.765625
240 1.636000 21407.056641 22219.761719
241 1.642000 21407.056641 22219.662109
242 1.650000 21407.056641 22219.662109
243 1.657000 21407.056641 22219.662109
244 1.663000 21407.056641 22218.199219
245 1.670000 21407.056641 22218.199219
246 1.676000 21407.056641 22218.199219
247 1.683000 21407.056641 22218.199219
248 1.689000 21407.056641 22218.199219
249 1.696000 21407.056641 22218.199219
250 1.702000 21407.056641 22216.330078
251 1.709000 21407.056641 22216.330078
252 1.715000 21407.056641 22216.330078
253 1.721000 21407.056641 22214.384766
254 1.729000 21407.056641 22213.775391
255 1.736000 21407.056641 22213.775391
256 1.741000 21407.056641 22213.775391
257 1.748000 21407.056641 22213.775391
258 1.755000 21407.056641 22211.869141
259 1.762000 21407.056641 22211.677734
260 1.769000 21407.056641 22211.195313
261 1.774000 21407.056641 22211.195313
262 1.781000 21407.056641 22211.195313
263 1.787000 21407.056641 22211.195313
264 1.792000 21407.056641 22209.822266
265 1.799000 21407.056641 22209.822266
266 1.806000 21407.056641 22209.822266
267 1.813000 21407.056641 22207.523438
268 1.820000 21407.056641 22207.523438
269 1.826000 21407.056641 22207.380859
270 1.832000 21407.056641 22207.380859
271 1.839000 21407.056641 22207.380859
272 1.847000 21407.056641 22207.380859
273 1.855000 21407.056641 22207.380859
274 1.861000 21407.056641 22207.380859
275 1.867000 21407.056641 22207.380859
276 1.873000 21407.056641 22202.613281
277 1.880000 21407.056641 22202.613281
278 1.886000 21407.056641 22202.375000
279 1.892000 21407.056641 22202.375000
280 1.902000 21407.056641 22202.375000
281 1.908000 21407.056641 22202.375000
282 1.914000 21407.056641 22202.375000
283 1.920000 21407.056641 22202.375000
284 1.927000 21407.056641 22202.375000
285 1.933000 21407.056641 22202.375000
286 1.939000 21407.056641 22201.929688
287 1.945000 21407.056641 22201.929688
288 1.951000 21407.056641 22201.929688
289 1.957000 21407.056641 22201.929688
290 1.965000 21407.056641 22201.904297
291 1.970000 21407.056641 22201.904297
292 1.977000 21407.056641 22201.904297
293 1.984000 21407.056641 22201.904297
294 1.990000 21407.056641 22201.898438
295 1.996000 21407.056641 22192.390625
296 2.003000 21407.056641 22192.390625
297 2.010000 21407.056641 22192.390625
298 2.016000 21407.056641 22192.373047
299 2.023000 21407.056641 22192.373047
300 2.029000 21407.056641 22192.373047
301 2.035000 21407.056641 22184.277344
302 2.042000 21407.056641 22184.275391
303 2.047000 21407.056641 22184.275391
304 2.054000 21407.056641 22184.275391
305 2.060000 21407.056641 22184.275391
306 2.066000 21407.056641 22184.275391
307 2.073000 21407.056641 22184.275391
308 2.079000 21407.056641 22184.275391
309 2.085000 21407.056641 22184.275391
310 2.092000 21407.056641 22183.519531
311 2.098000 21407.056641 22183.519531
312 2.105000 21407.056641 22183.519531
313 2.111000 21407.056641 22183.337891
314 2.119000 21407.056641 22183.337891
315 2.125000 21407.056641 22183.337891
316 2.132000 21407.056641 22176.435547
317 2.139000 21407.056641 22176.435547
318 2.145000 21407.056641 22175.197266
319 2.151000 21407.056641 22175.197266
320 2.157000 21407.056641 22174.935547
321 2.164000 21407.056641 22174.935547
322 2.170000 21407.056641 22174.935547
323 2.177000 21407.056641 22174.935547
324 2.185000 21407.056641 22174.935547
325 2.192000 21407.056641 22174.935547
326 2.197000 21407.056641 22174.935547
327 2.204000 21407.056641 22174.935547
328 2.210000 21407.056641 22174.935547
329 2.216000 21407.056641 22174.935547
330 2.222000 21407.056641 22174.935547
331 2.230000 21407.056641 22174.794922
332 2.236000 21407.056641 22174.794922
333 2.242000 21407.056641 22174.617188
334 2.249000 21407.056641 22172.601563
335 2.255000 21407.056641 22172.601563
336 2.261000 21407.056641 22172.601563
337 2.267000 21407.056641 22172.601563
338 2.273000 21407.056641 22172.601563
339 2.281000 21407.056641 22171.972656
340 2.287000 21407.056641 22171.972656
341 2.293000 21407.056641 22171.972656
342 2.299000 21407.056641 22171.972656
343 2.305000 21407.056641 22171.695313
344 2.314000 21407.056641 22171.695313
345 2.320000 21407.056641 22171.695313
346 2.327000 21407.056641 22163.574219
347 2.333000 21407.056641 22163.242188
348 2.339000 21407.056641 22163.242188
349 2.345000 21407.056641 22163.242188
350 2.351000 21407.056641 22163.242188
351 2.358000 21407.056641 22163.242188
352 2.364000 21407.056641 22163.242188
353 2.370000 21407.056641 22163.242188
354 2.376000 21407.056641 22163.242188
355 2.382000 21407.056641 22163.242188
356 2.388000 21407.056641 22163.242188
357 2.394000 21407.056641 22163.242188
358 2.401000 21407.056641 22162.539063
359 2.407000 21407.056641 22162.539063
360 2.414000 21407.056641 22162.539063
361 2.420000 21407.056641 22162.539063
362 2.426000 21407.056641 22162.539063
363 2.433000 21407.056641 22162.539063
364 2.440000 21407.056641 22162.539063
365 2.446000 21407.056641 22162.539063
366 2.452000 21407.056641 22162.539063
367 2.458000 21407.056641 22162.539063
368 2.464000 21407.056641 22162.539063
369 2.471000 21407.056641 22162.539063
370 2.477000 21407.056641 22162.072266
371 2.484000 21407.056641 22161.974609
372 2.490000 21407.056641 22161.974609
373 2.497000 21407.056641 22161.974609
374 2.503000 21407.056641 22161.974609
375 2.512000 21407.056641 22161.974609
376 2.519000 21407.056641 22161.974609
377 2.524000 21407.056641 22161.974609
378 2.531000 21407.056641 22161.269531
379 2.536000 21407.056641 22161.269531
380 2.543000 21407.056641 22161.269531
381 2.550000 21407.056641 22161.269531
382 2.556000 21407.056641 22160.302734
383 2.565000 21407.056641 22159.466797
384 2.571000 21407.056641 22149.410156
385 2.577000 21407.056641 22149.410156
386 2.584000 21407.056641 22149.410156
387 2.589000 21407.056641 22149.410156
388 2.596000 21407.056641 22149.410156
389 2.601000 21407.056641 22149.376953
390 2.608000 21407.056641 22147.244141
391 2.614000 21407.056641 22147.179688
392 2.620000 21407.056641 22146.476563
393 2.627000 21407.056641 22146.476563
394 2.632000 21407.056641 22142.822266
395 2.639000 21407.056641 22142.117188
396 2.645000 21407.056641 22135.589844
397 2.651000 21407.056641 22135.591797
398 2.657000 21407.056641 22135.123047
399 2.663000 21407.056641 22134.765625
400 2.670000 21407.056641 22134.060547
401 2.676000 21407.056641 22133.617188
402 2.683000 21407.056641 22132.677734
403 2.689000 21407.056641 22132.560547
404 2.696000 21407.056641 22132.560547
405 2.702000 21407.056641 22130.859375
406 2.709000 21407.056641 22123.857422
407 2.715000 21407.056641 22123.847656
408 2.721000 21407.056641 22123.847656
409 2.728000 21407.056641 22123.847656
410 2.734000 21407.056641 22123.732422
411 2.740000 21407.056641 22123.287109
412 2.746000 21407.056641 22123.230469
413 2.753000 21407.056641 22123.230469
414 2.758000 21407.056641 22123.230469
415 2.764000 21407.056641 22121.154297
416 2.771000 21407.056641 22121.154297
417 2.777000 21407.056641 22119.796875
418 2.784000 21407.056641 22118.894531
419 2.790000 21407.056641 22118.765625
420 2.797000 21407.056641 22112.167969
421 2.803000 21407.056641 22112.167969
422 2.808000 21407.056641 22112.167969
423 2.815000 21407.056641 22112.167969
424 2.822000 21407.056641 22111.480469
425 2.829000 21407.056641 22110.660156
426 2.837000 21407.056641 22110.617188
427 2.844000 21407.056641 22110.617188
428 2.850000 21407.056641 22110.617188
429 2.855000 21407.056641 22110.617188
430 2.862000 21407.056641 22110.617188
431 2.868000 21407.056641 22109.193359
432 2.874000 21407.056641 22109.193359
433 2.881000 21407.056641 22106.804688
434 2.887000 21407.056641 22106.804688
435 2.896000 21407.056641 22106.765625
436 2.902000 21407.056641 22106.765625
437 2.910000 21407.056641 22106.681641
438 2.916000 21407.056641 22106.681641
439 2.922000 21407.056641 22104.220703
440 2.928000 21407.056641 22103.517578
441 2.934000 21407.056641 22103.501953
442 2.942000 21407.056641 22103.501953
443 2.949000 21407.056641 22103.501953
444 2.956000 21407.056641 22103.501953
445 2.963000 21407.056641 22103.404297
446 2.969000 21407.056641 22102.835938
447 2.975000 21407.056641 22102.835938
448 2.983000 21407.056641 22102.835938
449 2.990000 21407.056641 22100.707031
450 2.996000 21407.056641 22100.707031
451 3.003000 21407.056641 22100.707031
452 3.009000 21407.056641 22100.707031
453 3.016000 21407.056641 22098.251953
454 3.022000 21407.056641 22098.052734
455 3.029000 21407.056641 22095.886719
456 3.035000 21407.056641 22095.068359
457 3.040000 21407.056641 22095.068359
458 3.047000 21407.056641 22095.068359
459 3.053000 21407.056641 22095.068359
460 3.060000 21407.056641 22095.068359
461 3.069000 21407.056641 22095.068359
462 3.076000 21407.056641 22095.068359
463 3.084000 21407.056641 22095.068359
464 3.090000 21407.056641 22094.367188
465 3.097000 21407.056641 22092.240234
466 3.103000 21407.056641 22092.240234
467 3.110000 21407.056641 22092.240234
468 3.115000 21407.056641 22091.300781
469 3.122000 21407.056641 22087.392578
470 3.128000 21407.056641 22087.392578
471 3.135000 21407.056641 22086.367188
472 3.141000 21407.056641 22086.367188
473 3.148000 21407.056641 22083.123047
474 3.154000 21407.056641 22081.283203
475 3.160000 21407.056641 22078.894531
476 3.167000 21407.056641 22076.267578
477 3.173000 21407.056641 22075.269531
478 3.180000 21407.056641 22072.421875
479 3.186000 21407.056641 22072.421875
480 3.192000 21407.056641 22072.421875
481 3.198000 21407.056641 22072.421875
482 3.205000 21407.056641 22068.677734
483 3.211000 21407.056641 22068.617188
484 3.217000 21407.056641 22066.373047
485 3.223000 21407.056641 22063.445313
486 3.231000 21407.056641 22059.679688
487 3.239000 21407.056641 22059.304688
488 3.245000 21407.056641 22059.304688
489 3.252000 21407.056641 22058.130859
490 3.258000 21407.056641 22056.542969
491 3.264000 21407.056641 22053.605469
492 3.270000 21407.056641 22052.392578
493 3.276000 21407.056641 22051.085938
494 3.283000 21407.056641 22051.085938
495 3.289000 21407.056641 22051.085938
496 3.296000 21407.056641 22051.085938
497 3.303000 21407.056641 22047.222656
498 3.310000 21407.056641 22047.181641
499 3.316000 21407.056641 22047.181641
500 3.322000 21407.056641 22047.181641
501 3.329000 21407.056641 22047.181641
502 3.335000 21407.056641 22043.320313
503 3.341000 21407.056641 22040.511719
504 3.348000 21407.056641 22040.511719
505 3.354000 21407.056641 22033.820313
506 3.362000 21407.056641 22033.820313
507 3.367000 21407.056641 22029.972656
508 3.374000 21407.056641 22025.417969
509 3.380000 21407.056641 22024.994141
510 3.386000 21407.056641 22024.759766
511 3.391000 21407.056641 22024.277344
512 3.398000 21407.056641 22024.277344
513 3.404000 21407.056641 22018.671875
514 3.413000 21407.056641 22013.251953
515 3.419000 21407.056641 22013.251953
516 3.425000 21407.056641 22013.251953
517 3.431000 21407.056641 22009.876953
518 3.438000 21407.056641 22009.876953
519 3.445000 21407.056641 22008.699219
520 3.451000 21407.056641 22002.863281
521 3.457000 21407.056641 21998.199219
522 3.464000 21407.056641 21998.199219
523 3.470000 21407.056641 21993.142578
524 3.478000 21407.056641 21993.113281
525 3.484000 21407.056641 21993.113281
526 3.491000 21407.056641 21993.113281
527 3.498000 21407.056641 21992.837891
