0 0.000000 25421.833984 27169.921875 28694.683594 25421.833984
1 0.007000 24542.042969 27169.921875 28694.683594 25421.833984
2 0.014000 24096.339844 26655.773438 28515.933594 24542.042969
3 0.021000 24021.546875 26256.347656 28253.537109 24096.339844
4 0.027000 23114.986328 25931.761719 28253.537109 24021.546875
5 0.033000 23074.982422 25661.287109 27998.248047 23114.986328
6 0.039000 23014.609375 25445.000000 27998.248047 23074.982422
7 0.046000 23010.701172 25277.804688 27879.210938 23014.609375
8 0.053000 22664.816406 25085.015625 27776.964844 23010.701172
9 0.059000 22664.816406 24864.529297 27776.964844 22664.816406
10 0.065000 22565.828125 24698.681641 26984.472656 22664.816406
11 0.070000 22176.984375 24542.599609 26984.472656 22565.828125
12 0.076000 22176.984375 24423.777344 26366.689453 22176.984375
13 0.081000 22176.984375 24269.359375 26366.689453 22176.984375
14 0.088000 22176.984375 24151.876953 26366.689453 22176.984375
15 0.094000 22176.984375 24022.470703 26366.689453 22176.984375
16 0.100000 22176.984375 23899.947266 25927.990234 22176.984375
17 0.107000 22176.984375 23784.904297 25927.990234 22176.984375
18 0.113000 21993.802734 23681.144531 25927.990234 22176.984375
19 0.119000 21993.802734 23619.167969 25927.990234 21993.802734
20 0.125000 21993.802734 23532.589844 25873.689453 21993.802734
21 0.131000 21993.802734 23465.935547 25600.912109 21993.802734
22 0.137000 21615.236328 23396.519531 25319.943359 21993.802734
23 0.143000 21615.236328 23351.974609 25319.943359 21615.236328
24 0.149000 21615.236328 23301.255859 25265.312500 21615.236328
25 0.155000 21615.236328 23212.044922 24968.113281 21615.236328
26 0.162000 21615.236328 23160.052734 24906.806641 21615.236328
27 0.167000 21615.236328 23123.855469 24734.269531 21615.236328
28 0.173000 21615.236328 23069.210938 24734.269531 21615.236328
29 0.179000 21615.236328 23008.976563 24667.285156 21615.236328
30 0.186000 21615.236328 22978.072266 24667.285156 21615.236328
31 0.192000 21615.236328 22942.060547 24667.285156 21615.236328
32 0.197000 21615.236328 22919.705078 24667.285156 21615.236328
33 0.203000 21615.236328 22861.857422 24667.285156 21615.236328
34 0.210000 21615.236328 22834.859375 24667.285156 21615.236328
35 0.216000 21615.236328 22813.447266 24667.285156 21615.236328
36 0.222000 21615.236328 22797.679688 24667.285156 21615.236328
37 0.228000 21615.236328 22787.279297 24667.285156 21615.236328
38 0.234000 21615.236328 22768.898438 24667.285156 21615.236328
39 0.240000 21465.748047 22755.322266 24667.285156 21615.236328
40 0.246000 21465.748047 22724.605469 24667.285156 21465.748047
41 0.252000 21465.748047 22706.783203 24667.285156 21465.748047
42 0.258000 21465.748047 22701.562500 24667.285156 21465.748047
43 0.264000 21465.748047 22686.589844 24667.285156 21465.748047
44 0.271000 21465.748047 22679.054688 24667.285156 21465.748047
45 0.277000 21465.748047 22654.394531 24667.285156 21465.748047
46 0.282000 21465.748047 22644.869141 24667.285156 21465.748047
47 0.288000 21465.748047 22638.453125 24667.285156 21465.748047
48 0.295000 21465.748047 22626.755859 24434.666016 21465.748047
49 0.301000 21465.748047 22624.039063 24434.666016 21465.748047
50 0.307000 21465.748047 22621.490234 24434.666016 21465.748047
51 0.312000 21465.748047 22612.677734 24434.666016 21465.748047
52 0.319000 21465.748047 22611.806641 24434.666016 21465.748047
53 0.325000 21465.748047 22607.806641 24434.666016 21465.748047
54 0.332000 21465.748047 22595.179688 24347.630859 21465.748047
55 0.337000 21465.748047 22579.523438 24347.630859 21465.748047
56 0.343000 21465.748047 22560.492188 24169.992188 21465.748047
57 0.350000 21465.748047 22550.822266 24169.992188 21465.748047
58 0.356000 21465.748047 22545.488281 24169.992188 21465.748047
59 0.362000 21465.748047 22539.869141 24169.992188 21465.748047
60 0.368000 21465.748047 22536.919922 24169.992188 21465.748047
61 0.374000 21465.748047 22525.769531 23955.406250 21465.748047
62 0.380000 21465.748047 22515.042969 23907.517578 21465.748047
63 0.386000 21465.748047 22513.501953 23907.517578 21465.748047
64 0.393000 21465.748047 22506.232422 23907.517578 21465.748047
65 0.399000 21465.748047 22493.892578 23907.517578 21465.748047
66 0.405000 21465.748047 22485.947266 23907.517578 21465.748047
67 0.412000 21465.748047 22481.222656 23907.517578 21465.748047
68 0.418000 21465.748047 22481.029297 23907.517578 21465.748047
69 0.424000 21465.748047 22464.876953 23907.517578 21465.748047
70 0.430000 21465.748047 22461.802734 23774.195313 21465.748047
71 0.436000 21465.748047 22460.429688 23774.195313 21465.748047
72 0.442000 21465.748047 22456.931641 23774.195313 21465.748047
73 0.448000 21465.748047 22456.630859 23774.195313 21465.748047
74 0.454000 21465.748047 22454.697266 23774.195313 21465.748047
75 0.460000 21465.748047 22450.300781 23774.195313 21465.748047
76 0.467000 21465.748047 22443.769531 23774.195313 21465.748047
77 0.473000 21465.748047 22439.382813 23774.195313 21465.748047
78 0.479000 21465.748047 22428.232422 23774.195313 21465.748047
79 0.485000 21465.748047 22425.804688 23774.195313 21465.748047
80 0.491000 21465.748047 22425.492188 23774.195313 21465.748047
81 0.497000 21465.748047 22412.873047 23774.195313 21465.748047
82 0.503000 21465.748047 22410.025391 23774.195313 21465.748047
83 0.509000 21465.748047 22407.724609 23774.195313 21465.748047
84 0.516000 21465.748047 22400.812500 23774.195313 21465.748047
85 0.522000 21465.748047 22399.937500 23774.195313 21465.748047
86 0.528000 21465.748047 22394.759766 23774.195313 21465.748047
87 0.534000 21465.748047 22393.132813 23774.195313 21465.748047
88 0.540000 21465.748047 22383.160156 23774.195313 21465.748047
89 0.546000 21465.748047 22383.160156 23774.195313 21465.748047
90 0.552000 21465.748047 22376.197266 23774.195313 21465.748047
91 0.558000 21465.748047 22372.873047 23774.195313 21465.748047
92 0.564000 21383.734375 22371.822266 23774.195313 21465.748047
93 0.570000 21383.734375 22368.779297 23774.195313 21383.734375
94 0.577000 21383.734375 22368.779297 23774.195313 21383.734375
95 0.583000 21383.734375 22368.779297 23774.195313 21383.734375
96 0.589000 21383.734375 22365.474609 23774.195313 21383.734375
97 0.595000 21383.734375 22364.349609 23774.195313 21383.734375
98 0.601000 21383.734375 22357.851563 23774.195313 21383.734375
99 0.608000 21383.734375 22357.669922 23774.195313 21383.734375
100 0.614000 21383.734375 22357.429688 23774.195313 21383.734375
101 0.620000 21383.734375 22357.429688 23774.195313 21383.734375
102 0.626000 21383.734375 22347.615234 23774.195313 21383.734375
103 0.632000 21383.734375 22347.613281 23774.195313 21383.734375
104 0.638000 21383.734375 22336.750000 23463.425781 21383.734375
105 0.644000 21383.734375 22334.164063 23463.425781 21383.734375
106 0.651000 21383.734375 22333.689453 23463.425781 21383.734375
107 0.657000 21383.734375 22327.402344 23463.425781 21383.734375
108 0.663000 21383.734375 22327.386719 23463.425781 21383.734375
109 0.669000 21383.734375 22327.386719 23463.425781 21383.734375
110 0.675000 21383.734375 22324.332031 23450.906250 21383.734375
111 0.682000 21383.734375 22324.332031 23450.906250 21383.734375
112 0.688000 21383.734375 22324.332031 23450.906250 21383.734375
113 0.695000 21383.734375 22324.332031 23450.906250 21383.734375
114 0.701000 21383.734375 22323.537109 23450.906250 21383.734375
115 0.708000 21383.734375 22323.115234 23450.906250 21383.734375
116 0.714000 21383.734375 22323.115234 23450.906250 21383.734375
117 0.720000 21383.734375 22323.027344 23450.906250 21383.734375
118 0.727000 21383.734375 22323.027344 23450.906250 21383.734375
119 0.733000 21383.734375 22323.027344 23450.906250 21383.734375
120 0.739000 21383.734375 22316.000000 23450.906250 21383.734375
121 0.746000 21383.734375 22315.275391 23450.906250 21383.734375
122 0.752000 21383.734375 22311.947266 23450.906250 21383.734375
123 0.757000 21383.734375 22311.947266 23450.906250 21383.734375
124 0.763000 21383.734375 22311.732422 23450.906250 21383.734375
125 0.770000 21383.734375 22311.642578 23450.906250 21383.734375
126 0.775000 21383.734375 22311.568359 23450.906250 21383.734375
127 0.782000 21383.734375 22310.623047 23450.906250 21383.734375
128 0.788000 21383.734375 22310.623047 23450.906250 21383.734375
129 0.794000 21383.734375 22304.335938 23128.015625 21383.734375
130 0.801000 21383.734375 22298.734375 23128.015625 21383.734375
131 0.807000 21383.734375 22298.734375 23128.015625 21383.734375
132 0.813000 21383.734375 22294.304688 23128.015625 21383.734375
133 0.819000 21383.734375 22294.304688 23128.015625 21383.734375
134 0.825000 21383.734375 22287.171875 22891.314453 21383.734375
135 0.831000 21383.734375 22286.162109 22891.314453 21383.734375
136 0.837000 21383.734375 22281.714844 22891.314453 21383.734375
137 0.844000 21383.734375 22281.714844 22891.314453 21383.734375
138 0.850000 21383.734375 22281.714844 22891.314453 21383.734375
139 0.856000 21383.734375 22280.255859 22891.314453 21383.734375
140 0.862000 21383.734375 22279.880859 22891.314453 21383.734375
141 0.869000 21383.734375 22279.644531 22891.314453 21383.734375
142 0.875000 21383.734375 22279.644531 22891.314453 21383.734375
143 0.881000 21383.734375 22279.644531 22891.314453 21383.734375
144 0.888000 21383.734375 22278.466797 22891.314453 21383.734375
145 0.893000 21383.734375 22277.845703 22891.314453 21383.734375
146 0.900000 21383.734375 22277.845703 22891.314453 21383.734375
147 0.906000 21383.734375 22277.845703 22891.314453 21383.734375
148 0.912000 21383.734375 22276.134766 22891.314453 21383.734375
149 0.919000 21383.734375 22276.134766 22891.314453 21383.734375
150 0.926000 21383.734375 22276.134766 22891.314453 21383.734375
151 0.932000 21383.734375 22276.035156 22891.314453 21383.734375
152 0.937000 21383.734375 22275.955078 22891.314453 21383.734375
153 0.943000 21383.734375 22274.869141 22891.314453 21383.734375
154 0.949000 21383.734375 22274.869141 22891.314453 21383.734375
155 0.955000 21383.734375 22274.869141 22891.314453 21383.734375
156 0.962000 21383.734375 22274.869141 22891.314453 21383.734375
157 0.968000 21383.734375 22274.689453 22891.314453 21383.734375
158 0.974000 21383.734375 22274.693359 22891.314453 21383.734375
159 0.980000 21383.734375 22274.693359 22891.314453 21383.734375
160 0.987000 21383.734375 22274.693359 22891.314453 21383.734375
161 0.993000 21383.734375 22274.693359 22891.314453 21383.734375
162 0.999000 21383.734375 22274.693359 22891.314453 21383.734375
163 1.005000 21383.734375 22274.693359 22891.314453 21383.734375
164 1.011000 21383.734375 22274.587891 22891.314453 21383.734375
165 1.018000 21383.734375 22274.587891 22891.314453 21383.734375
166 1.024000 21383.734375 22274.587891 22891.314453 21383.734375
167 1.031000 21383.734375 22274.587891 22891.314453 21383.734375
168 1.037000 21383.734375 22274.587891 22891.314453 21383.734375
169 1.043000 21383.734375 22274.587891 22891.314453 21383.734375
170 1.049000 21383.734375 22274.587891 22891.314453 21383.734375
171 1.055000 21383.734375 22274.587891 22891.314453 21383.734375
172 1.062000 21383.734375 22273.398438 22891.314453 21383.734375
173 1.068000 21383.734375 22272.582031 22891.314453 21383.734375
174 1.075000 21383.734375 22272.582031 22891.314453 21383.734375
175 1.080000 21383.734375 22272.582031 22891.314453 21383.734375
176 1.087000 21383.734375 22272.265625 22891.314453 21383.734375
177 1.093000 21383.734375 22270.412109 22891.314453 21383.734375
178 1.100000 21383.734375 22270.412109 22891.314453 21383.734375
179 1.106000 21383.734375 22268.556641 22891.314453 21383.734375
180 1.113000 21383.734375 22268.556641 22891.314453 21383.734375
181 1.120000 21383.734375 22268.556641 22891.314453 21383.734375
182 1.126000 21383.734375 22268.556641 22891.314453 21383.734375
183 1.133000 21383.734375 22268.556641 22891.314453 21383.734375
184 1.138000 21383.734375 22268.556641 22891.314453 21383.734375
185 1.145000 21383.734375 22268.556641 22891.314453 21383.734375
186 1.151000 21383.734375 22268.556641 22891.314453 21383.734375
187 1.157000 21383.734375 22268.556641 22891.314453 21383.734375
188 1.164000 21383.734375 22268.556641 22891.314453 21383.734375
189 1.170000 21383.734375 22268.556641 22891.314453 21383.734375
190 1.176000 21383.734375 22268.341797 22891.314453 21383.734375
191 1.183000 21383.734375 22268.341797 22891.314453 21383.734375
192 1.190000 21383.734375 22268.341797 22891.314453 21383.734375
