0 0.000000 25526.927734 27165.556641
1 0.007000 25095.941406 27165.556641
2 0.013000 24211.185547 26587.564453
3 0.019000 23535.308594 26244.015625
4 0.025000 23430.214844 25939.707031
5 0.031000 23430.214844 25690.474609
6 0.037000 23430.214844 25483.164063
7 0.043000 23390.669922 25297.523438
8 0.049000 22642.187500 25092.126953
9 0.055000 22456.503906 24928.800781
10 0.061000 22223.984375 24794.105469
11 0.068000 22223.984375 24655.292969
12 0.074000 22223.984375 24532.539063
13 0.082000 22223.984375 24395.500000
14 0.090000 22223.984375 24274.386719
15 0.096000 22223.984375 24176.105469
16 0.103000 22223.984375 24068.962891
17 0.111000 22166.005859 23959.800781
18 0.117000 22166.005859 23868.523438
19 0.123000 21778.281250 23758.421875
20 0.130000 21778.281250 23691.417969
21 0.136000 21778.281250 23597.914063
22 0.143000 21778.281250 23523.318359
23 0.149000 21778.281250 23463.505859
24 0.155000 21778.281250 23391.367188
25 0.164000 21695.609375 23335.755859
26 0.170000 21695.609375 23267.914063
27 0.177000 21655.224609 23229.179688
28 0.183000 21655.224609 23184.005859
29 0.189000 21655.224609 23136.597656
30 0.195000 21655.224609 23083.792969
31 0.202000 21655.224609 23065.519531
32 0.209000 21655.224609 23015.052734
33 0.215000 21655.224609 22986.789063
34 0.221000 21519.753906 22963.224609
35 0.228000 21519.753906 22925.707031
36 0.234000 21519.753906 22909.054688
37 0.240000 21519.753906 22896.703125
38 0.248000 21519.753906 22874.177734
39 0.254000 21519.753906 22834.748047
40 0.263000 21519.753906 22824.425781
41 0.268000 21519.753906 22812.074219
42 0.274000 21519.753906 22801.919922
43 0.280000 21519.753906 22791.732422
44 0.286000 21408.445313 22761.007813
45 0.292000 21408.445313 22744.470703
46 0.299000 21408.445313 22727.980469
47 0.305000 21408.445313 22706.410156
48 0.310000 21408.445313 22700.613281
49 0.317000 21408.445313 22690.460938
50 0.325000 21408.445313 22663.351563
51 0.331000 21408.445313 22646.904297
52 0.337000 21408.445313 22638.074219
53 0.343000 21408.445313 22624.443359
54 0.350000 21408.445313 22622.787109
55 0.357000 21408.445313 22588.904297
56 0.363000 21408.445313 22579.318359
57 0.369000 21408.445313 22568.644531
58 0.375000 21408.445313 22563.060547
59 0.382000 21408.445313 22555.205078
60 0.389000 21408.445313 22551.750000
61 0.395000 21408.445313 22545.169922
62 0.401000 21408.445313 22538.134766
63 0.407000 21408.445313 22530.306641
64 0.414000 21408.445313 22525.644531
65 0.421000 21408.445313 22515.375000
66 0.427000 21408.445313 22514.019531
67 0.434000 21408.445313 22507.429688
68 0.439000 21408.445313 22496.517578
69 0.446000 21408.445313 22480.814453
70 0.453000 21408.445313 22480.814453
71 0.458000 21408.445313 22474.591797
72 0.468000 21408.445313 22468.314453
73 0.474000 21408.445313 22466.800781
74 0.481000 21408.445313 22462.210938
75 0.487000 21408.445313 22461.828125
76 0.493000 21408.445313 22460.669922
77 0.501000 21408.445313 22457.546875
78 0.507000 21408.445313 22449.347656
79 0.513000 21408.445313 22449.347656
80 0.520000 21408.445313 22440.457031
81 0.526000 21408.445313 22433.806641
82 0.533000 21408.445313 22420.314453
83 0.538000 21408.445313 22412.171875
84 0.546000 21408.445313 22412.175781
85 0.552000 21408.445313 22408.689453
86 0.559000 21408.445313 22400.863281
87 0.566000 21408.445313 22400.726563
88 0.572000 21408.445313 22398.806641
89 0.581000 21408.445313 22379.394531
90 0.587000 21408.445313 22376.205078
91 0.594000 21408.445313 22374.589844
92 0.600000 21408.445313 22372.126953
93 0.606000 21408.445313 22367.425781
94 0.612000 21408.445313 22365.626953
95 0.618000 21408.445313 22365.310547
96 0.625000 21408.445313 22364.800781
97 0.633000 21408.445313 22359.484375
98 0.639000 21408.445313 22358.177734
99 0.646000 21408.445313 22357.773438
100 0.653000 21408.445313 22356.109375
101 0.660000 21408.445313 22352.828125
102 0.667000 21408.445313 22352.828125
103 0.676000 21408.445313 22345.732422
104 0.683000 21408.445313 22336.185547
105 0.689000 21408.445313 22329.687500
106 0.696000 21408.445313 22320.851563
107 0.702000 21408.445313 22317.724609
108 0.708000 21408.445313 22314.873047
109 0.715000 21408.445313 22314.873047
110 0.721000 21408.445313 22314.873047
111 0.728000 21408.445313 22314.599609
112 0.734000 21408.445313 22310.300781
113 0.740000 21408.445313 22310.107422
114 0.747000 21408.445313 22303.972656
115 0.753000 21408.445313 22303.970703
116 0.759000 21408.445313 22303.970703
117 0.766000 21408.445313 22303.970703
118 0.771000 21408.445313 22303.693359
119 0.778000 21408.445313 22302.179688
120 0.784000 21408.445313 22295.818359
121 0.790000 21408.445313 22295.560547
122 0.797000 21408.445313 22294.261719
123 0.803000 21408.445313 22294.261719
124 0.811000 21408.445313 22289.255859
125 0.817000 21408.445313 22289.251953
126 0.822000 21408.445313 22289.068359
127 0.830000 21408.445313 22289.068359
128 0.836000 21408.445313 22288.572266
129 0.842000 21408.445313 22278.507813
130 0.849000 21408.445313 22278.412109
131 0.856000 21408.445313 22278.193359
132 0.862000 21408.445313 22278.193359
133 0.869000 21408.445313 22274.199219
134 0.875000 21408.445313 22273.113281
135 0.882000 21408.445313 22269.117188
136 0.889000 21408.445313 22269.117188
137 0.895000 21408.445313 22266.759766
138 0.902000 21408.445313 22265.001953
139 0.911000 21408.445313 22261.429688
140 0.917000 21408.445313 22259.873047
141 0.923000 21408.445313 22251.500000
142 0.929000 21408.445313 22244.693359
143 0.936000 21408.445313 22244.689453
144 0.943000 21408.445313 22244.689453
