0 0.000000 45141.375000 46958.781250
1 0.193000 43401.417969 46958.781250
2 0.392000 43140.304688 48473.566406
3 0.582000 42340.238281 54647.160156
4 0.765000 42129.316406 56610.925781
5 0.965000 42114.355469 60320.648438
6 1.160000 41674.957031 60153.195313
7 1.351000 41452.492188 58969.218750
8 1.526000 41279.371094 62116.324219
9 1.709000 41228.050781 66010.343750
10 1.898000 40745.957031 71348.289063
11 2.089000 40697.511719 73405.914063
12 2.290000 40697.511719 75142.593750
13 2.485000 40697.511719 78090.507813
14 2.658000 40529.117188 78506.476563
15 2.852000 40355.011719 77295.062500
16 3.031000 40299.855469 74950.453125
17 3.205000 40296.195313 77514.195313
18 3.392000 40241.687500 83337.296875
19 3.608000 40241.687500 82741.539063
20 3.802000 39938.941406 80493.523438
21 4.025000 39569.441406 77050.789063
22 4.205000 39569.441406 79444.046875
23 4.411000 39569.441406 80934.296875
24 4.601000 39569.441406 82165.257813
25 4.786000 39569.441406 86069.070313
26 4.972000 39569.441406 83280.726563
27 5.166000 39569.441406 87572.750000
28 5.358000 39548.773438 85797.453125
29 5.556000 39448.710938 83558.375000
30 5.746000 39448.710938 84367.359375
31 5.941000 39448.710938 84913.562500
32 6.137000 39437.050781 87447.953125
33 6.324000 39437.050781 87040.640625
34 6.506000 39437.050781 85736.140625
35 6.719000 39437.050781 87565.773438
36 6.894000 39437.050781 86765.656250
37 7.089000 39437.050781 88462.242188
38 7.269000 39437.050781 89505.820313
39 7.457000 39437.050781 89865.117188
40 7.660000 39437.050781 90263.429688
41 7.856000 39437.050781 88087.453125
42 8.048000 39437.050781 89934.250000
43 8.226000 39437.050781 85373.656250
44 8.425000 39437.050781 88805.390625
45 8.610000 39437.050781 89897.312500
46 8.795000 39437.050781 89153.531250
47 8.988000 39437.050781 86642.968750
48 9.200000 39437.050781 86899.468750
49 9.389000 39437.050781 92388.710938
50 9.574000 39437.050781 91462.437500
51 9.744000 39437.050781 94455.078125
52 9.953000 39437.050781 99132.382813
53 10.160000 39437.050781 100955.257813
54 10.367000 39437.050781 98509.992188
55 10.573000 39437.050781 101890.257813
56 10.761000 39437.050781 98517.562500
57 10.952000 39437.050781 96025.742188
58 11.141000 39437.050781 92931.656250
59 11.336000 39437.050781 90510.187500
60 11.516000 39437.050781 89620.187500
61 11.696000 39437.050781 90562.296875
62 11.883000 39437.050781 91764.992188
63 12.062000 39437.050781 97394.929688
64 12.252000 39437.050781 100931.046875
65 12.437000 39437.050781 100853.218750
66 12.629000 39437.050781 99708.210938
67 12.815000 39437.050781 98027.109375
68 13.016000 39437.050781 98183.789063
69 13.205000 39437.050781 98114.820313
70 13.408000 39437.050781 92614.273438
71 13.621000 39437.050781 94185.148438
72 13.813000 39437.050781 94909.390625
73 14.004000 39437.050781 99707.546875
74 14.190000 39437.050781 100764.031250
75 14.398000 39437.050781 101638.023438
76 14.588000 39437.050781 97040.992188
77 14.770000 39437.050781 94982.140625
78 14.961000 39437.050781 93741.312500
79 15.118000 39437.050781 89462.062500
80 15.297000 39437.050781 99091.046875
81 15.502000 39437.050781 99052.656250
82 15.699000 39437.050781 96173.421875
83 15.889000 39437.050781 95040.031250
84 16.085000 39437.050781 96186.960938
85 16.261000 39437.050781 95810.429688
86 16.423000 39437.050781 94022.453125
87 16.628000 39437.050781 93607.523438
88 16.806000 39437.050781 91259.351563
89 16.995000 39437.050781 92649.851563
90 17.189000 39437.050781 93202.718750
91 17.377000 39437.050781 94430.296875
92 17.568000 39437.050781 93876.062500
93 17.750000 39437.050781 91070.476563
94 17.928000 39437.050781 91111.328125
95 18.095000 39437.050781 94221.562500
96 18.266000 39437.050781 97823.601563
97 18.451000 39437.050781 92569.429688
98 18.657000 39437.050781 91872.257813
99 18.825000 39437.050781 91518.859375
100 19.009000 39437.050781 88087.062500
101 19.214000 39437.050781 92900.273438
102 19.397000 39437.050781 91096.273438
103 19.570000 39437.050781 95355.828125
104 19.758000 39437.050781 95950.117188
105 19.939000 39437.050781 96075.046875
106 20.136000 39437.050781 97263.210938
107 20.333000 39437.050781 93497.656250
108 20.532000 39437.050781 92461.398438
109 20.731000 39437.050781 89977.007813
110 20.899000 39437.050781 90857.992188
111 21.080000 39437.050781 98617.382813
112 21.267000 39437.050781 95636.187500
113 21.439000 39437.050781 96173.132813
114 21.623000 39437.050781 98882.257813
115 21.811000 39437.050781 97367.203125
116 22.009000 39437.050781 94386.226563
117 22.210000 39437.050781 97086.820313
118 22.393000 39437.050781 92473.320313
119 22.568000 39437.050781 93932.367188
120 22.743000 39437.050781 103949.570313
121 22.928000 39437.050781 103728.656250
122 23.105000 39437.050781 103850.750000
123 23.290000 39437.050781 106091.523438
124 23.477000 39437.050781 106245.718750
125 23.653000 39437.050781 106084.453125
126 23.846000 39437.050781 106611.640625
127 24.034000 39437.050781 103673.101563
128 24.216000 39437.050781 100753.742188
129 24.386000 39437.050781 101205.976563
130 24.567000 39437.050781 98292.796875
131 24.752000 39437.050781 96882.960938
132 24.954000 39437.050781 95262.953125
133 25.170000 39437.050781 92186.687500
134 25.347000 39437.050781 91064.398438
135 25.572000 39437.050781 95329.656250
136 25.770000 39437.050781 94873.929688
137 25.942000 39437.050781 94276.546875
138 26.137000 39437.050781 96734.382813
139 26.317000 39437.050781 95435.242188
140 26.510000 39437.050781 97080.523438
141 26.686000 39437.050781 96904.960938
142 26.846000 39437.050781 96445.226563
143 27.014000 39437.050781 97180.218750
144 27.214000 39437.050781 97919.062500
145 27.414000 39437.050781 96947.992188
146 27.597000 39437.050781 96058.867188
147 27.777000 39437.050781 91942.617188
148 27.969000 39437.050781 90912.656250
149 28.160000 39437.050781 91444.343750
150 28.334000 39437.050781 95463.398438
151 28.523000 39437.050781 97509.648438
152 28.709000 39437.050781 95593.890625
153 28.889000 39437.050781 96607.242188
154 29.085000 39437.050781 102282.320313
155 29.263000 39437.050781 97332.000000
156 29.438000 39437.050781 94980.828125
157 29.634000 39437.050781 96691.601563
158 29.824000 39437.050781 94326.007813
159 30.004000 39437.050781 98533.507813
160 30.217000 39437.050781 95568.429688
161 30.412000 39437.050781 99761.523438
162 30.629000 39437.050781 97227.273438
163 30.809000 39437.050781 94059.960938
164 31.004000 39437.050781 96088.968750
165 31.216000 39437.050781 97363.531250
166 31.389000 39437.050781 93753.867188
167 31.570000 39437.050781 97206.992188
168 31.772000 39437.050781 97775.148438
169 31.948000 39437.050781 95802.929688
170 32.125000 39437.050781 98022.789063
171 32.303000 39437.050781 97091.132813
172 32.470000 39437.050781 95208.062500
173 32.635000 39437.050781 96269.117188
174 32.815000 39437.050781 97521.421875
175 33.005000 39437.050781 94809.218750
176 33.200000 39437.050781 96148.929688
177 33.373000 39437.050781 101730.789063
178 33.556000 39437.050781 101037.843750
179 33.743000 39437.050781 97488.742188
180 33.934000 39437.050781 95115.062500
181 34.123000 39437.050781 96132.140625
182 34.312000 39437.050781 96247.906250
183 34.491000 39437.050781 98466.250000
184 34.677000 39437.050781 102324.937500
185 34.877000 39437.050781 99788.039063
186 35.064000 39437.050781 97259.968750
187 35.256000 39437.050781 100490.367188
188 35.437000 39437.050781 94681.882813
189 35.624000 39437.050781 100753.359375
190 35.789000 39437.050781 101752.046875
191 35.997000 39437.050781 103946.453125
192 36.198000 39437.050781 98220.460938
193 36.376000 39437.050781 104782.921875
194 36.571000 39437.050781 99389.210938
195 36.768000 39437.050781 95221.843750
196 36.981000 39437.050781 93241.382813
197 37.171000 39437.050781 94816.296875
198 37.339000 39437.050781 94076.312500
199 37.531000 39437.050781 96696.250000
200 37.712000 39437.050781 97839.953125
201 37.898000 39437.050781 95425.531250
202 38.103000 39437.050781 97017.078125
203 38.289000 39437.050781 96816.828125
204 38.490000 39437.050781 100445.578125
205 38.670000 39437.050781 98364.117188
206 38.860000 39437.050781 94655.523438
207 39.053000 39437.050781 92621.250000
208 39.222000 39437.050781 90035.132813
209 39.419000 39437.050781 95346.906250
210 39.590000 39437.050781 97722.578125
211 39.764000 39437.050781 99585.242188
212 39.948000 39437.050781 98692.781250
213 40.127000 39437.050781 95387.062500
214 40.309000 39437.050781 95504.500000
215 40.488000 39437.050781 93824.851563
216 40.671000 39437.050781 93232.187500
217 40.860000 39437.050781 93594.640625
218 41.045000 39437.050781 91077.867188
219 41.230000 39437.050781 92412.531250
220 41.421000 39437.050781 93793.140625
221 41.620000 39437.050781 93690.359375
222 41.798000 39437.050781 90995.460938
223 41.987000 39437.050781 90250.257813
224 42.188000 39437.050781 93057.648438
225 42.357000 39437.050781 93228.742188
226 42.568000 39437.050781 94495.039063
227 42.738000 39437.050781 91337.929688
228 42.917000 39437.050781 89489.242188
229 43.090000 39437.050781 91797.718750
230 43.299000 39437.050781 90111.796875
231 43.500000 39437.050781 88132.968750
232 43.683000 39437.050781 86064.757813
233 43.846000 39437.050781 85778.156250
234 44.048000 39437.050781 85613.460938
235 44.247000 39437.050781 87493.703125
236 44.450000 39437.050781 93689.953125
237 44.650000 39437.050781 91651.492188
238 44.844000 39437.050781 89841.171875
239 45.036000 39437.050781 86665.460938
240 45.216000 39437.050781 91386.218750
241 45.405000 39437.050781 93808.296875
242 45.569000 39437.050781 91697.523438
243 45.761000 39437.050781 92461.843750
244 45.926000 39437.050781 93289.507813
245 46.104000 39437.050781 96563.351563
246 46.283000 39437.050781 96292.773438
247 46.486000 39437.050781 94170.218750
248 46.677000 39437.050781 89673.648438
249 46.858000 39437.050781 92021.531250
250 47.059000 39437.050781 90889.031250
251 47.243000 39437.050781 89993.507813
252 47.425000 39437.050781 90241.953125
253 47.609000 39437.050781 90327.718750
254 47.800000 39437.050781 90280.031250
255 48.021000 39437.050781 96480.867188
256 48.211000 39437.050781 99551.851563
257 48.396000 39437.050781 97965.710938
258 48.558000 39437.050781 99030.609375
259 48.752000 39437.050781 104803.882813
260 48.949000 39437.050781 103431.382813
261 49.120000 39437.050781 101806.992188
262 49.304000 39437.050781 100333.062500
263 49.518000 39437.050781 98699.523438
264 49.701000 39437.050781 97476.953125
265 49.894000 39437.050781 100186.320313
266 50.078000 39437.050781 98313.078125
267 50.284000 39437.050781 99619.851563
268 50.484000 39437.050781 98236.789063
269 50.684000 39437.050781 94866.218750
270 50.889000 39437.050781 92716.382813
271 51.093000 39437.050781 94486.242188
272 51.289000 39437.050781 95689.148438
273 51.463000 39437.050781 98182.617188
274 51.646000 39437.050781 102915.078125
275 51.822000 39437.050781 105535.289063
276 52.012000 39437.050781 103634.062500
277 52.206000 39437.050781 98285.968750
278 52.381000 39437.050781 99380.218750
279 52.573000 39437.050781 100030.703125
280 52.774000 39437.050781 99087.539063
281 52.932000 39437.050781 96450.406250
282 53.125000 39437.050781 96564.156250
283 53.299000 39437.050781 95652.570313
284 53.495000 39437.050781 100109.953125
285 53.671000 39437.050781 94877.992188
286 53.861000 39437.050781 102304.828125
287 54.033000 39437.050781 97734.132813
288 54.231000 39437.050781 97831.421875
289 54.412000 39437.050781 99766.242188
290 54.602000 39437.050781 103757.000000
291 54.771000 39437.050781 106075.429688
292 54.973000 39437.050781 109472.742188
293 55.157000 39437.050781 103499.257813
294 55.340000 39437.050781 102666.390625
295 55.524000 39437.050781 99260.703125
296 55.712000 39437.050781 101868.281250
297 55.913000 39437.050781 98589.406250
298 56.124000 39437.050781 97946.921875
299 56.315000 39437.050781 98234.812500
300 56.493000 39437.050781 96424.468750
301 56.673000 39437.050781 95376.148438
302 56.868000 39437.050781 100840.890625
303 57.054000 39437.050781 94986.937500
304 57.242000 39437.050781 93029.226563
305 57.435000 39437.050781 92271.898438
306 57.624000 39437.050781 93206.726563
307 57.830000 39437.050781 93254.507813
308 58.004000 39437.050781 90082.679688
309 58.201000 39437.050781 92947.671875
310 58.378000 39437.050781 94740.898438
311 58.563000 39437.050781 91753.781250
312 58.797000 39437.050781 94827.609375
313 58.979000 39437.050781 89683.046875
314 59.167000 39437.050781 95927.953125
315 59.366000 39437.050781 98051.898438
316 59.545000 39437.050781 95595.851563
317 59.729000 39437.050781 98596.617188
318 59.922000 39437.050781 102190.351563
319 60.110000 39437.050781 101296.890625
320 60.292000 39437.050781 98830.390625
321 60.484000 39437.050781 99729.593750
322 60.672000 39437.050781 97236.890625
323 60.860000 39437.050781 99093.203125
324 61.047000 39437.050781 101804.523438
325 61.234000 39437.050781 99141.210938
326 61.417000 39437.050781 97767.312500
327 61.592000 39437.050781 95913.656250
328 61.761000 39437.050781 96723.476563
329 61.927000 39437.050781 97962.179688
330 62.120000 39437.050781 99314.117188
331 62.303000 39437.050781 100249.859375
332 62.466000 39437.050781 102443.039063
333 62.632000 39437.050781 100904.601563
334 62.831000 39437.050781 97468.882813
335 63.006000 39437.050781 95449.343750
336 63.184000 39437.050781 93249.992188
337 63.370000 39437.050781 94660.312500
338 63.558000 39437.050781 96639.937500
339 63.744000 39437.050781 103098.148438
340 63.941000 39437.050781 105701.820313
341 64.121000 39437.050781 101190.789063
342 64.308000 39437.050781 99503.359375
343 64.497000 39437.050781 100849.257813
344 64.699000 39437.050781 102755.203125
345 64.881000 39437.050781 98079.460938
346 65.064000 39437.050781 99909.882813
347 65.263000 39437.050781 97034.773438
348 65.445000 39437.050781 93933.953125
349 65.614000 39437.050781 89035.531250
350 65.774000 39437.050781 87637.390625
351 65.965000 39437.050781 90768.289063
352 66.144000 39437.050781 95422.976563
353 66.329000 39437.050781 93863.609375
354 66.538000 39437.050781 97208.570313
355 66.727000 39437.050781 96571.882813
356 66.903000 39437.050781 94966.781250
357 67.084000 39437.050781 101536.390625
358 67.271000 39437.050781 101170.718750
359 67.444000 39437.050781 95893.062500
360 67.639000 39437.050781 94495.718750
361 67.816000 39437.050781 93362.867188
362 67.998000 39437.050781 93964.421875
363 68.179000 39437.050781 96884.812500
364 68.378000 39437.050781 97097.257813
365 68.557000 39437.050781 95201.453125
366 68.738000 39437.050781 98331.578125
367 68.933000 39437.050781 97496.406250
368 69.109000 39437.050781 95406.296875
369 69.295000 39437.050781 96046.562500
370 69.456000 39437.050781 92399.226563
371 69.640000 39437.050781 91319.070313
372 69.815000 39437.050781 95113.703125
373 70.008000 39437.050781 99698.218750
374 70.185000 39437.050781 96969.546875
375 70.374000 39437.050781 95000.953125
376 70.577000 39437.050781 94988.023438
377 70.766000 39437.050781 90809.039063
378 70.973000 39437.050781 94526.781250
379 71.163000 39437.050781 94058.382813
380 71.362000 39437.050781 92343.179688
381 71.549000 39437.050781 91570.218750
382 71.762000 39437.050781 94521.929688
383 71.988000 39437.050781 92550.039063
384 72.180000 39437.050781 93164.742188
385 72.355000 39437.050781 92335.992188
386 72.540000 39437.050781 91634.468750
387 72.716000 39437.050781 92026.382813
388 72.899000 39437.050781 91965.921875
389 73.075000 39437.050781 94029.906250
390 73.261000 39437.050781 98165.390625
391 73.450000 39437.050781 101512.273438
392 73.635000 39437.050781 102324.226563
393 73.815000 39437.050781 101485.687500
394 74.004000 39437.050781 101302.562500
395 74.186000 39437.050781 102666.171875
396 74.374000 39437.050781 106070.781250
397 74.562000 39437.050781 102936.359375
398 74.769000 39437.050781 102242.960938
399 74.964000 39437.050781 96835.187500
400 75.163000 39437.050781 91818.101563
401 75.329000 39437.050781 93404.179688
402 75.510000 39437.050781 95450.359375
403 75.705000 39437.050781 98041.562500
404 75.881000 39437.050781 95109.921875
405 76.072000 39437.050781 100227.640625
406 76.240000 39437.050781 99251.460938
407 76.428000 39437.050781 95150.773438
408 76.591000 39437.050781 94050.257813
409 76.768000 39437.050781 89070.601563
410 76.948000 39437.050781 89787.296875
411 77.122000 39437.050781 92269.382813
412 77.295000 39437.050781 90304.812500
413 77.484000 39437.050781 90235.718750
414 77.649000 39437.050781 88577.992188
415 77.841000 39437.050781 92550.320313
416 78.035000 39437.050781 89310.859375
417 78.213000 39437.050781 92816.710938
418 78.406000 39437.050781 94420.617188
419 78.594000 39437.050781 92285.992188
420 78.794000 39437.050781 97497.781250
421 78.972000 39437.050781 98783.718750
422 79.161000 39437.050781 96702.687500
423 79.358000 39437.050781 93260.898438
424 79.543000 39437.050781 92019.453125
425 79.729000 39437.050781 94728.726563
426 79.908000 39437.050781 90384.882813
427 80.107000 39437.050781 88594.906250
428 80.312000 39437.050781 86669.429688
429 80.512000 39437.050781 88648.070313
430 80.689000 39437.050781 92138.437500
431 80.870000 39437.050781 96214.203125
432 81.069000 39437.050781 95527.796875
433 81.263000 39437.050781 94202.703125
434 81.463000 39437.050781 92138.242188
435 81.657000 39437.050781 91382.281250
436 81.870000 39437.050781 95856.421875
437 82.045000 39437.050781 92289.226563
438 82.235000 39437.050781 91957.179688
439 82.450000 39437.050781 90510.156250
440 82.621000 39437.050781 91781.851563
441 82.856000 39437.050781 93511.320313
442 83.040000 39437.050781 95422.218750
443 83.226000 39437.050781 95068.898438
444 83.412000 39437.050781 93179.562500
445 83.598000 39437.050781 94681.312500
446 83.781000 39437.050781 93760.679688
447 83.938000 39437.050781 97451.890625
448 84.133000 39437.050781 97367.906250
449 84.309000 39437.050781 96182.492188
450 84.507000 39437.050781 97548.648438
451 84.718000 39437.050781 95133.132813
452 84.932000 39437.050781 96315.468750
453 85.144000 39437.050781 92276.343750
454 85.338000 39437.050781 93365.359375
455 85.537000 39437.050781 96864.570313
456 85.731000 39437.050781 100821.250000
457 85.921000 39437.050781 98673.906250
458 86.103000 39437.050781 98241.851563
459 86.331000 39437.050781 96162.453125
460 86.578000 39437.050781 97224.859375
461 86.761000 39437.050781 98718.960938
462 86.939000 39437.050781 95171.281250
463 87.148000 39437.050781 92693.796875
464 87.331000 39437.050781 89757.078125
465 87.512000 39437.050781 91473.789063
466 87.696000 39437.050781 88860.242188
467 87.883000 39437.050781 92367.101563
468 88.067000 39437.050781 93806.882813
469 88.260000 39437.050781 92658.617188
470 88.421000 39437.050781 90137.617188
471 88.612000 39437.050781 94397.773438
472 88.823000 39437.050781 92563.406250
473 89.016000 39437.050781 89853.312500
474 89.218000 39437.050781 87042.523438
475 89.419000 39437.050781 88709.046875
476 89.586000 39437.050781 86405.953125
477 89.768000 39437.050781 89253.156250
478 89.954000 39437.050781 90544.992188
479 90.163000 39437.050781 86009.726563
480 90.359000 39437.050781 89216.593750
481 90.552000 39437.050781 90355.046875
482 90.771000 39437.050781 87680.101563
483 90.956000 39437.050781 88560.890625
484 91.170000 39437.050781 88868.718750
485 91.350000 39437.050781 90447.039063
486 91.519000 39437.050781 86123.570313
487 91.700000 39437.050781 87475.843750
488 91.887000 39437.050781 93531.859375
489 92.083000 39437.050781 94491.867188
490 92.271000 39437.050781 91333.062500
491 92.447000 39437.050781 93943.140625
492 92.613000 39437.050781 95837.867188
493 92.807000 39437.050781 97253.992188
494 93.009000 39437.050781 95598.437500
495 93.199000 39437.050781 93067.898438
496 93.363000 39437.050781 91776.179688
497 93.564000 39437.050781 96676.359375
498 93.757000 39437.050781 97112.507813
499 93.935000 39437.050781 95524.382813
500 94.124000 39437.050781 94024.187500
501 94.327000 39437.050781 100645.203125
502 94.512000 39437.050781 97927.367188
503 94.685000 39437.050781 97289.656250
504 94.884000 39437.050781 95956.273438
505 95.094000 39437.050781 94157.937500
506 95.269000 39437.050781 93200.250000
507 95.459000 39437.050781 90272.796875
508 95.640000 39437.050781 94381.968750
509 95.816000 39437.050781 95000.867188
510 96.015000 39437.050781 94661.531250
511 96.196000 39437.050781 96791.656250
512 96.395000 39437.050781 98690.820313
513 96.597000 39437.050781 97233.257813
514 96.782000 39437.050781 96596.703125
515 96.980000 39437.050781 99807.632813
516 97.232000 39437.050781 91982.242188
517 97.416000 39437.050781 96759.953125
518 97.600000 39437.050781 94993.523438
519 97.805000 39437.050781 92573.281250
520 97.993000 39437.050781 95155.960938
521 98.174000 39437.050781 93812.546875
522 98.362000 39437.050781 93575.359375
523 98.559000 39437.050781 93257.992188
524 98.747000 39437.050781 93970.140625
525 98.925000 39437.050781 92901.117188
526 99.114000 39437.050781 95021.812500
527 99.313000 39437.050781 92570.640625
528 99.498000 39437.050781 94108.296875
529 99.692000 39437.050781 93091.242188
530 99.878000 39437.050781 93476.921875
531 100.060000 39437.050781 93838.687500
532 100.234000 39437.050781 95055.023438
533 100.415000 39437.050781 97244.500000
534 100.615000 39437.050781 96954.687500
535 100.794000 39437.050781 97630.117188
536 100.978000 39437.050781 96718.507813
537 101.189000 39437.050781 97090.367188
538 101.388000 39437.050781 94862.656250
539 101.593000 39437.050781 93267.351563
540 101.814000 39437.050781 94614.398438
541 101.994000 39437.050781 90796.710938
542 102.186000 39437.050781 91492.500000
543 102.386000 39437.050781 95081.937500
544 102.577000 39437.050781 95461.898438
545 102.753000 39437.050781 99005.703125
546 102.975000 39437.050781 101224.343750
547 103.166000 39437.050781 97270.593750
548 103.376000 39437.050781 93900.421875
549 103.585000 39437.050781 93001.156250
550 103.772000 39437.050781 93302.078125
551 103.953000 39437.050781 96606.468750
552 104.138000 39437.050781 97999.281250
553 104.314000 39437.050781 98154.179688
554 104.502000 39437.050781 97496.140625
555 104.755000 39437.050781 95588.296875
556 104.964000 39437.050781 97004.546875
557 105.161000 39437.050781 95719.429688
558 105.352000 39437.050781 90052.992188
559 105.550000 39437.050781 96169.648438
560 105.731000 39437.050781 93596.429688
561 105.908000 39437.050781 91176.242188
562 106.091000 39437.050781 90916.101563
563 106.256000 39437.050781 89929.109375
564 106.411000 39437.050781 93205.031250
565 106.614000 39437.050781 95694.187500
566 106.815000 39437.050781 100126.867188
567 106.989000 39437.050781 96269.453125
568 107.192000 39437.050781 100756.070313
569 107.385000 39437.050781 98201.156250
570 107.565000 39437.050781 95441.703125
571 107.751000 39437.050781 106374.539063
572 107.955000 39437.050781 101391.781250
573 108.150000 39437.050781 101887.140625
574 108.340000 39437.050781 106057.429688
575 108.503000 39437.050781 103036.367188
576 108.690000 39437.050781 105144.187500
577 108.864000 39437.050781 102590.390625
578 109.064000 39437.050781 96886.656250
579 109.247000 39437.050781 93255.140625
580 109.418000 39437.050781 97134.890625
581 109.635000 39437.050781 97102.601563
582 109.833000 39437.050781 96059.406250
583 110.019000 39437.050781 97463.421875
584 110.213000 39437.050781 97222.398438
585 110.409000 39437.050781 96836.148438
586 110.600000 39437.050781 95527.773438
587 110.797000 39437.050781 95517.406250
588 110.992000 39437.050781 95772.671875
589 111.199000 39437.050781 92196.976563
590 111.392000 39437.050781 92074.937500
591 111.582000 39437.050781 92144.656250
592 111.786000 39437.050781 92872.632813
593 111.987000 39437.050781 91026.789063
594 112.186000 39437.050781 90837.703125
595 112.377000 39437.050781 92910.468750
596 112.568000 39437.050781 93502.992188
597 112.741000 39437.050781 96457.242188
598 112.929000 39437.050781 94462.000000
599 113.099000 39437.050781 95844.960938
600 113.298000 39437.050781 93686.523438
601 113.491000 39437.050781 91654.101563
602 113.672000 39437.050781 94156.617188
603 113.856000 39437.050781 94758.640625
604 114.038000 39437.050781 93338.031250
605 114.216000 39437.050781 94605.429688
606 114.410000 39437.050781 95276.718750
607 114.589000 39437.050781 93730.148438
608 114.775000 39437.050781 95348.312500
609 114.949000 39437.050781 93473.429688
610 115.164000 39437.050781 92740.929688
611 115.360000 39437.050781 90273.687500
612 115.557000 39437.050781 89794.640625
613 115.757000 39437.050781 90553.960938
614 115.957000 39437.050781 89434.500000
615 116.154000 39437.050781 90695.718750
616 116.339000 39437.050781 93052.382813
617 116.530000 39437.050781 92518.781250
618 116.705000 39437.050781 94322.140625
619 116.901000 39437.050781 95232.140625
620 117.097000 39437.050781 94055.843750
621 117.288000 39437.050781 97227.351563
622 117.454000 39437.050781 100654.960938
623 117.676000 39437.050781 98836.609375
624 117.869000 39437.050781 97347.406250
625 118.063000 39437.050781 97439.101563
626 118.245000 39437.050781 94941.960938
627 118.430000 39437.050781 96403.023438
628 118.599000 39437.050781 94915.609375
629 118.782000 39437.050781 93041.859375
630 118.972000 39437.050781 94338.820313
631 119.178000 39437.050781 96036.859375
632 119.366000 39437.050781 91822.789063
633 119.539000 39437.050781 93297.101563
634 119.727000 39437.050781 97558.257813
635 119.907000 39437.050781 97173.726563
636 120.094000 39437.050781 100170.640625
637 120.256000 39437.050781 102870.289063
638 120.409000 39437.050781 98559.070313
639 120.610000 39437.050781 97868.250000
640 120.796000 39437.050781 94713.882813
641 120.975000 39437.050781 98152.546875
642 121.166000 39437.050781 103079.398438
643 121.351000 39437.050781 102022.890625
644 121.509000 39437.050781 102855.406250
645 121.720000 39437.050781 107389.257813
646 121.902000 39437.050781 102044.539063
647 122.099000 39437.050781 107639.046875
648 122.276000 39437.050781 103662.648438
649 122.461000 39437.050781 102803.687500
650 122.627000 39437.050781 100521.453125
651 122.799000 39437.050781 103125.570313
652 122.970000 39437.050781 107121.140625
653 123.152000 39437.050781 103204.062500
654 123.339000 39437.050781 101920.710938
655 123.518000 39437.050781 98064.437500
656 123.702000 39437.050781 98604.109375
657 123.912000 39437.050781 100008.757813
658 124.116000 39437.050781 100685.281250
659 124.288000 39437.050781 99548.726563
660 124.474000 39437.050781 99368.070313
661 124.654000 39437.050781 98292.289063
662 124.848000 39437.050781 94952.406250
663 125.005000 39437.050781 95706.687500
664 125.170000 39437.050781 100188.890625
665 125.365000 39437.050781 102413.578125
666 125.548000 39437.050781 101806.507813
667 125.742000 39437.050781 104084.421875
668 125.923000 39437.050781 104708.601563
669 126.111000 39437.050781 104491.921875
670 126.299000 39437.050781 102150.406250
671 126.484000 39437.050781 98655.750000
672 126.695000 39437.050781 100211.210938
673 126.888000 39437.050781 101349.859375
674 127.089000 39437.050781 100289.351563
675 127.271000 39437.050781 98943.640625
676 127.467000 39437.050781 97643.507813
677 127.648000 39437.050781 97669.726563
678 127.817000 39437.050781 101999.257813
679 128.031000 39437.050781 103629.187500
680 128.213000 39437.050781 101115.343750
681 128.383000 39437.050781 98309.710938
682 128.578000 39437.050781 98566.578125
683 128.786000 39437.050781 98554.289063
684 128.978000 39437.050781 98110.562500
685 129.159000 39437.050781 97692.640625
686 129.346000 39437.050781 98306.023438
687 129.531000 39437.050781 95631.007813
688 129.776000 39437.050781 92065.601563
689 129.961000 39437.050781 92897.476563
690 130.152000 39437.050781 96148.968750
691 130.339000 39437.050781 96659.171875
692 130.519000 39437.050781 101750.921875
693 130.694000 39437.050781 101694.937500
694 130.892000 39437.050781 102934.601563
695 131.095000 39437.050781 99122.953125
696 131.291000 39437.050781 93124.656250
697 131.488000 39437.050781 92233.101563
698 131.698000 39437.050781 92432.507813
699 131.862000 39437.050781 95319.851563
700 132.039000 39437.050781 97229.148438
701 132.227000 39437.050781 97696.609375
702 132.418000 39437.050781 97918.578125
703 132.617000 39437.050781 97287.203125
704 132.813000 39437.050781 96791.851563
705 132.989000 39437.050781 98174.328125
706 133.172000 39437.050781 99084.867188
707 133.374000 39437.050781 100436.242188
708 133.560000 39437.050781 98677.132813
709 133.760000 39437.050781 97331.273438
710 133.958000 39437.050781 99333.718750
711 134.150000 39437.050781 100815.460938
712 134.325000 39437.050781 97417.328125
713 134.510000 39437.050781 96855.609375
714 134.689000 39437.050781 96064.812500
715 134.879000 39437.050781 97183.273438
716 135.069000 39437.050781 96736.320313
717 135.260000 39437.050781 96940.320313
718 135.445000 39437.050781 94774.937500
719 135.639000 39437.050781 94900.960938
720 135.829000 39437.050781 95362.531250
721 136.036000 39437.050781 94411.796875
722 136.226000 39437.050781 94752.476563
723 136.427000 39437.050781 95967.382813
724 136.623000 39437.050781 96569.640625
725 136.853000 39437.050781 97190.453125
726 137.044000 39437.050781 99312.109375
727 137.214000 39437.050781 98844.968750
728 137.419000 39437.050781 98250.218750
729 137.616000 39437.050781 96592.156250
730 137.831000 39437.050781 97331.398438
731 138.029000 39437.050781 94026.398438
732 138.224000 39437.050781 95491.171875
733 138.443000 39437.050781 98404.148438
734 138.757000 39437.050781 96326.523438
735 139.059000 39437.050781 99344.429688
736 139.326000 39437.050781 101648.773438
737 139.598000 39437.050781 97747.007813
738 139.842000 39437.050781 92902.312500
739 140.081000 39437.050781 95639.156250
740 140.340000 39437.050781 97352.796875
741 140.543000 39437.050781 102049.343750
742 140.736000 39437.050781 101561.468750
743 140.971000 39437.050781 101776.398438
744 141.165000 39437.050781 96555.742188
745 141.377000 39437.050781 95184.820313
746 141.585000 39437.050781 97253.593750
747 141.779000 39437.050781 95857.882813
748 142.003000 39437.050781 94752.882813
749 142.252000 39437.050781 92091.773438
750 142.442000 39437.050781 91400.531250
751 142.656000 39437.050781 96039.156250
752 142.885000 39437.050781 94613.250000
753 143.095000 39437.050781 96624.507813
754 143.324000 39437.050781 95223.492188
755 143.549000 39437.050781 93485.773438
756 143.763000 39437.050781 90079.210938
757 143.948000 39437.050781 87695.523438
758 144.150000 39437.050781 87212.687500
759 144.336000 39437.050781 88622.367188
760 144.544000 39437.050781 92816.226563
761 144.730000 39437.050781 89243.281250
762 144.942000 39437.050781 94902.921875
763 145.163000 39437.050781 92185.507813
764 145.369000 39437.050781 91276.992188
765 145.546000 39437.050781 90716.390625
766 145.777000 39437.050781 97375.367188
767 145.971000 39437.050781 94545.289063
768 146.174000 39437.050781 95970.406250
769 146.351000 39437.050781 94482.382813
770 146.534000 39437.050781 97264.796875
771 146.720000 39437.050781 99094.921875
772 146.924000 39437.050781 101500.171875
773 147.092000 39437.050781 96193.562500
774 147.274000 39437.050781 101159.250000
775 147.456000 39437.050781 100999.140625
776 147.640000 39437.050781 97172.093750
777 147.837000 39437.050781 98908.710938
778 148.038000 39437.050781 97250.859375
779 148.222000 39437.050781 97274.718750
780 148.441000 39437.050781 99148.156250
781 148.627000 39437.050781 97876.062500
782 148.802000 39437.050781 95653.398438
783 148.992000 39437.050781 96149.226563
784 149.188000 39437.050781 97732.351563
785 149.355000 39437.050781 100417.390625
786 149.540000 39437.050781 96393.601563
787 149.744000 39437.050781 99443.796875
788 149.938000 39437.050781 95828.476563
789 150.127000 39437.050781 100745.960938
790 150.345000 39437.050781 98492.726563
791 150.519000 39437.050781 102527.500000
792 150.689000 39437.050781 107391.429688
793 150.896000 39437.050781 108528.257813
794 151.085000 39437.050781 103799.101563
795 151.277000 39437.050781 101569.992188
796 151.453000 39437.050781 99152.273438
797 151.645000 39437.050781 97349.828125
798 151.822000 39437.050781 100599.289063
799 152.001000 39437.050781 100454.593750
800 152.202000 39437.050781 100985.929688
801 152.393000 39437.050781 100508.742188
802 152.582000 39437.050781 96335.742188
803 152.774000 39437.050781 100807.312500
804 152.965000 39437.050781 95161.187500
805 153.151000 39437.050781 96659.093750
806 153.319000 39437.050781 94574.468750
807 153.513000 39437.050781 93273.968750
808 153.767000 39437.050781 90316.406250
809 153.972000 39437.050781 91813.671875
810 154.169000 39437.050781 91658.328125
811 154.358000 39437.050781 88983.117188
812 154.550000 39437.050781 90788.078125
813 154.766000 39437.050781 95788.929688
814 154.974000 39437.050781 92815.343750
815 155.211000 39437.050781 92283.429688
816 155.408000 39437.050781 95204.593750
817 155.592000 39437.050781 98316.617188
818 155.769000 39437.050781 99661.968750
819 155.985000 39437.050781 98017.203125
820 156.175000 39437.050781 97279.640625
821 156.361000 39437.050781 93203.593750
822 156.538000 39437.050781 96110.000000
823 156.735000 39437.050781 95530.382813
824 156.933000 39437.050781 95098.476563
825 157.105000 39437.050781 92739.273438
826 157.309000 39437.050781 94509.351563
827 157.504000 39437.050781 98070.460938
828 157.699000 39437.050781 98457.046875
829 157.882000 39437.050781 101633.382813
830 158.070000 39437.050781 102870.156250
831 158.253000 39437.050781 105236.648438
832 158.458000 39437.050781 106364.453125
833 158.645000 39437.050781 101007.921875
834 158.806000 39437.050781 100917.882813
835 158.990000 39437.050781 102519.578125
836 159.184000 39437.050781 102062.640625
837 159.371000 39437.050781 99346.898438
838 159.539000 39437.050781 102425.078125
839 159.726000 39437.050781 109191.640625
840 159.889000 39437.050781 114957.671875
841 160.076000 39437.050781 109303.750000
842 160.313000 39437.050781 110525.328125
843 160.512000 39437.050781 112269.179688
844 160.693000 39437.050781 111327.671875
845 160.874000 39437.050781 110909.773438
846 161.076000 39437.050781 110293.453125
847 161.265000 39437.050781 109568.507813
848 161.580000 39437.050781 109073.007813
849 161.802000 39437.050781 107719.000000
850 161.993000 39437.050781 106593.382813
851 162.184000 39437.050781 104291.093750
852 162.354000 39437.050781 104585.960938
853 162.551000 39437.050781 102900.187500
854 162.734000 39437.050781 103496.843750
855 162.902000 39437.050781 102499.703125
856 163.089000 39437.050781 102875.078125
857 163.291000 39437.050781 103640.578125
858 163.489000 39437.050781 103140.796875
859 163.687000 39437.050781 100999.617188
860 163.877000 39437.050781 98966.273438
861 164.064000 39437.050781 98714.281250
862 164.246000 39437.050781 97463.859375
863 164.422000 39437.050781 98758.562500
864 164.624000 39437.050781 99353.070313
865 164.814000 39437.050781 98569.500000
866 165.020000 39437.050781 99504.546875
867 165.196000 39437.050781 100504.531250
868 165.379000 39437.050781 100621.289063
869 165.564000 39437.050781 101725.546875
870 165.754000 39437.050781 102911.937500
871 165.981000 39437.050781 103052.718750
872 166.213000 39437.050781 106520.179688
873 166.419000 39437.050781 103794.312500
874 166.610000 39437.050781 101399.750000
875 166.783000 39437.050781 102329.312500
876 166.980000 39437.050781 103911.289063
877 167.172000 39437.050781 101610.226563
878 167.341000 39437.050781 97682.117188
879 167.528000 39437.050781 97537.796875
880 167.726000 39437.050781 97461.039063
881 167.907000 39437.050781 100381.781250
882 168.082000 39437.050781 100202.992188
883 168.250000 39437.050781 100010.546875
884 168.412000 39437.050781 97361.562500
885 168.612000 39437.050781 98827.093750
886 168.814000 39437.050781 98098.757813
887 169.018000 39437.050781 98673.187500
888 169.204000 39437.050781 97682.289063
889 169.388000 39437.050781 96879.429688
890 169.576000 39437.050781 98113.789063
891 169.740000 39437.050781 98386.929688
892 169.914000 39437.050781 100499.820313
893 170.082000 39437.050781 96779.109375
894 170.269000 39437.050781 96220.367188
895 170.439000 39437.050781 99686.242188
896 170.634000 39437.050781 102447.539063
897 170.833000 39437.050781 102961.687500
898 171.009000 39437.050781 107410.187500
899 171.205000 39437.050781 106941.703125
900 171.399000 39437.050781 105349.601563
901 171.601000 39437.050781 102801.328125
902 171.792000 39437.050781 101350.320313
903 171.990000 39437.050781 99750.828125
904 172.177000 39437.050781 100246.351563
905 172.341000 39437.050781 98867.289063
906 172.497000 39437.050781 98967.640625
907 172.666000 39437.050781 104186.437500
908 172.873000 39437.050781 104984.062500
909 173.098000 39437.050781 105196.976563
910 173.272000 39437.050781 100409.562500
911 173.461000 39437.050781 105868.632813
912 173.632000 39437.050781 99523.382813
913 173.818000 39437.050781 98478.828125
914 173.992000 39437.050781 103239.281250
915 174.164000 39437.050781 104219.429688
916 174.350000 39437.050781 101809.140625
917 174.534000 39437.050781 103084.359375
918 174.728000 39437.050781 103002.242188
919 174.905000 39437.050781 102804.406250
920 175.094000 39437.050781 102069.867188
921 175.263000 39437.050781 99873.390625
922 175.440000 39437.050781 102294.867188
923 175.636000 39437.050781 101564.539063
924 175.820000 39437.050781 101872.781250
925 175.998000 39437.050781 99271.367188
926 176.181000 39437.050781 101461.710938
927 176.341000 39437.050781 101816.906250
928 176.509000 39437.050781 105311.921875
929 176.704000 39437.050781 103156.039063
930 176.905000 39437.050781 105699.570313
931 177.079000 39437.050781 111883.476563
932 177.275000 39437.050781 109746.593750
933 177.454000 39437.050781 109665.796875
934 177.654000 39437.050781 107115.648438
935 177.814000 39437.050781 101815.562500
936 177.987000 39437.050781 100958.898438
937 178.178000 39437.050781 107348.843750
938 178.368000 39437.050781 106399.906250
939 178.560000 39437.050781 106553.468750
940 178.727000 39437.050781 112863.398438
941 178.911000 39437.050781 108166.210938
942 179.123000 39437.050781 105132.132813
943 179.299000 39437.050781 102527.281250
944 179.503000 39437.050781 104092.570313
945 179.680000 39437.050781 106175.437500
946 179.867000 39437.050781 104123.671875
947 180.079000 39437.050781 98852.828125
948 180.285000 39437.050781 95729.007813
949 180.478000 39437.050781 95734.156250
950 180.661000 39437.050781 92395.320313
951 180.860000 39437.050781 91456.507813
952 181.079000 39437.050781 91745.820313
953 181.266000 39437.050781 96335.906250
954 181.436000 39437.050781 97653.523438
955 181.630000 39437.050781 99786.640625
956 181.819000 39437.050781 99239.132813
957 181.990000 39437.050781 99892.843750
958 182.179000 39437.050781 102103.632813
959 182.362000 39437.050781 104460.648438
960 182.531000 39437.050781 101656.609375
961 182.730000 39437.050781 99722.460938
962 182.928000 39437.050781 97806.562500
963 183.131000 39437.050781 99324.257813
964 183.307000 39437.050781 100671.273438
965 183.495000 39437.050781 96604.960938
966 183.692000 39437.050781 98942.757813
967 183.893000 39437.050781 100731.359375
968 184.093000 39437.050781 98907.187500
969 184.268000 39437.050781 96665.726563
970 184.457000 39437.050781 99669.890625
971 184.630000 39437.050781 98777.601563
972 184.813000 39437.050781 95312.789063
973 184.979000 39437.050781 93517.507813
974 185.158000 39437.050781 96837.523438
975 185.367000 39437.050781 92688.039063
976 185.560000 39437.050781 91364.070313
977 185.722000 39437.050781 92012.101563
978 185.901000 39437.050781 91928.546875
979 186.098000 39437.050781 92359.867188
980 186.300000 39437.050781 98356.648438
981 186.494000 39437.050781 94318.132813
982 186.683000 39437.050781 101896.656250
983 186.869000 39437.050781 102080.632813
984 187.066000 39437.050781 98736.781250
985 187.246000 39437.050781 97492.609375
986 187.434000 39437.050781 97574.031250
987 187.626000 39437.050781 98166.937500
988 187.814000 39437.050781 97564.156250
989 187.990000 39437.050781 96709.976563
990 188.174000 39437.050781 93715.296875
991 188.355000 39437.050781 93109.898438
992 188.530000 39437.050781 94055.757813
993 188.709000 39437.050781 96426.140625
994 188.898000 39437.050781 94108.781250
995 189.082000 39437.050781 94529.929688
996 189.271000 39437.050781 91261.078125
997 189.450000 39437.050781 92040.468750
998 189.640000 39437.050781 93971.976563
999 189.812000 39437.050781 97907.031250
1000 189.989000 39437.050781 97582.523438
1001 190.186000 39437.050781 96776.929688
1002 190.382000 39437.050781 97799.351563
1003 190.553000 39437.050781 95682.218750
1004 190.723000 39437.050781 98883.578125
1005 190.920000 39437.050781 98866.523438
1006 191.164000 39437.050781 96987.460938
1007 191.352000 39437.050781 95960.460938
1008 191.540000 39437.050781 97068.062500
1009 191.728000 39437.050781 97159.882813
1010 191.930000 39437.050781 95214.750000
1011 192.111000 39437.050781 92301.390625
1012 192.312000 39437.050781 93403.078125
1013 192.516000 39437.050781 91998.507813
1014 192.694000 39437.050781 88221.023438
1015 192.872000 39437.050781 95137.789063
1016 193.069000 39437.050781 94751.171875
1017 193.281000 39437.050781 97123.179688
1018 193.469000 39437.050781 94442.343750
1019 193.659000 39437.050781 97994.046875
1020 193.853000 39437.050781 97087.187500
1021 194.060000 39437.050781 97202.953125
1022 194.256000 39437.050781 91383.312500
1023 194.492000 39437.050781 95811.218750
1024 194.688000 39437.050781 94511.273438
1025 194.878000 39437.050781 92509.562500
1026 195.055000 39437.050781 89112.796875
1027 195.245000 39437.050781 90633.351563
1028 195.423000 39437.050781 93441.578125
1029 195.607000 39437.050781 99226.609375
1030 195.784000 39437.050781 97657.828125
1031 195.970000 39437.050781 97015.992188
1032 196.158000 39437.050781 94117.226563
