0 0.000000 45491.691406 47173.828125
1 0.227000 43414.605469 47173.828125
2 0.429000 42793.304688 46066.671875
3 0.629000 41860.628906 45385.386719
4 0.821000 41337.636719 44857.156250
5 0.993000 41078.765625 44486.859375
6 1.180000 40821.714844 44120.859375
7 1.378000 40443.882813 43853.925781
8 1.570000 40443.882813 43656.890625
9 1.759000 40417.183594 43435.980469
10 1.949000 40074.027344 43207.636719
11 2.149000 40074.027344 43071.460938
12 2.343000 40074.027344 42769.621094
13 2.535000 40023.449219 42520.851563
14 2.670000 39919.953125 42308.359375
15 2.857000 39741.269531 42159.804688
16 3.031000 39741.269531 42040.996094
17 3.227000 39695.101563 41904.398438
18 3.423000 39695.101563 41765.039063
19 3.623000 39522.476563 41798.449219
20 3.832000 39514.664063 41838.925781
21 4.008000 39396.484375 41570.140625
22 4.181000 39396.484375 41472.101563
23 4.375000 39396.484375 41410.179688
24 4.550000 39358.933594 41229.566406
25 4.726000 39358.933594 41144.941406
26 4.911000 39119.109375 41216.011719
27 5.075000 39119.109375 41164.156250
28 5.249000 39119.109375 41021.207031
29 5.408000 39061.613281 40940.488281
30 5.587000 39061.613281 40889.261719
31 5.777000 39061.613281 40921.847656
32 5.945000 39038.632813 40879.964844
33 6.128000 39038.632813 40801.636719
34 6.317000 39038.632813 40829.769531
35 6.500000 39038.632813 40891.984375
36 6.687000 38993.816406 40744.824219
37 6.875000 38993.816406 40957.980469
38 7.062000 38993.816406 40772.050781
39 7.238000 38993.816406 40712.761719
40 7.407000 38993.816406 40613.507813
41 7.595000 38993.816406 40647.511719
42 7.776000 38993.816406 40595.800781
43 7.943000 38993.816406 40659.328125
44 8.139000 38993.816406 40661.851563
45 8.322000 38993.816406 40655.246094
46 8.504000 38993.816406 41005.605469
47 8.681000 38986.085938 40683.238281
48 8.866000 38986.085938 40620.164063
49 9.047000 38986.085938 40641.273438
50 9.232000 38986.085938 40588.566406
51 9.402000 38986.085938 40607.792969
52 9.588000 38986.085938 40495.101563
53 9.773000 38986.085938 40703.503906
54 9.959000 38978.730469 40542.691406
55 10.147000 38978.730469 40635.562500
56 10.329000 38978.730469 40665.230469
57 10.499000 38978.730469 40745.488281
58 10.683000 38978.730469 40604.863281
59 10.852000 38978.730469 40493.343750
60 11.055000 38978.730469 40542.757813
61 11.250000 38978.730469 40391.246094
62 11.438000 38978.730469 40364.539063
63 11.618000 38978.730469 40600.511719
64 11.813000 38978.730469 40568.398438
65 12.006000 38978.730469 40589.265625
66 12.200000 38978.730469 40466.761719
67 12.380000 38978.730469 40391.175781
68 12.576000 38978.730469 40343.636719
69 12.753000 38978.730469 40396.359375
70 12.941000 38978.730469 40296.808594
71 13.130000 38978.730469 40265.835938
72 13.290000 38978.730469 40346.125000
73 13.468000 38978.730469 40438.792969
74 13.640000 38978.730469 40656.617188
75 13.826000 38934.750000 40575.015625
76 13.987000 38934.750000 40410.218750
77 14.177000 38934.750000 40380.121094
78 14.374000 38934.750000 40302.449219
79 14.543000 38934.750000 40315.093750
80 14.710000 38934.750000 40521.558594
81 14.893000 38934.750000 40429.843750
82 15.079000 38934.750000 40294.304688
83 15.268000 38934.750000 40393.847656
84 15.463000 38934.750000 40299.304688
85 15.646000 38934.750000 40270.289063
86 15.819000 38934.750000 40248.015625
87 16.018000 38934.750000 40324.625000
88 16.215000 38934.750000 40355.148438
89 16.423000 38934.750000 40322.437500
90 16.623000 38934.750000 40311.613281
91 16.811000 38934.750000 40271.699219
92 16.983000 38934.750000 40229.796875
93 17.168000 38934.750000 40192.660156
94 17.358000 38934.750000 40240.964844
95 17.556000 38934.750000 40219.457031
96 17.741000 38934.750000 40309.769531
97 17.930000 38934.750000 40243.191406
98 18.098000 38934.750000 40458.390625
99 18.294000 38934.750000 40407.191406
100 18.502000 38934.750000 40297.878906
101 18.694000 38934.750000 40497.429688
102 18.877000 38934.750000 40414.656250
103 19.074000 38934.750000 40287.960938
104 19.238000 38934.750000 40235.667969
105 19.399000 38934.750000 40247.058594
106 19.565000 38934.750000 40540.734375
107 19.751000 38934.750000 40319.824219
108 19.943000 38934.750000 40282.960938
109 20.143000 38934.750000 40266.847656
110 20.356000 38934.750000 40258.699219
111 20.554000 38934.750000 40419.175781
112 20.736000 38934.750000 40323.476563
113 20.918000 38934.750000 40334.054688
114 21.107000 38934.750000 40289.109375
115 21.304000 38934.750000 40294.421875
116 21.495000 38934.750000 40401.613281
117 21.689000 38934.750000 40397.238281
118 21.882000 38934.750000 40517.941406
119 22.058000 38934.750000 40365.382813
120 22.226000 38934.750000 40327.746094
121 22.398000 38934.750000 40286.082031
122 22.589000 38934.750000 40243.238281
123 22.765000 38934.750000 40258.195313
124 22.951000 38934.750000 40225.878906
125 23.133000 38934.750000 40215.203125
126 23.327000 38934.750000 40198.976563
127 23.516000 38934.750000 40184.453125
128 23.707000 38934.750000 40169.703125
129 23.890000 38934.750000 40167.781250
130 24.061000 38934.750000 40204.855469
131 24.258000 38934.750000 40151.546875
132 24.464000 38934.750000 40249.597656
133 24.640000 38934.750000 40161.964844
134 24.816000 38934.750000 40150.769531
135 25.005000 38934.750000 40370.308594
136 25.175000 38934.750000 40259.941406
137 25.347000 38934.750000 40319.078125
138 25.516000 38934.750000 40527.710938
139 25.718000 38934.750000 40500.500000
140 25.907000 38934.750000 40475.941406
141 26.104000 38934.750000 40543.441406
142 26.282000 38934.750000 40542.593750
143 26.468000 38934.750000 40556.300781
144 26.658000 38934.750000 40469.992188
145 26.857000 38934.750000 40447.679688
146 27.029000 38934.750000 40451.531250
147 27.217000 38934.750000 40459.593750
148 27.382000 38934.750000 40491.414063
149 27.561000 38934.750000 40502.707031
150 27.746000 38934.750000 40369.355469
151 27.949000 38934.750000 40348.246094
152 28.116000 38934.750000 40339.785156
153 28.315000 38934.750000 40572.925781
154 28.522000 38934.750000 40647.390625
155 28.699000 38934.750000 40553.406250
156 28.870000 38934.750000 40526.531250
157 29.055000 38934.750000 40409.042969
158 29.252000 38934.750000 40334.105469
159 29.439000 38934.750000 40314.097656
160 29.632000 38934.750000 40301.496094
161 29.819000 38934.750000 40453.171875
162 29.992000 38934.750000 40283.328125
163 30.193000 38934.750000 40292.289063
164 30.384000 38934.750000 40670.636719
165 30.587000 38934.750000 40690.222656
166 30.771000 38934.750000 40712.554688
167 30.971000 38934.750000 40678.550781
168 31.149000 38934.750000 40581.449219
169 31.328000 38934.750000 40700.386719
170 31.523000 38934.750000 40599.718750
171 31.700000 38934.750000 40464.558594
172 31.876000 38934.750000 40384.277344
173 32.050000 38934.750000 40590.484375
174 32.248000 38934.750000 40577.187500
175 32.429000 38934.750000 40484.878906
