0 0.000000 3094.278076 3354.047607
1 0.024000 3053.761230 3354.047607
2 0.048000 3021.634033 3258.020020
3 0.072000 3017.955566 3208.524658
4 0.097000 2988.195557 3178.769043
5 0.121000 2981.178223 3147.447510
6 0.145000 2971.132813 3125.930908
7 0.171000 2936.473633 3102.442139
8 0.202000 2933.666016 3081.375244
9 0.226000 2851.791748 3059.779785
10 0.246000 2838.216553 3039.196289
11 0.272000 2838.216553 3024.746582
12 0.296000 2825.521973 3010.304932
13 0.317000 2808.084961 2995.529053
14 0.338000 2802.752441 2980.035889
15 0.362000 2793.780273 2966.783203
16 0.384000 2783.891846 2958.876953
17 0.406000 2783.891846 2951.968506
18 0.430000 2780.964111 2942.985107
19 0.461000 2780.964111 2941.941650
20 0.479000 2776.475830 2934.220703
21 0.502000 2771.938232 2928.817871
22 0.525000 2768.604736 2922.300537
23 0.546000 2759.453125 2917.845703
24 0.570000 2759.453125 2912.715332
25 0.592000 2759.453125 2905.532227
26 0.615000 2756.436523 2907.279053
27 0.636000 2756.436523 2900.997559
28 0.656000 2756.436523 2893.194092
29 0.673000 2756.436523 2886.688965
30 0.700000 2756.436523 2881.211914
31 0.723000 2753.409180 2876.405029
32 0.745000 2753.409180 2873.636230
33 0.765000 2753.409180 2869.769043
34 0.785000 2743.878174 2866.781494
35 0.806000 2743.878174 2864.227783
36 0.826000 2743.878174 2861.999023
37 0.844000 2743.878174 2859.478027
38 0.868000 2743.878174 2857.952148
39 0.888000 2743.878174 2859.402832
40 0.913000 2733.682861 2857.766602
41 0.942000 2733.682861 2856.417236
42 0.964000 2733.682861 2853.931641
43 0.990000 2733.682861 2852.541260
44 1.012000 2733.682861 2850.565430
45 1.035000 2733.682861 2848.428467
46 1.057000 2733.682861 2847.570313
47 1.082000 2733.682861 2846.809570
48 1.107000 2733.682861 2845.634033
49 1.131000 2733.682861 2843.978516
50 1.160000 2733.682861 2842.404785
51 1.187000 2733.682861 2841.647705
52 1.214000 2733.682861 2840.511475
53 1.238000 2733.682861 2838.286133
54 1.263000 2733.682861 2837.635254
55 1.283000 2733.682861 2837.346191
56 1.307000 2733.682861 2837.346191
57 1.330000 2733.682861 2839.000977
58 1.352000 2733.682861 2842.194336
59 1.377000 2733.682861 2852.694580
60 1.401000 2733.682861 2851.563477
61 1.427000 2733.682861 2845.056885
62 1.455000 2733.682861 2842.885742
63 1.482000 2733.682861 2841.600830
64 1.505000 2733.682861 2839.885254
65 1.527000 2733.682861 2839.264160
66 1.553000 2733.682861 2837.531982
67 1.575000 2733.682861 2836.620605
68 1.598000 2733.682861 2836.235107
69 1.621000 2733.682861 2843.958496
70 1.646000 2733.682861 2841.263184
71 1.671000 2733.682861 2837.360352
72 1.698000 2712.001465 2836.713379
73 1.719000 2712.001465 2835.819336
74 1.741000 2712.001465 2835.735840
75 1.763000 2712.001465 2835.550049
76 1.787000 2712.001465 2833.665283
77 1.808000 2712.001465 2832.839600
78 1.828000 2712.001465 2832.072754
79 1.849000 2701.476807 2831.272461
80 1.874000 2701.476807 2831.020508
81 1.896000 2701.476807 2830.613037
82 1.918000 2701.476807 2830.215820
83 1.944000 2701.476807 2830.215820
84 1.969000 2701.476807 2829.823975
85 1.992000 2701.476807 2829.055664
86 2.016000 2701.476807 2827.838379
87 2.038000 2701.476807 2827.400635
88 2.060000 2701.476807 2827.306885
89 2.081000 2701.476807 2827.302734
90 2.104000 2701.476807 2827.302734
91 2.123000 2701.476807 2826.043945
92 2.144000 2701.476807 2825.554932
93 2.164000 2701.476807 2824.759033
94 2.188000 2701.476807 2824.286621
95 2.213000 2701.476807 2824.145264
96 2.233000 2701.476807 2823.862793
97 2.255000 2701.476807 2822.258057
98 2.271000 2701.476807 2822.258057
99 2.294000 2701.476807 2822.258057
100 2.314000 2701.476807 2821.994141
101 2.336000 2701.476807 2821.737793
102 2.356000 2701.476807 2820.224365
103 2.381000 2698.460205 2819.874268
104 2.403000 2698.460205 2819.692139
105 2.426000 2698.460205 2819.226318
106 2.449000 2698.460205 2818.252197
107 2.480000 2698.460205 2818.252197
108 2.500000 2698.460205 2818.013184
109 2.520000 2698.460205 2818.013184
110 2.542000 2698.460205 2817.768555
111 2.567000 2698.460205 2816.586670
112 2.589000 2698.460205 2816.028076
113 2.610000 2698.460205 2816.028076
114 2.632000 2698.460205 2816.012207
115 2.653000 2698.460205 2816.012207
116 2.675000 2698.460205 2815.942139
117 2.698000 2698.460205 2815.700195
118 2.721000 2698.460205 2815.578125
119 2.745000 2698.460205 2815.423828
120 2.767000 2698.460205 2815.371826
121 2.789000 2698.460205 2815.305664
122 2.812000 2698.460205 2814.592285
123 2.834000 2698.460205 2814.502197
124 2.857000 2698.460205 2814.304443
125 2.880000 2698.460205 2814.182129
126 2.900000 2698.460205 2813.543457
127 2.921000 2698.460205 2813.449707
128 2.944000 2698.460205 2813.158447
129 2.974000 2698.460205 2813.158447
130 2.995000 2698.460205 2813.158447
131 3.016000 2698.460205 2813.158447
132 3.039000 2698.460205 2813.158447
133 3.062000 2698.460205 2813.158447
134 3.083000 2698.460205 2813.158447
135 3.104000 2698.460205 2813.158447
136 3.129000 2698.460205 2813.158447
137 3.151000 2698.460205 2813.007568
138 3.175000 2698.460205 2813.007568
139 3.199000 2698.460205 2812.922119
140 3.226000 2698.460205 2811.330566
141 3.246000 2698.460205 2811.330566
142 3.267000 2698.460205 2810.988770
143 3.286000 2698.460205 2810.433105
144 3.309000 2698.460205 2808.225098
145 3.333000 2698.460205 2808.225342
146 3.353000 2698.460205 2808.225342
147 3.373000 2698.460205 2808.225342
148 3.395000 2698.460205 2808.010742
149 3.416000 2698.460205 2818.140869
150 3.438000 2698.460205 2811.108398
151 3.461000 2698.460205 2811.108398
152 3.477000 2698.460205 2809.086670
153 3.500000 2698.460205 2808.988770
154 3.521000 2698.460205 2808.840088
155 3.545000 2698.460205 2808.143555
156 3.564000 2698.460205 2808.143555
157 3.587000 2698.460205 2817.551758
158 3.608000 2698.460205 2817.550537
159 3.628000 2698.460205 2811.876465
160 3.645000 2698.460205 2811.165039
161 3.665000 2698.460205 2809.681641
162 3.689000 2660.255371 2809.005371
163 3.716000 2660.255371 2808.118652
164 3.735000 2660.255371 2806.581055
165 3.757000 2660.255371 2806.581299
166 3.784000 2660.255371 2806.308105
167 3.804000 2660.255371 2806.308105
168 3.828000 2660.255371 2806.308105
169 3.849000 2660.255371 2806.153320
170 3.871000 2660.255371 2806.041016
171 3.893000 2660.255371 2805.381592
172 3.913000 2660.255371 2820.271973
173 3.937000 2660.255371 2809.555908
174 3.966000 2660.255371 2807.676025
175 3.988000 2660.255371 2807.676025
176 4.008000 2660.255371 2807.509033
177 4.033000 2660.255371 2803.181885
178 4.053000 2660.255371 2802.734619
179 4.072000 2660.255371 2802.734619
180 4.095000 2660.255371 2802.734619
181 4.118000 2660.255371 2802.734619
182 4.140000 2660.255371 2802.734619
183 4.165000 2660.255371 2802.173340
184 4.187000 2660.255371 2802.173340
185 4.212000 2660.255371 2801.802734
186 4.236000 2660.255371 2800.560059
187 4.258000 2660.255371 2800.467773
188 4.282000 2660.255371 2800.467773
189 4.302000 2660.255371 2800.467773
190 4.324000 2660.255371 2800.467773
191 4.347000 2660.255371 2800.422852
192 4.369000 2660.255371 2800.422852
193 4.391000 2660.255371 2800.422852
194 4.409000 2660.255371 2800.422852
195 4.432000 2660.255371 2799.956543
196 4.455000 2660.255371 2799.901611
197 4.484000 2660.255371 2799.901611
198 4.506000 2660.255371 2799.843018
199 4.527000 2660.255371 2799.783447
200 4.549000 2660.255371 2799.783447
201 4.571000 2660.255371 2799.736328
202 4.594000 2660.255371 2799.428223
203 4.617000 2660.255371 2799.428223
204 4.638000 2660.255371 2799.428223
205 4.662000 2660.255371 2799.428223
206 4.686000 2660.255371 2799.428223
207 4.711000 2660.255371 2799.428223
208 4.736000 2660.255371 2799.428223
209 4.755000 2660.255371 2799.428223
210 4.777000 2660.255371 2799.428223
211 4.798000 2660.255371 2799.138672
212 4.820000 2660.255371 2799.138672
213 4.842000 2660.255371 2799.138672
214 4.865000 2660.255371 2798.648438
215 4.886000 2660.255371 2799.045410
216 4.908000 2660.255371 2797.870605
217 4.931000 2660.255371 2810.452393
218 4.952000 2660.255371 2802.277588
219 4.981000 2660.255371 2802.277588
220 5.004000 2660.255371 2802.277588
221 5.025000 2660.255371 2802.277588
222 5.045000 2660.255371 2813.227295
223 5.066000 2660.255371 2813.109619
224 5.090000 2660.255371 2812.947510
225 5.112000 2660.255371 2812.500977
226 5.132000 2660.255371 2806.485840
227 5.152000 2660.255371 2802.635010
228 5.167000 2660.255371 2799.055664
229 5.189000 2660.255371 2797.988770
230 5.214000 2660.255371 2796.725342
231 5.236000 2660.255371 2795.593750
232 5.262000 2660.255371 2794.288330
233 5.282000 2660.255371 2794.234375
234 5.305000 2660.255371 2794.008057
235 5.330000 2660.255371 2793.718750
236 5.352000 2660.255371 2793.483154
237 5.373000 2660.255371 2793.160889
238 5.396000 2660.255371 2792.487305
239 5.420000 2660.255371 2792.486328
240 5.442000 2660.255371 2792.234619
241 5.468000 2660.255371 2792.137451
242 5.488000 2660.255371 2795.411865
243 5.511000 2660.255371 2791.714355
244 5.536000 2660.255371 2790.694580
245 5.559000 2660.255371 2789.056885
246 5.581000 2660.255371 2788.056885
247 5.601000 2660.255371 2787.228516
248 5.620000 2660.255371 2787.228516
249 5.643000 2660.255371 2786.750000
250 5.668000 2660.255371 2786.624756
251 5.690000 2660.255371 2785.179932
252 5.719000 2660.255371 2785.179932
253 5.741000 2660.255371 2785.179932
254 5.763000 2660.255371 2785.975830
255 5.789000 2660.255371 2783.968994
256 5.811000 2660.255371 2782.996582
257 5.830000 2660.255371 2781.469482
258 5.852000 2660.255371 2795.868408
259 5.877000 2660.255371 2787.364746
260 5.896000 2660.255371 2785.401367
261 5.917000 2660.255371 2785.223145
262 5.938000 2660.255371 2785.223145
