0 0.000000 45718.808594 47203.929688
1 0.089000 44020.406250 47203.929688
2 0.207000 43006.898438 46020.695313
3 0.326000 42698.539063 45140.035156
4 0.441000 42547.460938 44736.109375
5 0.570000 42252.078125 44348.035156
6 0.731000 42032.078125 43964.785156
7 0.853000 41796.492188 43588.253906
8 0.959000 41774.167969 43303.933594
9 1.064000 41588.742188 43042.359375
10 1.168000 41255.164063 43068.046875
11 1.269000 40798.628906 42794.843750
12 1.366000 40798.628906 42678.976563
13 1.464000 40548.074219 42555.773438
14 1.565000 40539.496094 42364.144531
15 1.688000 40499.113281 42165.281250
16 1.802000 40499.113281 42232.203125
17 1.968000 40401.441406 42108.128906
18 2.090000 40373.429688 41953.890625
19 2.203000 40373.429688 41745.808594
20 2.310000 40170.207031 41631.378906
21 2.421000 40145.238281 41918.914063
22 2.544000 39839.226563 41538.300781
23 2.687000 39699.367188 41429.011719
24 2.803000 39685.820313 41319.890625
25 2.909000 39668.140625 41212.105469
26 3.017000 39668.140625 41132.593750
27 3.145000 39546.574219 41071.171875
28 3.279000 39356.433594 40983.015625
29 3.380000 39356.433594 40933.136719
30 3.475000 39294.167969 41030.703125
31 3.562000 39131.230469 40980.402344
32 3.658000 39131.230469 40895.886719
33 3.768000 39131.230469 40815.324219
34 3.865000 39122.593750 40770.867188
35 3.965000 39079.339844 40721.796875
36 4.048000 39074.519531 40983.437500
37 4.154000 39074.519531 41021.101563
38 4.264000 39074.519531 41573.218750
39 4.386000 39074.519531 40994.843750
40 4.520000 38817.812500 40917.039063
41 4.641000 38774.691406 40859.570313
42 4.751000 38774.691406 40812.988281
43 4.853000 38774.691406 40670.000000
44 4.962000 38753.976563 40544.175781
45 5.053000 38753.976563 40506.507813
46 5.149000 38753.976563 40478.054688
47 5.242000 38753.976563 40614.203125
48 5.318000 38753.976563 40535.734375
49 5.423000 38753.976563 40545.921875
50 5.520000 38753.976563 40635.945313
51 5.609000 38753.976563 40522.648438
52 5.710000 38753.976563 40961.121094
53 5.800000 38753.976563 40778.015625
54 5.899000 38753.976563 40638.726563
55 5.992000 38753.976563 40344.460938
56 6.083000 38753.976563 40297.425781
57 6.182000 38753.976563 40259.886719
58 6.275000 38753.976563 40311.640625
59 6.367000 38753.976563 40615.609375
60 6.452000 38753.976563 40441.710938
61 6.530000 38753.976563 40460.148438
62 6.620000 38753.976563 40424.324219
63 6.726000 38753.976563 40512.882813
64 6.806000 38753.976563 40416.406250
65 6.908000 38753.976563 40618.750000
66 7.004000 38753.976563 40408.066406
67 7.103000 38753.976563 40344.363281
68 7.207000 38753.976563 40303.296875
69 7.308000 38753.976563 40509.273438
70 7.389000 38753.976563 40468.609375
71 7.484000 38753.976563 40274.488281
72 7.560000 38753.976563 40250.171875
73 7.644000 38753.976563 40212.265625
74 7.740000 38753.976563 40184.230469
75 7.836000 38753.976563 40135.097656
76 7.924000 38753.976563 40122.671875
77 8.051000 38753.976563 40103.929688
78 8.197000 38753.976563 40073.597656
79 8.307000 38753.976563 40068.011719
80 8.404000 38753.976563 40041.335938
81 8.513000 38753.976563 40030.363281
82 8.626000 38753.976563 40022.417969
83 8.756000 38753.976563 40014.527344
84 8.873000 38753.976563 39997.398438
85 9.008000 38753.976563 39986.281250
86 9.119000 38753.976563 40053.718750
87 9.226000 38753.976563 40430.027344
88 9.345000 38753.976563 40016.664063
89 9.475000 38753.976563 40000.929688
90 9.600000 38753.976563 39993.585938
91 9.703000 38753.976563 39984.859375
92 9.801000 38753.976563 39964.222656
93 9.909000 38753.976563 40149.406250
94 10.031000 38753.976563 40225.234375
95 10.139000 38753.976563 40094.015625
96 10.257000 38753.976563 40159.050781
97 10.357000 38753.976563 40171.156250
98 10.463000 38753.976563 40124.062500
99 10.580000 38753.976563 40228.503906
100 10.726000 38753.976563 40244.546875
101 10.863000 38753.976563 40180.246094
102 10.985000 38753.976563 40127.328125
103 11.099000 38753.976563 40115.226563
104 11.215000 38753.976563 40098.933594
105 11.341000 38753.976563 40080.738281
106 11.451000 38753.976563 40074.859375
107 11.563000 38753.976563 40053.105469
108 11.675000 38753.976563 40488.640625
109 11.791000 38753.976563 40364.558594
110 11.890000 38753.976563 40614.800781
111 11.990000 38753.976563 40402.625000
112 12.098000 38753.976563 40491.828125
113 12.213000 38753.976563 40376.097656
114 12.340000 38753.976563 40361.378906
115 12.434000 38753.976563 40551.515625
116 12.524000 38753.976563 40306.414063
117 12.642000 38753.976563 40262.050781
118 12.755000 38753.976563 40624.410156
119 12.870000 38753.976563 40505.910156
120 12.978000 38729.964844 40229.953125
121 13.107000 38729.964844 40355.867188
122 13.228000 38729.964844 40744.773438
123 13.344000 38729.964844 40472.968750
124 13.470000 38729.964844 41113.406250
125 13.584000 38729.964844 40981.988281
126 13.687000 38729.964844 40873.476563
127 13.784000 38729.964844 40789.226563
128 13.903000 38729.964844 41246.488281
129 14.043000 38729.964844 41090.425781
130 14.141000 38729.964844 41017.785156
131 14.262000 38729.964844 40893.031250
132 14.364000 38729.964844 40816.171875
133 14.493000 38729.964844 40754.550781
134 14.617000 38729.964844 40663.628906
135 14.720000 38729.964844 40629.085938
136 14.818000 38729.964844 40641.550781
137 14.961000 38729.964844 40604.308594
138 15.076000 38729.964844 40512.050781
139 15.179000 38729.964844 40476.609375
140 15.289000 38729.964844 40673.535156
141 15.395000 38729.964844 41217.312500
142 15.491000 38729.964844 40778.777344
143 15.592000 38729.964844 40603.820313
144 15.694000 38729.964844 40498.328125
145 15.798000 38729.964844 40628.144531
146 15.896000 38729.964844 40769.144531
147 15.994000 38729.964844 40527.949219
148 16.079000 38729.964844 40443.523438
149 16.168000 38729.964844 40250.812500
150 16.279000 38729.964844 40600.187500
151 16.377000 38729.964844 40354.378906
152 16.476000 38729.964844 40315.269531
153 16.560000 38729.964844 40456.082031
154 16.633000 38729.964844 40417.816406
155 16.718000 38729.964844 40382.496094
156 16.816000 38729.964844 40466.757813
157 16.912000 38729.964844 40305.898438
158 17.005000 38729.964844 40792.070313
159 17.095000 38729.964844 40384.671875
160 17.187000 38729.964844 40446.968750
161 17.279000 38729.964844 40394.273438
162 17.376000 38729.964844 40442.265625
163 17.470000 38729.964844 40510.867188
164 17.551000 38729.964844 40766.453125
165 17.635000 38729.964844 40783.871094
166 17.721000 38729.964844 40681.414063
167 17.806000 38729.964844 40765.804688
168 17.912000 38729.964844 40549.066406
169 18.002000 38729.964844 40472.484375
170 18.084000 38729.964844 40407.718750
171 18.174000 38729.964844 40309.371094
172 18.279000 38729.964844 40415.449219
173 18.372000 38729.964844 40439.921875
174 18.468000 38729.964844 40392.339844
175 18.556000 38729.964844 40313.832031
176 18.644000 38729.964844 40287.937500
177 18.747000 38729.964844 40255.976563
178 18.827000 38729.964844 40294.175781
179 18.918000 38729.964844 40382.433594
180 19.009000 38729.964844 40236.902344
181 19.099000 38729.964844 40213.261719
182 19.188000 38729.964844 40182.250000
183 19.283000 38729.964844 40149.585938
184 19.374000 38729.964844 40361.175781
185 19.472000 38729.964844 40344.671875
186 19.584000 38729.964844 40200.941406
187 19.681000 38729.964844 40165.812500
188 19.780000 38729.964844 40072.664063
189 19.868000 38729.964844 40054.867188
190 19.969000 38729.964844 40043.414063
191 20.072000 38729.964844 40006.125000
192 20.206000 38729.964844 39989.710938
193 20.305000 38729.964844 39981.835938
194 20.402000 38729.964844 39961.996094
195 20.515000 38729.964844 40421.765625
196 20.623000 38729.964844 40199.738281
197 20.736000 38729.964844 40296.421875
198 20.834000 38729.964844 40163.226563
199 20.953000 38729.964844 40108.703125
200 21.057000 38729.964844 40034.265625
201 21.217000 38729.964844 40231.246094
202 21.331000 38729.964844 40320.914063
203 21.451000 38729.964844 40277.968750
204 21.577000 38729.964844 40219.851563
205 21.701000 38729.964844 40111.523438
206 21.818000 38729.964844 40072.398438
207 21.922000 38729.964844 40063.984375
208 22.040000 38729.964844 40047.683594
209 22.154000 38729.964844 40010.996094
210 22.264000 38729.964844 39977.640625
211 22.405000 38729.964844 40100.621094
212 22.503000 38729.964844 40084.378906
213 22.604000 38729.964844 40060.613281
214 22.750000 38729.964844 40163.351563
215 22.877000 38729.964844 40074.375000
216 23.003000 38729.964844 40037.906250
217 23.114000 38729.964844 40168.546875
218 23.218000 38729.964844 40127.761719
219 23.356000 38729.964844 40098.566406
220 23.472000 38729.964844 40031.128906
221 23.581000 38729.964844 39985.523438
222 23.684000 38729.964844 39981.953125
223 23.793000 38729.964844 39968.363281
224 23.906000 38729.964844 39967.292969
225 24.036000 38729.964844 40456.636719
226 24.195000 38729.964844 40824.031250
227 24.300000 38729.964844 40332.148438
228 24.424000 38729.964844 40307.785156
229 24.559000 38729.964844 40200.191406
230 24.678000 38729.964844 40158.527344
231 24.801000 38729.964844 40115.699219
232 24.903000 38729.964844 40101.601563
233 25.035000 38729.964844 40153.710938
234 25.169000 38729.964844 40548.335938
235 25.283000 38729.964844 40287.503906
236 25.428000 38729.964844 40213.191406
237 25.548000 38729.964844 40825.425781
238 25.654000 38729.964844 40468.554688
239 25.772000 38729.964844 40248.738281
240 25.879000 38729.964844 40185.746094
241 25.985000 38729.964844 40154.132813
242 26.117000 38729.964844 40130.460938
243 26.247000 38729.964844 40078.890625
244 26.384000 38729.964844 40041.542969
245 26.489000 38729.964844 40394.035156
246 26.598000 38729.964844 40349.738281
247 26.703000 38729.964844 40201.984375
248 26.839000 38729.964844 40399.691406
249 26.948000 38729.964844 40170.894531
250 27.055000 38729.964844 40139.636719
251 27.148000 38729.964844 40116.101563
252 27.235000 38729.964844 40150.843750
253 27.346000 38729.964844 40140.550781
254 27.445000 38729.964844 40364.414063
255 27.541000 38729.964844 40190.414063
256 27.644000 38729.964844 40434.746094
257 27.758000 38729.964844 40364.683594
258 27.862000 38729.964844 40115.039063
259 27.949000 38729.964844 40111.835938
260 28.044000 38729.964844 40099.281250
261 28.148000 38729.964844 40073.453125
262 28.246000 38729.964844 40190.835938
263 28.333000 38729.964844 40092.769531
264 28.423000 38729.964844 40355.203125
265 28.521000 38729.964844 40289.820313
266 28.620000 38729.964844 40116.664063
267 28.716000 38729.964844 40104.566406
268 28.803000 38729.964844 40089.921875
269 28.886000 38729.964844 40082.152344
270 28.982000 38729.964844 40052.531250
271 29.066000 38729.964844 40042.328125
272 29.158000 38729.964844 40040.523438
273 29.251000 38729.964844 40018.453125
274 29.343000 38729.964844 40004.003906
275 29.449000 38729.964844 40137.062500
276 29.551000 38729.964844 40042.675781
277 29.643000 38729.964844 40023.187500
278 29.733000 38729.964844 40162.988281
279 29.834000 38729.964844 40279.976563
280 29.932000 38729.964844 40255.992188
281 30.030000 38729.964844 40476.925781
282 30.123000 38729.964844 40428.796875
283 30.212000 38729.964844 40534.941406
284 30.303000 38729.964844 40515.984375
285 30.399000 38729.964844 40708.558594
286 30.494000 38729.964844 40411.753906
287 30.584000 38729.964844 40353.835938
288 30.693000 38729.964844 40291.941406
289 30.797000 38729.964844 40474.960938
290 30.902000 38729.964844 40321.414063
291 30.996000 38729.964844 40225.531250
292 31.082000 38729.964844 40516.941406
293 31.173000 38729.964844 40478.718750
294 31.262000 38729.964844 40408.589844
295 31.354000 38729.964844 40159.265625
296 31.440000 38729.964844 40126.164063
297 31.530000 38729.964844 40176.648438
298 31.623000 38729.964844 40160.691406
299 31.713000 38729.964844 40285.718750
300 31.810000 38729.964844 40156.859375
301 31.907000 38729.964844 40143.019531
302 32.000000 38729.964844 40083.031250
303 32.097000 38729.964844 40053.433594
304 32.181000 38729.964844 40019.039063
305 32.276000 38729.964844 40013.101563
306 32.364000 38729.964844 40006.308594
307 32.467000 38729.964844 40006.101563
308 32.581000 38729.964844 39994.023438
309 32.670000 38729.964844 39952.492188
310 32.760000 38729.964844 39952.203125
311 32.851000 38729.964844 39928.230469
312 32.956000 38729.964844 40031.140625
313 33.049000 38729.964844 39941.878906
314 33.142000 38729.964844 39933.246094
315 33.243000 38729.964844 39915.859375
316 33.344000 38729.964844 39899.281250
317 33.450000 38729.964844 39894.648438
318 33.544000 38729.964844 40024.531250
319 33.639000 38729.964844 39975.351563
320 33.734000 38729.964844 39954.964844
321 33.833000 38729.964844 39931.066406
322 33.908000 38729.964844 40316.050781
323 34.008000 38729.964844 40437.656250
324 34.108000 38729.964844 40136.976563
325 34.191000 38729.964844 40222.769531
326 34.281000 38729.964844 40077.664063
327 34.367000 38729.964844 40055.035156
328 34.446000 38729.964844 40250.664063
329 34.547000 38729.964844 40194.789063
330 34.650000 38729.964844 40227.210938
331 34.739000 38729.964844 40146.394531
332 34.840000 38729.964844 40122.742188
333 34.925000 38729.964844 40131.117188
334 35.029000 38729.964844 40109.859375
335 35.129000 38729.964844 40215.488281
336 35.220000 38729.964844 40256.078125
337 35.319000 38729.964844 40249.734375
338 35.413000 38729.964844 40232.011719
339 35.520000 38729.964844 40568.156250
340 35.610000 38729.964844 40322.699219
341 35.691000 38729.964844 40481.769531
342 35.778000 38729.964844 40369.886719
343 35.863000 38729.964844 40637.363281
344 35.971000 38729.964844 40396.703125
345 36.071000 38729.964844 40313.484375
346 36.172000 38729.964844 40307.714844
347 36.265000 38729.964844 40270.707031
348 36.365000 38729.964844 40374.187500
349 36.464000 38729.964844 40270.156250
350 36.571000 38729.964844 40222.925781
351 36.666000 38729.964844 40193.800781
352 36.767000 38729.964844 40169.167969
353 36.869000 38729.964844 40147.968750
354 36.951000 38729.964844 40147.968750
355 37.040000 38729.964844 40117.648438
356 37.133000 38729.964844 40115.871094
357 37.227000 38729.964844 40076.359375
358 37.327000 38729.964844 40051.523438
359 37.406000 38729.964844 40035.531250
360 37.503000 38729.964844 40021.175781
361 37.577000 38729.964844 40012.335938
362 37.677000 38729.964844 40005.351563
363 37.755000 38729.964844 40104.398438
364 37.833000 38729.964844 40082.968750
365 37.922000 38729.964844 40052.753906
366 38.015000 38729.964844 40032.363281
367 38.112000 38729.964844 40096.914063
368 38.215000 38729.964844 40015.710938
369 38.304000 38729.964844 40330.808594
370 38.403000 38729.964844 40225.140625
371 38.492000 38729.964844 40537.148438
372 38.580000 38729.964844 40772.171875
373 38.682000 38729.964844 40689.367188
374 38.765000 38729.964844 40734.625000
375 38.860000 38729.964844 40661.832031
376 38.953000 38729.964844 41089.953125
377 39.044000 38729.964844 41026.148438
378 39.136000 38729.964844 40638.968750
379 39.225000 38729.964844 40590.433594
380 39.313000 38729.964844 40546.281250
381 39.397000 38729.964844 40479.429688
382 39.492000 38729.964844 40425.703125
383 39.583000 38729.964844 40468.539063
384 39.670000 38729.964844 40422.261719
385 39.755000 38729.964844 40391.050781
386 39.854000 38729.964844 40640.316406
387 39.949000 38729.964844 40626.609375
388 40.041000 38729.964844 40550.277344
389 40.143000 38729.964844 40478.691406
390 40.231000 38729.964844 40426.343750
391 40.347000 38729.964844 40399.078125
392 40.433000 38729.964844 40410.648438
393 40.518000 38729.964844 40358.128906
394 40.614000 38729.964844 40311.058594
395 40.692000 38729.964844 40294.000000
396 40.778000 38729.964844 40274.574219
397 40.852000 38729.964844 40207.441406
398 40.944000 38729.964844 40406.996094
399 41.032000 38729.964844 40369.390625
400 41.140000 38729.964844 40269.941406
401 41.238000 38729.964844 40343.636719
402 41.330000 38729.964844 40283.589844
403 41.417000 38729.964844 40248.539063
404 41.501000 38729.964844 40207.613281
405 41.611000 38729.964844 40139.890625
406 41.697000 38729.964844 40129.527344
407 41.789000 38729.964844 40120.941406
408 41.884000 38729.964844 40430.484375
409 41.968000 38729.964844 40336.558594
410 42.052000 38729.964844 40293.566406
411 42.156000 38729.964844 40621.621094
412 42.250000 38729.964844 40564.289063
413 42.346000 38729.964844 40589.980469
414 42.439000 38729.964844 40406.019531
415 42.537000 38729.964844 40373.218750
416 42.632000 38729.964844 40306.789063
417 42.715000 38729.964844 40221.261719
418 42.835000 38729.964844 40784.234375
419 42.945000 38729.964844 40362.324219
420 43.034000 38729.964844 40260.054688
421 43.129000 38729.964844 40254.148438
422 43.243000 38729.964844 40496.656250
423 43.341000 38729.964844 40477.781250
424 43.435000 38729.964844 40413.558594
425 43.522000 38729.964844 40377.160156
426 43.605000 38729.964844 40341.542969
427 43.699000 38729.964844 40320.125000
428 43.791000 38729.964844 40384.359375
429 43.875000 38729.964844 40338.765625
430 43.970000 38729.964844 40563.609375
431 44.073000 38729.964844 40623.542969
432 44.166000 38729.964844 40608.460938
433 44.264000 38729.964844 40520.437500
434 44.366000 38729.964844 40438.082031
435 44.456000 38729.964844 40368.933594
436 44.551000 38729.964844 40339.636719
437 44.643000 38729.964844 40348.269531
438 44.745000 38729.964844 40329.390625
439 44.845000 38729.964844 40288.941406
440 44.934000 38729.964844 40237.515625
441 45.037000 38729.964844 40220.804688
442 45.129000 38729.964844 40287.687500
443 45.232000 38729.964844 40593.226563
444 45.320000 38729.964844 40526.031250
445 45.408000 38729.964844 40274.773438
446 45.508000 38729.964844 40253.300781
447 45.605000 38729.964844 40252.160156
448 45.704000 38729.964844 40213.226563
449 45.794000 38729.964844 40157.339844
450 45.882000 38729.964844 40164.265625
451 45.989000 38729.964844 40154.878906
452 46.083000 38729.964844 40144.238281
453 46.193000 38729.964844 40115.109375
454 46.282000 38729.964844 40242.972656
455 46.372000 38729.964844 40223.933594
456 46.455000 38729.964844 40183.582031
457 46.540000 38729.964844 40144.351563
458 46.629000 38729.964844 40117.371094
459 46.730000 38729.964844 40104.167969
460 46.804000 38729.964844 40082.515625
461 46.916000 38729.964844 40029.746094
462 47.012000 38729.964844 40014.710938
463 47.106000 38729.964844 40160.359375
464 47.202000 38729.964844 40302.660156
465 47.291000 38729.964844 40375.246094
466 47.388000 38729.964844 40175.179688
467 47.487000 38729.964844 40135.656250
468 47.582000 38729.964844 40170.843750
469 47.677000 38729.964844 40219.433594
470 47.768000 38729.964844 40186.851563
471 47.856000 38729.964844 40148.769531
472 47.946000 38729.964844 40144.246094
473 48.041000 38729.964844 40193.671875
474 48.144000 38729.964844 40241.136719
475 48.239000 38729.964844 40260.359375
476 48.318000 38729.964844 40234.972656
477 48.413000 38729.964844 40189.355469
478 48.499000 38729.964844 40159.011719
479 48.594000 38729.964844 40144.738281
480 48.695000 38729.964844 40273.796875
481 48.779000 38729.964844 40488.558594
482 48.879000 38729.964844 40365.460938
483 48.977000 38729.964844 40349.191406
484 49.066000 38729.964844 40117.074219
485 49.159000 38729.964844 40327.410156
486 49.248000 38729.964844 40318.621094
487 49.345000 38729.964844 40206.160156
488 49.423000 38729.964844 40346.089844
489 49.519000 38729.964844 40299.250000
490 49.606000 38729.964844 40277.851563
491 49.711000 38729.964844 40178.074219
492 49.808000 38729.964844 40457.410156
493 49.895000 38729.964844 40302.414063
494 50.007000 38729.964844 40280.164063
495 50.116000 38729.964844 40500.542969
496 50.202000 38729.964844 40366.796875
497 50.295000 38729.964844 40277.300781
498 50.401000 38729.964844 40228.312500
499 50.495000 38729.964844 40157.621094
500 50.589000 38729.964844 40338.683594
501 50.677000 38729.964844 40243.820313
502 50.777000 38729.964844 40190.683594
503 50.883000 38729.964844 40172.933594
504 50.992000 38729.964844 40127.078125
505 51.092000 38729.964844 40089.898438
506 51.183000 38729.964844 40009.996094
507 51.271000 38729.964844 40261.843750
508 51.366000 38729.964844 40249.800781
509 51.464000 38729.964844 40607.265625
510 51.573000 38729.964844 40438.917969
511 51.654000 38729.964844 40317.636719
512 51.748000 38729.964844 40323.195313
513 51.850000 38729.964844 40018.414063
514 51.934000 38729.964844 39989.156250
515 52.025000 38729.964844 39985.476563
516 52.119000 38729.964844 39975.949219
517 52.222000 38729.964844 39957.726563
518 52.330000 38729.964844 40208.503906
519 52.441000 38729.964844 40178.195313
520 52.532000 38729.964844 40103.042969
521 52.632000 38729.964844 40060.921875
522 52.744000 38729.964844 40013.781250
523 52.844000 38729.964844 40017.082031
524 52.937000 38729.964844 39951.640625
525 53.027000 38729.964844 39944.558594
526 53.139000 38729.964844 39902.066406
527 53.246000 38729.964844 39871.558594
528 53.412000 38729.964844 39853.371094
529 53.530000 38729.964844 39850.988281
530 53.631000 38729.964844 39842.085938
531 53.753000 38729.964844 39901.292969
532 53.877000 38729.964844 39884.589844
533 53.974000 38729.964844 39879.574219
534 54.065000 38729.964844 39877.074219
535 54.159000 38729.964844 39870.164063
536 54.247000 38729.964844 40058.906250
537 54.352000 38729.964844 40014.539063
538 54.445000 38729.964844 39944.773438
539 54.535000 38729.964844 40023.050781
540 54.660000 38729.964844 39940.156250
541 54.781000 38729.964844 39834.390625
542 54.879000 38729.964844 39810.656250
543 55.011000 38729.964844 40059.453125
544 55.161000 38729.964844 40042.093750
545 55.285000 38729.964844 40349.871094
546 55.388000 38729.964844 40164.652344
547 55.507000 38729.964844 39846.097656
548 55.624000 38729.964844 39843.800781
549 55.760000 38729.964844 39805.695313
550 55.886000 38729.964844 39785.363281
551 56.020000 38729.964844 39757.339844
552 56.147000 38729.964844 39780.410156
553 56.285000 38729.964844 40130.734375
554 56.403000 38729.964844 40001.773438
555 56.510000 38729.964844 40000.625000
556 56.625000 38729.964844 39998.820313
557 56.733000 38729.964844 39955.300781
558 56.827000 38729.964844 39913.804688
559 56.946000 38729.964844 39917.863281
560 57.044000 38729.964844 39877.621094
561 57.161000 38729.964844 40069.335938
562 57.281000 38729.964844 40074.128906
563 57.396000 38729.964844 39821.496094
564 57.514000 38729.964844 39797.234375
565 57.627000 38729.964844 39768.117188
566 57.730000 38729.964844 39925.238281
567 57.846000 38729.964844 39846.589844
568 57.955000 38729.964844 39883.933594
569 58.072000 38729.964844 39818.039063
570 58.193000 38729.964844 39903.406250
571 58.322000 38729.964844 39871.871094
572 58.442000 38729.964844 39844.234375
573 58.592000 38729.964844 39707.820313
574 58.712000 38729.964844 39886.609375
575 58.839000 38729.964844 40023.851563
576 58.961000 38729.964844 39993.093750
577 59.085000 38729.964844 40106.277344
578 59.274000 38729.964844 40022.445313
579 59.386000 38729.964844 39848.710938
580 59.540000 38729.964844 39819.781250
581 59.671000 38729.964844 39759.003906
582 59.807000 38729.964844 39712.339844
583 59.924000 38729.964844 39779.640625
584 60.053000 38729.964844 39938.843750
585 60.203000 38729.964844 39880.250000
586 60.334000 38729.964844 39853.085938
587 60.462000 38729.964844 39830.644531
588 60.590000 38729.964844 39739.511719
589 60.733000 38729.964844 39696.437500
590 60.847000 38729.964844 39675.402344
591 60.949000 38729.964844 39787.113281
592 61.066000 38729.964844 39753.066406
593 61.196000 38729.964844 39726.457031
594 61.325000 38729.964844 39593.238281
595 61.442000 38729.964844 39580.519531
596 61.540000 38729.964844 39562.843750
597 61.632000 38729.964844 39721.015625
598 61.738000 38729.964844 39561.976563
599 61.827000 38729.964844 39631.253906
600 61.927000 38729.964844 39553.968750
601 62.041000 38729.964844 39831.375000
602 62.124000 38729.964844 39644.546875
603 62.234000 38729.964844 40149.316406
604 62.337000 38729.964844 39926.632813
605 62.439000 38729.964844 40049.031250
606 62.538000 38729.964844 40051.632813
607 62.641000 38729.964844 39909.558594
608 62.740000 38729.964844 39714.007813
609 62.840000 38729.964844 39707.628906
610 62.929000 38729.964844 39672.988281
611 63.020000 38729.964844 39889.683594
612 63.123000 38729.964844 39851.421875
613 63.228000 38729.964844 39775.921875
614 63.313000 38729.964844 39696.253906
615 63.419000 38729.964844 39694.410156
616 63.524000 38729.964844 39671.257813
617 63.610000 38729.964844 39855.609375
618 63.696000 38729.964844 39922.496094
619 63.768000 38729.964844 39849.664063
620 63.872000 38729.964844 39730.890625
