0 0.000000 25648.318359 27003.546875
1 0.004000 24725.072266 27003.546875
2 0.008000 24224.253906 26528.650391
3 0.011000 23822.605469 26161.992188
4 0.015000 23685.722656 25775.505859
5 0.018000 23249.632813 25510.144531
6 0.021000 23249.632813 25330.375000
7 0.025000 22729.011719 25180.482422
8 0.028000 22729.011719 24965.087891
9 0.032000 22591.199219 24809.494141
10 0.035000 22260.945313 24653.634766
11 0.039000 22260.945313 24474.376953
12 0.042000 22260.945313 24349.126953
13 0.045000 22260.945313 24220.347656
14 0.049000 22260.945313 24110.632813
15 0.053000 22037.578125 24020.080078
16 0.056000 22037.578125 23882.091797
17 0.060000 22037.578125 23802.390625
18 0.063000 22037.578125 23665.107422
19 0.067000 21873.843750 23592.857422
20 0.071000 21793.738281 23514.091797
21 0.074000 21793.738281 23480.289063
22 0.077000 21793.738281 23414.443359
23 0.081000 21793.738281 23348.578125
24 0.085000 21793.738281 23233.214844
25 0.088000 21689.355469 23158.591797
26 0.091000 21689.355469 23074.556641
27 0.099000 21689.355469 23032.707031
28 0.102000 21689.355469 22993.177734
29 0.105000 21689.355469 22925.337891
30 0.108000 21689.355469 22877.412109
31 0.111000 21689.355469 22851.501953
32 0.116000 21689.355469 22818.134766
33 0.119000 21689.355469 22814.082031
34 0.122000 21689.355469 22758.519531
35 0.126000 21689.355469 22716.835938
36 0.129000 21689.355469 22701.667969
37 0.133000 21689.355469 22695.537109
38 0.135000 21689.355469 22669.714844
39 0.139000 21689.355469 22657.427734
40 0.143000 21689.355469 22644.699219
41 0.147000 21545.308594 22618.578125
42 0.150000 21545.308594 22595.277344
43 0.153000 21545.308594 22589.900391
44 0.156000 21545.308594 22576.851563
45 0.159000 21545.308594 22567.578125
46 0.163000 21545.308594 22548.748047
47 0.166000 21545.308594 22523.251953
48 0.170000 21545.308594 22489.863281
49 0.172000 21545.308594 22464.226563
50 0.175000 21545.308594 22463.953125
51 0.178000 21545.308594 22456.955078
52 0.182000 21545.308594 22447.980469
53 0.186000 21545.308594 22443.742188
54 0.190000 21545.308594 22435.167969
55 0.193000 21545.308594 22426.882813
56 0.196000 21545.308594 22401.259766
57 0.199000 21545.308594 22394.687500
58 0.202000 21545.308594 22387.849609
59 0.205000 21545.308594 22383.310547
60 0.209000 21545.308594 22376.533203
61 0.213000 21545.308594 22370.957031
62 0.217000 21545.308594 22354.529297
63 0.220000 21545.308594 22350.224609
64 0.225000 21545.308594 22348.710938
65 0.228000 21545.308594 22344.482422
66 0.231000 21545.308594 22341.207031
67 0.234000 21545.308594 22341.207031
68 0.238000 21545.308594 22341.207031
69 0.241000 21545.308594 22335.242188
70 0.244000 21545.308594 22335.242188
71 0.248000 21545.308594 22335.242188
72 0.252000 21545.308594 22335.242188
73 0.256000 21545.308594 22329.623047
74 0.261000 21545.308594 22326.324219
75 0.264000 21545.308594 22324.652344
76 0.267000 21545.308594 22324.652344
77 0.270000 21545.308594 22324.652344
78 0.273000 21545.308594 22323.164063
79 0.276000 21545.308594 22323.164063
80 0.279000 21545.308594 22323.164063
81 0.283000 21545.308594 22323.164063
82 0.286000 21545.308594 22320.283203
83 0.289000 21545.308594 22320.283203
84 0.292000 21545.308594 22320.283203
85 0.295000 21545.308594 22307.283203
86 0.299000 21545.308594 22289.167969
87 0.304000 21545.308594 22289.164063
88 0.307000 21545.308594 22285.126953
89 0.310000 21545.308594 22285.126953
90 0.313000 21545.308594 22282.193359
91 0.317000 21545.308594 22280.394531
92 0.321000 21545.308594 22279.855469
93 0.324000 21545.308594 22257.669922
94 0.327000 21545.308594 22257.671875
95 0.330000 21545.308594 22257.671875
96 0.333000 21545.308594 22256.634766
97 0.336000 21545.308594 22256.634766
98 0.339000 21545.308594 22254.707031
99 0.343000 21545.308594 22253.011719
100 0.351000 21545.308594 22252.255859
101 0.354000 21545.308594 22252.255859
102 0.357000 21545.308594 22252.255859
103 0.360000 21545.308594 22252.255859
104 0.364000 21545.308594 22252.255859
105 0.367000 21545.308594 22252.255859
106 0.370000 21545.308594 22252.255859
107 0.373000 21545.308594 22252.255859
108 0.376000 21545.308594 22252.255859
109 0.380000 21545.308594 22251.578125
110 0.383000 21545.308594 22251.365234
111 0.385000 21545.308594 22251.365234
112 0.388000 21545.308594 22251.365234
113 0.391000 21545.308594 22251.365234
114 0.395000 21545.308594 22251.365234
115 0.399000 21545.308594 22251.365234
116 0.402000 21545.308594 22248.740234
117 0.405000 21545.308594 22248.740234
118 0.409000 21545.308594 22248.740234
119 0.413000 21545.308594 22248.740234
120 0.416000 21545.308594 22248.740234
121 0.420000 21545.308594 22248.740234
122 0.423000 21545.308594 22248.740234
123 0.427000 21545.308594 22248.740234
124 0.430000 21545.308594 22248.408203
125 0.434000 21479.283203 22246.480469
126 0.437000 21479.283203 22244.005859
127 0.440000 21479.283203 22243.669922
128 0.443000 21479.283203 22243.669922
129 0.447000 21479.283203 22243.669922
130 0.450000 21479.283203 22241.742188
131 0.453000 21479.283203 22241.742188
132 0.456000 21479.283203 22241.095703
133 0.459000 21479.283203 22239.113281
134 0.462000 21479.283203 22237.943359
135 0.466000 21479.283203 22235.980469
136 0.469000 21479.283203 22235.980469
137 0.472000 21479.283203 22235.980469
138 0.476000 21479.283203 22235.980469
139 0.478000 21479.283203 22235.980469
140 0.482000 21479.283203 22235.980469
141 0.485000 21479.283203 22234.955078
142 0.488000 21479.283203 22233.806641
143 0.491000 21479.283203 22228.964844
144 0.494000 21479.283203 22228.964844
145 0.498000 21479.283203 22228.929688
146 0.501000 21479.283203 22228.929688
147 0.504000 21479.283203 22228.929688
148 0.508000 21479.283203 22228.671875
149 0.513000 21479.283203 22224.404297
150 0.516000 21479.283203 22219.660156
151 0.519000 21479.283203 22219.660156
152 0.525000 21479.283203 22217.255859
153 0.529000 21479.283203 22200.240234
154 0.532000 21479.283203 22196.517578
155 0.536000 21479.283203 22196.517578
156 0.540000 21479.283203 22196.517578
157 0.545000 21479.283203 22196.517578
158 0.548000 21479.283203 22195.652344
159 0.552000 21479.283203 22195.652344
160 0.555000 21479.283203 22195.652344
161 0.558000 21479.283203 22195.625000
162 0.562000 21479.283203 22187.552734
163 0.566000 21479.283203 22184.044922
164 0.570000 21479.283203 22184.044922
165 0.574000 21479.283203 22180.007813
166 0.577000 21479.283203 22180.007813
167 0.581000 21479.283203 22179.859375
168 0.585000 21479.283203 22179.859375
169 0.589000 21479.283203 22175.568359
170 0.596000 21479.283203 22175.568359
171 0.604000 21479.283203 22175.568359
172 0.608000 21479.283203 22175.568359
173 0.611000 21479.283203 22163.480469
174 0.615000 21479.283203 22163.480469
175 0.620000 21479.283203 22163.480469
176 0.623000 21479.283203 22159.445313
177 0.627000 21479.283203 22159.445313
178 0.630000 21479.283203 22155.408203
179 0.635000 21479.283203 22155.408203
180 0.638000 21479.283203 22155.408203
181 0.641000 21479.283203 22145.070313
182 0.644000 21479.283203 22139.285156
183 0.650000 21479.283203 22139.285156
184 0.652000 21479.283203 22138.412109
185 0.656000 21479.283203 22134.376953
186 0.659000 21479.283203 22126.304688
187 0.664000 21479.283203 22122.267578
188 0.669000 21479.283203 22114.195313
189 0.672000 21479.283203 22114.195313
190 0.676000 21479.283203 22110.160156
191 0.679000 21479.283203 22106.123047
192 0.685000 21479.283203 22094.800781
193 0.689000 21479.283203 22091.765625
194 0.693000 21479.283203 22090.126953
195 0.696000 21479.283203 22078.101563
196 0.700000 21479.283203 22066.078125
197 0.703000 21479.283203 22043.769531
198 0.705000 21479.283203 22036.369141
199 0.708000 21479.283203 22036.373047
200 0.713000 21479.283203 22023.402344
201 0.716000 21479.283203 22010.400391
202 0.719000 21479.283203 21997.226563
203 0.722000 21479.283203 21970.082031
204 0.726000 21479.283203 21956.734375
205 0.731000 21479.283203 21928.117188
206 0.734000 21479.283203 21890.755859
207 0.737000 21479.283203 21827.464844
208 0.740000 21479.283203 21804.589844
209 0.744000 21479.283203 21804.589844
210 0.747000 21479.283203 21804.589844
211 0.751000 21479.283203 21804.589844
212 0.754000 21479.283203 21804.589844
213 0.758000 21479.283203 21804.589844
214 0.762000 21479.283203 21804.589844
215 0.766000 21479.283203 21804.589844
216 0.769000 21479.283203 21804.589844
217 0.772000 21479.283203 21804.589844
218 0.776000 21479.283203 21804.589844
219 0.779000 21479.283203 21804.589844
220 0.781000 21479.283203 21804.589844
221 0.784000 21479.283203 21804.589844
222 0.787000 21479.283203 21804.589844
223 0.790000 21479.283203 21804.589844
224 0.794000 21479.283203 21804.589844
225 0.797000 21479.283203 21804.589844
