0 0.000000 25526.927734 27144.562500
1 0.003000 25415.003906 27144.562500
2 0.007000 24717.542969 29591.439453
3 0.012000 24547.568359 31460.402344
4 0.015000 24288.478516 31672.294922
5 0.018000 24288.478516 31611.685547
6 0.021000 24152.919922 29913.039063
7 0.026000 23326.546875 31484.238281
8 0.029000 23226.167969 30791.636719
9 0.035000 23012.566406 31242.714844
10 0.038000 23012.566406 30550.716797
11 0.041000 23012.566406 31216.744141
12 0.044000 23012.566406 33367.484375
13 0.047000 22951.869141 33393.664063
14 0.051000 22951.869141 32831.437500
15 0.054000 22595.001953 32719.759766
16 0.058000 22595.001953 34405.214844
17 0.060000 22595.001953 36229.859375
18 0.063000 22579.513672 35583.574219
19 0.066000 22480.285156 35415.558594
20 0.070000 22480.285156 34954.957031
21 0.073000 22480.285156 34921.550781
22 0.076000 22480.285156 34234.531250
23 0.079000 22480.285156 34140.457031
24 0.082000 22480.285156 36530.335938
25 0.087000 22480.285156 35955.511719
26 0.090000 22480.285156 36425.203125
27 0.093000 22480.285156 35004.109375
28 0.096000 22470.800781 35288.238281
29 0.099000 22470.800781 34649.929688
30 0.103000 22280.242188 34861.289063
31 0.106000 22280.242188 36872.191406
32 0.111000 22280.242188 37436.847656
33 0.116000 22280.242188 36111.832031
34 0.120000 22280.242188 35865.531250
35 0.123000 22280.242188 36611.843750
36 0.126000 22231.509766 36223.234375
37 0.130000 22230.429688 35389.199219
38 0.134000 22230.429688 34783.210938
39 0.137000 22230.429688 34038.890625
40 0.140000 22230.429688 36330.738281
41 0.144000 22230.429688 36341.664063
42 0.147000 22230.429688 35357.539063
43 0.150000 22230.429688 34380.218750
44 0.153000 22230.429688 32844.421875
45 0.156000 22114.111328 33158.656250
46 0.159000 22114.111328 33142.796875
47 0.162000 22114.111328 33673.414063
48 0.166000 22114.111328 32538.355469
49 0.169000 22114.111328 32460.529297
50 0.172000 22114.111328 32542.917969
51 0.175000 22114.111328 33356.578125
52 0.179000 22114.111328 32777.453125
53 0.182000 22114.111328 33364.671875
54 0.185000 22114.111328 33019.835938
55 0.188000 22114.111328 32496.613281
56 0.191000 22111.205078 34838.015625
57 0.195000 22111.205078 34272.312500
58 0.199000 22111.205078 35264.406250
59 0.202000 22002.841797 35834.878906
60 0.205000 22002.841797 35061.472656
61 0.208000 22002.841797 34369.019531
62 0.213000 22002.841797 35336.066406
63 0.216000 22002.841797 36453.039063
64 0.220000 22002.841797 36551.324219
65 0.223000 22002.841797 37211.003906
66 0.226000 22002.841797 36005.835938
67 0.229000 22002.841797 35049.128906
68 0.233000 22002.841797 35914.054688
69 0.237000 22002.841797 36144.214844
70 0.239000 22002.841797 34540.589844
71 0.243000 22002.841797 35210.199219
72 0.246000 21970.380859 35240.089844
73 0.250000 21970.380859 34922.753906
74 0.253000 21970.380859 35556.488281
75 0.255000 21970.380859 35054.621094
76 0.259000 21970.380859 35746.238281
77 0.262000 21970.380859 36727.265625
78 0.266000 21970.380859 36711.003906
79 0.269000 21970.380859 34849.449219
80 0.273000 21970.380859 34800.113281
81 0.276000 21970.380859 34002.164063
82 0.282000 21970.380859 34473.835938
83 0.285000 21970.380859 34780.546875
84 0.288000 21970.380859 34211.859375
85 0.292000 21970.380859 33588.605469
86 0.295000 21970.380859 33199.449219
87 0.298000 21970.380859 32828.839844
88 0.302000 21970.380859 33396.843750
89 0.307000 21970.380859 34966.742188
90 0.310000 21970.380859 36026.042969
91 0.313000 21970.380859 35776.761719
92 0.316000 21970.380859 35027.761719
93 0.320000 21970.380859 35288.828125
94 0.323000 21970.380859 34484.484375
95 0.326000 21970.380859 33336.515625
96 0.330000 21970.380859 33580.519531
97 0.333000 21970.380859 33060.550781
98 0.336000 21970.380859 33114.488281
99 0.339000 21970.380859 34454.058594
100 0.343000 21970.380859 35337.808594
101 0.346000 21970.380859 34469.210938
102 0.349000 21970.380859 33926.355469
103 0.352000 21970.380859 34621.550781
104 0.355000 21970.380859 33723.074219
105 0.358000 21970.380859 33305.539063
106 0.361000 21970.380859 33532.496094
107 0.364000 21970.380859 32518.882813
108 0.368000 21970.380859 31189.712891
109 0.372000 21970.380859 31747.355469
110 0.375000 21826.521484 31237.091797
111 0.378000 21826.521484 32399.292969
112 0.381000 21826.521484 32941.308594
113 0.385000 21826.521484 32777.964844
114 0.388000 21826.521484 34419.582031
115 0.391000 21826.521484 34449.953125
116 0.394000 21826.521484 35462.394531
117 0.397000 21826.521484 35545.960938
118 0.400000 21826.521484 35590.707031
119 0.403000 21826.521484 35078.414063
120 0.406000 21826.521484 36067.808594
121 0.410000 21826.521484 35150.175781
122 0.413000 21826.521484 34786.011719
123 0.416000 21826.521484 34686.054688
124 0.419000 21826.521484 35206.406250
125 0.423000 21826.521484 34444.628906
126 0.426000 21826.521484 34249.171875
127 0.429000 21826.521484 35444.835938
128 0.433000 21826.521484 36679.078125
129 0.436000 21826.521484 35697.355469
130 0.440000 21826.521484 36146.675781
131 0.442000 21826.521484 35449.203125
132 0.446000 21826.521484 35387.871094
133 0.449000 21826.521484 35454.058594
134 0.452000 21826.521484 35932.945313
135 0.455000 21826.521484 35610.457031
136 0.458000 21826.521484 35284.789063
137 0.461000 21826.521484 35562.304688
138 0.464000 21826.521484 34299.011719
139 0.468000 21826.521484 34540.843750
140 0.472000 21826.521484 34705.156250
141 0.475000 21826.521484 36100.160156
142 0.479000 21826.521484 35879.175781
143 0.483000 21826.521484 35319.320313
144 0.485000 21826.521484 33987.925781
145 0.488000 21826.521484 33998.949219
146 0.491000 21826.521484 34316.660156
147 0.494000 21826.521484 36045.894531
148 0.498000 21826.521484 36375.449219
149 0.501000 21826.521484 35005.238281
150 0.504000 21826.521484 35095.695313
151 0.508000 21826.521484 36510.214844
152 0.511000 21826.521484 35364.582031
153 0.514000 21826.521484 36015.941406
154 0.517000 21826.521484 35691.031250
155 0.520000 21826.521484 36678.214844
156 0.524000 21826.521484 36591.714844
157 0.527000 21826.521484 36782.472656
158 0.530000 21826.521484 36046.035156
159 0.536000 21826.521484 36759.976563
160 0.541000 21826.521484 35548.128906
161 0.544000 21826.521484 35484.484375
162 0.548000 21826.521484 35019.093750
163 0.551000 21826.521484 34078.328125
164 0.555000 21826.521484 33146.433594
165 0.559000 21826.521484 32465.302734
166 0.562000 21826.521484 32247.115234
167 0.566000 21826.521484 34839.726563
168 0.569000 21826.521484 35044.441406
169 0.573000 21826.521484 34261.378906
170 0.576000 21826.521484 33676.203125
171 0.580000 21826.521484 35098.625000
172 0.583000 21826.521484 34113.816406
173 0.587000 21826.521484 33855.308594
174 0.590000 21826.521484 33012.003906
175 0.593000 21826.521484 33384.828125
176 0.597000 21826.521484 33552.710938
177 0.600000 21826.521484 35286.414063
178 0.603000 21826.521484 35446.968750
179 0.607000 21826.521484 37381.105469
180 0.610000 21826.521484 35916.332031
181 0.613000 21826.521484 35560.218750
182 0.618000 21826.521484 34927.453125
183 0.622000 21826.521484 36008.929688
184 0.625000 21826.521484 35002.160156
185 0.628000 21826.521484 33897.226563
186 0.631000 21826.521484 34479.648438
187 0.634000 21826.521484 34225.503906
188 0.638000 21826.521484 33307.738281
189 0.642000 21826.521484 33428.210938
190 0.645000 21826.521484 36077.226563
191 0.648000 21826.521484 35806.894531
192 0.652000 21826.521484 36441.414063
193 0.655000 21826.521484 36444.359375
194 0.659000 21826.521484 36828.292969
195 0.662000 21826.521484 36804.078125
196 0.665000 21826.521484 35951.050781
197 0.670000 21826.521484 35463.218750
198 0.673000 21826.521484 36156.824219
199 0.677000 21826.521484 37071.183594
200 0.681000 21826.521484 37044.800781
201 0.689000 21826.521484 37556.769531
202 0.691000 21826.521484 38188.488281
203 0.695000 21826.521484 37456.039063
204 0.698000 21826.521484 36459.664063
205 0.701000 21826.521484 35658.792969
206 0.705000 21826.521484 35674.046875
207 0.708000 21826.521484 35924.753906
208 0.711000 21826.521484 34412.847656
209 0.717000 21826.521484 34859.238281
210 0.720000 21826.521484 35120.183594
