0 0.000000 25421.833984 27047.380859
1 0.004000 24665.708984 27047.380859
2 0.007000 24390.750000 26508.830078
3 0.011000 24248.761719 26140.126953
4 0.015000 24076.738281 25852.011719
5 0.019000 23823.068359 25627.613281
6 0.023000 22628.541016 25332.466797
7 0.026000 22505.193359 25051.699219
8 0.030000 22505.193359 24780.234375
9 0.033000 22505.193359 24605.785156
10 0.037000 22505.193359 24500.636719
11 0.040000 22505.193359 24361.125000
12 0.044000 22505.193359 24272.845703
13 0.047000 22505.193359 24143.232422
14 0.050000 22093.003906 24090.380859
15 0.052000 22093.003906 23983.884766
16 0.057000 22055.460938 23858.269531
17 0.060000 22055.460938 23756.394531
18 0.063000 22055.460938 23664.474609
19 0.066000 22055.460938 23572.193359
20 0.069000 22042.046875 23486.330078
21 0.073000 22042.046875 23415.431641
22 0.076000 22042.046875 23351.734375
23 0.079000 22042.046875 23326.328125
24 0.082000 22042.046875 23293.654297
25 0.085000 22042.046875 23274.535156
26 0.088000 22003.318359 23214.373047
27 0.091000 22003.318359 23181.427734
28 0.095000 21885.996094 23160.439453
29 0.098000 21885.996094 23090.578125
30 0.102000 21885.996094 23034.685547
31 0.106000 21885.996094 22994.357422
32 0.111000 21885.996094 22937.337891
33 0.114000 21693.220703 22919.664063
34 0.118000 21693.220703 22874.476563
35 0.121000 21693.220703 22839.203125
36 0.127000 21693.220703 22813.699219
37 0.130000 21693.220703 22798.447266
38 0.134000 21693.220703 22782.464844
39 0.137000 21693.220703 22771.537109
40 0.145000 21693.220703 22768.136719
41 0.149000 21693.220703 22763.330078
42 0.153000 21693.220703 22745.812500
43 0.156000 21693.220703 22741.789063
44 0.160000 21693.220703 22733.544922
45 0.163000 21693.220703 22712.193359
46 0.167000 21693.220703 22702.917969
47 0.170000 21693.220703 22686.607422
48 0.174000 21693.220703 22668.837891
49 0.177000 21630.707031 22663.091797
50 0.181000 21630.707031 22636.769531
51 0.184000 21630.707031 22633.494141
52 0.187000 21630.707031 22624.109375
53 0.191000 21630.707031 22624.109375
54 0.194000 21630.707031 22606.134766
55 0.197000 21630.707031 22591.480469
56 0.201000 21630.707031 22584.835938
57 0.205000 21630.707031 22579.132813
58 0.209000 21630.707031 22573.250000
59 0.211000 21630.707031 22562.533203
60 0.216000 21630.707031 22551.330078
61 0.219000 21630.707031 22548.035156
62 0.222000 21630.707031 22542.955078
63 0.225000 21630.707031 22537.324219
64 0.229000 21630.707031 22537.324219
65 0.233000 21630.707031 22530.884766
66 0.236000 21630.707031 22529.332031
67 0.240000 21630.707031 22526.623047
68 0.243000 21630.707031 22526.623047
69 0.247000 21472.955078 22522.322266
70 0.250000 21472.955078 22515.894531
71 0.253000 21472.955078 22514.332031
72 0.256000 21472.955078 22511.740234
73 0.259000 21472.955078 22511.740234
74 0.263000 21472.955078 22510.937500
75 0.265000 21472.955078 22510.601563
76 0.268000 21472.955078 22508.257813
77 0.271000 21472.955078 22508.257813
78 0.275000 21472.955078 22508.257813
79 0.279000 21472.955078 22501.261719
80 0.282000 21472.955078 22494.167969
81 0.285000 21472.955078 22473.849609
82 0.289000 21472.955078 22472.687500
83 0.292000 21472.955078 22463.748047
84 0.296000 21472.955078 22463.748047
85 0.300000 21472.955078 22461.214844
86 0.303000 21472.955078 22456.330078
87 0.306000 21472.955078 22447.474609
88 0.309000 21472.955078 22447.474609
89 0.313000 21472.955078 22445.757813
90 0.316000 21472.955078 22445.757813
91 0.319000 21472.955078 22438.500000
92 0.323000 21472.955078 22437.976563
93 0.327000 21472.955078 22432.089844
94 0.330000 21472.955078 22425.519531
95 0.334000 21472.955078 22423.539063
96 0.336000 21472.955078 22421.080078
97 0.340000 21472.955078 22414.310547
98 0.342000 21472.955078 22413.384766
99 0.346000 21472.955078 22413.384766
100 0.348000 21472.955078 22412.443359
101 0.352000 21472.955078 22412.443359
102 0.355000 21472.955078 22409.966797
103 0.358000 21472.955078 22409.964844
104 0.361000 21472.955078 22404.777344
105 0.364000 21472.955078 22404.775391
106 0.367000 21472.955078 22404.775391
107 0.370000 21472.955078 22396.654297
108 0.375000 21472.955078 22396.107422
109 0.378000 21472.955078 22396.107422
110 0.382000 21472.955078 22394.796875
111 0.385000 21472.955078 22394.796875
112 0.388000 21472.955078 22394.126953
113 0.393000 21472.955078 22392.654297
114 0.398000 21472.955078 22392.654297
115 0.400000 21472.955078 22392.654297
116 0.404000 21472.955078 22392.654297
117 0.407000 21472.955078 22391.988281
118 0.411000 21472.955078 22391.712891
119 0.414000 21472.955078 22391.019531
120 0.417000 21472.955078 22391.019531
121 0.421000 21472.955078 22391.019531
122 0.424000 21472.955078 22389.445313
123 0.427000 21472.955078 22388.775391
124 0.430000 21472.955078 22383.976563
125 0.434000 21472.955078 22383.976563
126 0.437000 21472.955078 22383.976563
127 0.440000 21472.955078 22383.976563
128 0.443000 21472.955078 22383.250000
129 0.447000 21472.955078 22372.742188
130 0.450000 21472.955078 22372.742188
131 0.454000 21472.955078 22372.742188
132 0.457000 21472.955078 22372.742188
133 0.460000 21472.955078 22372.376953
134 0.463000 21472.955078 22353.585938
135 0.467000 21472.955078 22353.585938
136 0.470000 21472.955078 22351.984375
137 0.473000 21472.955078 22351.982422
138 0.476000 21472.955078 22351.982422
139 0.479000 21472.955078 22350.035156
140 0.483000 21472.955078 22350.035156
141 0.486000 21472.955078 22349.675781
142 0.489000 21472.955078 22349.675781
143 0.493000 21472.955078 22345.529297
144 0.496000 21472.955078 22344.365234
145 0.499000 21472.955078 22344.365234
146 0.502000 21472.955078 22340.642578
147 0.505000 21472.955078 22320.267578
148 0.508000 21472.955078 22320.265625
149 0.513000 21472.955078 22320.185547
150 0.516000 21472.955078 22320.035156
151 0.519000 21472.955078 22320.035156
152 0.522000 21472.955078 22320.035156
153 0.526000 21472.955078 22315.568359
154 0.530000 21472.955078 22315.568359
155 0.532000 21472.955078 22314.230469
156 0.535000 21472.955078 22314.230469
157 0.539000 21472.955078 22314.230469
158 0.543000 21472.955078 22311.386719
159 0.546000 21472.955078 22298.660156
160 0.551000 21472.955078 22298.660156
161 0.555000 21472.955078 22291.876953
162 0.559000 21472.955078 22291.876953
163 0.562000 21472.955078 22291.876953
164 0.565000 21472.955078 22291.876953
165 0.570000 21472.955078 22291.876953
166 0.574000 21472.955078 22291.876953
167 0.578000 21472.955078 22291.876953
168 0.581000 21472.955078 22287.472656
169 0.584000 21472.955078 22287.472656
170 0.587000 21472.955078 22287.472656
171 0.593000 21472.955078 22287.365234
172 0.596000 21472.955078 22282.695313
173 0.599000 21472.955078 22282.695313
174 0.604000 21472.955078 22282.695313
175 0.609000 21472.955078 22282.695313
176 0.612000 21472.955078 22281.349609
177 0.615000 21472.955078 22281.189453
178 0.618000 21472.955078 22281.189453
179 0.625000 21472.955078 22281.189453
180 0.628000 21472.955078 22281.189453
181 0.632000 21472.955078 22281.189453
182 0.635000 21472.955078 22281.189453
183 0.641000 21472.955078 22280.068359
184 0.648000 21472.955078 22280.068359
185 0.653000 21472.955078 22278.494141
186 0.656000 21472.955078 22278.099609
187 0.660000 21472.955078 22278.099609
188 0.663000 21472.955078 22278.099609
189 0.666000 21472.955078 22278.099609
190 0.670000 21472.955078 22278.099609
191 0.674000 21472.955078 22277.865234
192 0.678000 21472.955078 22277.519531
193 0.681000 21472.955078 22277.519531
194 0.687000 21472.955078 22274.716797
195 0.693000 21472.955078 22274.716797
196 0.698000 21472.955078 22272.005859
197 0.702000 21472.955078 22272.005859
198 0.706000 21472.955078 22272.005859
199 0.709000 21472.955078 22272.005859
200 0.713000 21472.955078 22250.806641
201 0.719000 21472.955078 22250.806641
202 0.722000 21472.955078 22250.806641
203 0.725000 21472.955078 22250.806641
204 0.728000 21472.955078 22250.806641
205 0.733000 21472.955078 22250.806641
206 0.736000 21472.955078 22250.439453
207 0.739000 21472.955078 22250.439453
208 0.743000 21472.955078 22250.439453
209 0.746000 21472.955078 22244.917969
210 0.749000 21472.955078 22242.921875
211 0.753000 21472.955078 22242.921875
212 0.757000 21472.955078 22242.921875
213 0.760000 21472.955078 22242.921875
214 0.763000 21472.955078 22242.921875
215 0.766000 21472.955078 22242.921875
216 0.769000 21472.955078 22242.921875
217 0.773000 21472.955078 22242.921875
218 0.776000 21472.955078 22239.789063
219 0.779000 21472.955078 22239.789063
220 0.782000 21472.955078 22239.789063
221 0.786000 21472.955078 22239.685547
222 0.789000 21472.955078 22239.685547
223 0.793000 21472.955078 22236.882813
224 0.796000 21472.955078 22236.882813
225 0.799000 21472.955078 22236.158203
226 0.802000 21472.955078 22231.847656
227 0.805000 21472.955078 22229.699219
228 0.808000 21472.955078 22229.699219
229 0.812000 21472.955078 22227.720703
230 0.815000 21472.955078 22227.722656
231 0.818000 21472.955078 22227.722656
232 0.822000 21472.955078 22227.722656
233 0.826000 21472.955078 22227.722656
234 0.829000 21472.955078 22227.632813
235 0.832000 21472.955078 22225.275391
236 0.836000 21472.955078 22214.943359
237 0.839000 21472.955078 22212.617188
238 0.842000 21472.955078 22210.064453
239 0.845000 21472.955078 22210.064453
240 0.848000 21472.955078 22206.408203
241 0.852000 21472.955078 22206.408203
242 0.856000 21472.955078 22202.884766
243 0.859000 21472.955078 22197.578125
244 0.863000 21472.955078 22197.578125
245 0.866000 21472.955078 22196.660156
246 0.870000 21472.955078 22192.130859
247 0.875000 21472.955078 22192.130859
248 0.879000 21472.955078 22192.130859
249 0.882000 21472.955078 22187.892578
250 0.887000 21472.955078 22187.892578
251 0.890000 21472.955078 22183.351563
252 0.896000 21472.955078 22183.351563
253 0.901000 21472.955078 22178.812500
254 0.905000 21472.955078 22171.962891
255 0.908000 21472.955078 22171.962891
256 0.911000 21472.955078 22166.037109
257 0.915000 21472.955078 22159.099609
258 0.919000 21472.955078 22159.099609
259 0.923000 21472.955078 22159.099609
260 0.926000 21472.955078 22159.099609
261 0.930000 21472.955078 22154.929688
262 0.935000 21472.955078 22150.318359
263 0.938000 21472.955078 22145.609375
264 0.942000 21472.955078 22139.705078
265 0.945000 21472.955078 22139.705078
266 0.948000 21472.955078 22138.960938
267 0.953000 21472.955078 22138.960938
268 0.957000 21472.955078 22133.949219
269 0.963000 21472.955078 22133.949219
270 0.971000 21472.955078 22133.949219
271 0.974000 21472.955078 22129.410156
272 0.978000 21472.955078 22127.919922
273 0.982000 21472.955078 22127.578125
274 0.987000 21472.955078 22127.578125
275 0.991000 21472.955078 22127.578125
276 0.995000 21472.955078 22127.578125
277 0.999000 21472.955078 22127.578125
278 1.003000 21472.955078 22127.578125
279 1.007000 21472.955078 22122.199219
280 1.010000 21472.955078 22122.199219
281 1.015000 21472.955078 22116.068359
282 1.018000 21472.955078 22116.068359
283 1.021000 21472.955078 22115.894531
284 1.024000 21472.955078 22115.894531
285 1.027000 21472.955078 22108.785156
286 1.031000 21472.955078 22108.615234
287 1.035000 21472.955078 22108.615234
288 1.038000 21472.955078 22108.615234
289 1.041000 21472.955078 22108.269531
290 1.045000 21472.955078 22108.269531
291 1.048000 21472.955078 22108.269531
292 1.052000 21472.955078 22099.595703
293 1.055000 21472.955078 22099.595703
294 1.059000 21472.955078 22097.615234
295 1.062000 21472.955078 22097.615234
296 1.065000 21472.955078 22097.615234
297 1.068000 21472.955078 22089.185547
298 1.071000 21472.955078 22089.185547
299 1.075000 21472.955078 22070.494141
300 1.079000 21472.955078 22070.494141
301 1.083000 21472.955078 22070.150391
302 1.086000 21472.955078 22070.150391
303 1.091000 21472.955078 22070.150391
304 1.094000 21472.955078 22070.150391
305 1.097000 21472.955078 22060.394531
306 1.101000 21472.955078 22060.394531
307 1.105000 21472.955078 22060.394531
308 1.110000 21472.955078 22050.074219
309 1.113000 21472.955078 22050.074219
310 1.116000 21472.955078 22049.730469
311 1.120000 21472.955078 22049.730469
312 1.127000 21472.955078 22049.730469
313 1.131000 21472.955078 22039.375000
314 1.133000 21472.955078 22039.375000
315 1.137000 21472.955078 22039.033203
316 1.143000 21472.955078 22028.238281
317 1.149000 21472.955078 22017.445313
318 1.154000 21472.955078 22006.652344
319 1.159000 21472.955078 22006.089844
320 1.162000 21472.955078 21982.464844
321 1.167000 21472.955078 21970.556641
322 1.172000 21472.955078 21958.650391
323 1.178000 21472.955078 21945.974609
324 1.181000 21472.955078 21933.126953
325 1.184000 21472.955078 21933.126953
326 1.189000 21472.955078 21932.783203
327 1.192000 21472.955078 21906.929688
328 1.195000 21472.955078 21893.943359
329 1.199000 21472.955078 21867.966797
330 1.203000 21472.955078 21854.980469
331 1.207000 21472.955078 21841.992188
332 1.210000 21472.955078 21829.005859
333 1.214000 21472.955078 21790.042969
334 1.217000 21472.955078 21777.054688
335 1.221000 21472.955078 21750.738281
336 1.224000 21472.955078 21711.087891
337 1.228000 21472.955078 21697.755859
338 1.232000 21472.955078 21684.425781
339 1.235000 21472.955078 21684.425781
340 1.238000 21472.955078 21684.425781
341 1.241000 21472.955078 21684.425781
342 1.245000 21472.955078 21684.425781
343 1.248000 21472.955078 21684.425781
344 1.252000 21472.955078 21684.425781
345 1.258000 21472.955078 21684.425781
346 1.266000 21472.955078 21684.425781
347 1.273000 21472.955078 21684.425781
348 1.278000 21472.955078 21684.425781
349 1.282000 21472.955078 21684.425781
350 1.285000 21472.955078 21684.425781
351 1.291000 21472.955078 21684.425781
352 1.295000 21472.955078 21684.425781
353 1.298000 21472.955078 21684.425781
354 1.301000 21472.955078 21684.425781
355 1.305000 21472.955078 21684.425781
356 1.308000 21472.955078 21684.425781
357 1.312000 21472.955078 21684.425781
358 1.315000 21472.955078 21684.425781
359 1.319000 21472.955078 21684.425781
360 1.323000 21472.955078 21684.425781
361 1.326000 21472.955078 21684.425781
362 1.329000 21472.955078 21684.425781
363 1.332000 21472.955078 21684.425781
364 1.336000 21472.955078 21684.425781
365 1.339000 21472.955078 21684.425781
366 1.343000 21472.955078 21684.425781
367 1.346000 21472.955078 21684.425781
368 1.349000 21472.955078 21684.425781
369 1.352000 21472.955078 21684.425781
370 1.355000 21472.955078 21684.425781
371 1.359000 21472.955078 21684.425781
372 1.362000 21472.955078 21684.425781
373 1.365000 21472.955078 21684.425781
374 1.369000 21472.955078 21684.425781
375 1.372000 21472.955078 21684.425781
376 1.377000 21472.955078 21684.425781
377 1.381000 21472.955078 21684.425781
378 1.384000 21472.955078 21684.425781
379 1.387000 21472.955078 21684.425781
380 1.393000 21472.955078 21684.425781
381 1.399000 21472.955078 21684.425781
382 1.403000 21472.955078 21684.425781
383 1.409000 21472.955078 21684.425781
384 1.412000 21472.955078 21684.425781
385 1.415000 21472.955078 21684.425781
386 1.418000 21472.955078 21684.425781
387 1.424000 21472.955078 21684.425781
388 1.426000 21472.955078 21684.425781
389 1.430000 21472.955078 21684.425781
390 1.433000 21472.955078 21684.425781
391 1.438000 21472.955078 21684.425781
392 1.442000 21472.955078 21684.425781
393 1.444000 21472.955078 21684.425781
394 1.447000 21472.955078 21684.425781
395 1.451000 21472.955078 21684.425781
396 1.454000 21472.955078 21684.425781
397 1.457000 21472.955078 21684.425781
398 1.460000 21472.955078 21684.425781
399 1.464000 21472.955078 21684.425781
400 1.467000 21472.955078 21684.425781
401 1.471000 21472.955078 21684.425781
402 1.474000 21472.955078 21684.425781
403 1.477000 21464.003906 21684.425781
404 1.480000 21464.003906 21684.248047
405 1.485000 21464.003906 21684.248047
406 1.489000 21464.003906 21684.248047
407 1.491000 21464.003906 21684.248047
408 1.495000 21464.003906 21684.248047
409 1.498000 21464.003906 21684.248047
410 1.503000 21464.003906 21684.248047
411 1.507000 21464.003906 21684.248047
412 1.511000 21464.003906 21684.248047
413 1.514000 21464.003906 21684.248047
414 1.517000 21464.003906 21684.248047
415 1.521000 21464.003906 21684.248047
416 1.524000 21464.003906 21684.248047
417 1.528000 21464.003906 21684.248047
418 1.532000 21464.003906 21684.248047
419 1.536000 21464.003906 21684.248047
420 1.539000 21464.003906 21684.248047
421 1.543000 21464.003906 21684.248047
422 1.546000 21464.003906 21684.248047
423 1.550000 21464.003906 21684.248047
424 1.553000 21464.003906 21684.248047
425 1.557000 21464.003906 21684.248047
426 1.560000 21464.003906 21684.248047
427 1.564000 21464.003906 21684.248047
428 1.567000 21464.003906 21684.248047
429 1.570000 21464.003906 21684.248047
430 1.574000 21464.003906 21684.248047
431 1.577000 21464.003906 21684.248047
432 1.580000 21464.003906 21684.248047
433 1.584000 21464.003906 21684.248047
434 1.587000 21464.003906 21684.248047
435 1.591000 21464.003906 21684.248047
436 1.596000 21464.003906 21684.248047
437 1.599000 21464.003906 21684.248047
438 1.603000 21464.003906 21684.248047
439 1.606000 21464.003906 21684.248047
440 1.610000 21464.003906 21684.248047
441 1.613000 21464.003906 21684.248047
442 1.616000 21464.003906 21684.248047
443 1.619000 21464.003906 21684.248047
444 1.622000 21464.003906 21684.248047
445 1.626000 21464.003906 21684.248047
446 1.630000 21464.003906 21684.248047
447 1.633000 21464.003906 21684.248047
448 1.637000 21464.003906 21684.248047
449 1.642000 21464.003906 21684.248047
450 1.645000 21464.003906 21684.248047
451 1.657000 21464.003906 21684.248047
452 1.660000 21464.003906 21684.248047
453 1.663000 21464.003906 21684.248047
454 1.666000 21464.003906 21684.248047
455 1.670000 21464.003906 21684.248047
456 1.673000 21464.003906 21684.248047
457 1.676000 21464.003906 21684.248047
458 1.679000 21464.003906 21684.248047
459 1.683000 21464.003906 21684.248047
460 1.686000 21464.003906 21684.248047
461 1.690000 21464.003906 21684.248047
462 1.693000 21464.003906 21684.248047
463 1.697000 21464.003906 21684.248047
464 1.700000 21464.003906 21684.248047
465 1.704000 21464.003906 21684.248047
466 1.708000 21464.003906 21684.248047
467 1.711000 21464.003906 21684.248047
468 1.714000 21464.003906 21684.248047
469 1.718000 21464.003906 21684.248047
470 1.721000 21464.003906 21684.248047
471 1.725000 21464.003906 21684.248047
472 1.729000 21464.003906 21684.248047
473 1.732000 21464.003906 21684.248047
474 1.735000 21464.003906 21684.248047
475 1.739000 21464.003906 21684.248047
476 1.742000 21464.003906 21684.248047
477 1.745000 21464.003906 21684.248047
478 1.750000 21464.003906 21684.248047
479 1.753000 21464.003906 21684.248047
480 1.756000 21464.003906 21684.248047
481 1.760000 21464.003906 21684.248047
482 1.763000 21464.003906 21684.248047
483 1.767000 21464.003906 21684.248047
484 1.770000 21464.003906 21684.248047
485 1.774000 21464.003906 21684.248047
486 1.777000 21464.003906 21684.248047
487 1.782000 21464.003906 21684.248047
488 1.785000 21464.003906 21684.248047
489 1.789000 21464.003906 21684.248047
490 1.792000 21464.003906 21684.248047
491 1.795000 21464.003906 21684.248047
492 1.797000 21464.003906 21684.248047
493 1.801000 21464.003906 21684.248047
494 1.804000 21464.003906 21684.248047
495 1.808000 21464.003906 21684.248047
496 1.810000 21464.003906 21684.248047
497 1.813000 21464.003906 21684.248047
498 1.816000 21464.003906 21684.248047
499 1.821000 21464.003906 21684.248047
500 1.825000 21464.003906 21684.248047
501 1.828000 21464.003906 21684.248047
502 1.830000 21464.003906 21684.248047
503 1.834000 21464.003906 21684.248047
504 1.838000 21464.003906 21684.248047
505 1.841000 21464.003906 21684.248047
506 1.844000 21464.003906 21684.248047
507 1.848000 21464.003906 21684.248047
508 1.851000 21464.003906 21684.248047
509 1.854000 21464.003906 21684.248047
510 1.858000 21464.003906 21684.248047
511 1.861000 21464.003906 21684.248047
512 1.864000 21464.003906 21684.248047
513 1.868000 21464.003906 21684.248047
514 1.871000 21464.003906 21684.248047
515 1.876000 21464.003906 21684.248047
516 1.879000 21464.003906 21684.248047
517 1.883000 21464.003906 21684.248047
518 1.886000 21464.003906 21684.248047
519 1.890000 21464.003906 21684.248047
520 1.894000 21464.003906 21684.248047
521 1.900000 21464.003906 21684.248047
522 1.903000 21464.003906 21684.248047
523 1.909000 21464.003906 21684.248047
524 1.913000 21464.003906 21684.248047
525 1.916000 21464.003906 21684.248047
526 1.919000 21464.003906 21684.248047
527 1.923000 21464.003906 21684.248047
528 1.926000 21464.003906 21684.248047
529 1.929000 21464.003906 21684.248047
530 1.932000 21464.003906 21684.248047
531 1.936000 21464.003906 21684.248047
532 1.941000 21464.003906 21684.248047
533 1.944000 21464.003906 21684.248047
534 1.947000 21464.003906 21684.248047
535 1.950000 21464.003906 21684.248047
536 1.954000 21464.003906 21684.248047
537 1.957000 21464.003906 21684.248047
538 1.961000 21464.003906 21684.248047
539 1.964000 21464.003906 21684.248047
540 1.966000 21464.003906 21684.248047
541 1.970000 21464.003906 21684.248047
542 1.973000 21464.003906 21684.248047
543 1.976000 21464.003906 21684.248047
544 1.979000 21464.003906 21684.248047
545 1.982000 21464.003906 21684.248047
546 1.985000 21464.003906 21684.248047
547 1.989000 21464.003906 21684.248047
548 1.992000 21464.003906 21684.248047
549 1.995000 21464.003906 21684.248047
550 1.998000 21464.003906 21684.248047
551 2.001000 21464.003906 21684.248047
552 2.005000 21464.003906 21684.248047
553 2.008000 21464.003906 21684.248047
554 2.012000 21464.003906 21684.248047
555 2.014000 21464.003906 21684.248047
556 2.018000 21464.003906 21684.248047
557 2.021000 21464.003906 21684.248047
558 2.025000 21464.003906 21684.248047
559 2.028000 21464.003906 21684.248047
560 2.031000 21464.003906 21684.248047
561 2.035000 21464.003906 21684.248047
562 2.038000 21464.003906 21684.248047
563 2.042000 21464.003906 21684.248047
564 2.045000 21464.003906 21684.248047
565 2.048000 21464.003906 21684.248047
566 2.052000 21464.003906 21684.248047
567 2.056000 21464.003906 21684.248047
568 2.060000 21464.003906 21684.248047
569 2.063000 21464.003906 21684.248047
570 2.067000 21464.003906 21684.248047
571 2.069000 21464.003906 21684.248047
572 2.072000 21464.003906 21684.248047
573 2.076000 21464.003906 21684.248047
574 2.079000 21464.003906 21684.248047
575 2.082000 21464.003906 21684.248047
576 2.085000 21464.003906 21684.248047
577 2.088000 21464.003906 21684.248047
578 2.091000 21464.003906 21684.248047
579 2.094000 21464.003906 21684.248047
580 2.097000 21464.003906 21684.248047
581 2.100000 21464.003906 21684.248047
582 2.104000 21464.003906 21684.248047
583 2.107000 21464.003906 21684.248047
584 2.110000 21464.003906 21684.248047
585 2.113000 21464.003906 21684.248047
586 2.116000 21464.003906 21684.248047
587 2.120000 21464.003906 21684.248047
588 2.123000 21464.003906 21684.248047
589 2.126000 21464.003906 21684.248047
590 2.129000 21464.003906 21684.248047
591 2.133000 21464.003906 21684.248047
592 2.136000 21464.003906 21684.248047
593 2.140000 21464.003906 21684.248047
594 2.143000 21464.003906 21684.248047
595 2.151000 21464.003906 21684.248047
596 2.158000 21464.003906 21684.248047
597 2.162000 21464.003906 21684.248047
598 2.165000 21464.003906 21684.248047
599 2.168000 21464.003906 21684.248047
600 2.171000 21464.003906 21684.248047
601 2.175000 21464.003906 21684.248047
602 2.178000 21464.003906 21684.248047
603 2.181000 21464.003906 21684.248047
604 2.185000 21464.003906 21684.248047
605 2.189000 21464.003906 21684.248047
606 2.192000 21464.003906 21684.248047
607 2.196000 21464.003906 21684.248047
608 2.199000 21464.003906 21684.248047
609 2.202000 21464.003906 21684.248047
610 2.204000 21464.003906 21684.248047
611 2.207000 21464.003906 21684.248047
612 2.211000 21464.003906 21684.248047
613 2.214000 21464.003906 21684.248047
614 2.217000 21464.003906 21684.248047
615 2.220000 21464.003906 21684.248047
616 2.223000 21464.003906 21684.248047
617 2.227000 21464.003906 21684.248047
618 2.230000 21464.003906 21684.248047
619 2.234000 21464.003906 21684.248047
620 2.243000 21464.003906 21684.248047
621 2.245000 21464.003906 21684.248047
622 2.249000 21464.003906 21684.248047
623 2.254000 21464.003906 21684.248047
624 2.257000 21464.003906 21684.248047
625 2.261000 21464.003906 21684.248047
626 2.264000 21464.003906 21684.248047
627 2.270000 21464.003906 21684.248047
628 2.273000 21464.003906 21684.248047
629 2.277000 21464.003906 21684.248047
630 2.281000 21464.003906 21684.248047
631 2.285000 21464.003906 21684.248047
632 2.289000 21464.003906 21684.248047
633 2.292000 21464.003906 21684.248047
634 2.295000 21464.003906 21684.248047
635 2.299000 21464.003906 21684.248047
636 2.302000 21464.003906 21684.248047
637 2.304000 21464.003906 21684.248047
638 2.309000 21464.003906 21684.248047
639 2.311000 21464.003906 21684.248047
640 2.314000 21464.003906 21684.248047
641 2.317000 21464.003906 21684.248047
642 2.321000 21464.003906 21684.248047
643 2.324000 21464.003906 21684.248047
644 2.327000 21464.003906 21684.248047
645 2.332000 21464.003906 21684.248047
646 2.336000 21464.003906 21684.248047
647 2.339000 21464.003906 21684.248047
648 2.342000 21464.003906 21684.248047
649 2.345000 21464.003906 21684.248047
650 2.348000 21464.003906 21684.248047
651 2.351000 21464.003906 21684.248047
652 2.355000 21464.003906 21684.248047
653 2.358000 21464.003906 21684.248047
654 2.362000 21464.003906 21684.248047
655 2.365000 21464.003906 21684.248047
656 2.368000 21464.003906 21684.248047
657 2.371000 21464.003906 21684.248047
658 2.374000 21464.003906 21684.248047
659 2.378000 21464.003906 21684.248047
660 2.381000 21464.003906 21684.248047
661 2.384000 21464.003906 21684.248047
662 2.387000 21464.003906 21684.248047
663 2.390000 21464.003906 21684.248047
664 2.394000 21464.003906 21684.248047
665 2.398000 21464.003906 21684.248047
666 2.403000 21464.003906 21684.248047
667 2.406000 21464.003906 21684.248047
668 2.409000 21464.003906 21684.248047
669 2.413000 21464.003906 21684.248047
670 2.416000 21464.003906 21684.248047
671 2.419000 21464.003906 21684.248047
672 2.423000 21464.003906 21684.248047
673 2.426000 21464.003906 21684.248047
674 2.429000 21464.003906 21684.248047
675 2.432000 21464.003906 21684.248047
676 2.436000 21464.003906 21684.248047
677 2.439000 21464.003906 21684.248047
678 2.443000 21464.003906 21684.248047
679 2.448000 21464.003906 21684.248047
680 2.451000 21464.003906 21684.248047
681 2.454000 21464.003906 21684.248047
682 2.459000 21464.003906 21684.248047
683 2.462000 21464.003906 21684.248047
684 2.465000 21464.003906 21684.248047
685 2.468000 21464.003906 21684.248047
686 2.470000 21464.003906 21684.248047
687 2.475000 21464.003906 21684.248047
688 2.478000 21464.003906 21684.248047
689 2.481000 21464.003906 21684.248047
690 2.485000 21464.003906 21684.248047
691 2.490000 21464.003906 21684.248047
692 2.494000 21464.003906 21684.248047
693 2.497000 21464.003906 21684.248047
694 2.502000 21464.003906 21684.248047
695 2.507000 21464.003906 21684.248047
696 2.510000 21464.003906 21684.248047
697 2.514000 21464.003906 21684.248047
698 2.517000 21464.003906 21684.248047
699 2.520000 21464.003906 21684.248047
700 2.524000 21464.003906 21684.248047
701 2.526000 21464.003906 21684.248047
702 2.529000 21464.003906 21684.248047
703 2.533000 21464.003906 21684.248047
704 2.538000 21464.003906 21684.248047
705 2.541000 21464.003906 21684.248047
706 2.544000 21464.003906 21684.248047
707 2.547000 21464.003906 21684.248047
708 2.550000 21464.003906 21684.248047
709 2.558000 21464.003906 21684.248047
710 2.561000 21464.003906 21684.248047
711 2.564000 21464.003906 21684.248047
712 2.570000 21464.003906 21684.248047
713 2.573000 21464.003906 21684.248047
714 2.576000 21464.003906 21684.248047
715 2.579000 21464.003906 21684.248047
716 2.583000 21464.003906 21684.248047
717 2.587000 21464.003906 21684.248047
718 2.590000 21464.003906 21684.248047
719 2.593000 21464.003906 21684.248047
720 2.596000 21464.003906 21684.248047
721 2.599000 21464.003906 21684.248047
722 2.603000 21464.003906 21684.248047
723 2.606000 21464.003906 21684.248047
724 2.609000 21464.003906 21684.248047
725 2.612000 21464.003906 21684.248047
726 2.615000 21464.003906 21684.248047
727 2.619000 21464.003906 21684.248047
728 2.623000 21464.003906 21684.248047
729 2.626000 21464.003906 21684.248047
730 2.629000 21464.003906 21684.248047
731 2.633000 21464.003906 21684.248047
732 2.637000 21464.003906 21684.248047
733 2.640000 21464.003906 21684.248047
734 2.643000 21464.003906 21684.248047
735 2.646000 21464.003906 21684.248047
736 2.654000 21464.003906 21684.248047
737 2.658000 21464.003906 21684.248047
738 2.661000 21464.003906 21684.248047
739 2.665000 21464.003906 21684.248047
740 2.668000 21464.003906 21684.248047
741 2.672000 21464.003906 21684.248047
742 2.675000 21464.003906 21684.248047
743 2.678000 21464.003906 21684.248047
744 2.682000 21464.003906 21684.248047
745 2.685000 21464.003906 21684.248047
746 2.688000 21464.003906 21684.248047
747 2.692000 21464.003906 21684.248047
748 2.695000 21464.003906 21684.248047
749 2.698000 21464.003906 21684.248047
750 2.702000 21464.003906 21684.248047
751 2.705000 21464.003906 21684.248047
752 2.708000 21464.003906 21684.248047
753 2.711000 21464.003906 21684.248047
754 2.715000 21464.003906 21684.248047
755 2.717000 21464.003906 21684.248047
756 2.721000 21464.003906 21684.248047
757 2.724000 21464.003906 21684.248047
758 2.727000 21464.003906 21684.248047
759 2.730000 21464.003906 21684.248047
760 2.733000 21464.003906 21684.248047
761 2.736000 21464.003906 21684.248047
762 2.740000 21464.003906 21684.248047
763 2.743000 21464.003906 21684.248047
764 2.746000 21464.003906 21684.248047
765 2.749000 21464.003906 21684.248047
766 2.752000 21464.003906 21684.248047
767 2.756000 21464.003906 21684.248047
768 2.759000 21464.003906 21684.248047
769 2.762000 21464.003906 21684.248047
770 2.766000 21464.003906 21684.248047
771 2.769000 21464.003906 21684.248047
772 2.773000 21464.003906 21684.248047
773 2.777000 21464.003906 21684.248047
774 2.781000 21464.003906 21684.248047
775 2.784000 21464.003906 21684.248047
776 2.788000 21464.003906 21684.248047
777 2.791000 21464.003906 21684.248047
778 2.794000 21464.003906 21684.248047
779 2.798000 21464.003906 21684.248047
780 2.801000 21464.003906 21684.248047
781 2.805000 21464.003906 21684.248047
782 2.809000 21464.003906 21684.248047
783 2.812000 21464.003906 21684.248047
784 2.816000 21464.003906 21684.248047
785 2.818000 21464.003906 21684.248047
786 2.822000 21464.003906 21684.248047
787 2.826000 21464.003906 21684.248047
788 2.829000 21464.003906 21684.248047
789 2.832000 21464.003906 21684.248047
790 2.835000 21464.003906 21684.248047
791 2.838000 21464.003906 21684.248047
792 2.841000 21464.003906 21684.248047
793 2.844000 21464.003906 21684.248047
794 2.848000 21464.003906 21684.248047
795 2.851000 21464.003906 21684.248047
796 2.858000 21464.003906 21684.248047
797 2.861000 21464.003906 21684.248047
798 2.864000 21464.003906 21684.248047
799 2.868000 21464.003906 21684.248047
800 2.872000 21464.003906 21684.248047
801 2.874000 21464.003906 21684.248047
802 2.878000 21464.003906 21684.248047
803 2.881000 21464.003906 21684.248047
804 2.884000 21464.003906 21684.248047
805 2.887000 21464.003906 21684.248047
806 2.891000 21464.003906 21684.248047
807 2.894000 21464.003906 21684.248047
808 2.898000 21464.003906 21684.248047
809 2.908000 21464.003906 21684.248047
810 2.912000 21464.003906 21684.248047
811 2.914000 21464.003906 21684.248047
812 2.918000 21464.003906 21684.248047
813 2.921000 21464.003906 21684.248047
814 2.924000 21464.003906 21684.248047
815 2.927000 21464.003906 21684.248047
816 2.930000 21464.003906 21684.248047
817 2.934000 21464.003906 21684.248047
818 2.937000 21464.003906 21684.248047
819 2.940000 21464.003906 21684.248047
820 2.944000 21464.003906 21684.248047
821 2.948000 21464.003906 21684.248047
822 2.951000 21464.003906 21684.248047
823 2.954000 21464.003906 21684.248047
824 2.958000 21464.003906 21684.248047
825 2.961000 21464.003906 21684.248047
826 2.965000 21464.003906 21684.248047
827 2.968000 21464.003906 21684.248047
828 2.973000 21464.003906 21684.248047
829 2.977000 21464.003906 21684.248047
830 2.981000 21464.003906 21684.248047
831 2.984000 21464.003906 21684.248047
832 2.987000 21464.003906 21684.248047
833 2.990000 21464.003906 21684.248047
834 2.995000 21464.003906 21684.248047
835 2.998000 21464.003906 21684.248047
836 3.002000 21464.003906 21684.248047
837 3.005000 21464.003906 21684.248047
838 3.008000 21464.003906 21684.248047
839 3.011000 21464.003906 21684.248047
840 3.014000 21464.003906 21684.248047
841 3.018000 21464.003906 21684.248047
842 3.022000 21464.003906 21684.248047
843 3.025000 21464.003906 21684.248047
844 3.028000 21464.003906 21684.248047
845 3.032000 21464.003906 21684.248047
846 3.035000 21464.003906 21684.248047
847 3.039000 21464.003906 21684.248047
848 3.043000 21464.003906 21684.248047
849 3.046000 21464.003906 21684.248047
850 3.049000 21464.003906 21684.248047
851 3.052000 21464.003906 21684.248047
852 3.056000 21464.003906 21684.064453
853 3.059000 21464.003906 21684.064453
854 3.063000 21464.003906 21684.064453
855 3.066000 21464.003906 21684.064453
856 3.069000 21464.003906 21684.064453
857 3.073000 21464.003906 21684.064453
858 3.076000 21464.003906 21684.064453
859 3.078000 21464.003906 21684.064453
860 3.081000 21464.003906 21684.064453
861 3.084000 21464.003906 21684.064453
862 3.087000 21464.003906 21684.064453
863 3.090000 21464.003906 21684.064453
864 3.094000 21464.003906 21684.064453
865 3.097000 21464.003906 21684.064453
866 3.100000 21464.003906 21684.064453
867 3.104000 21464.003906 21684.064453
868 3.107000 21464.003906 21684.064453
869 3.110000 21464.003906 21684.064453
870 3.113000 21464.003906 21684.064453
871 3.117000 21464.003906 21684.064453
872 3.122000 21464.003906 21684.064453
873 3.127000 21464.003906 21684.064453
874 3.130000 21464.003906 21684.064453
875 3.134000 21464.003906 21684.064453
876 3.139000 21464.003906 21684.064453
877 3.142000 21464.003906 21684.064453
878 3.145000 21464.003906 21684.064453
879 3.148000 21464.003906 21684.064453
880 3.160000 21464.003906 21684.064453
881 3.163000 21464.003906 21684.064453
882 3.166000 21464.003906 21684.064453
883 3.170000 21464.003906 21684.064453
884 3.173000 21464.003906 21684.064453
885 3.177000 21464.003906 21684.064453
886 3.180000 21464.003906 21684.064453
887 3.183000 21464.003906 21684.064453
888 3.187000 21464.003906 21684.064453
889 3.190000 21464.003906 21684.064453
890 3.192000 21464.003906 21684.064453
891 3.195000 21464.003906 21684.064453
892 3.199000 21464.003906 21684.064453
893 3.202000 21464.003906 21684.064453
894 3.205000 21464.003906 21684.064453
895 3.208000 21464.003906 21684.064453
896 3.211000 21464.003906 21684.064453
897 3.215000 21464.003906 21684.064453
898 3.218000 21464.003906 21684.064453
899 3.222000 21464.003906 21684.064453
900 3.224000 21464.003906 21684.064453
901 3.227000 21464.003906 21684.064453
902 3.231000 21464.003906 21684.064453
903 3.234000 21464.003906 21684.064453
