0 0.000000 3130.912109 3318.436035
1 0.023000 3064.399658 3318.436035
2 0.044000 2998.636230 3254.542725
3 0.065000 2993.738525 3208.511963
4 0.085000 2977.781982 3171.726318
5 0.109000 2942.690674 3141.203369
6 0.133000 2925.253906 3117.432861
7 0.160000 2921.068359 3121.616455
8 0.181000 2897.514160 3093.059326
9 0.202000 2886.801270 3129.863037
10 0.227000 2886.801270 3109.695068
11 0.248000 2842.048584 3074.017578
12 0.270000 2842.048584 3054.426270
13 0.292000 2839.229980 3035.655273
14 0.314000 2839.229980 3022.231445
15 0.337000 2839.229980 3005.778076
16 0.362000 2839.229980 2986.959717
17 0.386000 2832.925049 2977.895264
18 0.409000 2832.925049 2963.474609
19 0.431000 2812.006348 2954.398682
20 0.456000 2812.006348 2943.021484
21 0.483000 2796.115479 2954.235596
22 0.509000 2782.987061 2937.904053
23 0.536000 2781.989990 2924.767578
24 0.561000 2757.295166 2926.356934
25 0.584000 2757.295166 2910.147217
26 0.608000 2757.295166 2903.978027
27 0.632000 2757.295166 2898.480713
28 0.656000 2743.335205 2890.454590
29 0.678000 2743.335205 2884.419922
30 0.698000 2743.335205 2878.576172
31 0.724000 2743.335205 2872.313965
32 0.744000 2743.335205 2885.625000
33 0.763000 2743.335205 2882.322510
34 0.787000 2743.335205 2878.528076
35 0.807000 2742.667236 2869.507080
36 0.828000 2742.667236 2865.069092
37 0.850000 2742.667236 2862.332764
38 0.873000 2742.667236 2864.460205
39 0.896000 2738.358154 2866.394775
40 0.924000 2736.287842 2861.572266
41 0.947000 2736.287842 2858.693848
42 0.971000 2735.280273 2855.419434
43 0.995000 2735.280273 2852.529053
44 1.024000 2717.250977 2867.983398
45 1.050000 2717.250977 2862.123047
46 1.076000 2717.250977 2856.503418
47 1.097000 2717.250977 2863.652100
48 1.122000 2717.250977 2876.828125
49 1.145000 2717.250977 2857.816162
50 1.167000 2717.250977 2856.221924
51 1.192000 2717.250977 2861.118652
52 1.213000 2717.250977 2851.203369
53 1.238000 2717.250977 2848.565918
54 1.262000 2717.250977 2843.772217
55 1.286000 2717.250977 2842.012451
56 1.307000 2717.250977 2841.197754
57 1.330000 2717.250977 2851.188477
58 1.351000 2717.250977 2843.035400
59 1.377000 2717.250977 2841.454346
60 1.398000 2717.250977 2835.333984
61 1.421000 2717.250977 2830.798340
62 1.446000 2717.250977 2830.798828
63 1.471000 2717.250977 2837.063477
64 1.493000 2717.250977 2830.247559
65 1.515000 2717.250977 2829.850586
66 1.539000 2717.250977 2828.392822
67 1.563000 2717.250977 2824.693359
68 1.589000 2717.250977 2819.318848
69 1.614000 2717.250977 2817.854980
70 1.640000 2717.250977 2817.456299
71 1.663000 2717.250977 2822.996582
72 1.685000 2717.250977 2820.736328
73 1.710000 2717.250977 2830.339111
74 1.733000 2717.250977 2825.704590
75 1.758000 2717.250977 2818.794678
76 1.787000 2717.250977 2817.610840
77 1.812000 2717.250977 2815.634033
78 1.835000 2717.250977 2815.275635
79 1.856000 2717.250977 2811.309326
80 1.880000 2717.250977 2809.193848
81 1.904000 2717.250977 2811.364746
82 1.928000 2717.250977 2827.857422
83 1.952000 2717.250977 2831.406494
84 1.973000 2717.250977 2823.037109
85 1.998000 2717.250977 2821.953369
86 2.022000 2717.250977 2818.489990
87 2.045000 2717.250977 2813.363525
88 2.074000 2717.250977 2810.958008
89 2.097000 2717.250977 2808.641846
90 2.122000 2717.250977 2807.610840
91 2.145000 2717.250977 2806.190674
92 2.172000 2717.250977 2811.348633
93 2.199000 2717.250977 2816.989258
94 2.223000 2717.250977 2813.395996
95 2.243000 2717.250977 2813.219727
96 2.270000 2717.250977 2807.804932
97 2.292000 2705.396484 2802.705078
98 2.314000 2705.396484 2799.887207
99 2.336000 2705.396484 2798.046875
100 2.357000 2705.396484 2796.029785
101 2.380000 2705.396484 2795.465088
102 2.404000 2705.396484 2803.168457
103 2.426000 2705.396484 2800.933838
104 2.449000 2705.396484 2799.289307
105 2.471000 2705.396484 2798.429932
106 2.495000 2705.396484 2798.383545
107 2.515000 2705.396484 2798.011475
108 2.535000 2705.396484 2797.020264
109 2.560000 2705.396484 2794.795898
110 2.583000 2705.396484 2793.755371
111 2.608000 2705.396484 2793.528320
112 2.633000 2705.396484 2796.543213
113 2.655000 2705.396484 2794.054688
114 2.680000 2705.396484 2793.823242
115 2.701000 2705.396484 2793.338867
116 2.723000 2705.396484 2792.562256
117 2.745000 2705.396484 2791.298096
118 2.767000 2705.396484 2791.043213
119 2.785000 2705.396484 2793.656006
120 2.805000 2705.396484 2793.587402
121 2.823000 2705.396484 2793.354736
122 2.845000 2705.396484 2790.155518
123 2.868000 2705.396484 2799.246338
124 2.892000 2705.396484 2795.943115
125 2.914000 2705.396484 2795.943115
126 2.942000 2705.396484 2794.891357
127 2.963000 2705.396484 2792.939697
128 2.985000 2705.396484 2792.116455
129 3.009000 2705.396484 2791.591553
130 3.034000 2705.396484 2790.224121
131 3.054000 2705.396484 2789.631836
132 3.077000 2705.396484 2792.536865
133 3.100000 2705.396484 2799.081299
134 3.120000 2705.396484 2807.160400
135 3.141000 2705.396484 2799.577881
136 3.164000 2705.396484 2797.538330
137 3.189000 2705.396484 2794.823975
138 3.211000 2705.396484 2794.396240
139 3.231000 2705.396484 2793.933105
140 3.254000 2705.396484 2792.946533
141 3.277000 2705.396484 2792.880615
142 3.299000 2705.396484 2791.633057
143 3.321000 2705.396484 2798.232910
144 3.344000 2705.396484 2796.836670
145 3.367000 2705.396484 2795.542480
146 3.392000 2705.396484 2793.603516
147 3.416000 2705.396484 2810.078857
148 3.438000 2705.396484 2803.440918
149 3.459000 2705.396484 2803.391357
150 3.485000 2705.396484 2801.305908
151 3.509000 2705.396484 2801.084961
152 3.531000 2705.396484 2800.326660
153 3.555000 2705.396484 2799.160645
154 3.580000 2705.396484 2812.238525
155 3.601000 2705.396484 2797.510986
156 3.626000 2705.396484 2799.410645
157 3.648000 2705.396484 2797.921875
158 3.673000 2705.396484 2797.417236
159 3.693000 2705.396484 2797.160645
160 3.717000 2705.396484 2809.685059
161 3.742000 2705.396484 2809.386475
162 3.763000 2705.396484 2808.102295
163 3.786000 2705.396484 2803.357178
164 3.808000 2705.396484 2800.997070
165 3.827000 2705.396484 2807.145508
166 3.847000 2705.396484 2805.963867
167 3.868000 2705.396484 2813.145996
168 3.889000 2705.396484 2811.991943
169 3.911000 2705.396484 2812.291504
170 3.934000 2695.053467 2810.218750
171 3.957000 2695.053467 2818.164307
172 3.983000 2695.053467 2813.143799
173 4.002000 2695.053467 2816.468750
174 4.022000 2695.053467 2827.556641
175 4.044000 2695.053467 2826.221191
176 4.064000 2689.575684 2816.089355
177 4.086000 2689.575684 2822.600098
178 4.109000 2689.575684 2817.567383
179 4.135000 2689.575684 2812.913086
180 4.156000 2689.575684 2806.360107
181 4.184000 2689.575684 2799.897705
182 4.206000 2689.575684 2798.745605
183 4.229000 2689.575684 2797.163330
184 4.252000 2689.575684 2796.890381
185 4.279000 2689.575684 2795.270996
186 4.301000 2689.575684 2805.175293
187 4.321000 2689.575684 2795.452393
188 4.346000 2689.575684 2815.814697
189 4.371000 2689.575684 2812.780273
190 4.393000 2689.575684 2812.615234
191 4.416000 2689.575684 2816.399414
192 4.440000 2689.575684 2820.990967
193 4.461000 2689.575684 2820.007568
194 4.484000 2689.575684 2819.136230
195 4.505000 2689.575684 2816.717529
196 4.527000 2689.575684 2813.957275
197 4.550000 2689.575684 2811.180420
198 4.571000 2689.575684 2810.315430
199 4.591000 2689.575684 2809.850342
200 4.616000 2689.575684 2817.869629
201 4.640000 2689.575684 2823.133789
202 4.660000 2689.575684 2816.418213
203 4.684000 2689.575684 2814.533447
204 4.705000 2689.575684 2812.245850
205 4.729000 2689.575684 2805.052490
206 4.753000 2689.575684 2802.569092
207 4.774000 2689.575684 2800.377441
208 4.796000 2689.575684 2800.007813
209 4.822000 2689.575684 2799.253174
210 4.843000 2689.575684 2798.894287
211 4.865000 2689.575684 2798.444580
212 4.890000 2689.575684 2812.356201
213 4.912000 2689.575684 2803.338379
214 4.940000 2689.575684 2798.809082
215 4.963000 2689.575684 2796.804688
216 4.986000 2689.575684 2798.961670
217 5.012000 2689.575684 2796.915527
218 5.036000 2689.575684 2809.793701
219 5.058000 2689.575684 2796.664307
220 5.080000 2689.575684 2809.481201
221 5.099000 2689.575684 2801.844727
222 5.119000 2689.575684 2797.833984
223 5.142000 2689.575684 2797.063477
224 5.164000 2689.575684 2793.218018
225 5.188000 2689.575684 2790.309570
226 5.209000 2689.575684 2788.554688
227 5.234000 2689.575684 2787.989990
228 5.256000 2689.575684 2786.247559
229 5.280000 2689.575684 2784.562256
230 5.300000 2689.575684 2796.508057
231 5.323000 2689.575684 2797.134277
232 5.348000 2657.377197 2789.030518
233 5.370000 2657.377197 2786.178955
234 5.391000 2657.377197 2783.144043
235 5.417000 2657.377197 2799.042236
236 5.442000 2657.377197 2789.366455
237 5.464000 2657.377197 2805.327393
238 5.484000 2657.377197 2803.253662
239 5.507000 2657.377197 2785.777832
240 5.529000 2657.377197 2781.938721
241 5.552000 2657.377197 2781.647705
242 5.577000 2657.377197 2780.598389
243 5.599000 2657.377197 2789.228027
244 5.617000 2657.377197 2786.584473
245 5.639000 2657.377197 2791.885254
246 5.665000 2657.377197 2789.981934
247 5.688000 2657.377197 2786.134766
248 5.710000 2657.377197 2780.990723
249 5.732000 2657.377197 2779.151367
250 5.753000 2657.377197 2777.288086
251 5.777000 2657.377197 2776.485352
252 5.798000 2657.377197 2774.167236
253 5.820000 2657.377197 2770.738525
254 5.845000 2657.377197 2769.879639
255 5.866000 2657.377197 2768.960205
256 5.887000 2657.377197 2767.229980
257 5.908000 2657.377197 2766.979492
258 5.932000 2657.377197 2766.153320
259 5.953000 2657.377197 2764.242920
260 5.973000 2657.377197 2777.364258
261 5.995000 2657.377197 2773.253174
262 6.014000 2657.377197 2782.797119
263 6.037000 2657.377197 2775.343994
264 6.058000 2657.377197 2771.161621
265 6.080000 2657.377197 2770.421631
266 6.102000 2657.377197 2766.465576
267 6.126000 2657.377197 2765.983643
268 6.149000 2657.377197 2765.900879
269 6.173000 2657.377197 2764.733154
270 6.195000 2657.377197 2764.657227
271 6.222000 2657.377197 2764.354980
272 6.245000 2657.377197 2763.135986
273 6.270000 2657.377197 2762.498779
274 6.289000 2657.377197 2762.996338
275 6.311000 2657.377197 2761.648682
276 6.335000 2657.377197 2761.018799
277 6.360000 2657.377197 2761.119385
278 6.387000 2657.377197 2760.411865
279 6.409000 2657.377197 2756.848633
280 6.433000 2657.377197 2754.823242
281 6.459000 2657.377197 2754.657715
282 6.481000 2657.377197 2768.825684
283 6.505000 2657.377197 2771.913330
284 6.530000 2657.377197 2765.799316
285 6.552000 2657.377197 2764.399902
286 6.574000 2657.377197 2771.180908
287 6.597000 2657.377197 2778.260986
288 6.624000 2657.377197 2786.695313
289 6.650000 2657.377197 2773.011963
290 6.673000 2657.377197 2767.117188
291 6.693000 2657.377197 2765.272705
292 6.713000 2657.377197 2761.280273
293 6.739000 2657.377197 2758.823242
294 6.761000 2657.377197 2758.381348
295 6.786000 2657.377197 2767.180420
296 6.807000 2657.377197 2761.254395
297 6.830000 2657.377197 2759.459961
298 6.855000 2657.377197 2754.613525
299 6.877000 2657.377197 2756.670898
300 6.898000 2657.377197 2753.650879
301 6.920000 2657.377197 2753.514404
302 6.942000 2657.377197 2750.312744
303 6.968000 2657.377197 2749.749756
304 6.986000 2657.377197 2747.163086
305 7.010000 2657.377197 2745.828857
306 7.035000 2657.377197 2758.980713
307 7.060000 2657.377197 2758.924316
308 7.081000 2657.377197 2746.885986
309 7.105000 2657.377197 2746.768555
310 7.127000 2657.377197 2748.282471
311 7.152000 2657.377197 2747.423096
312 7.174000 2657.377197 2745.130859
313 7.197000 2657.377197 2744.308350
314 7.218000 2657.377197 2750.389893
315 7.239000 2657.377197 2758.224121
316 7.264000 2657.377197 2753.364014
317 7.288000 2657.377197 2770.111572
318 7.308000 2657.377197 2765.818115
319 7.329000 2657.377197 2764.692383
320 7.353000 2657.377197 2762.308105
321 7.377000 2657.377197 2760.325684
322 7.398000 2657.377197 2757.731934
323 7.421000 2657.377197 2752.018555
324 7.450000 2657.377197 2755.240967
325 7.474000 2657.377197 2752.298340
326 7.495000 2657.377197 2751.245605
327 7.515000 2657.377197 2749.490967
328 7.536000 2657.377197 2749.347412
329 7.561000 2657.377197 2746.843750
330 7.580000 2657.377197 2745.728027
331 7.599000 2657.377197 2750.656982
332 7.621000 2657.377197 2748.668945
333 7.642000 2657.377197 2747.695068
334 7.663000 2657.377197 2747.688232
335 7.683000 2657.377197 2747.659668
336 7.709000 2657.377197 2756.968018
337 7.735000 2657.377197 2759.224121
338 7.757000 2657.377197 2760.017090
339 7.782000 2657.377197 2758.506592
340 7.805000 2657.377197 2753.103027
341 7.826000 2657.377197 2752.547852
342 7.849000 2657.377197 2752.427490
343 7.872000 2657.377197 2748.974365
344 7.895000 2657.377197 2752.394043
345 7.919000 2657.377197 2775.535889
346 7.941000 2657.377197 2759.944336
347 7.966000 2657.377197 2758.639160
348 7.987000 2657.377197 2756.354980
349 8.006000 2657.377197 2753.776367
350 8.027000 2657.377197 2754.201660
351 8.050000 2657.377197 2754.168945
352 8.074000 2657.377197 2758.879883
353 8.096000 2657.377197 2764.225342
354 8.121000 2657.377197 2760.915283
355 8.143000 2657.377197 2760.313232
356 8.167000 2657.377197 2759.898682
357 8.192000 2657.377197 2759.102539
358 8.215000 2657.377197 2746.614014
359 8.235000 2657.377197 2740.557617
360 8.257000 2657.377197 2740.350586
361 8.280000 2657.377197 2747.020264
362 8.305000 2657.377197 2739.536621
363 8.329000 2657.377197 2739.283203
364 8.350000 2657.377197 2750.241455
365 8.372000 2657.377197 2745.686768
366 8.394000 2657.377197 2739.066162
367 8.415000 2657.377197 2738.970215
368 8.438000 2657.377197 2737.713867
369 8.463000 2657.377197 2746.531494
370 8.484000 2657.377197 2744.012207
371 8.507000 2657.377197 2749.331787
372 8.526000 2657.377197 2744.445557
373 8.548000 2657.377197 2743.027588
374 8.572000 2657.377197 2742.099609
375 8.593000 2657.377197 2737.362305
376 8.618000 2657.377197 2736.918701
377 8.641000 2657.377197 2736.715576
378 8.668000 2657.377197 2741.209961
379 8.689000 2657.377197 2741.165283
380 8.710000 2657.377197 2745.563721
381 8.732000 2657.377197 2752.201172
382 8.753000 2657.377197 2743.683105
383 8.777000 2657.377197 2742.292480
384 8.800000 2657.377197 2755.917480
385 8.823000 2657.377197 2748.707764
386 8.846000 2657.377197 2744.832764
387 8.870000 2657.377197 2741.771240
388 8.893000 2657.377197 2741.771240
389 8.914000 2657.377197 2741.693848
390 8.934000 2657.377197 2740.939941
391 8.954000 2657.377197 2739.970215
392 8.977000 2657.377197 2739.509766
393 9.002000 2657.377197 2738.441650
394 9.026000 2657.377197 2737.967773
395 9.047000 2657.377197 2737.535400
396 9.070000 2657.377197 2735.841309
397 9.095000 2657.377197 2734.761963
398 9.117000 2657.377197 2734.753174
399 9.138000 2657.377197 2734.742920
400 9.161000 2657.377197 2734.742920
401 9.187000 2657.377197 2734.242432
402 9.209000 2657.377197 2742.048096
403 9.228000 2657.377197 2742.025635
404 9.253000 2657.377197 2741.960205
405 9.274000 2657.377197 2746.294922
406 9.323000 2657.377197 2744.534180
407 9.350000 2657.377197 2750.700195
408 9.374000 2657.377197 2745.389648
409 9.395000 2657.377197 2738.160889
410 9.415000 2657.377197 2737.910889
411 9.438000 2657.377197 2737.716797
412 9.462000 2657.377197 2737.481445
413 9.486000 2657.377197 2735.943359
414 9.506000 2657.377197 2735.090820
415 9.527000 2657.377197 2734.970215
416 9.549000 2657.377197 2734.970215
417 9.575000 2657.377197 2734.429443
418 9.598000 2657.377197 2734.083984
419 9.620000 2657.377197 2751.739014
420 9.640000 2657.377197 2743.487305
421 9.664000 2657.377197 2743.076660
422 9.684000 2657.377197 2742.783691
423 9.707000 2657.377197 2742.618652
424 9.727000 2657.377197 2737.731445
425 9.749000 2657.377197 2739.489990
426 9.773000 2657.377197 2739.489990
427 9.796000 2657.377197 2736.761475
428 9.821000 2657.377197 2756.316650
429 9.843000 2657.377197 2755.428711
430 9.866000 2657.377197 2753.017090
431 9.888000 2657.377197 2758.810059
432 9.913000 2657.377197 2743.357422
433 9.934000 2657.377197 2740.071045
434 9.957000 2657.377197 2740.030518
435 9.977000 2657.377197 2743.585205
436 9.999000 2657.377197 2741.436523
437 10.021000 2657.377197 2741.277588
438 10.040000 2657.377197 2741.130859
439 10.060000 2657.377197 2740.747070
440 10.082000 2657.377197 2737.226318
441 10.103000 2657.377197 2737.066650
442 10.126000 2657.377197 2737.025635
443 10.145000 2657.377197 2734.981934
444 10.169000 2657.377197 2734.981934
445 10.193000 2657.377197 2732.789307
446 10.215000 2657.377197 2732.446777
447 10.241000 2657.377197 2731.383789
448 10.262000 2657.377197 2740.113525
449 10.282000 2657.377197 2739.887451
450 10.305000 2657.377197 2739.467773
451 10.330000 2657.377197 2747.780273
452 10.354000 2657.377197 2738.866455
453 10.375000 2657.377197 2738.397705
454 10.402000 2657.377197 2738.231445
455 10.427000 2657.377197 2737.406982
456 10.446000 2657.377197 2737.003174
457 10.467000 2657.377197 2749.662842
458 10.490000 2657.377197 2748.194336
459 10.511000 2657.377197 2745.011230
460 10.533000 2657.377197 2744.228760
461 10.554000 2657.377197 2754.528320
462 10.577000 2657.377197 2753.500732
463 10.599000 2657.377197 2747.415283
464 10.622000 2657.377197 2743.687500
465 10.647000 2657.377197 2741.086670
466 10.670000 2657.377197 2738.285645
467 10.695000 2657.377197 2737.549805
468 10.716000 2657.377197 2734.598145
469 10.737000 2657.377197 2729.403809
470 10.757000 2657.377197 2735.775391
471 10.782000 2657.377197 2740.639404
472 10.805000 2657.377197 2740.562744
473 10.829000 2657.377197 2740.457764
474 10.853000 2657.377197 2735.248535
475 10.876000 2657.377197 2728.549072
476 10.899000 2657.377197 2738.502441
477 10.923000 2657.377197 2731.148193
478 10.945000 2657.377197 2730.917480
479 10.966000 2657.377197 2730.513672
480 10.986000 2657.377197 2742.032715
481 11.009000 2657.377197 2733.632813
482 11.030000 2657.377197 2747.072754
483 11.051000 2657.377197 2746.736572
484 11.074000 2657.377197 2735.135254
485 11.097000 2657.377197 2741.840820
486 11.121000 2657.377197 2734.479004
487 11.141000 2657.377197 2732.766602
488 11.162000 2657.377197 2732.608643
489 11.182000 2657.377197 2732.565674
490 11.204000 2657.377197 2730.359131
491 11.230000 2657.377197 2736.318359
492 11.253000 2657.377197 2734.568359
493 11.278000 2657.377197 2731.987793
494 11.300000 2657.377197 2731.680908
495 11.321000 2657.377197 2731.658203
496 11.340000 2657.377197 2737.659668
497 11.364000 2657.377197 2736.981445
498 11.385000 2657.377197 2734.705566
499 11.403000 2657.377197 2731.935059
500 11.424000 2657.377197 2731.124756
501 11.447000 2657.377197 2729.158447
502 11.470000 2657.377197 2731.701172
503 11.491000 2657.377197 2749.815430
504 11.520000 2657.377197 2749.567139
505 11.547000 2657.377197 2743.042480
506 11.569000 2657.377197 2736.020996
507 11.589000 2657.377197 2735.459717
508 11.609000 2657.377197 2734.622070
509 11.631000 2657.377197 2733.678955
510 11.651000 2657.377197 2743.983398
511 11.677000 2657.377197 2738.506836
512 11.701000 2657.377197 2738.054688
513 11.724000 2657.377197 2731.953125
514 11.744000 2657.377197 2730.918701
515 11.763000 2657.377197 2730.658447
516 11.787000 2657.377197 2730.657715
517 11.806000 2657.377197 2730.588379
518 11.821000 2657.377197 2727.502441
519 11.843000 2657.377197 2733.153076
520 11.867000 2657.377197 2726.635010
521 11.889000 2657.377197 2725.787842
522 11.912000 2657.377197 2739.446045
523 11.934000 2657.377197 2730.919922
524 11.955000 2657.377197 2728.429443
525 11.973000 2657.377197 2727.447754
526 11.993000 2657.377197 2726.412598
527 12.014000 2657.377197 2722.386475
528 12.034000 2657.377197 2725.351563
529 12.057000 2657.377197 2722.651611
530 12.078000 2657.377197 2721.598633
531 12.101000 2657.377197 2721.156250
532 12.126000 2657.377197 2726.778809
533 12.150000 2657.377197 2725.029053
534 12.171000 2657.377197 2720.374268
535 12.193000 2657.377197 2719.283691
536 12.214000 2657.377197 2733.064697
537 12.238000 2657.377197 2726.890625
538 12.258000 2657.377197 2717.860107
539 12.281000 2657.377197 2712.783203
540 12.302000 2657.377197 2716.411621
541 12.323000 2657.377197 2698.578857
542 12.347000 2657.377197 2690.853760
543 12.366000 2657.377197 2690.853760
544 12.387000 2657.377197 2699.520264
545 12.408000 2657.377197 2692.015869
546 12.432000 2657.377197 2696.718506
547 12.452000 2657.377197 2690.870605
548 12.474000 2657.377197 2690.870605
549 12.498000 2657.377197 2690.558838
550 12.519000 2657.377197 2690.558838
551 12.543000 2657.377197 2690.558838
552 12.566000 2657.377197 2690.558838
553 12.587000 2657.377197 2690.558838
554 12.611000 2657.377197 2690.247070
555 12.636000 2657.377197 2690.247070
556 12.661000 2657.377197 2690.247070
557 12.681000 2657.377197 2690.247070
558 12.704000 2657.377197 2690.247070
559 12.730000 2657.377197 2690.247070
560 12.750000 2657.377197 2690.247070
561 12.772000 2657.377197 2690.247070
562 12.793000 2657.377197 2706.216309
563 12.816000 2657.377197 2700.047852
564 12.839000 2657.377197 2690.558838
565 12.864000 2657.377197 2690.558838
566 12.886000 2657.377197 2690.558838
567 12.907000 2657.377197 2690.558838
568 12.929000 2657.377197 2690.558838
569 12.948000 2657.377197 2690.558838
570 12.971000 2657.377197 2690.558838
571 12.993000 2657.377197 2690.558838
572 13.019000 2657.377197 2690.558838
573 13.040000 2657.377197 2690.558838
574 13.064000 2657.377197 2690.558838
575 13.086000 2657.377197 2696.676270
576 13.103000 2657.377197 2690.558838
577 13.125000 2657.377197 2698.717529
578 13.145000 2657.377197 2690.558838
579 13.165000 2657.377197 2690.558838
580 13.188000 2657.377197 2706.588379
581 13.211000 2657.377197 2690.558838
582 13.230000 2657.377197 2693.678467
583 13.252000 2657.377197 2700.238037
584 13.274000 2657.377197 2694.064697
585 13.294000 2657.377197 2690.558838
586 13.317000 2657.377197 2690.558838
587 13.340000 2657.377197 2690.558838
588 13.360000 2657.377197 2692.634033
589 13.383000 2657.377197 2699.145264
590 13.405000 2657.377197 2696.758545
591 13.428000 2657.377197 2689.935547
592 13.451000 2657.377197 2702.400391
593 13.475000 2657.377197 2689.935547
594 13.501000 2657.377197 2689.624023
595 13.525000 2657.377197 2689.624023
596 13.546000 2657.377197 2689.624023
597 13.570000 2657.377197 2689.624023
598 13.594000 2657.377197 2689.312500
599 13.614000 2657.377197 2689.312500
600 13.634000 2657.377197 2706.192139
601 13.655000 2657.377197 2700.834961
602 13.680000 2657.377197 2701.208984
603 13.704000 2657.377197 2689.624023
604 13.726000 2657.377197 2719.154053
605 13.748000 2657.377197 2705.074707
606 13.771000 2657.377197 2689.624023
607 13.792000 2657.377197 2689.624023
608 13.815000 2657.377197 2689.434570
609 13.839000 2657.377197 2689.312500
610 13.863000 2657.377197 2689.312500
611 13.888000 2657.377197 2689.312500
612 13.913000 2657.377197 2689.312500
613 13.931000 2657.377197 2689.312500
614 13.957000 2657.377197 2700.927246
615 13.981000 2657.377197 2708.053711
616 14.003000 2657.377197 2701.545410
617 14.029000 2657.377197 2689.312500
618 14.055000 2657.377197 2696.142090
619 14.077000 2657.377197 2695.094727
620 14.100000 2657.377197 2689.000977
621 14.123000 2657.377197 2689.000977
622 14.142000 2657.377197 2688.689453
623 14.162000 2657.377197 2688.689453
624 14.186000 2657.377197 2688.689453
625 14.210000 2657.377197 2709.941895
626 14.230000 2657.377197 2707.213135
627 14.249000 2657.377197 2700.361816
628 14.270000 2657.377197 2690.388184
629 14.293000 2657.377197 2688.689453
630 14.315000 2657.377197 2688.689453
631 14.339000 2657.377197 2688.689453
632 14.360000 2657.377197 2688.689453
633 14.383000 2657.377197 2688.689453
634 14.405000 2657.377197 2694.520996
635 14.428000 2657.377197 2689.000977
636 14.451000 2657.377197 2688.377930
637 14.472000 2657.377197 2688.377930
638 14.495000 2657.377197 2688.377930
639 14.518000 2657.377197 2688.377930
640 14.543000 2657.377197 2688.066162
641 14.565000 2657.377197 2697.926758
642 14.586000 2657.377197 2695.678711
643 14.605000 2657.377197 2688.377930
644 14.629000 2657.377197 2701.036865
645 14.653000 2657.377197 2700.044922
646 14.675000 2657.377197 2688.188477
647 14.699000 2657.377197 2688.188477
648 14.720000 2657.377197 2688.188477
649 14.743000 2657.377197 2698.762451
650 14.767000 2657.377197 2687.754639
651 14.788000 2657.377197 2687.443115
652 14.814000 2657.377197 2687.443115
653 14.836000 2657.377197 2687.443115
654 14.860000 2657.377197 2687.131592
655 14.881000 2657.377197 2687.131592
656 14.906000 2657.377197 2687.131592
657 14.933000 2657.377197 2687.131592
658 14.955000 2657.377197 2693.142822
659 14.978000 2657.377197 2686.820068
660 15.001000 2657.377197 2686.820068
661 15.022000 2657.377197 2686.820068
662 15.047000 2657.377197 2686.508545
663 15.065000 2657.377197 2686.196777
664 15.088000 2657.377197 2685.885254
665 15.106000 2657.377197 2685.885254
666 15.131000 2657.377197 2685.573730
667 15.154000 2657.377197 2684.761230
668 15.176000 2657.377197 2684.639160
669 15.199000 2657.377197 2683.704346
670 15.221000 2657.377197 2683.704346
671 15.243000 2657.377197 2683.081299
672 15.265000 2657.377197 2682.769775
673 15.291000 2657.377197 2681.523438
674 15.310000 2657.377197 2680.900391
675 15.332000 2657.377197 2680.588867
676 15.353000 2657.377197 2680.277100
677 15.375000 2657.377197 2690.050537
678 15.400000 2657.377197 2689.115967
679 15.421000 2657.377197 2679.484375
680 15.443000 2657.377197 2676.850098
681 15.464000 2657.377197 2681.654053
682 15.484000 2657.377197 2676.538330
683 15.509000 2657.377197 2676.538330
684 15.532000 2657.377197 2676.538330
685 15.558000 2657.377197 2676.538330
686 15.577000 2657.377197 2692.966797
687 15.598000 2657.377197 2676.538330
688 15.624000 2657.377197 2676.538330
689 15.645000 2657.377197 2676.538330
690 15.668000 2657.377197 2680.523438
691 15.690000 2657.377197 2688.398682
692 15.715000 2657.377197 2676.538330
693 15.738000 2657.377197 2676.538330
694 15.760000 2657.377197 2676.538330
695 15.783000 2657.377197 2676.538330
696 15.805000 2657.377197 2676.538330
697 15.831000 2657.377197 2676.538330
698 15.854000 2657.377197 2676.538330
699 15.877000 2657.377197 2681.169922
700 15.900000 2657.377197 2676.538330
701 15.922000 2657.377197 2676.538330
702 15.946000 2657.377197 2676.538330
703 15.968000 2657.377197 2676.538330
704 15.992000 2657.377197 2676.538330
705 16.011000 2657.377197 2683.207520
706 16.038000 2657.377197 2676.538330
707 16.062000 2657.377197 2676.538330
708 16.083000 2657.377197 2684.939453
709 16.107000 2657.377197 2676.538330
710 16.129000 2657.377197 2686.293945
711 16.149000 2657.377197 2676.538330
712 16.172000 2657.377197 2692.294434
713 16.193000 2657.377197 2676.538330
714 16.219000 2657.377197 2685.986572
715 16.241000 2657.377197 2676.538330
716 16.268000 2657.377197 2676.538330
717 16.294000 2657.377197 2676.538330
718 16.314000 2657.377197 2686.485596
719 16.338000 2657.377197 2676.538330
720 16.362000 2657.377197 2676.538330
721 16.386000 2657.377197 2676.538330
722 16.407000 2657.377197 2676.538330
723 16.429000 2657.377197 2676.538330
724 16.450000 2657.377197 2676.538330
725 16.475000 2657.377197 2676.924316
726 16.500000 2657.377197 2676.538330
727 16.522000 2657.377197 2676.538330
728 16.548000 2657.377197 2676.538330
729 16.570000 2657.377197 2676.538330
730 16.589000 2657.377197 2681.514404
731 16.615000 2657.377197 2676.538330
732 16.639000 2657.377197 2681.856445
733 16.659000 2657.377197 2694.099365
734 16.682000 2657.377197 2680.379883
735 16.706000 2657.377197 2676.538330
736 16.727000 2657.377197 2686.317383
737 16.750000 2657.377197 2679.102783
738 16.773000 2657.377197 2676.538330
739 16.798000 2657.377197 2676.538330
740 16.822000 2657.377197 2676.538330
741 16.844000 2657.377197 2682.314453
742 16.865000 2657.377197 2676.538330
743 16.890000 2657.377197 2676.538330
744 16.916000 2657.377197 2676.538330
745 16.938000 2657.377197 2683.526611
746 16.962000 2657.377197 2676.554932
747 16.984000 2657.377197 2676.554932
748 17.007000 2657.377197 2676.554932
749 17.030000 2657.377197 2676.554932
750 17.054000 2657.377197 2676.554932
751 17.075000 2657.377197 2676.554932
752 17.097000 2657.377197 2676.554932
753 17.123000 2657.377197 2676.554932
754 17.145000 2657.377197 2676.554932
755 17.170000 2657.377197 2676.554932
756 17.188000 2657.377197 2676.554932
757 17.212000 2657.377197 2676.554932
758 17.236000 2657.377197 2691.576904
759 17.258000 2657.377197 2676.554932
760 17.279000 2657.377197 2676.554932
761 17.301000 2657.377197 2676.554932
762 17.325000 2657.377197 2676.554932
763 17.347000 2657.377197 2676.554932
764 17.367000 2657.377197 2676.554932
765 17.388000 2657.377197 2676.554932
766 17.410000 2657.377197 2676.554932
767 17.433000 2657.377197 2676.554932
768 17.457000 2657.377197 2676.554932
769 17.479000 2657.377197 2676.554932
770 17.501000 2657.377197 2676.554932
771 17.523000 2657.377197 2676.554932
772 17.548000 2657.377197 2676.554932
773 17.569000 2657.377197 2686.454346
774 17.593000 2657.377197 2676.554932
775 17.614000 2657.377197 2676.554932
776 17.636000 2657.377197 2676.554932
777 17.661000 2657.377197 2697.282471
778 17.681000 2657.377197 2691.486572
779 17.706000 2657.377197 2685.360352
780 17.729000 2657.377197 2676.554932
781 17.750000 2657.377197 2676.554932
782 17.771000 2657.377197 2692.458008
783 17.791000 2657.377197 2676.554932
784 17.814000 2657.377197 2676.554932
785 17.838000 2657.377197 2676.554932
786 17.860000 2657.377197 2676.554932
787 17.882000 2657.377197 2676.554932
788 17.904000 2657.377197 2676.554932
789 17.927000 2657.377197 2676.554932
790 17.948000 2657.377197 2676.554932
791 17.971000 2657.377197 2698.444336
792 17.996000 2657.377197 2681.870850
793 18.016000 2657.377197 2683.175537
794 18.039000 2657.377197 2687.918213
795 18.059000 2657.377197 2684.882568
796 18.082000 2657.377197 2676.554932
797 18.102000 2657.377197 2676.554932
798 18.127000 2657.377197 2676.554932
799 18.148000 2657.377197 2676.554932
800 18.170000 2657.377197 2676.554932
801 18.194000 2657.377197 2676.554932
802 18.215000 2657.377197 2676.554932
803 18.239000 2657.377197 2687.845947
804 18.258000 2657.377197 2676.554932
805 18.283000 2657.377197 2681.695557
806 18.304000 2657.377197 2676.554932
807 18.328000 2657.377197 2676.554932
808 18.347000 2657.377197 2676.554932
809 18.370000 2657.377197 2684.168457
810 18.390000 2657.377197 2676.554932
811 18.414000 2657.377197 2677.007568
812 18.438000 2657.377197 2676.554932
813 18.462000 2657.377197 2676.554932
814 18.485000 2657.377197 2676.554932
815 18.508000 2657.377197 2676.554932
816 18.529000 2657.377197 2676.554932
817 18.555000 2657.377197 2680.736328
818 18.579000 2657.377197 2676.554932
819 18.601000 2657.377197 2676.554932
820 18.626000 2657.377197 2676.554932
821 18.647000 2657.377197 2676.554932
822 18.674000 2657.377197 2684.835938
823 18.697000 2657.377197 2676.554932
824 18.717000 2657.377197 2679.138428
825 18.739000 2657.377197 2676.554932
826 18.762000 2657.377197 2676.554932
827 18.782000 2657.377197 2676.554932
828 18.810000 2657.377197 2676.554932
829 18.835000 2657.377197 2676.554932
830 18.856000 2657.377197 2676.554932
831 18.878000 2657.377197 2676.554932
832 18.898000 2657.377197 2687.968994
833 18.919000 2657.377197 2676.554932
834 18.939000 2657.377197 2676.554932
835 18.963000 2657.377197 2676.554932
836 18.985000 2657.377197 2676.554932
837 19.007000 2657.377197 2676.554932
838 19.029000 2657.377197 2678.968018
839 19.048000 2657.377197 2676.554932
840 19.074000 2657.377197 2680.076904
841 19.097000 2657.377197 2676.554932
842 19.119000 2657.377197 2676.554932
843 19.140000 2657.377197 2683.219727
844 19.165000 2657.377197 2676.554932
845 19.189000 2657.377197 2676.554932
846 19.211000 2657.377197 2676.554932
847 19.233000 2657.377197 2676.554932
848 19.252000 2657.377197 2676.554932
849 19.277000 2657.377197 2676.554932
850 19.299000 2657.377197 2676.554932
851 19.321000 2657.377197 2679.833984
852 19.344000 2657.377197 2681.359131
853 19.366000 2657.377197 2687.830078
854 19.387000 2657.377197 2678.418213
855 19.411000 2657.377197 2685.213135
856 19.432000 2657.377197 2676.554932
857 19.451000 2657.377197 2676.554932
858 19.472000 2657.377197 2676.554932
859 19.496000 2657.377197 2676.554932
860 19.520000 2657.377197 2676.554932
861 19.542000 2657.377197 2676.554932
862 19.563000 2657.377197 2676.554932
863 19.586000 2657.377197 2676.554932
864 19.609000 2657.377197 2676.554932
865 19.634000 2657.377197 2688.858154
866 19.656000 2657.377197 2682.728516
867 19.679000 2657.377197 2680.285400
868 19.701000 2657.377197 2676.554932
869 19.722000 2657.377197 2691.981445
870 19.740000 2657.377197 2676.554932
871 19.762000 2657.377197 2676.554932
872 19.786000 2657.377197 2676.554932
873 19.808000 2657.377197 2684.551025
874 19.834000 2657.377197 2676.554932
875 19.861000 2657.377197 2681.325195
876 19.881000 2657.377197 2678.594482
877 19.909000 2657.377197 2676.554932
878 19.930000 2657.377197 2676.554932
879 19.957000 2657.377197 2676.554932
880 19.980000 2657.377197 2676.554932
881 20.007000 2657.377197 2676.554932
882 20.030000 2657.377197 2676.554932
883 20.052000 2657.377197 2676.554932
884 20.077000 2657.377197 2676.554932
885 20.101000 2657.377197 2676.554932
886 20.126000 2657.377197 2676.554932
887 20.145000 2657.377197 2676.554932
888 20.165000 2657.377197 2676.554932
889 20.189000 2657.377197 2676.554932
890 20.210000 2657.377197 2676.554932
891 20.235000 2657.377197 2676.554932
892 20.258000 2657.377197 2683.198975
893 20.280000 2657.377197 2676.554932
894 20.303000 2657.377197 2676.554932
895 20.325000 2657.377197 2676.554932
896 20.349000 2657.377197 2676.554932
897 20.367000 2657.377197 2676.554932
898 20.388000 2657.377197 2678.857422
899 20.407000 2657.377197 2691.811768
900 20.427000 2657.377197 2676.554932
901 20.451000 2657.377197 2676.554932
902 20.472000 2657.377197 2676.554932
903 20.495000 2657.377197 2676.554932
904 20.521000 2657.377197 2676.554932
905 20.542000 2657.377197 2676.554932
906 20.560000 2657.377197 2676.554932
907 20.583000 2657.377197 2676.554932
908 20.604000 2657.377197 2680.561035
909 20.628000 2657.377197 2676.554932
910 20.651000 2657.377197 2681.047119
911 20.674000 2657.377197 2676.554932
912 20.696000 2657.377197 2697.182129
913 20.719000 2657.377197 2676.554932
914 20.738000 2657.377197 2676.554932
915 20.759000 2657.377197 2676.554932
916 20.783000 2657.377197 2680.651367
917 20.805000 2657.377197 2680.112549
918 20.826000 2657.377197 2687.782471
919 20.850000 2657.377197 2676.554932
920 20.877000 2657.377197 2676.554932
921 20.900000 2657.377197 2690.770020
922 20.927000 2657.377197 2676.554932
923 20.951000 2657.377197 2676.554932
924 20.973000 2657.377197 2683.575195
925 20.993000 2657.377197 2676.554932
926 21.020000 2657.377197 2676.554932
927 21.042000 2657.377197 2676.554932
928 21.060000 2657.377197 2683.346680
929 21.080000 2657.377197 2676.554932
930 21.105000 2657.377197 2676.554932
931 21.129000 2657.377197 2676.554932
932 21.152000 2657.377197 2676.554932
933 21.176000 2657.377197 2676.554932
934 21.200000 2657.377197 2676.554932
935 21.226000 2657.377197 2683.409180
936 21.251000 2657.377197 2676.554932
937 21.272000 2657.377197 2677.916260
938 21.295000 2657.377197 2676.554932
939 21.318000 2657.377197 2676.554932
940 21.337000 2657.377197 2676.554932
941 21.362000 2657.377197 2676.554932
942 21.386000 2657.377197 2685.024902
943 21.411000 2657.377197 2676.554932
944 21.434000 2657.377197 2676.554932
945 21.459000 2657.377197 2676.554932
946 21.478000 2657.377197 2676.554932
947 21.503000 2657.377197 2676.554932
948 21.525000 2657.377197 2676.554932
949 21.551000 2657.377197 2694.034912
950 21.574000 2657.377197 2676.554932
951 21.598000 2657.377197 2676.554932
952 21.623000 2657.377197 2676.554932
953 21.646000 2657.377197 2676.554932
954 21.669000 2657.377197 2682.016846
955 21.692000 2657.377197 2676.554932
956 21.714000 2657.377197 2681.274658
957 21.735000 2657.377197 2676.554932
958 21.756000 2657.377197 2684.009766
959 21.781000 2657.377197 2676.554932
960 21.805000 2657.377197 2688.239014
961 21.827000 2657.377197 2687.824463
962 21.848000 2657.377197 2687.725830
963 21.871000 2657.377197 2676.554932
964 21.891000 2657.377197 2676.554932
965 21.913000 2657.377197 2676.554932
966 21.932000 2657.377197 2676.554932
967 21.955000 2657.377197 2688.466797
968 21.978000 2657.377197 2677.195068
969 22.000000 2657.377197 2676.554932
970 22.018000 2657.377197 2676.554932
971 22.039000 2657.377197 2686.051025
972 22.060000 2657.377197 2676.554932
973 22.082000 2657.377197 2683.629639
974 22.104000 2657.377197 2676.554932
975 22.127000 2657.377197 2676.554932
976 22.150000 2657.377197 2676.554932
977 22.173000 2657.377197 2685.970703
978 22.192000 2657.377197 2676.554932
979 22.216000 2657.377197 2678.915283
980 22.238000 2657.377197 2686.809326
981 22.261000 2657.377197 2680.666504
982 22.280000 2657.377197 2676.554932
983 22.305000 2657.377197 2676.554932
984 22.325000 2657.377197 2676.554932
985 22.349000 2657.377197 2676.554932
986 22.370000 2657.377197 2676.554932
987 22.391000 2657.377197 2676.554932
988 22.414000 2657.377197 2676.554932
989 22.437000 2657.377197 2676.554932
990 22.460000 2657.377197 2676.554932
991 22.478000 2657.377197 2686.043457
992 22.502000 2657.377197 2676.554932
993 22.523000 2657.377197 2676.554932
994 22.544000 2657.377197 2676.554932
995 22.566000 2657.377197 2676.554932
996 22.587000 2657.377197 2676.554932
997 22.609000 2657.377197 2676.554932
998 22.631000 2657.377197 2676.554932
999 22.653000 2657.377197 2676.554932
1000 22.677000 2657.377197 2676.554932
1001 22.704000 2657.377197 2676.554932
1002 22.724000 2657.377197 2685.631348
1003 22.748000 2657.377197 2676.554932
1004 22.773000 2657.377197 2680.008057
1005 22.798000 2657.377197 2676.554932
1006 22.820000 2657.377197 2676.554932
1007 22.839000 2657.377197 2676.554932
1008 22.860000 2657.377197 2676.554932
1009 22.881000 2657.377197 2676.554932
1010 22.905000 2657.377197 2676.554932
1011 22.927000 2657.377197 2676.554932
1012 22.952000 2657.377197 2676.554932
1013 22.972000 2657.377197 2676.554932
1014 22.998000 2657.377197 2676.554932
1015 23.019000 2657.377197 2676.554932
1016 23.043000 2657.377197 2676.554932
1017 23.060000 2657.377197 2676.554932
1018 23.084000 2657.377197 2682.974365
1019 23.107000 2657.377197 2676.554932
1020 23.129000 2657.377197 2676.554932
1021 23.150000 2657.377197 2676.554932
1022 23.170000 2657.377197 2676.554932
1023 23.195000 2657.377197 2676.554932
1024 23.219000 2657.377197 2676.554932
1025 23.241000 2657.377197 2676.554932
1026 23.265000 2657.377197 2676.554932
1027 23.288000 2657.377197 2676.554932
1028 23.311000 2657.377197 2676.554932
1029 23.333000 2657.377197 2691.111328
1030 23.355000 2657.377197 2678.970703
1031 23.381000 2657.377197 2676.554932
1032 23.404000 2657.377197 2676.554932
1033 23.425000 2657.377197 2676.554932
1034 23.444000 2657.377197 2676.554932
1035 23.469000 2657.377197 2676.554932
1036 23.489000 2657.377197 2676.554932
1037 23.510000 2657.377197 2696.710938
1038 23.532000 2657.377197 2688.364990
1039 23.555000 2657.377197 2676.554932
1040 23.576000 2657.377197 2676.554932
1041 23.600000 2657.377197 2676.554932
1042 23.624000 2657.377197 2676.554932
1043 23.648000 2657.377197 2676.554932
1044 23.672000 2657.377197 2676.554932
1045 23.694000 2657.377197 2681.523682
1046 23.715000 2657.377197 2676.554932
1047 23.737000 2657.377197 2676.554932
1048 23.759000 2657.377197 2676.554932
1049 23.784000 2657.377197 2676.554932
1050 23.807000 2657.377197 2676.554932
1051 23.830000 2657.377197 2676.554932
1052 23.854000 2657.377197 2676.554932
1053 23.876000 2657.377197 2676.554932
1054 23.900000 2657.377197 2683.892090
1055 23.922000 2657.377197 2683.000977
1056 23.943000 2657.377197 2685.303711
1057 23.967000 2657.377197 2676.554932
1058 23.985000 2657.377197 2676.554932
1059 24.008000 2657.377197 2676.554932
1060 24.035000 2657.377197 2676.554932
1061 24.056000 2657.377197 2697.843506
1062 24.077000 2657.377197 2690.813965
1063 24.099000 2657.377197 2676.554932
1064 24.120000 2657.377197 2676.554932
1065 24.143000 2657.377197 2686.623535
1066 24.167000 2657.377197 2686.948242
1067 24.193000 2657.377197 2682.030029
1068 24.219000 2657.377197 2676.554932
1069 24.243000 2657.377197 2676.554932
1070 24.265000 2657.377197 2676.554932
1071 24.285000 2657.377197 2676.554932
1072 24.309000 2657.377197 2679.363037
1073 24.328000 2657.377197 2676.554932
1074 24.349000 2657.377197 2676.554932
1075 24.369000 2657.377197 2694.302734
1076 24.389000 2657.377197 2676.554932
1077 24.411000 2657.377197 2676.554932
1078 24.431000 2657.377197 2676.554932
1079 24.452000 2657.377197 2676.554932
1080 24.470000 2657.377197 2682.127441
1081 24.493000 2657.377197 2676.554932
1082 24.514000 2657.377197 2681.190430
1083 24.534000 2657.377197 2676.554932
1084 24.560000 2657.377197 2676.554932
1085 24.583000 2657.377197 2676.554932
1086 24.608000 2657.377197 2676.554932
1087 24.632000 2657.377197 2680.572266
1088 24.657000 2657.377197 2676.554932
1089 24.681000 2657.377197 2687.269043
1090 24.701000 2657.377197 2698.894043
1091 24.722000 2657.377197 2704.626465
1092 24.744000 2657.377197 2702.124268
1093 24.767000 2657.377197 2693.438477
1094 24.786000 2657.377197 2683.974121
1095 24.808000 2657.377197 2676.554932
1096 24.831000 2657.377197 2691.000244
1097 24.857000 2657.377197 2685.218018
1098 24.877000 2657.377197 2676.554932
1099 24.899000 2657.377197 2676.554932
1100 24.928000 2657.377197 2691.435059
1101 24.952000 2657.377197 2676.554932
1102 24.975000 2657.377197 2676.554932
1103 24.997000 2657.377197 2676.554932
1104 25.020000 2657.377197 2676.554932
1105 25.045000 2657.377197 2676.554932
1106 25.068000 2657.377197 2681.573730
1107 25.092000 2657.377197 2681.910400
1108 25.114000 2657.377197 2676.758545
1109 25.137000 2657.377197 2676.554932
1110 25.157000 2657.377197 2691.390381
1111 25.180000 2657.377197 2697.936035
1112 25.202000 2657.377197 2696.237549
1113 25.224000 2657.377197 2697.854004
1114 25.249000 2657.377197 2688.997559
1115 25.273000 2657.377197 2676.554932
1116 25.293000 2657.377197 2683.136963
1117 25.313000 2657.377197 2676.554932
1118 25.339000 2657.377197 2676.554932
1119 25.360000 2657.377197 2676.554932
1120 25.385000 2657.377197 2689.468018
1121 25.405000 2657.377197 2676.554932
1122 25.430000 2657.377197 2676.554932
1123 25.450000 2657.377197 2676.554932
1124 25.471000 2657.377197 2680.096680
1125 25.492000 2657.377197 2683.593750
1126 25.515000 2657.377197 2676.554932
1127 25.539000 2657.377197 2676.554932
1128 25.560000 2657.377197 2676.554932
1129 25.584000 2657.377197 2676.554932
1130 25.608000 2657.377197 2695.313721
1131 25.629000 2657.377197 2676.554932
1132 25.654000 2657.377197 2676.554932
1133 25.677000 2657.377197 2676.554932
1134 25.700000 2657.377197 2696.894775
1135 25.724000 2657.377197 2677.876465
1136 25.743000 2657.377197 2686.305908
1137 25.768000 2657.377197 2676.554932
1138 25.789000 2657.377197 2676.554932
1139 25.809000 2657.377197 2676.554932
1140 25.830000 2657.377197 2676.554932
1141 25.855000 2657.377197 2676.554932
1142 25.875000 2657.377197 2680.032227
1143 25.899000 2657.377197 2676.554932
1144 25.919000 2657.377197 2676.554932
1145 25.940000 2657.377197 2676.554932
1146 25.964000 2657.377197 2679.999023
1147 25.988000 2657.377197 2676.554932
1148 26.011000 2657.377197 2676.554932
1149 26.032000 2657.377197 2676.873779
1150 26.053000 2657.377197 2676.554932
1151 26.074000 2657.377197 2676.554932
1152 26.098000 2657.377197 2676.554932
1153 26.119000 2657.377197 2682.159424
1154 26.142000 2657.377197 2676.554932
1155 26.167000 2657.377197 2676.554932
1156 26.190000 2657.377197 2684.639893
1157 26.213000 2657.377197 2676.554932
1158 26.236000 2657.377197 2676.554932
1159 26.258000 2657.377197 2676.781250
1160 26.284000 2657.377197 2684.950195
1161 26.306000 2657.377197 2676.554932
1162 26.327000 2657.377197 2676.554932
1163 26.353000 2657.377197 2676.554932
1164 26.374000 2657.377197 2676.554932
1165 26.397000 2657.377197 2683.780518
1166 26.423000 2657.377197 2676.554932
1167 26.447000 2657.377197 2676.554932
1168 26.470000 2657.377197 2676.554932
1169 26.491000 2657.377197 2689.405029
1170 26.514000 2657.377197 2678.818359
1171 26.539000 2657.377197 2686.875244
1172 26.563000 2657.377197 2685.727783
1173 26.580000 2657.377197 2687.245361
1174 26.602000 2657.377197 2676.554932
1175 26.628000 2657.377197 2676.554932
1176 26.687000 2657.377197 2679.533203
1177 26.709000 2657.377197 2676.554932
1178 26.729000 2657.377197 2688.087402
1179 26.757000 2657.377197 2685.739014
1180 26.784000 2657.377197 2676.554932
1181 26.806000 2657.377197 2676.554932
1182 26.827000 2657.377197 2676.554932
1183 26.850000 2657.377197 2686.413330
1184 26.869000 2657.377197 2676.554932
1185 26.895000 2657.377197 2695.468994
1186 26.919000 2657.377197 2676.554932
1187 26.942000 2657.377197 2676.554932
1188 26.967000 2657.377197 2676.554932
1189 26.992000 2657.377197 2683.399170
1190 27.012000 2657.377197 2676.554932
1191 27.030000 2657.377197 2676.554932
1192 27.052000 2657.377197 2696.302246
1193 27.076000 2657.377197 2686.888428
1194 27.101000 2657.377197 2676.554932
1195 27.123000 2657.377197 2676.554932
1196 27.146000 2657.377197 2676.554932
1197 27.170000 2657.377197 2681.104736
1198 27.192000 2657.377197 2676.554932
1199 27.217000 2657.377197 2689.843994
1200 27.241000 2657.377197 2676.554932
1201 27.262000 2657.377197 2676.554932
1202 27.282000 2657.377197 2676.554932
1203 27.304000 2657.377197 2679.864258
1204 27.324000 2657.377197 2680.791504
1205 27.346000 2657.377197 2676.554932
1206 27.368000 2657.377197 2676.554932
1207 27.392000 2657.377197 2678.119629
1208 27.417000 2657.377197 2676.554932
1209 27.439000 2657.377197 2676.554932
1210 27.463000 2657.377197 2679.599609
1211 27.486000 2657.377197 2676.554932
1212 27.511000 2657.377197 2676.554932
1213 27.535000 2657.377197 2676.554932
1214 27.557000 2657.377197 2676.554932
1215 27.583000 2657.377197 2683.452393
1216 27.605000 2657.377197 2681.328857
1217 27.629000 2657.377197 2683.429932
1218 27.650000 2657.377197 2676.554932
1219 27.675000 2657.377197 2676.554932
1220 27.700000 2657.377197 2676.554932
1221 27.718000 2657.377197 2676.554932
1222 27.742000 2657.377197 2687.619385
1223 27.767000 2657.377197 2676.554932
1224 27.791000 2657.377197 2676.554932
1225 27.812000 2657.377197 2676.554932
1226 27.834000 2657.377197 2685.990967
1227 27.856000 2657.377197 2676.554932
1228 27.877000 2657.377197 2676.554932
1229 27.901000 2657.377197 2689.283203
1230 27.925000 2657.377197 2676.554932
1231 27.950000 2657.377197 2676.554932
1232 27.973000 2657.377197 2684.598145
