0 0.000000 24698.500000 27013.529297
1 0.004000 23897.111328 27013.529297
2 0.008000 23309.812500 26308.822266
3 0.017000 23309.812500 25911.550781
4 0.019000 23309.812500 25729.195313
5 0.023000 23023.609375 25552.085938
6 0.025000 22924.621094 25311.269531
7 0.028000 22924.621094 25162.859375
8 0.033000 22924.621094 24976.033203
9 0.037000 22787.738281 24771.189453
10 0.042000 22729.095703 24532.537109
11 0.044000 22729.095703 24276.449219
12 0.048000 22729.095703 24155.953125
13 0.051000 22457.683594 24032.570313
14 0.055000 22388.445313 23933.851563
15 0.059000 22235.195313 23764.390625
16 0.062000 22235.195313 23655.935547
17 0.065000 22235.195313 23570.681641
18 0.069000 21962.652344 23529.882813
19 0.072000 21962.652344 23449.339844
20 0.076000 21962.652344 23360.365234
21 0.079000 21962.652344 23279.765625
22 0.083000 21962.652344 23202.773438
23 0.087000 21861.611328 23142.882813
24 0.089000 21792.837891 23087.886719
25 0.092000 21792.837891 23032.289063
26 0.096000 21792.837891 22989.515625
27 0.100000 21792.837891 22953.527344
28 0.103000 21792.837891 22931.509766
29 0.107000 21792.837891 22893.738281
30 0.110000 21792.837891 22852.318359
31 0.113000 21792.837891 22829.314453
32 0.117000 21792.837891 22810.939453
33 0.121000 21792.837891 22804.335938
34 0.124000 21667.978516 22761.904297
35 0.127000 21667.978516 22715.375000
36 0.129000 21667.978516 22705.804688
37 0.132000 21667.978516 22693.115234
38 0.135000 21667.978516 22660.945313
39 0.139000 21667.978516 22650.970703
40 0.142000 21667.978516 22638.650391
41 0.145000 21667.978516 22616.695313
42 0.151000 21667.978516 22592.914063
43 0.154000 21667.978516 22561.707031
44 0.157000 21667.978516 22554.787109
45 0.160000 21667.978516 22539.216797
46 0.164000 21667.978516 22531.818359
47 0.167000 21667.978516 22523.332031
48 0.171000 21667.978516 22522.175781
49 0.174000 21667.978516 22512.123047
50 0.177000 21667.978516 22500.998047
51 0.182000 21667.978516 22500.998047
52 0.185000 21667.978516 22500.697266
53 0.188000 21667.978516 22494.671875
54 0.191000 21667.978516 22493.376953
55 0.194000 21667.978516 22491.480469
56 0.198000 21667.978516 22490.785156
57 0.201000 21667.978516 22490.546875
58 0.204000 21667.978516 22487.410156
59 0.207000 21667.978516 22485.880859
60 0.210000 21667.978516 22479.025391
61 0.215000 21667.978516 22469.304688
62 0.218000 21667.978516 22464.703125
63 0.221000 21667.978516 22450.244141
64 0.224000 21667.978516 22440.818359
65 0.228000 21667.978516 22438.150391
66 0.231000 21667.978516 22437.273438
67 0.235000 21667.978516 22437.273438
68 0.238000 21667.978516 22437.273438
69 0.242000 21667.978516 22431.419922
70 0.245000 21667.978516 22425.601563
71 0.250000 21667.978516 22425.082031
72 0.254000 21667.978516 22425.082031
73 0.257000 21667.978516 22424.953125
74 0.260000 21667.978516 22424.953125
75 0.263000 21667.978516 22421.222656
76 0.266000 21667.978516 22419.472656
77 0.270000 21667.978516 22419.470703
78 0.273000 21667.978516 22402.158203
79 0.276000 21667.978516 22399.443359
80 0.280000 21667.978516 22398.568359
81 0.283000 21667.978516 22375.937500
82 0.286000 21667.978516 22372.800781
83 0.289000 21667.978516 22372.800781
84 0.293000 21667.978516 22372.800781
85 0.296000 21667.978516 22372.800781
86 0.300000 21667.978516 22372.800781
87 0.303000 21667.978516 22372.800781
88 0.307000 21667.978516 22372.738281
89 0.311000 21667.978516 22372.152344
90 0.314000 21667.978516 22372.152344
91 0.318000 21667.978516 22372.152344
92 0.322000 21667.978516 22372.152344
93 0.325000 21667.978516 22372.152344
94 0.329000 21667.978516 22371.601563
95 0.332000 21667.978516 22371.181641
96 0.335000 21667.978516 22371.181641
97 0.338000 21667.978516 22371.181641
98 0.341000 21667.978516 22371.181641
99 0.345000 21667.978516 22371.181641
100 0.348000 21667.978516 22371.181641
101 0.351000 21667.978516 22371.181641
102 0.356000 21667.978516 22368.164063
103 0.359000 21667.978516 22368.164063
104 0.362000 21667.978516 22368.164063
105 0.365000 21667.978516 22367.822266
106 0.369000 21667.978516 22367.822266
107 0.372000 21667.978516 22367.822266
108 0.376000 21667.978516 22367.822266
109 0.379000 21667.978516 22367.822266
110 0.383000 21667.978516 22367.742188
111 0.386000 21667.978516 22365.890625
112 0.390000 21667.978516 22365.890625
113 0.393000 21667.978516 22365.890625
114 0.397000 21667.978516 22359.554688
115 0.403000 21667.978516 22359.552734
116 0.406000 21667.978516 22359.552734
117 0.409000 21667.978516 22346.384766
118 0.412000 21667.978516 22346.105469
119 0.417000 21667.978516 22318.757813
120 0.420000 21667.978516 22318.757813
121 0.424000 21667.978516 22316.904297
122 0.427000 21667.978516 22316.904297
123 0.429000 21667.978516 22316.904297
124 0.432000 21667.978516 22316.904297
125 0.435000 21667.978516 22316.904297
126 0.439000 21667.978516 22316.904297
127 0.442000 21667.978516 22316.904297
128 0.445000 21667.978516 22316.904297
129 0.450000 21446.636719 22314.898438
130 0.452000 21446.636719 22302.169922
131 0.456000 21446.636719 22302.169922
132 0.459000 21446.636719 22302.169922
133 0.463000 21446.636719 22302.169922
134 0.467000 21446.636719 22302.169922
135 0.470000 21446.636719 22300.193359
136 0.473000 21446.634766 22300.193359
137 0.477000 21446.634766 22287.466797
138 0.481000 21446.634766 22287.466797
139 0.485000 21446.634766 22287.466797
140 0.488000 21446.634766 22287.466797
141 0.491000 21446.634766 22287.466797
142 0.495000 21446.634766 22287.466797
143 0.498000 21446.634766 22287.466797
144 0.501000 21446.634766 22287.466797
145 0.505000 21446.634766 22287.466797
146 0.509000 21446.634766 22287.466797
147 0.512000 21446.634766 22287.466797
148 0.515000 21446.634766 22287.466797
149 0.518000 21446.634766 22287.466797
150 0.521000 21446.634766 22287.466797
151 0.525000 21446.634766 22287.466797
152 0.529000 21446.634766 22287.033203
153 0.532000 21446.634766 22287.033203
154 0.536000 21446.634766 22287.033203
155 0.539000 21446.634766 22287.033203
156 0.543000 21446.634766 22287.033203
157 0.547000 21446.634766 22272.193359
158 0.550000 21446.634766 22272.193359
159 0.554000 21446.634766 22272.193359
160 0.557000 21446.634766 22272.193359
161 0.561000 21446.634766 22272.193359
162 0.564000 21446.634766 22272.193359
163 0.567000 21446.634766 22272.193359
164 0.572000 21446.634766 22272.193359
165 0.575000 21446.634766 22265.828125
166 0.580000 21446.634766 22265.828125
167 0.584000 21446.634766 22265.017578
168 0.588000 21446.634766 22265.017578
169 0.591000 21446.634766 22265.017578
170 0.594000 21446.634766 22265.017578
171 0.598000 21446.634766 22263.037109
172 0.602000 21446.634766 22263.037109
173 0.605000 21446.634766 22263.037109
174 0.608000 21446.634766 22263.037109
175 0.611000 21446.634766 22260.796875
176 0.617000 21446.634766 22260.796875
177 0.621000 21446.634766 22260.796875
178 0.624000 21446.634766 22260.207031
179 0.628000 21446.634766 22255.349609
180 0.632000 21446.634766 22246.099609
181 0.637000 21446.634766 22246.101563
182 0.641000 21446.634766 22246.101563
183 0.643000 21446.634766 22246.101563
184 0.648000 21446.634766 22246.101563
185 0.653000 21446.634766 22245.873047
186 0.656000 21446.634766 22245.873047
187 0.659000 21446.634766 22245.300781
188 0.662000 21446.634766 22237.175781
189 0.671000 21446.634766 22237.175781
190 0.674000 21446.634766 22237.175781
191 0.678000 21446.634766 22229.054688
192 0.684000 21446.634766 22227.974609
193 0.687000 21446.634766 22222.824219
194 0.690000 21446.634766 22222.824219
195 0.694000 21446.634766 22222.824219
196 0.699000 21446.634766 22222.824219
197 0.702000 21446.634766 22221.384766
198 0.706000 21446.634766 22221.386719
199 0.710000 21446.634766 22221.386719
200 0.716000 21446.634766 22221.386719
201 0.719000 21446.634766 22221.386719
202 0.723000 21446.634766 22221.386719
203 0.726000 21446.634766 22221.386719
204 0.730000 21446.634766 22221.222656
205 0.734000 21446.634766 22220.970703
206 0.737000 21446.634766 22220.970703
207 0.739000 21446.634766 22220.105469
208 0.743000 21446.634766 22220.105469
209 0.747000 21446.634766 22220.105469
210 0.752000 21446.634766 22219.140625
211 0.756000 21446.634766 22219.142578
212 0.759000 21446.634766 22202.273438
213 0.762000 21446.634766 22200.462891
214 0.766000 21446.634766 22200.296875
215 0.769000 21446.634766 22200.296875
216 0.772000 21446.634766 22200.296875
217 0.775000 21446.634766 22200.296875
218 0.778000 21446.634766 22200.296875
219 0.782000 21446.634766 22200.296875
220 0.785000 21446.634766 22198.695313
221 0.788000 21446.634766 22198.480469
222 0.791000 21446.634766 22198.480469
223 0.794000 21446.634766 22198.480469
224 0.798000 21446.634766 22195.205078
225 0.801000 21446.634766 22195.205078
226 0.804000 21446.634766 22195.205078
227 0.807000 21446.634766 22195.205078
228 0.811000 21446.634766 22191.890625
229 0.815000 21446.634766 22191.890625
230 0.818000 21446.634766 22191.890625
231 0.821000 21446.634766 22191.890625
232 0.824000 21446.634766 22191.890625
233 0.828000 21446.634766 22191.890625
234 0.831000 21446.634766 22191.890625
235 0.834000 21446.634766 22191.890625
236 0.837000 21446.634766 22191.890625
