0 0.000000 3147.463135 3345.299805
1 0.024000 3066.257080 3345.299805
2 0.045000 3002.306641 3334.614746
3 0.067000 2949.781738 3540.669434
4 0.087000 2925.115234 3746.451172
5 0.114000 2925.115234 4011.639160
6 0.140000 2877.961670 3915.384766
7 0.167000 2862.186768 3883.695557
8 0.193000 2859.992676 4235.654785
9 0.217000 2859.992676 4589.111328
10 0.241000 2859.992676 4515.031250
11 0.266000 2854.239014 4505.188965
12 0.291000 2848.201172 4367.932129
13 0.314000 2848.201172 4745.553223
14 0.341000 2847.291992 4806.708984
15 0.360000 2847.291992 4552.681641
16 0.384000 2847.291992 4519.907715
17 0.408000 2847.291992 4749.013184
18 0.433000 2847.291992 5099.458008
19 0.460000 2847.291992 5070.631836
20 0.485000 2847.291992 5092.031738
21 0.542000 2847.291992 5093.790527
22 0.575000 2847.291992 5047.699707
23 0.598000 2847.291992 4931.045410
24 0.623000 2847.291992 4854.259277
25 0.646000 2847.291992 5240.073242
26 0.668000 2847.291992 5194.847168
27 0.693000 2847.291992 5218.035156
28 0.716000 2847.291992 5063.656738
29 0.737000 2847.291992 5023.615234
30 0.762000 2847.291992 5167.217773
31 0.782000 2847.291992 5083.127930
32 0.804000 2847.291992 5084.043457
33 0.831000 2847.291992 5009.277344
34 0.851000 2847.291992 5093.813965
35 0.875000 2847.291992 5313.650391
36 0.899000 2847.291992 5350.521484
37 0.923000 2847.291992 5245.713867
38 0.946000 2847.291992 5255.359375
39 0.968000 2847.291992 5243.073730
40 0.996000 2847.291992 5413.407715
41 1.021000 2847.291992 5370.113770
42 1.049000 2847.291992 5544.502930
43 1.073000 2847.291992 5602.568359
44 1.102000 2847.291992 5476.636719
45 1.126000 2847.291992 5443.211914
46 1.152000 2847.291992 5744.697266
47 1.178000 2847.291992 5706.309570
48 1.202000 2847.291992 5899.246094
49 1.225000 2847.291992 6026.183594
50 1.252000 2847.291992 6046.316406
51 1.279000 2847.291992 5825.643555
52 1.305000 2847.291992 5835.075195
53 1.331000 2847.291992 5793.074219
54 1.358000 2847.291992 5948.131348
55 1.382000 2847.291992 5799.798340
56 1.408000 2847.291992 5655.209961
57 1.432000 2847.291992 5764.013672
58 1.456000 2847.291992 5556.528809
59 1.478000 2847.291992 5554.321289
60 1.498000 2847.291992 5534.423340
61 1.521000 2847.291992 5737.089844
62 1.544000 2847.291992 5750.738281
63 1.572000 2847.291992 5778.812500
64 1.591000 2847.291992 5372.718750
65 1.615000 2847.291992 5254.841797
66 1.639000 2847.291992 5165.610840
67 1.665000 2847.291992 5147.821289
68 1.689000 2847.291992 4996.787109
69 1.709000 2847.291992 5138.529297
70 1.733000 2847.291992 5320.649414
71 1.751000 2847.291992 5545.335449
72 1.773000 2847.291992 5640.703613
73 1.798000 2847.291992 5862.634766
74 1.818000 2847.291992 5781.805664
75 1.841000 2847.291992 5932.100098
76 1.866000 2847.291992 6014.674316
77 1.888000 2847.291992 6278.944824
78 1.912000 2847.291992 6089.859375
79 1.934000 2847.291992 5933.525391
80 1.959000 2847.291992 6146.429199
81 1.982000 2847.291992 5961.071289
82 2.004000 2847.291992 5650.231934
83 2.025000 2847.291992 5503.731445
84 2.046000 2847.291992 5665.680664
85 2.066000 2847.291992 5864.986328
86 2.089000 2847.291992 5501.451172
87 2.111000 2847.291992 5720.118652
88 2.135000 2847.291992 6040.281738
89 2.159000 2847.291992 5819.321289
90 2.181000 2847.291992 5874.979980
91 2.202000 2847.291992 5766.062500
92 2.223000 2847.291992 5660.321777
93 2.245000 2847.291992 5659.116699
94 2.266000 2847.291992 5817.361816
95 2.287000 2847.291992 5711.413086
96 2.309000 2847.291992 5645.540527
97 2.333000 2847.291992 5658.361816
98 2.353000 2847.291992 5566.076660
99 2.375000 2847.291992 5272.251465
100 2.396000 2847.291992 5237.285156
101 2.416000 2847.291992 5225.516113
102 2.438000 2847.291992 5329.171875
103 2.460000 2847.291992 5332.041992
104 2.484000 2847.291992 5574.270020
105 2.506000 2847.291992 5851.410156
106 2.527000 2847.291992 5669.642578
107 2.548000 2847.291992 5310.839844
108 2.573000 2847.291992 5414.814453
109 2.596000 2847.291992 5318.066895
110 2.618000 2847.291992 5431.776855
111 2.640000 2847.291992 5545.539551
112 2.664000 2847.291992 5753.386230
113 2.687000 2847.291992 5900.860840
114 2.709000 2847.291992 5767.721680
115 2.735000 2847.291992 5892.894531
116 2.760000 2847.291992 5815.435547
117 2.783000 2847.291992 5951.395020
118 2.800000 2847.291992 5582.333984
119 2.824000 2847.291992 5400.812988
120 2.844000 2847.291992 5633.450195
121 2.869000 2847.291992 5628.361816
122 2.893000 2847.291992 5397.712891
123 2.915000 2847.291992 5171.577637
124 2.935000 2847.291992 5282.219238
125 2.955000 2847.291992 5838.101074
126 2.977000 2847.291992 5680.103516
127 3.002000 2847.291992 5604.451172
128 3.026000 2847.291992 5556.984375
129 3.050000 2847.291992 5436.342285
130 3.073000 2847.291992 5430.346191
131 3.096000 2847.291992 5303.589355
132 3.120000 2847.291992 5325.531250
133 3.141000 2847.291992 5053.200195
134 3.167000 2847.291992 5336.459961
135 3.191000 2847.291992 5598.690430
136 3.214000 2847.291992 5542.168945
137 3.239000 2847.291992 5548.811035
138 3.262000 2847.291992 5587.832520
139 3.285000 2847.291992 5365.122070
140 3.305000 2847.291992 5572.562500
141 3.330000 2847.291992 5876.571777
142 3.352000 2847.291992 5616.926758
143 3.376000 2847.291992 5863.181152
144 3.396000 2847.291992 5717.806641
145 3.428000 2847.291992 5675.779297
146 3.452000 2847.291992 5517.972656
147 3.473000 2847.291992 5644.922363
148 3.499000 2847.291992 5702.182617
149 3.521000 2847.291992 5597.867676
150 3.542000 2847.291992 5647.568848
151 3.561000 2847.291992 5487.723633
152 3.583000 2847.291992 5378.836914
153 3.607000 2847.291992 5258.256348
154 3.629000 2847.291992 5200.672852
155 3.650000 2847.291992 5209.547363
156 3.672000 2847.291992 5521.833984
157 3.696000 2847.291992 5446.714844
158 3.718000 2847.291992 5394.379883
159 3.742000 2847.291992 5684.937988
160 3.764000 2847.291992 5382.969238
161 3.788000 2847.291992 5628.876465
162 3.812000 2847.291992 5700.433105
163 3.835000 2847.291992 5427.154297
164 3.858000 2847.291992 5543.399414
165 3.880000 2847.291992 5404.492676
166 3.901000 2847.291992 5475.372070
167 3.924000 2847.291992 5227.150879
168 3.946000 2847.291992 5490.986816
169 3.969000 2847.291992 5538.006348
170 3.992000 2847.291992 5482.266113
171 4.017000 2847.291992 5806.208984
172 4.044000 2847.291992 5751.602539
173 4.067000 2847.291992 5570.859375
174 4.087000 2847.291992 5360.251953
175 4.108000 2847.291992 5506.882324
176 4.133000 2847.291992 5548.088867
177 4.152000 2847.291992 5776.620117
178 4.176000 2847.291992 5946.011719
179 4.199000 2847.291992 5789.040039
180 4.222000 2847.291992 5777.843750
181 4.246000 2847.291992 5681.910156
182 4.268000 2847.291992 6083.199219
183 4.290000 2847.291992 5818.107910
184 4.314000 2847.291992 5676.453125
185 4.335000 2847.291992 5567.021973
186 4.355000 2847.291992 6003.075195
187 4.378000 2847.291992 5972.642578
188 4.401000 2847.291992 5871.085449
189 4.422000 2847.291992 5812.771973
190 4.448000 2847.291992 5897.000000
191 4.472000 2847.291992 5792.899414
192 4.493000 2847.291992 5561.603027
193 4.512000 2847.291992 5682.685547
194 4.537000 2847.291992 5950.383789
195 4.562000 2847.291992 5990.673340
196 4.588000 2847.291992 5732.399414
197 4.609000 2847.291992 6032.398926
198 4.631000 2847.291992 6032.910156
199 4.655000 2847.291992 6392.553223
200 4.675000 2847.291992 6308.609375
201 4.696000 2847.291992 6187.557617
202 4.720000 2847.291992 6296.600586
203 4.742000 2847.291992 6083.085449
204 4.768000 2847.291992 6059.301758
205 4.790000 2847.291992 6263.615234
206 4.814000 2847.291992 6048.527344
207 4.838000 2847.291992 5868.546875
208 4.859000 2847.291992 5797.461426
209 4.884000 2847.291992 6089.627441
210 4.904000 2847.291992 5940.798340
211 4.924000 2847.291992 5728.488770
212 4.947000 2847.291992 5518.931641
213 4.968000 2847.291992 5577.614258
214 4.991000 2847.291992 5962.279297
215 5.009000 2847.291992 5847.263672
216 5.033000 2847.291992 5915.162598
217 5.054000 2847.291992 6111.577637
218 5.078000 2847.291992 5997.343750
219 5.103000 2847.291992 5784.008789
220 5.124000 2847.291992 5446.319336
221 5.153000 2847.291992 5692.292480
222 5.175000 2847.291992 5712.408691
223 5.200000 2847.291992 5653.845215
224 5.219000 2847.291992 5475.807617
225 5.239000 2847.291992 5417.541992
226 5.262000 2847.291992 5515.337402
227 5.286000 2847.291992 5390.334961
228 5.307000 2847.291992 5347.842285
229 5.330000 2847.291992 5482.130859
230 5.353000 2847.291992 5611.035645
231 5.373000 2847.291992 5285.651367
232 5.396000 2847.291992 5227.333496
233 5.417000 2847.291992 5159.566406
234 5.445000 2847.291992 5524.878906
235 5.465000 2847.291992 5517.876465
236 5.484000 2847.291992 5475.207520
237 5.508000 2847.291992 5466.535645
238 5.532000 2847.291992 5176.106934
239 5.555000 2847.291992 5165.806641
240 5.577000 2847.291992 5154.461426
241 5.605000 2847.291992 5310.747559
242 5.626000 2847.291992 5177.587891
243 5.647000 2847.291992 5080.410156
244 5.668000 2847.291992 5166.993652
245 5.692000 2847.291992 5335.399414
246 5.714000 2847.291992 5232.188965
247 5.736000 2847.291992 5228.876953
248 5.758000 2847.291992 5205.927734
249 5.781000 2847.291992 5309.528809
250 5.804000 2847.291992 5427.092285
251 5.828000 2847.291992 5379.305176
252 5.852000 2847.291992 5385.850098
253 5.876000 2847.291992 5137.147461
254 5.899000 2847.291992 4967.884277
255 5.921000 2847.291992 4983.908203
256 5.943000 2847.291992 5046.512207
257 5.964000 2847.291992 4956.758789
258 5.985000 2847.291992 4953.452637
259 6.009000 2847.291992 5673.565430
260 6.031000 2847.291992 5428.290039
261 6.057000 2847.291992 5775.509766
262 6.081000 2847.291992 5718.592285
263 6.105000 2847.291992 5771.259277
264 6.129000 2847.291992 5445.435547
265 6.154000 2847.291992 5383.669434
266 6.173000 2847.291992 5239.217285
267 6.197000 2847.291992 5146.275879
268 6.221000 2847.291992 5290.991211
269 6.244000 2847.291992 5242.252930
270 6.266000 2847.291992 5097.423340
271 6.290000 2847.291992 5186.750488
272 6.312000 2847.291992 5284.981934
273 6.336000 2847.291992 5255.829590
274 6.361000 2847.291992 5253.494141
275 6.383000 2847.291992 5486.717285
276 6.406000 2847.291992 5428.521484
277 6.432000 2847.291992 5520.234375
278 6.456000 2847.291992 5488.799805
279 6.479000 2847.291992 5687.545410
280 6.500000 2847.291992 5556.199219
281 6.525000 2847.291992 5665.098145
282 6.548000 2847.291992 5589.628906
283 6.571000 2847.291992 5545.329590
284 6.593000 2847.291992 5689.137695
285 6.614000 2847.291992 5820.542480
286 6.637000 2847.291992 5589.242676
287 6.660000 2847.291992 5622.023926
288 6.685000 2847.291992 5479.688965
289 6.704000 2847.291992 5432.698242
290 6.727000 2847.291992 5329.931641
291 6.751000 2847.291992 5282.586426
292 6.773000 2847.291992 5375.179199
293 6.797000 2847.291992 5220.655762
294 6.817000 2847.291992 5079.179199
295 6.839000 2847.291992 5161.032715
296 6.868000 2847.291992 5359.296875
297 6.890000 2847.291992 5266.073242
298 6.914000 2847.291992 5454.964355
299 6.937000 2847.291992 5409.904785
300 6.958000 2847.291992 5545.359375
301 6.980000 2847.291992 5617.523926
302 7.002000 2847.291992 5584.819336
303 7.025000 2847.291992 5577.336914
304 7.046000 2847.291992 5332.249512
305 7.070000 2847.291992 5678.244141
306 7.091000 2847.291992 5431.453125
307 7.113000 2847.291992 5787.488281
308 7.137000 2847.291992 5654.825195
309 7.160000 2847.291992 5604.104980
310 7.184000 2847.291992 5292.575684
311 7.208000 2847.291992 5519.681152
312 7.231000 2847.291992 5433.649414
313 7.253000 2847.291992 5346.396484
314 7.279000 2847.291992 5117.648438
315 7.302000 2847.291992 5200.621582
316 7.325000 2847.291992 5129.445313
317 7.348000 2847.291992 5246.412109
318 7.369000 2847.291992 5388.683105
319 7.390000 2847.291992 6136.819824
320 7.415000 2847.291992 6001.195801
321 7.440000 2847.291992 6327.031250
322 7.462000 2847.291992 6444.520508
323 7.484000 2847.291992 6388.038574
324 7.507000 2847.291992 6464.441895
325 7.527000 2847.291992 6499.939941
326 7.552000 2847.291992 6478.895508
327 7.572000 2847.291992 6231.316406
328 7.596000 2847.291992 6025.776367
329 7.619000 2847.291992 5716.004395
330 7.640000 2847.291992 5661.158203
331 7.663000 2847.291992 5409.392090
332 7.688000 2847.291992 5729.848633
333 7.712000 2847.291992 5594.546875
334 7.732000 2847.291992 5579.484375
335 7.755000 2847.291992 5680.330566
336 7.778000 2847.291992 5578.859863
337 7.798000 2847.291992 5433.496094
338 7.819000 2847.291992 5448.101074
339 7.838000 2847.291992 5551.360840
340 7.864000 2847.291992 5892.023926
341 7.886000 2847.291992 5592.593262
342 7.909000 2847.291992 5760.271484
343 7.927000 2847.291992 5607.931152
344 7.952000 2847.291992 5849.841309
345 7.975000 2847.291992 5613.166016
346 7.998000 2847.291992 5919.529785
347 8.023000 2847.291992 6117.950684
348 8.043000 2847.291992 6182.758301
349 8.065000 2847.291992 6061.871094
350 8.089000 2847.291992 6161.758301
351 8.110000 2847.291992 6011.885742
352 8.136000 2847.291992 6291.868652
353 8.158000 2847.291992 6128.354980
354 8.180000 2847.291992 6169.968750
355 8.205000 2847.291992 6195.442383
356 8.225000 2847.291992 5986.803223
357 8.248000 2847.291992 5703.218262
358 8.271000 2847.291992 5857.448242
359 8.294000 2847.291992 5867.453125
360 8.318000 2847.291992 5991.850586
361 8.340000 2847.291992 5936.857910
362 8.363000 2847.291992 5849.406250
363 8.386000 2847.291992 5928.951660
364 8.408000 2847.291992 5658.190430
365 8.430000 2847.291992 5691.883789
366 8.451000 2847.291992 5460.478516
367 8.471000 2847.291992 5417.980469
368 8.492000 2847.291992 5373.895508
369 8.515000 2847.291992 5597.129395
370 8.536000 2847.291992 5466.647949
371 8.559000 2847.291992 5575.522949
372 8.581000 2847.291992 5581.182617
373 8.604000 2847.291992 5633.447266
374 8.626000 2847.291992 5735.953613
375 8.647000 2847.291992 5802.179199
376 8.670000 2847.291992 5691.561035
377 8.692000 2847.291992 5636.681641
378 8.716000 2847.291992 5945.363281
379 8.738000 2847.291992 5786.788574
380 8.762000 2847.291992 5705.541992
381 8.786000 2847.291992 5580.537109
382 8.812000 2847.291992 5767.037109
383 8.833000 2847.291992 6089.018066
384 8.857000 2847.291992 5839.208008
385 8.875000 2847.291992 5807.808594
386 8.898000 2847.291992 5740.952637
387 8.918000 2847.291992 5885.368164
388 8.940000 2847.291992 5830.795410
389 8.964000 2847.291992 6403.191895
390 8.987000 2847.291992 6217.376465
391 9.008000 2847.291992 6117.562012
392 9.030000 2847.291992 6203.235840
393 9.049000 2847.291992 6228.810547
394 9.073000 2847.291992 6472.986328
395 9.096000 2847.291992 6241.549316
396 9.117000 2847.291992 6214.881836
397 9.142000 2847.291992 6451.326172
398 9.169000 2847.291992 6208.143066
399 9.191000 2847.291992 6341.895508
400 9.211000 2847.291992 6189.175781
401 9.233000 2847.291992 6164.512695
402 9.256000 2847.291992 6060.134766
403 9.280000 2847.291992 6010.738770
404 9.302000 2847.291992 6294.273926
405 9.326000 2847.291992 6098.679199
406 9.351000 2847.291992 5885.818359
407 9.375000 2847.291992 5655.074219
408 9.401000 2847.291992 5856.492676
409 9.425000 2847.291992 5857.043945
410 9.454000 2847.291992 5755.405762
411 9.477000 2847.291992 5743.526855
412 9.501000 2847.291992 5631.541016
413 9.525000 2847.291992 5553.721680
414 9.544000 2847.291992 5637.430176
415 9.567000 2847.291992 5905.431641
416 9.591000 2847.291992 6255.841797
417 9.618000 2847.291992 6538.539551
418 9.638000 2847.291992 6198.518066
419 9.662000 2847.291992 6241.335449
420 9.682000 2847.291992 5834.859375
421 9.700000 2847.291992 6056.311035
422 9.721000 2847.291992 6059.232910
423 9.744000 2847.291992 6326.308594
424 9.766000 2847.291992 6091.645020
425 9.787000 2847.291992 5771.004395
426 9.808000 2847.291992 5623.467285
427 9.830000 2847.291992 5706.685547
428 9.850000 2847.291992 6006.508301
429 9.873000 2847.291992 6112.031738
430 9.899000 2847.291992 6167.666016
431 9.921000 2847.291992 6082.049316
432 9.945000 2847.291992 5924.342285
433 9.963000 2847.291992 5878.505859
434 9.988000 2847.291992 5851.655762
435 10.010000 2847.291992 5974.747070
436 10.035000 2847.291992 6113.272461
437 10.057000 2847.291992 6111.888672
438 10.082000 2847.291992 5943.892090
439 10.105000 2847.291992 5977.476074
440 10.129000 2847.291992 5673.424316
441 10.151000 2847.291992 5528.243164
442 10.172000 2847.291992 5482.171875
443 10.198000 2847.291992 5643.748047
444 10.222000 2847.291992 5438.623535
445 10.244000 2847.291992 5296.277344
446 10.271000 2847.291992 5360.821289
447 10.293000 2847.291992 5278.084473
448 10.316000 2847.291992 5538.310059
449 10.337000 2847.291992 5666.671875
450 10.361000 2847.291992 5556.254883
451 10.384000 2847.291992 5564.181641
452 10.407000 2847.291992 5430.495605
453 10.435000 2847.291992 5359.111816
454 10.458000 2847.291992 5263.683105
455 10.481000 2847.291992 5296.571777
456 10.502000 2847.291992 5678.642090
457 10.527000 2847.291992 5776.911133
458 10.547000 2847.291992 5632.039551
459 10.569000 2847.291992 5325.495117
460 10.592000 2847.291992 5235.040039
461 10.615000 2847.291992 5334.430664
462 10.641000 2847.291992 5393.178711
463 10.664000 2847.291992 5328.044434
464 10.687000 2847.291992 5316.617676
465 10.710000 2847.291992 5539.487305
466 10.734000 2847.291992 5602.386230
467 10.754000 2847.291992 5671.174805
468 10.782000 2847.291992 5877.020508
469 10.808000 2847.291992 5882.975098
470 10.832000 2847.291992 5679.492676
471 10.854000 2847.291992 5545.132324
472 10.873000 2847.291992 5675.979980
473 10.895000 2847.291992 5564.360840
474 10.916000 2847.291992 5782.635742
475 10.940000 2847.291992 6165.028809
476 10.959000 2847.291992 6221.863281
477 10.981000 2847.291992 6057.053711
478 11.003000 2847.291992 5871.931152
479 11.023000 2847.291992 5679.658691
480 11.042000 2847.291992 5747.978516
481 11.068000 2847.291992 5706.634277
482 11.089000 2847.291992 5514.291992
483 11.112000 2847.291992 5674.613770
484 11.132000 2847.291992 5790.799316
485 11.154000 2847.291992 5700.679199
486 11.177000 2847.291992 5516.681152
487 11.199000 2847.291992 5559.419922
488 11.226000 2847.291992 5731.816406
489 11.248000 2847.291992 5815.395020
490 11.271000 2847.291992 5658.654785
491 11.291000 2847.291992 5772.328125
492 11.310000 2847.291992 5618.607422
493 11.337000 2847.291992 5902.052734
494 11.358000 2847.291992 5897.115234
495 11.378000 2847.291992 6085.028320
496 11.402000 2847.291992 6244.616211
497 11.422000 2847.291992 6278.061035
498 11.445000 2847.291992 6306.643066
499 11.468000 2847.291992 6380.125488
500 11.490000 2847.291992 6202.651855
501 11.516000 2847.291992 6185.580078
502 11.533000 2847.291992 6094.133301
503 11.555000 2847.291992 5926.033203
504 11.576000 2847.291992 5833.214355
505 11.598000 2847.291992 6212.308105
506 11.620000 2847.291992 6113.154297
507 11.644000 2847.291992 6199.086426
508 11.668000 2847.291992 6293.955566
509 11.693000 2847.291992 6235.126953
510 11.716000 2847.291992 5930.080078
511 11.737000 2847.291992 5714.835449
512 11.758000 2847.291992 6162.586426
513 11.781000 2847.291992 5777.615234
514 11.804000 2847.291992 6082.281738
515 11.822000 2847.291992 6138.834961
516 11.845000 2847.291992 6132.602051
517 11.865000 2847.291992 5930.247559
518 11.887000 2847.291992 6090.048340
519 11.909000 2847.291992 6072.305176
520 11.931000 2847.291992 5806.748535
521 11.953000 2847.291992 6125.805176
522 11.977000 2847.291992 5989.294922
523 12.000000 2847.291992 5887.760742
524 12.020000 2847.291992 5710.630859
525 12.043000 2847.291992 5806.700684
526 12.063000 2847.291992 5782.571289
527 12.084000 2847.291992 5788.721680
528 12.107000 2847.291992 5841.803223
529 12.131000 2847.291992 5665.987305
530 12.150000 2847.291992 5873.856934
531 12.170000 2847.291992 5759.123047
532 12.193000 2847.291992 5687.596191
533 12.215000 2847.291992 5568.303223
534 12.240000 2847.291992 5727.259766
535 12.264000 2847.291992 5767.671387
536 12.287000 2847.291992 5618.505859
537 12.311000 2847.291992 5518.971191
538 12.330000 2847.291992 5559.850586
539 12.349000 2847.291992 5490.372070
540 12.369000 2847.291992 5537.240234
541 12.394000 2847.291992 5393.065430
542 12.415000 2847.291992 5616.303223
543 12.437000 2847.291992 5432.971191
544 12.461000 2847.291992 5687.068359
545 12.485000 2847.291992 5899.325195
546 12.508000 2847.291992 5581.442383
547 12.530000 2847.291992 5595.307617
548 12.551000 2847.291992 5282.466309
549 12.576000 2847.291992 5245.898926
550 12.600000 2847.291992 5352.315430
551 12.625000 2847.291992 5261.659180
552 12.648000 2847.291992 5419.381836
553 12.670000 2847.291992 5326.146484
554 12.696000 2847.291992 5722.593262
555 12.716000 2847.291992 5721.508789
556 12.739000 2847.291992 5778.448730
557 12.764000 2847.291992 5546.004883
558 12.786000 2847.291992 5377.986816
559 12.806000 2847.291992 5697.883301
560 12.829000 2847.291992 5798.326660
561 12.852000 2847.291992 6212.256836
562 12.877000 2847.291992 5957.924805
563 12.899000 2847.291992 6064.687500
564 12.918000 2847.291992 6058.730469
565 12.943000 2847.291992 6000.201172
566 12.964000 2847.291992 6121.287109
567 12.986000 2847.291992 6019.646484
568 13.010000 2847.291992 6080.902344
569 13.032000 2847.291992 5799.303711
570 13.053000 2847.291992 6043.851074
571 13.078000 2847.291992 5874.810059
572 13.105000 2847.291992 5693.060059
573 13.128000 2847.291992 5669.584961
574 13.154000 2847.291992 5517.631348
575 13.176000 2847.291992 5428.259766
576 13.197000 2847.291992 5678.227051
577 13.217000 2847.291992 5530.579590
578 13.239000 2847.291992 5399.080078
579 13.264000 2847.291992 5661.638184
580 13.288000 2847.291992 5535.460449
581 13.312000 2847.291992 5488.846680
582 13.333000 2847.291992 5438.393555
583 13.360000 2847.291992 5621.970703
584 13.382000 2847.291992 5528.108887
585 13.405000 2847.291992 5206.138672
586 13.426000 2847.291992 5033.263672
587 13.448000 2847.291992 5172.338379
588 13.472000 2847.291992 5497.520508
589 13.490000 2847.291992 5448.452637
590 13.514000 2847.291992 5559.968262
591 13.530000 2847.291992 5463.101074
592 13.558000 2847.291992 5510.465820
593 13.593000 2847.291992 5326.984863
594 13.616000 2847.291992 5786.680176
595 13.634000 2847.291992 5806.391113
596 13.656000 2847.291992 5842.859375
597 13.679000 2847.291992 5657.441895
598 13.701000 2847.291992 5510.733887
599 13.722000 2847.291992 5562.552734
600 13.746000 2847.291992 5610.343750
601 13.768000 2847.291992 5472.777344
602 13.787000 2847.291992 5400.832031
603 13.806000 2847.291992 5425.211426
604 13.826000 2847.291992 5400.189453
605 13.846000 2847.291992 5472.914551
606 13.867000 2847.291992 5641.812012
607 13.889000 2847.291992 5552.712891
608 13.913000 2847.291992 5463.935547
609 13.936000 2847.291992 5318.284180
610 13.959000 2847.291992 5329.208008
611 13.981000 2847.291992 5493.376465
612 14.004000 2847.291992 5471.578125
613 14.026000 2847.291992 5509.866211
614 14.049000 2847.291992 5440.779297
615 14.070000 2847.291992 5323.056641
616 14.094000 2847.291992 5309.937012
617 14.114000 2847.291992 4954.939941
618 14.137000 2847.291992 5109.054199
619 14.163000 2847.291992 5375.604980
620 14.188000 2847.291992 5286.831055
621 14.213000 2847.291992 5082.521973
622 14.238000 2847.291992 5405.169922
623 14.258000 2847.291992 5871.647949
624 14.281000 2847.291992 5808.212891
625 14.303000 2847.291992 5833.725586
626 14.322000 2847.291992 5736.958008
627 14.344000 2847.291992 5758.169922
628 14.370000 2847.291992 6225.513184
629 14.393000 2847.291992 5928.830566
630 14.415000 2847.291992 5670.616699
631 14.439000 2847.291992 5603.062500
632 14.461000 2847.291992 5684.507324
633 14.484000 2847.291992 5461.207520
634 14.506000 2847.291992 5453.925781
635 14.526000 2847.291992 5609.239258
636 14.550000 2847.291992 5994.446289
637 14.574000 2847.291992 5736.701660
638 14.596000 2847.291992 5787.394531
639 14.618000 2847.291992 5885.091309
640 14.640000 2847.291992 6046.993652
641 14.663000 2847.291992 5902.859375
642 14.689000 2847.291992 5753.531250
643 14.713000 2847.291992 5815.578125
644 14.737000 2847.291992 6026.069824
645 14.762000 2847.291992 5903.675781
646 14.784000 2847.291992 5951.456055
647 14.802000 2847.291992 5738.528809
648 14.825000 2847.291992 5888.622559
649 14.847000 2847.291992 5722.165527
650 14.870000 2847.291992 5667.147949
651 14.893000 2847.291992 5595.677734
652 14.917000 2847.291992 5484.644531
653 14.940000 2847.291992 5285.230469
654 14.962000 2847.291992 5529.484863
655 14.986000 2847.291992 5382.016113
656 15.009000 2847.291992 5285.703125
657 15.029000 2847.291992 5107.893555
658 15.047000 2847.291992 5550.996094
659 15.073000 2847.291992 5952.316895
660 15.097000 2847.291992 5812.306152
661 15.120000 2847.291992 5792.674805
662 15.143000 2847.291992 5668.433105
663 15.165000 2847.291992 5706.250488
664 15.187000 2847.291992 5700.396973
665 15.211000 2847.291992 5710.149902
666 15.236000 2847.291992 5659.437988
667 15.257000 2847.291992 5859.818848
668 15.280000 2847.291992 6065.263672
669 15.302000 2847.291992 5888.490234
670 15.319000 2847.291992 5785.566406
671 15.340000 2847.291992 5713.522461
672 15.361000 2847.291992 5803.016113
673 15.381000 2847.291992 5638.929199
674 15.406000 2847.291992 5481.730469
675 15.429000 2847.291992 5395.331055
676 15.449000 2847.291992 5338.083984
677 15.471000 2847.291992 5137.940430
678 15.492000 2847.291992 5178.939941
679 15.515000 2847.291992 5022.454590
680 15.538000 2847.291992 5235.664551
681 15.561000 2847.291992 5452.805176
682 15.587000 2847.291992 5475.008301
683 15.608000 2847.291992 5822.118652
684 15.628000 2847.291992 5988.448242
685 15.648000 2847.291992 5663.594238
686 15.672000 2847.291992 5808.708984
687 15.695000 2847.291992 6112.950684
688 15.722000 2847.291992 5982.634277
689 15.745000 2847.291992 6055.037598
690 15.769000 2847.291992 5706.328613
691 15.791000 2847.291992 5813.718262
692 15.810000 2847.291992 5958.502441
693 15.833000 2847.291992 5809.552734
694 15.855000 2847.291992 5729.798340
695 15.879000 2847.291992 5462.712402
696 15.902000 2847.291992 5443.012695
697 15.923000 2847.291992 5529.232422
698 15.947000 2847.291992 5422.008301
699 15.970000 2847.291992 5838.009766
700 15.993000 2847.291992 5846.646484
701 16.016000 2847.291992 5773.226074
702 16.039000 2847.291992 5669.768066
703 16.060000 2847.291992 5744.535156
704 16.079000 2847.291992 6038.740234
705 16.101000 2847.291992 5826.365234
706 16.122000 2847.291992 5552.256836
707 16.142000 2847.291992 5594.523926
708 16.166000 2847.291992 5653.512695
709 16.190000 2847.291992 5465.083984
710 16.210000 2847.291992 5657.772949
711 16.229000 2847.291992 5566.068848
712 16.254000 2847.291992 5689.186035
713 16.277000 2847.291992 5965.019531
714 16.298000 2847.291992 6183.183594
715 16.322000 2847.291992 6172.437012
716 16.344000 2847.291992 6399.656250
717 16.367000 2847.291992 6546.693848
718 16.390000 2847.291992 6515.660645
719 16.411000 2847.291992 6182.412109
720 16.433000 2847.291992 6601.805664
721 16.456000 2847.291992 6354.641113
722 16.478000 2847.291992 6084.898926
723 16.500000 2847.291992 6005.899414
724 16.524000 2847.291992 6014.245605
725 16.547000 2847.291992 6138.756836
726 16.569000 2847.291992 5934.754883
727 16.591000 2847.291992 6119.841309
728 16.612000 2847.291992 6041.248047
729 16.636000 2847.291992 6000.041992
730 16.660000 2847.291992 5756.245117
731 16.683000 2847.291992 5618.980469
732 16.706000 2847.291992 5774.590820
733 16.727000 2847.291992 5481.926758
734 16.748000 2847.291992 5894.098633
735 16.771000 2847.291992 5746.966309
736 16.793000 2847.291992 5635.371094
737 16.816000 2847.291992 5599.339844
738 16.840000 2847.291992 5748.382324
739 16.859000 2847.291992 5568.417969
740 16.880000 2847.291992 5997.362305
741 16.901000 2847.291992 5908.593750
742 16.925000 2847.291992 6170.127930
743 16.950000 2847.291992 5665.661133
744 16.976000 2847.291992 5872.478516
745 16.995000 2847.291992 5691.186035
746 17.020000 2847.291992 5889.341797
747 17.046000 2847.291992 5862.766113
748 17.069000 2847.291992 5607.478027
749 17.093000 2847.291992 5546.649902
750 17.119000 2847.291992 5591.441895
751 17.141000 2847.291992 5654.099609
752 17.164000 2847.291992 5460.446289
753 17.186000 2847.291992 5732.840820
754 17.211000 2847.291992 5714.691895
755 17.234000 2847.291992 5871.562500
756 17.254000 2847.291992 5848.171387
757 17.276000 2847.291992 5875.980469
758 17.294000 2847.291992 5688.954590
759 17.317000 2847.291992 5594.341797
760 17.339000 2847.291992 5651.254883
761 17.362000 2847.291992 5549.740234
762 17.386000 2847.291992 5602.666016
763 17.410000 2847.291992 5714.312500
764 17.436000 2847.291992 5475.853027
765 17.457000 2847.291992 5703.223633
766 17.479000 2847.291992 5558.677734
767 17.503000 2847.291992 5361.342285
768 17.523000 2847.291992 5621.084961
769 17.543000 2847.291992 5782.641113
770 17.568000 2847.291992 5620.998535
771 17.589000 2847.291992 5814.348633
772 17.612000 2847.291992 5635.107422
773 17.635000 2847.291992 5499.603027
774 17.660000 2847.291992 5410.318848
775 17.685000 2847.291992 5358.940430
776 17.707000 2847.291992 5345.935059
777 17.730000 2847.291992 5324.146973
778 17.749000 2847.291992 5384.564453
779 17.774000 2847.291992 5523.787598
780 17.797000 2847.291992 5392.582031
781 17.816000 2847.291992 5575.426758
782 17.839000 2847.291992 5497.029785
783 17.861000 2847.291992 5729.867676
784 17.885000 2847.291992 5754.393555
785 17.909000 2847.291992 5729.216797
786 17.930000 2847.291992 5880.787109
787 17.956000 2847.291992 5860.665039
788 17.978000 2847.291992 5796.180176
789 17.999000 2847.291992 5697.849609
790 18.020000 2847.291992 5475.908691
791 18.043000 2847.291992 5404.576660
792 18.065000 2847.291992 5286.832031
793 18.092000 2847.291992 5134.958984
794 18.114000 2847.291992 5267.558594
795 18.136000 2847.291992 5396.373535
796 18.158000 2847.291992 5754.844238
797 18.181000 2847.291992 5687.683594
798 18.206000 2847.291992 5652.122070
799 18.227000 2847.291992 5759.996094
800 18.248000 2847.291992 5693.102051
801 18.271000 2847.291992 5591.288086
802 18.291000 2847.291992 5736.114258
803 18.311000 2847.291992 5619.376465
804 18.331000 2847.291992 6051.841797
805 18.358000 2847.291992 5847.799805
806 18.380000 2847.291992 5765.461426
807 18.403000 2847.291992 5562.585449
808 18.430000 2847.291992 5556.535156
809 18.452000 2847.291992 5657.897461
810 18.477000 2847.291992 5716.539551
811 18.497000 2847.291992 5789.498047
812 18.519000 2847.291992 5736.854980
813 18.542000 2847.291992 5624.691406
814 18.568000 2847.291992 5476.524414
815 18.592000 2847.291992 5365.214844
816 18.618000 2847.291992 5600.348633
817 18.639000 2847.291992 5478.623047
818 18.661000 2847.291992 5962.521484
819 18.683000 2847.291992 5864.868164
820 18.707000 2847.291992 5896.522461
821 18.730000 2847.291992 5936.764160
822 18.754000 2847.291992 5848.198242
823 18.778000 2847.291992 5578.087402
824 18.800000 2847.291992 5762.627441
825 18.822000 2847.291992 6269.147949
826 18.848000 2847.291992 5838.539551
827 18.873000 2847.291992 5914.933105
828 18.896000 2847.291992 5781.430176
829 18.920000 2847.291992 5822.993652
830 18.944000 2847.291992 5844.881836
831 18.970000 2847.291992 5748.870117
832 18.991000 2847.291992 5753.760742
833 19.014000 2847.291992 5709.019531
834 19.034000 2847.291992 5686.600098
835 19.060000 2847.291992 5667.526855
836 19.082000 2847.291992 5694.103516
837 19.107000 2847.291992 5604.401855
838 19.133000 2847.291992 5465.651855
839 19.158000 2847.291992 5334.939453
840 19.178000 2847.291992 5521.720215
841 19.198000 2847.291992 5375.579590
842 19.217000 2847.291992 5536.149414
843 19.239000 2847.291992 5482.616699
844 19.264000 2847.291992 5450.254395
845 19.285000 2847.291992 5715.581055
846 19.308000 2847.291992 5714.312500
847 19.334000 2847.291992 5764.458008
848 19.359000 2847.291992 5524.540527
849 19.382000 2847.291992 5425.491699
850 19.405000 2847.291992 5588.461914
851 19.427000 2847.291992 5373.318848
852 19.448000 2847.291992 5376.784180
853 19.469000 2847.291992 5176.755371
854 19.492000 2847.291992 5322.475586
855 19.514000 2847.291992 5428.451172
856 19.536000 2847.291992 5190.687012
857 19.557000 2847.291992 5107.502441
858 19.578000 2847.291992 5077.353027
859 19.598000 2847.291992 4963.503906
860 19.621000 2847.291992 5097.020996
861 19.644000 2847.291992 4936.825684
862 19.666000 2847.291992 5126.445801
863 19.690000 2847.291992 5156.416992
864 19.713000 2847.291992 5460.996094
865 19.739000 2847.291992 5313.963867
866 19.763000 2847.291992 5184.611816
867 19.786000 2847.291992 5039.115723
868 19.810000 2847.291992 5105.410156
869 19.829000 2847.291992 4981.597168
870 19.850000 2847.291992 5025.747559
871 19.874000 2847.291992 4911.637695
872 19.899000 2847.291992 5246.125000
873 19.919000 2847.291992 5202.856445
874 19.944000 2847.291992 4980.022949
875 19.967000 2847.291992 4891.502930
876 19.990000 2847.291992 5056.970703
877 20.013000 2847.291992 4993.610840
878 20.033000 2847.291992 5079.880859
879 20.055000 2847.291992 5346.581055
880 20.080000 2847.291992 5488.292969
881 20.104000 2847.291992 5731.210449
882 20.126000 2847.291992 5795.340820
883 20.148000 2847.291992 5620.245605
884 20.169000 2847.291992 5498.119141
885 20.189000 2847.291992 5482.504883
886 20.214000 2847.291992 5513.682617
887 20.240000 2847.291992 5764.343750
888 20.264000 2847.291992 5576.495605
889 20.288000 2847.291992 5386.875488
890 20.309000 2847.291992 5562.542480
891 20.332000 2847.291992 5720.392090
892 20.355000 2847.291992 5567.830566
893 20.376000 2847.291992 5625.799805
894 20.398000 2847.291992 5394.050781
895 20.421000 2847.291992 5378.486328
896 20.441000 2847.291992 5398.279785
897 20.464000 2847.291992 5446.865723
898 20.486000 2847.291992 5199.564453
899 20.509000 2847.291992 5193.665527
900 20.534000 2847.291992 5437.518066
901 20.557000 2847.291992 5641.596191
902 20.578000 2847.291992 5867.727539
903 20.603000 2847.291992 5905.977051
904 20.622000 2847.291992 5764.268555
905 20.646000 2847.291992 5738.525391
906 20.669000 2847.291992 5986.088867
907 20.688000 2847.291992 5845.871094
908 20.713000 2847.291992 5892.630859
909 20.735000 2847.291992 5949.301270
910 20.756000 2847.291992 5891.008789
911 20.772000 2847.291992 5759.765625
912 20.795000 2847.291992 5824.963867
913 20.817000 2847.291992 5803.166992
914 20.839000 2847.291992 5683.046875
915 20.863000 2847.291992 5960.740234
916 20.886000 2847.291992 6066.365723
917 20.909000 2847.291992 6126.891113
918 20.934000 2847.291992 5969.662109
919 20.958000 2847.291992 5937.064453
920 20.981000 2847.291992 6034.812500
921 21.006000 2847.291992 5783.544922
922 21.030000 2847.291992 5640.505859
923 21.051000 2847.291992 5758.466309
924 21.073000 2847.291992 5942.663086
925 21.100000 2847.291992 6081.386230
926 21.123000 2847.291992 6005.541992
927 21.146000 2847.291992 6034.710449
928 21.172000 2847.291992 5947.374512
929 21.191000 2847.291992 5809.135742
930 21.212000 2847.291992 5724.075195
931 21.235000 2847.291992 5864.503906
932 21.258000 2847.291992 5498.709473
933 21.282000 2847.291992 5678.457520
934 21.305000 2847.291992 5457.788086
935 21.328000 2847.291992 5383.977539
936 21.349000 2847.291992 5394.546387
937 21.372000 2847.291992 5518.861816
938 21.394000 2847.291992 5696.307617
939 21.421000 2847.291992 5760.188965
940 21.443000 2847.291992 5717.142090
941 21.464000 2847.291992 5324.154785
942 21.484000 2847.291992 5239.113281
943 21.508000 2847.291992 5524.508789
944 21.530000 2847.291992 5931.348145
945 21.555000 2847.291992 5653.041016
946 21.579000 2847.291992 5368.508789
947 21.604000 2847.291992 5288.069336
948 21.626000 2847.291992 5472.784180
949 21.649000 2847.291992 5479.250000
950 21.671000 2847.291992 5318.397461
951 21.692000 2847.291992 5129.279785
952 21.715000 2847.291992 5034.989746
953 21.738000 2847.291992 5284.239258
954 21.760000 2847.291992 5350.062012
955 21.784000 2847.291992 5553.995605
956 21.805000 2847.291992 5467.753906
957 21.828000 2847.291992 5729.614258
958 21.851000 2847.291992 5575.866211
959 21.874000 2847.291992 5334.258789
960 21.897000 2847.291992 5085.375488
961 21.919000 2847.291992 5411.897461
962 21.942000 2847.291992 5489.482910
963 21.965000 2847.291992 5341.951172
964 21.990000 2847.291992 5318.792480
965 22.011000 2847.291992 5229.556152
966 22.036000 2847.291992 5348.319824
967 22.065000 2847.291992 5163.734375
968 22.088000 2847.291992 4928.961426
969 22.113000 2847.291992 5151.463867
970 22.138000 2847.291992 5203.064941
971 22.166000 2847.291992 4969.291992
972 22.187000 2847.291992 4930.354980
973 22.211000 2847.291992 5154.509766
974 22.232000 2847.291992 4984.433594
975 22.257000 2847.291992 4929.739746
976 22.279000 2847.291992 5193.903809
977 22.305000 2847.291992 5413.647949
978 22.329000 2847.291992 5541.747559
979 22.351000 2847.291992 5306.028320
980 22.370000 2847.291992 5677.378906
981 22.393000 2847.291992 5354.176758
982 22.416000 2847.291992 5407.855469
983 22.437000 2847.291992 5550.792969
984 22.459000 2847.291992 5447.441406
985 22.483000 2847.291992 5562.666016
986 22.502000 2847.291992 5559.402344
987 22.522000 2847.291992 5409.941406
988 22.545000 2847.291992 5892.094238
989 22.570000 2847.291992 5803.062012
990 22.594000 2847.291992 5701.676270
991 22.618000 2847.291992 5488.152344
992 22.641000 2847.291992 5534.545410
993 22.664000 2847.291992 5721.877930
994 22.684000 2847.291992 5580.301758
995 22.706000 2847.291992 5368.661133
996 22.728000 2847.291992 5218.720215
997 22.753000 2847.291992 5031.579590
998 22.776000 2847.291992 5296.493164
999 22.797000 2847.291992 5663.856934
1000 22.819000 2847.291992 5967.675781
1001 22.842000 2847.291992 5641.868652
1002 22.869000 2847.291992 5425.623047
1003 22.891000 2847.291992 5176.005859
1004 22.912000 2847.291992 5104.061523
1005 22.936000 2847.291992 5093.134277
1006 22.957000 2847.291992 5028.160156
1007 22.981000 2847.291992 4890.904297
1008 23.002000 2847.291992 5139.685547
1009 23.025000 2847.291992 5393.247559
1010 23.052000 2847.291992 5298.968750
1011 23.074000 2847.291992 5546.711426
1012 23.097000 2847.291992 5558.554199
1013 23.119000 2847.291992 5339.622070
1014 23.140000 2847.291992 5491.847656
