0 0.000000 25781.591797 27133.001953
1 0.004000 25527.251953 27133.001953
2 0.011000 25084.138672 26627.337891
3 0.014000 24949.617188 26202.632813
4 0.017000 24145.791016 25958.859375
5 0.021000 24027.404297 25689.082031
6 0.024000 23869.650391 25422.212891
7 0.027000 23446.500000 25264.132813
8 0.030000 23446.500000 25016.552734
9 0.033000 23093.517578 24802.404297
10 0.037000 22955.707031 24613.884766
11 0.041000 22868.898438 24464.480469
12 0.044000 22868.898438 24312.455078
13 0.048000 22627.658203 24202.750000
14 0.051000 22564.724609 24035.439453
15 0.057000 22372.582031 23913.337891
16 0.060000 22217.779297 23775.886719
17 0.064000 22217.779297 23689.384766
18 0.066000 22217.779297 23635.332031
19 0.071000 22217.779297 23566.482422
20 0.074000 21946.214844 23517.001953
21 0.078000 21946.214844 23426.740234
22 0.081000 21946.214844 23376.384766
23 0.087000 21946.214844 23271.130859
24 0.090000 21946.214844 23219.544922
25 0.093000 21946.214844 23174.345703
26 0.096000 21946.214844 23125.369141
27 0.099000 21946.214844 23102.337891
28 0.104000 21946.214844 23062.699219
29 0.107000 21946.214844 23029.320313
30 0.111000 21946.214844 23000.681641
31 0.114000 21946.214844 22981.062500
32 0.118000 21946.214844 22928.205078
33 0.121000 21946.214844 22920.023438
34 0.125000 21946.214844 22912.302734
35 0.129000 21946.214844 22882.150391
36 0.132000 21946.214844 22865.789063
37 0.135000 21946.214844 22855.515625
38 0.139000 21946.214844 22837.804688
39 0.142000 21946.214844 22811.525391
40 0.145000 21946.214844 22795.439453
41 0.150000 21946.214844 22783.425781
42 0.153000 21946.214844 22764.748047
43 0.156000 21946.214844 22707.597656
44 0.160000 21946.214844 22696.009766
45 0.163000 21946.214844 22690.158203
46 0.167000 21946.214844 22681.126953
47 0.172000 21946.214844 22668.705078
48 0.175000 21946.214844 22666.101563
49 0.178000 21946.214844 22658.580078
50 0.182000 21946.214844 22643.232422
51 0.186000 21946.214844 22642.382813
52 0.189000 21946.214844 22610.937500
53 0.192000 21946.214844 22608.630859
54 0.195000 21946.214844 22605.224609
55 0.199000 21946.214844 22605.224609
56 0.203000 21946.214844 22602.953125
57 0.205000 21946.214844 22597.787109
58 0.209000 21946.214844 22594.480469
59 0.213000 21946.214844 22594.085938
60 0.217000 21946.214844 22591.029297
61 0.220000 21946.214844 22589.636719
62 0.223000 21946.214844 22582.697266
63 0.228000 21946.214844 22556.687500
64 0.231000 21946.214844 22551.519531
65 0.234000 21946.214844 22548.064453
66 0.238000 21946.214844 22532.515625
67 0.242000 21946.214844 22532.517578
68 0.245000 21946.214844 22528.785156
69 0.247000 21946.214844 22524.091797
70 0.251000 21946.214844 22523.277344
71 0.255000 21946.214844 22523.277344
72 0.258000 21946.214844 22523.277344
73 0.262000 21946.214844 22523.277344
74 0.266000 21946.214844 22523.277344
75 0.269000 21905.378906 22522.744141
76 0.273000 21905.378906 22507.796875
77 0.276000 21905.378906 22502.626953
78 0.279000 21905.378906 22502.626953
79 0.284000 21905.378906 22496.500000
80 0.287000 21905.378906 22495.832031
81 0.290000 21905.378906 22494.474609
82 0.294000 21905.378906 22494.474609
83 0.297000 21905.378906 22494.474609
84 0.300000 21905.378906 22492.498047
85 0.304000 21905.378906 22488.519531
86 0.309000 21905.378906 22482.751953
87 0.313000 21905.378906 22482.751953
88 0.316000 21905.378906 22482.751953
89 0.319000 21905.378906 22481.203125
90 0.323000 21905.378906 22467.914063
91 0.326000 21905.378906 22463.175781
92 0.329000 21905.378906 22463.175781
93 0.334000 21905.378906 22463.175781
94 0.339000 21905.378906 22463.175781
95 0.341000 21905.378906 22463.175781
96 0.346000 21905.378906 22463.175781
97 0.373000 21905.378906 22459.408203
98 0.378000 21905.378906 22458.179688
99 0.383000 21905.378906 22458.179688
100 0.392000 21905.378906 22457.404297
101 0.395000 21905.378906 22457.404297
102 0.397000 21905.378906 22432.830078
103 0.402000 21905.378906 22432.824219
104 0.406000 21905.378906 22426.601563
105 0.409000 21905.378906 22426.601563
106 0.411000 21905.378906 22426.601563
107 0.414000 21905.378906 22426.601563
108 0.420000 21905.378906 22424.644531
109 0.423000 21905.378906 22421.240234
110 0.426000 21885.164063 22421.240234
111 0.430000 21885.164063 22420.367188
112 0.433000 21885.164063 22417.988281
113 0.436000 21885.164063 22417.439453
114 0.439000 21885.164063 22417.439453
115 0.442000 21885.164063 22414.164063
116 0.445000 21885.164063 22414.164063
117 0.449000 21833.277344 22412.804688
118 0.453000 21833.277344 22411.380859
119 0.456000 21833.277344 22411.380859
120 0.460000 21833.277344 22404.632813
121 0.463000 21833.277344 22404.632813
122 0.465000 21833.277344 22404.632813
123 0.469000 21833.277344 22404.632813
124 0.472000 21833.277344 22404.632813
125 0.475000 21833.277344 22404.632813
126 0.479000 21833.277344 22404.632813
127 0.482000 21833.277344 22404.632813
128 0.485000 21833.277344 22404.632813
129 0.488000 21833.277344 22404.447266
130 0.492000 21833.277344 22404.447266
131 0.495000 21833.277344 22404.447266
132 0.498000 21833.277344 22404.367188
133 0.502000 21833.277344 22404.367188
134 0.506000 21833.277344 22404.367188
135 0.511000 21833.277344 22404.367188
136 0.514000 21833.277344 22404.367188
137 0.517000 21833.277344 22403.845703
138 0.520000 21833.277344 22403.671875
139 0.524000 21833.277344 22403.671875
140 0.528000 21833.277344 22400.457031
141 0.531000 21833.277344 22400.187500
142 0.534000 21833.277344 22400.187500
143 0.537000 21833.277344 22400.187500
144 0.540000 21833.277344 22400.187500
145 0.544000 21833.277344 22394.892578
146 0.548000 21833.277344 22394.892578
147 0.551000 21833.277344 22394.892578
148 0.555000 21833.277344 22394.892578
149 0.558000 21833.277344 22394.892578
150 0.562000 21833.277344 22394.892578
151 0.565000 21833.277344 22392.546875
152 0.570000 21833.277344 22392.509766
153 0.574000 21833.277344 22392.509766
154 0.578000 21833.277344 22392.509766
155 0.581000 21833.277344 22391.279297
156 0.586000 21833.277344 22391.085938
157 0.590000 21833.277344 22384.386719
158 0.592000 21833.277344 22384.386719
159 0.595000 21833.277344 22384.386719
160 0.599000 21833.277344 22384.386719
161 0.603000 21833.277344 22384.386719
162 0.607000 21833.277344 22384.386719
163 0.610000 21833.277344 22384.386719
164 0.613000 21833.277344 22379.767578
165 0.619000 21833.277344 22376.177734
166 0.622000 21833.277344 22374.552734
167 0.626000 21833.277344 22374.552734
168 0.629000 21833.277344 22373.632813
169 0.632000 21833.277344 22373.535156
170 0.637000 21833.277344 22368.562500
171 0.641000 21833.277344 22368.562500
172 0.644000 21833.277344 22368.562500
173 0.647000 21833.277344 22368.562500
174 0.650000 21833.277344 22368.562500
175 0.653000 21833.277344 22368.562500
176 0.657000 21833.277344 22368.562500
177 0.660000 21833.277344 22368.562500
178 0.663000 21833.277344 22368.345703
179 0.667000 21833.277344 22368.345703
180 0.671000 21833.277344 22368.345703
181 0.674000 21833.277344 22368.345703
182 0.678000 21833.277344 22368.345703
183 0.681000 21833.277344 22368.345703
184 0.685000 21833.277344 22368.345703
185 0.688000 21833.277344 22368.345703
186 0.691000 21833.277344 22368.345703
187 0.694000 21833.277344 22368.345703
188 0.697000 21833.277344 22368.345703
189 0.700000 21833.277344 22361.945313
190 0.703000 21833.277344 22361.943359
191 0.707000 21833.277344 22361.943359
192 0.710000 21833.277344 22361.322266
193 0.714000 21833.277344 22361.322266
194 0.717000 21833.277344 22360.865234
195 0.721000 21833.277344 22353.945313
196 0.724000 21833.277344 22353.945313
197 0.727000 21833.277344 22353.945313
198 0.732000 21833.277344 22353.945313
199 0.735000 21833.277344 22353.945313
200 0.738000 21833.277344 22353.945313
201 0.741000 21833.277344 22353.945313
202 0.745000 21833.277344 22353.945313
203 0.747000 21833.277344 22353.945313
204 0.752000 21833.277344 22353.648438
205 0.754000 21833.277344 22353.648438
206 0.757000 21833.277344 22353.648438
207 0.762000 21833.277344 22353.648438
208 0.765000 21833.277344 22335.644531
209 0.769000 21833.277344 22333.892578
210 0.772000 21612.177734 22333.892578
211 0.775000 21612.177734 22325.339844
212 0.778000 21612.177734 22325.339844
213 0.782000 21612.177734 22325.339844
214 0.787000 21612.177734 22324.613281
215 0.789000 21612.177734 22324.613281
216 0.793000 21612.177734 22323.162109
217 0.796000 21612.177734 22323.162109
218 0.799000 21612.177734 22323.162109
219 0.802000 21612.177734 22323.162109
220 0.806000 21612.177734 22319.230469
221 0.811000 21586.220703 22319.232422
222 0.814000 21586.220703 22318.462891
223 0.818000 21586.220703 22318.089844
224 0.821000 21586.220703 22318.089844
225 0.825000 21586.220703 22318.089844
226 0.828000 21586.220703 22317.744141
227 0.831000 21586.220703 22316.132813
228 0.837000 21586.220703 22311.945313
229 0.841000 21586.220703 22308.910156
230 0.844000 21586.220703 22308.910156
231 0.847000 21586.220703 22308.910156
232 0.850000 21586.220703 22308.910156
233 0.854000 21586.220703 22308.910156
234 0.857000 21498.542969 22307.148438
235 0.860000 21498.542969 22305.392578
236 0.863000 21498.542969 22297.001953
237 0.867000 21498.542969 22292.769531
238 0.871000 21498.542969 22292.769531
239 0.874000 21498.542969 22287.539063
240 0.877000 21498.542969 22287.539063
241 0.881000 21498.542969 22287.539063
242 0.884000 21498.542969 22284.113281
243 0.889000 21498.542969 22284.113281
244 0.893000 21498.542969 22284.113281
245 0.896000 21498.542969 22284.113281
246 0.899000 21498.542969 22284.113281
247 0.903000 21498.542969 22284.113281
248 0.906000 21498.542969 22284.113281
249 0.909000 21498.542969 22284.113281
250 0.913000 21498.542969 22282.597656
251 0.916000 21498.542969 22282.597656
252 0.922000 21498.542969 22282.597656
253 0.925000 21498.542969 22282.597656
254 0.929000 21498.542969 22282.597656
255 0.933000 21498.542969 22282.597656
256 0.936000 21498.542969 22282.597656
257 0.939000 21498.542969 22282.439453
258 0.943000 21498.542969 22282.439453
259 0.946000 21498.542969 22282.439453
260 0.949000 21498.542969 22282.439453
261 0.954000 21498.542969 22281.822266
262 0.957000 21498.542969 22281.822266
263 0.961000 21498.542969 22281.822266
264 0.967000 21498.542969 22281.822266
265 0.971000 21498.542969 22281.822266
266 0.975000 21498.542969 22281.822266
267 0.978000 21498.542969 22279.841797
268 0.982000 21498.542969 22279.845703
269 0.987000 21498.542969 22279.845703
270 0.990000 21498.542969 22279.845703
271 0.994000 21498.542969 22279.845703
272 0.998000 21498.542969 22279.845703
273 1.002000 21498.542969 22279.740234
274 1.005000 21498.542969 22279.439453
275 1.008000 21498.542969 22279.439453
276 1.012000 21498.542969 22279.439453
277 1.015000 21498.542969 22278.134766
278 1.019000 21498.542969 22278.134766
279 1.022000 21498.542969 22277.982422
280 1.026000 21498.542969 22277.982422
281 1.029000 21498.542969 22277.982422
282 1.032000 21498.542969 22276.615234
283 1.036000 21498.542969 22276.615234
284 1.039000 21498.542969 22273.242188
285 1.042000 21498.542969 22264.238281
286 1.046000 21498.542969 22263.742188
287 1.049000 21498.542969 22263.742188
288 1.053000 21498.542969 22263.742188
289 1.055000 21498.542969 22263.742188
290 1.059000 21498.542969 22262.248047
291 1.064000 21498.542969 22262.248047
292 1.066000 21498.542969 22262.248047
293 1.070000 21498.542969 22262.248047
294 1.073000 21498.542969 22260.960938
295 1.076000 21498.542969 22260.960938
296 1.081000 21498.542969 22260.960938
297 1.087000 21498.542969 22259.980469
298 1.092000 21462.193359 22249.187500
299 1.095000 21462.193359 22248.460938
300 1.099000 21462.193359 22248.460938
301 1.102000 21462.193359 22248.460938
302 1.108000 21462.193359 22242.345703
303 1.111000 21462.193359 22242.345703
304 1.115000 21462.193359 22239.626953
305 1.121000 21462.193359 22239.626953
306 1.127000 21462.193359 22239.626953
307 1.131000 21462.193359 22239.626953
308 1.136000 21462.193359 22239.300781
309 1.142000 21462.193359 22239.300781
310 1.147000 21462.193359 22237.320313
311 1.150000 21462.193359 22237.320313
312 1.153000 21462.193359 22237.320313
313 1.157000 21462.193359 22237.320313
314 1.160000 21462.193359 22237.320313
315 1.163000 21462.193359 22234.859375
316 1.166000 21462.193359 22234.859375
317 1.171000 21462.193359 22234.859375
318 1.175000 21462.193359 22232.554688
319 1.179000 21462.193359 22232.554688
320 1.182000 21462.193359 22232.554688
321 1.186000 21462.193359 22232.554688
322 1.192000 21462.193359 22232.554688
323 1.195000 21462.193359 22231.761719
324 1.198000 21462.193359 22231.761719
325 1.202000 21462.193359 22231.505859
326 1.207000 21462.193359 22231.505859
327 1.210000 21462.193359 22231.505859
328 1.213000 21462.193359 22231.505859
329 1.215000 21462.193359 22231.505859
330 1.219000 21462.193359 22231.505859
331 1.224000 21462.193359 22231.505859
332 1.226000 21462.193359 22230.597656
333 1.229000 21462.193359 22216.869141
334 1.232000 21462.193359 22216.869141
335 1.239000 21462.193359 22216.869141
336 1.242000 21462.193359 22215.324219
337 1.245000 21462.193359 22214.351563
338 1.248000 21462.193359 22214.351563
339 1.254000 21462.193359 22214.351563
340 1.258000 21462.193359 22211.578125
341 1.261000 21462.193359 22211.578125
342 1.264000 21462.193359 22210.732422
343 1.269000 21462.193359 22210.591797
344 1.273000 21462.193359 22209.275391
345 1.276000 21462.193359 22209.275391
346 1.280000 21462.193359 22209.154297
347 1.285000 21462.193359 22209.154297
348 1.288000 21462.193359 22209.154297
349 1.292000 21462.193359 22208.982422
350 1.296000 21462.193359 22208.630859
351 1.300000 21462.193359 22208.630859
352 1.304000 21462.193359 22208.630859
353 1.307000 21462.193359 22207.232422
354 1.310000 21462.193359 22205.500000
355 1.313000 21462.193359 22200.515625
356 1.317000 21462.193359 22200.515625
357 1.320000 21462.193359 22200.515625
358 1.323000 21462.193359 22197.962891
359 1.326000 21462.193359 22197.962891
360 1.331000 21462.193359 22197.962891
361 1.336000 21462.193359 22197.962891
362 1.339000 21462.193359 22197.962891
363 1.343000 21462.193359 22190.382813
364 1.345000 21462.193359 22190.382813
365 1.349000 21462.193359 22190.382813
366 1.353000 21462.193359 22190.382813
367 1.357000 21462.193359 22188.857422
368 1.362000 21462.193359 22188.857422
369 1.364000 21462.193359 22187.330078
370 1.369000 21462.193359 22187.294922
371 1.372000 21462.193359 22184.080078
372 1.377000 21462.193359 22183.595703
373 1.380000 21462.193359 22183.595703
374 1.383000 21462.193359 22183.595703
375 1.387000 21462.193359 22182.431641
376 1.390000 21462.193359 22175.617188
377 1.393000 21462.193359 22175.617188
378 1.396000 21462.193359 22173.890625
379 1.399000 21462.193359 22173.890625
380 1.402000 21462.193359 22170.802734
381 1.406000 21462.193359 22169.242188
382 1.409000 21462.193359 22159.767578
383 1.412000 21462.193359 22159.365234
384 1.415000 21462.193359 22159.224609
385 1.421000 21462.193359 22154.300781
386 1.425000 21462.193359 22151.033203
387 1.429000 21462.193359 22142.472656
388 1.432000 21462.193359 22137.332031
389 1.436000 21462.193359 22129.800781
390 1.440000 21462.193359 22122.294922
391 1.444000 21462.193359 22112.142578
392 1.447000 21462.193359 22101.664063
393 1.452000 21462.193359 22097.939453
394 1.457000 21462.193359 22090.050781
395 1.461000 21462.193359 22089.349609
396 1.464000 21462.193359 22088.238281
397 1.467000 21462.193359 22081.091797
398 1.474000 21462.193359 22072.865234
399 1.476000 21462.193359 22063.738281
400 1.480000 21462.193359 22055.679688
401 1.483000 21462.193359 22050.312500
402 1.487000 21462.193359 22046.810547
403 1.491000 21462.193359 22045.554688
404 1.494000 21462.193359 22031.001953
405 1.497000 21462.193359 22028.992188
406 1.505000 21462.193359 22019.607422
407 1.508000 21462.193359 22005.998047
408 1.511000 21462.193359 21994.195313
409 1.516000 21462.193359 21988.654297
410 1.519000 21462.193359 21982.251953
411 1.523000 21462.193359 21977.087891
412 1.525000 21462.193359 21971.546875
413 1.528000 21462.193359 21951.152344
414 1.532000 21462.193359 21934.675781
415 1.535000 21462.193359 21918.060547
416 1.539000 21462.193359 21899.494141
417 1.541000 21462.193359 21894.585938
418 1.545000 21462.193359 21890.203125
419 1.549000 21462.193359 21889.714844
420 1.553000 21462.193359 21884.175781
421 1.556000 21462.193359 21879.750000
422 1.560000 21462.193359 21879.750000
423 1.564000 21462.193359 21875.365234
424 1.568000 21462.193359 21874.880859
425 1.572000 21462.193359 21865.097656
426 1.576000 21462.193359 21861.199219
427 1.579000 21462.193359 21861.199219
428 1.583000 21462.193359 21854.392578
429 1.587000 21462.193359 21853.865234
430 1.590000 21462.193359 21848.509766
431 1.594000 21462.193359 21846.523438
432 1.598000 21462.193359 21843.740234
433 1.601000 21462.193359 21838.310547
434 1.605000 21462.193359 21838.310547
435 1.609000 21462.193359 21837.337891
436 1.613000 21462.193359 21836.669922
437 1.617000 21462.193359 21825.900391
438 1.620000 21462.193359 21818.585938
439 1.622000 21462.193359 21808.275391
440 1.626000 21462.193359 21797.964844
441 1.631000 21462.193359 21787.695313
442 1.633000 21462.193359 21781.283203
443 1.638000 21462.193359 21766.589844
444 1.641000 21462.193359 21758.886719
445 1.644000 21462.193359 21758.400391
446 1.647000 21462.193359 21756.412109
447 1.650000 21462.193359 21742.519531
448 1.654000 21462.193359 21742.519531
449 1.657000 21462.193359 21727.824219
450 1.660000 21462.193359 21712.115234
451 1.663000 21462.193359 21696.931641
452 1.668000 21462.193359 21682.765625
453 1.671000 21462.193359 21668.072266
454 1.675000 21462.193359 21648.507813
455 1.678000 21462.193359 21637.222656
456 1.682000 21462.193359 21622.039063
457 1.686000 21462.193359 21613.267578
458 1.690000 21462.193359 21604.500000
459 1.693000 21462.193359 21595.730469
460 1.696000 21462.193359 21585.949219
461 1.699000 21462.193359 21581.564453
462 1.703000 21462.193359 21572.796875
463 1.708000 21462.193359 21564.029297
464 1.711000 21462.193359 21550.876953
465 1.714000 21462.193359 21533.345703
466 1.718000 21462.193359 21524.578125
467 1.723000 21462.193359 21511.425781
468 1.727000 21462.193359 21498.273438
469 1.730000 21462.193359 21485.123047
470 1.733000 21462.193359 21466.574219
471 1.738000 21462.193359 21462.189453
472 1.740000 21462.193359 21462.189453
473 1.744000 21462.193359 21462.189453
474 1.746000 21462.193359 21462.189453
475 1.751000 21462.193359 21462.189453
476 1.754000 21462.193359 21462.189453
477 1.758000 21462.193359 21462.189453
478 1.761000 21462.193359 21462.189453
479 1.764000 21462.193359 21462.189453
480 1.768000 21462.193359 21462.189453
481 1.772000 21462.193359 21462.189453
482 1.775000 21462.193359 21462.189453
483 1.778000 21462.193359 21462.189453
484 1.780000 21462.193359 21462.189453
485 1.785000 21462.193359 21462.189453
486 1.788000 21462.193359 21462.189453
487 1.791000 21462.193359 21462.189453
488 1.795000 21462.193359 21462.189453
489 1.799000 21462.193359 21462.189453
490 1.803000 21462.193359 21462.189453
491 1.806000 21462.193359 21462.189453
492 1.810000 21462.193359 21462.189453
493 1.815000 21462.193359 21462.189453
494 1.818000 21462.193359 21462.189453
495 1.822000 21462.193359 21462.189453
496 1.824000 21462.193359 21462.189453
497 1.829000 21462.193359 21462.189453
498 1.834000 21462.193359 21462.189453
499 1.838000 21462.193359 21462.189453
500 1.841000 21462.193359 21462.189453
501 1.844000 21462.193359 21462.189453
502 1.848000 21462.193359 21462.189453
503 1.851000 21462.193359 21462.189453
504 1.855000 21462.193359 21462.189453
505 1.860000 21462.193359 21462.189453
506 1.863000 21462.193359 21462.189453
507 1.867000 21462.193359 21462.189453
508 1.871000 21462.193359 21462.189453
509 1.876000 21462.193359 21462.189453
510 1.879000 21462.193359 21462.189453
511 1.885000 21462.193359 21462.189453
512 1.889000 21462.193359 21462.189453
513 1.893000 21462.193359 21462.189453
514 1.897000 21462.193359 21462.189453
515 1.901000 21462.193359 21462.189453
516 1.904000 21462.193359 21462.189453
517 1.907000 21462.193359 21462.189453
518 1.911000 21462.193359 21462.189453
519 1.916000 21462.193359 21462.189453
520 1.920000 21462.193359 21462.189453
521 1.925000 21462.193359 21462.189453
522 1.930000 21462.193359 21462.189453
523 1.935000 21462.193359 21462.189453
524 1.940000 21462.193359 21462.189453
525 1.942000 21462.193359 21462.189453
526 1.947000 21462.193359 21462.189453
527 1.950000 21462.193359 21462.189453
528 1.953000 21462.193359 21462.189453
529 1.957000 21462.193359 21462.189453
530 1.960000 21462.193359 21462.189453
531 1.963000 21462.193359 21462.189453
532 1.966000 21462.193359 21462.189453
533 1.969000 21462.193359 21462.189453
534 1.973000 21462.193359 21462.189453
535 1.976000 21462.193359 21462.189453
536 1.979000 21462.193359 21462.189453
537 1.981000 21462.193359 21462.189453
538 1.985000 21462.193359 21462.189453
539 1.988000 21462.193359 21462.189453
540 1.992000 21462.193359 21462.189453
541 1.994000 21462.193359 21462.189453
542 1.998000 21462.193359 21462.189453
543 2.002000 21462.193359 21462.189453
544 2.005000 21462.193359 21462.189453
545 2.008000 21462.193359 21462.189453
546 2.011000 21462.193359 21462.189453
547 2.015000 21462.193359 21462.189453
548 2.020000 21462.193359 21462.189453
549 2.022000 21462.193359 21462.189453
550 2.025000 21462.193359 21462.189453
551 2.029000 21462.193359 21462.189453
552 2.033000 21462.193359 21462.189453
553 2.036000 21462.193359 21462.189453
554 2.040000 21462.193359 21462.189453
555 2.043000 21462.193359 21462.189453
556 2.046000 21462.193359 21462.189453
557 2.051000 21462.193359 21462.189453
558 2.054000 21462.193359 21462.189453
559 2.058000 21462.193359 21462.189453
560 2.061000 21462.193359 21462.189453
561 2.064000 21462.193359 21462.189453
562 2.067000 21462.193359 21462.189453
563 2.071000 21462.193359 21462.189453
564 2.073000 21462.193359 21462.189453
565 2.077000 21462.193359 21462.189453
566 2.081000 21462.193359 21462.189453
567 2.086000 21462.193359 21462.189453
568 2.089000 21462.193359 21462.189453
569 2.093000 21462.193359 21462.189453
570 2.097000 21462.193359 21462.189453
571 2.100000 21462.193359 21462.189453
572 2.103000 21462.193359 21462.189453
573 2.106000 21462.193359 21462.189453
574 2.110000 21462.193359 21462.189453
575 2.113000 21462.193359 21462.189453
576 2.116000 21462.193359 21462.189453
577 2.119000 21462.193359 21462.189453
578 2.122000 21462.193359 21462.189453
579 2.126000 21462.193359 21462.189453
580 2.130000 21462.193359 21462.189453
581 2.134000 21462.193359 21462.189453
582 2.138000 21462.193359 21462.189453
583 2.140000 21462.193359 21462.189453
584 2.144000 21462.193359 21462.189453
585 2.147000 21462.193359 21462.189453
586 2.151000 21462.193359 21462.189453
587 2.154000 21462.193359 21462.189453
588 2.158000 21462.193359 21462.189453
589 2.161000 21462.193359 21462.189453
590 2.164000 21462.193359 21462.189453
591 2.169000 21462.193359 21462.189453
592 2.173000 21462.193359 21462.189453
593 2.176000 21462.193359 21462.189453
594 2.179000 21462.193359 21462.189453
595 2.182000 21462.193359 21462.189453
596 2.185000 21462.193359 21462.189453
597 2.189000 21462.193359 21462.189453
598 2.192000 21462.193359 21462.189453
599 2.194000 21462.193359 21462.189453
600 2.197000 21462.193359 21462.189453
601 2.201000 21462.193359 21462.189453
602 2.204000 21462.193359 21462.189453
603 2.208000 21462.193359 21462.189453
604 2.211000 21462.193359 21462.189453
605 2.214000 21462.193359 21462.189453
606 2.217000 21462.193359 21462.189453
607 2.220000 21462.193359 21462.189453
608 2.222000 21462.193359 21462.189453
609 2.226000 21462.193359 21462.189453
610 2.229000 21462.193359 21462.189453
611 2.232000 21462.193359 21462.189453
612 2.236000 21462.193359 21462.189453
613 2.239000 21462.193359 21462.189453
614 2.241000 21462.193359 21462.189453
615 2.245000 21462.193359 21462.189453
616 2.248000 21462.193359 21462.189453
617 2.253000 21462.193359 21462.189453
618 2.256000 21462.193359 21462.189453
619 2.258000 21462.193359 21462.189453
620 2.262000 21462.193359 21462.189453
621 2.265000 21462.193359 21462.189453
622 2.269000 21462.193359 21462.189453
623 2.272000 21462.193359 21462.189453
624 2.275000 21462.193359 21462.189453
625 2.278000 21462.193359 21462.189453
626 2.282000 21462.193359 21462.189453
627 2.286000 21462.193359 21462.189453
628 2.289000 21462.193359 21462.189453
629 2.292000 21462.193359 21462.189453
630 2.295000 21462.193359 21462.189453
631 2.298000 21462.193359 21462.189453
632 2.302000 21462.193359 21462.189453
633 2.305000 21462.193359 21462.189453
634 2.309000 21462.193359 21462.189453
635 2.313000 21462.193359 21462.189453
636 2.317000 21462.193359 21462.189453
637 2.320000 21462.193359 21462.189453
638 2.324000 21462.193359 21462.189453
639 2.327000 21462.193359 21462.189453
640 2.331000 21462.193359 21462.189453
641 2.335000 21462.193359 21462.189453
642 2.337000 21462.193359 21462.189453
643 2.341000 21462.193359 21462.189453
644 2.345000 21462.193359 21462.189453
645 2.349000 21462.193359 21462.189453
646 2.352000 21462.193359 21462.189453
647 2.355000 21462.193359 21462.189453
648 2.358000 21462.193359 21462.189453
649 2.362000 21462.193359 21462.189453
650 2.366000 21462.193359 21462.189453
651 2.370000 21462.193359 21462.189453
652 2.373000 21462.193359 21462.189453
653 2.377000 21462.193359 21462.189453
654 2.380000 21462.193359 21462.189453
655 2.384000 21462.193359 21462.189453
656 2.387000 21462.193359 21462.189453
657 2.390000 21462.193359 21462.189453
658 2.393000 21462.193359 21462.189453
659 2.396000 21462.193359 21462.189453
660 2.400000 21462.193359 21462.189453
661 2.403000 21462.193359 21462.189453
662 2.406000 21462.193359 21462.189453
663 2.410000 21462.193359 21462.189453
664 2.413000 21462.193359 21462.189453
665 2.417000 21462.193359 21462.189453
666 2.420000 21462.193359 21462.189453
667 2.425000 21462.193359 21462.189453
668 2.427000 21462.193359 21462.189453
669 2.430000 21462.193359 21462.189453
670 2.434000 21462.193359 21462.189453
671 2.437000 21462.193359 21462.189453
672 2.440000 21462.193359 21462.189453
673 2.443000 21462.193359 21462.189453
674 2.447000 21462.193359 21462.189453
675 2.450000 21462.193359 21462.189453
676 2.453000 21462.193359 21462.189453
677 2.456000 21462.193359 21462.189453
678 2.459000 21462.193359 21462.189453
679 2.462000 21462.193359 21462.189453
680 2.465000 21462.193359 21462.189453
681 2.469000 21462.193359 21462.189453
682 2.472000 21462.193359 21462.189453
683 2.475000 21462.193359 21462.189453
684 2.478000 21462.193359 21462.189453
685 2.481000 21462.193359 21462.189453
686 2.484000 21462.193359 21462.189453
687 2.488000 21462.193359 21462.189453
688 2.490000 21462.193359 21462.189453
689 2.493000 21462.193359 21462.189453
690 2.497000 21462.193359 21462.189453
691 2.503000 21462.193359 21462.189453
692 2.506000 21462.193359 21462.189453
693 2.509000 21462.193359 21462.189453
694 2.512000 21462.193359 21462.189453
695 2.515000 21462.193359 21462.189453
696 2.519000 21462.193359 21462.189453
697 2.522000 21462.193359 21462.189453
698 2.525000 21462.193359 21462.189453
699 2.528000 21462.193359 21462.189453
700 2.531000 21462.193359 21462.189453
701 2.534000 21462.193359 21462.189453
702 2.537000 21462.193359 21462.189453
703 2.540000 21462.193359 21462.189453
704 2.543000 21462.193359 21462.189453
705 2.547000 21462.193359 21462.189453
706 2.550000 21462.193359 21462.189453
707 2.554000 21462.193359 21462.189453
708 2.557000 21462.193359 21462.189453
709 2.559000 21462.193359 21462.189453
710 2.563000 21462.193359 21462.189453
711 2.567000 21462.193359 21462.189453
712 2.570000 21462.193359 21462.189453
713 2.573000 21462.193359 21462.189453
714 2.576000 21462.193359 21462.189453
715 2.579000 21462.193359 21462.189453
716 2.583000 21462.193359 21462.189453
717 2.586000 21462.193359 21462.189453
718 2.589000 21462.193359 21462.189453
719 2.592000 21462.193359 21462.189453
720 2.596000 21462.193359 21462.189453
721 2.600000 21462.193359 21462.189453
722 2.603000 21462.193359 21462.189453
723 2.606000 21462.193359 21462.189453
724 2.609000 21462.193359 21462.189453
725 2.612000 21462.193359 21462.189453
726 2.616000 21462.193359 21462.189453
727 2.619000 21462.193359 21462.189453
728 2.622000 21462.193359 21462.189453
729 2.626000 21462.193359 21462.189453
730 2.628000 21462.193359 21462.189453
731 2.632000 21462.193359 21462.189453
732 2.636000 21462.193359 21462.189453
733 2.639000 21462.193359 21462.189453
734 2.643000 21462.193359 21462.189453
735 2.646000 21462.193359 21462.189453
736 2.650000 21462.193359 21462.189453
737 2.653000 21462.193359 21462.189453
738 2.656000 21462.193359 21462.189453
739 2.660000 21462.193359 21462.189453
740 2.664000 21462.193359 21462.189453
741 2.668000 21462.193359 21462.189453
742 2.672000 21462.193359 21462.189453
743 2.676000 21462.193359 21462.189453
744 2.679000 21462.193359 21462.189453
745 2.683000 21462.193359 21462.189453
746 2.687000 21462.193359 21462.189453
747 2.692000 21462.193359 21462.189453
748 2.695000 21462.193359 21462.189453
749 2.699000 21462.193359 21462.189453
750 2.701000 21462.193359 21462.189453
751 2.707000 21462.193359 21462.189453
752 2.710000 21462.193359 21462.189453
753 2.713000 21462.193359 21462.189453
754 2.716000 21462.193359 21462.189453
755 2.719000 21462.193359 21462.189453
756 2.723000 21462.193359 21462.189453
757 2.727000 21462.193359 21462.189453
758 2.730000 21462.193359 21462.189453
759 2.733000 21462.193359 21462.189453
760 2.738000 21462.193359 21462.189453
761 2.741000 21462.193359 21462.189453
762 2.744000 21462.193359 21462.189453
763 2.747000 21462.193359 21462.189453
764 2.752000 21462.193359 21462.189453
765 2.756000 21462.193359 21462.189453
766 2.758000 21462.193359 21462.189453
767 2.761000 21462.193359 21462.189453
768 2.764000 21462.193359 21462.189453
769 2.768000 21462.193359 21462.189453
770 2.771000 21462.193359 21462.189453
771 2.774000 21462.193359 21462.189453
772 2.778000 21462.193359 21462.189453
773 2.780000 21462.193359 21462.189453
774 2.783000 21462.193359 21462.189453
775 2.786000 21462.193359 21462.189453
776 2.790000 21462.193359 21462.189453
777 2.793000 21462.193359 21462.189453
778 2.796000 21462.193359 21462.189453
779 2.801000 21462.193359 21462.189453
780 2.804000 21462.193359 21462.189453
781 2.807000 21462.193359 21462.189453
782 2.810000 21462.193359 21462.189453
783 2.816000 21462.193359 21462.189453
784 2.819000 21462.193359 21462.189453
785 2.823000 21462.193359 21462.189453
786 2.825000 21462.193359 21462.189453
787 2.829000 21462.193359 21462.189453
788 2.835000 21462.193359 21462.189453
789 2.839000 21462.193359 21462.189453
790 2.842000 21462.193359 21462.189453
791 2.846000 21462.193359 21462.189453
792 2.850000 21462.193359 21462.189453
793 2.853000 21462.193359 21462.189453
794 2.856000 21462.193359 21462.189453
795 2.860000 21462.193359 21462.189453
796 2.863000 21462.193359 21462.189453
797 2.867000 21462.193359 21462.189453
798 2.870000 21462.193359 21462.189453
799 2.873000 21462.193359 21462.189453
800 2.879000 21462.193359 21462.189453
801 2.882000 21462.193359 21462.189453
802 2.885000 21462.193359 21462.189453
803 2.888000 21462.193359 21462.189453
804 2.891000 21462.193359 21462.189453
805 2.895000 21462.193359 21462.189453
806 2.899000 21462.193359 21462.189453
807 2.903000 21462.193359 21462.189453
808 2.906000 21462.193359 21462.189453
809 2.910000 21462.193359 21462.189453
810 2.914000 21462.193359 21462.189453
811 2.918000 21462.193359 21462.189453
812 2.921000 21462.193359 21462.189453
813 2.925000 21462.193359 21462.189453
814 2.929000 21462.193359 21462.189453
815 2.932000 21462.193359 21462.189453
816 2.935000 21462.193359 21462.189453
817 2.939000 21462.193359 21462.189453
818 2.942000 21462.193359 21462.189453
819 2.945000 21462.193359 21462.189453
820 2.949000 21462.193359 21462.189453
821 2.952000 21462.193359 21462.189453
822 2.956000 21462.193359 21462.189453
823 2.959000 21462.193359 21462.189453
824 2.962000 21462.193359 21462.189453
825 2.965000 21462.193359 21462.189453
826 2.969000 21462.193359 21462.189453
827 2.974000 21462.193359 21462.189453
828 2.977000 21462.193359 21462.189453
829 2.980000 21462.193359 21462.189453
830 2.984000 21462.193359 21462.189453
831 2.988000 21462.193359 21462.189453
832 2.991000 21462.193359 21462.189453
833 2.995000 21462.193359 21462.189453
834 2.999000 21462.193359 21462.189453
835 3.002000 21462.193359 21462.189453
836 3.005000 21462.193359 21462.189453
837 3.008000 21462.193359 21462.189453
838 3.011000 21462.193359 21462.189453
839 3.014000 21462.193359 21462.189453
840 3.017000 21462.193359 21462.189453
841 3.021000 21462.193359 21462.189453
842 3.024000 21462.193359 21462.189453
843 3.028000 21462.193359 21462.189453
844 3.031000 21462.193359 21462.189453
845 3.035000 21462.193359 21462.189453
846 3.038000 21462.193359 21462.189453
847 3.041000 21462.193359 21462.189453
848 3.045000 21462.193359 21462.189453
849 3.048000 21462.193359 21462.189453
850 3.052000 21462.193359 21462.189453
851 3.055000 21462.193359 21462.189453
852 3.058000 21462.193359 21462.189453
853 3.061000 21462.193359 21462.189453
854 3.065000 21462.193359 21462.189453
855 3.069000 21462.193359 21462.189453
856 3.073000 21462.193359 21462.189453
857 3.075000 21462.193359 21462.189453
858 3.079000 21462.193359 21462.189453
859 3.083000 21462.193359 21462.189453
860 3.086000 21462.193359 21462.189453
861 3.089000 21462.193359 21462.189453
862 3.092000 21462.193359 21462.189453
863 3.095000 21462.193359 21462.189453
864 3.098000 21462.193359 21462.189453
865 3.101000 21462.193359 21462.189453
866 3.104000 21462.193359 21462.189453
867 3.108000 21462.193359 21462.189453
868 3.111000 21462.193359 21462.189453
869 3.115000 21462.193359 21462.189453
870 3.120000 21462.193359 21462.189453
871 3.124000 21462.193359 21462.189453
872 3.127000 21462.193359 21462.189453
873 3.130000 21462.193359 21462.189453
874 3.133000 21462.193359 21462.189453
875 3.136000 21462.193359 21462.189453
876 3.140000 21462.193359 21462.189453
877 3.143000 21462.193359 21462.189453
878 3.147000 21462.193359 21462.189453
879 3.150000 21462.193359 21462.189453
880 3.153000 21462.193359 21462.189453
881 3.157000 21462.193359 21462.189453
882 3.162000 21462.193359 21462.189453
883 3.167000 21462.193359 21462.189453
884 3.171000 21462.193359 21462.189453
885 3.175000 21462.193359 21462.189453
886 3.178000 21462.193359 21462.189453
887 3.182000 21462.193359 21462.189453
888 3.185000 21462.193359 21462.189453
889 3.188000 21462.193359 21462.189453
890 3.192000 21462.193359 21462.189453
891 3.195000 21462.193359 21462.189453
892 3.198000 21462.193359 21462.189453
893 3.202000 21462.193359 21462.189453
894 3.205000 21462.193359 21462.189453
895 3.208000 21462.193359 21462.189453
896 3.211000 21462.193359 21462.189453
897 3.215000 21462.193359 21462.189453
898 3.218000 21462.193359 21462.189453
899 3.221000 21462.193359 21462.189453
900 3.225000 21462.193359 21462.189453
901 3.228000 21462.193359 21462.189453
902 3.231000 21462.193359 21462.189453
903 3.235000 21462.193359 21462.189453
904 3.239000 21462.193359 21462.189453
905 3.242000 21462.193359 21462.189453
906 3.245000 21462.193359 21462.189453
907 3.249000 21462.193359 21462.189453
908 3.253000 21462.193359 21462.189453
909 3.256000 21462.193359 21462.189453
910 3.260000 21462.193359 21462.189453
911 3.263000 21462.193359 21462.189453
912 3.266000 21462.193359 21462.189453
913 3.271000 21462.193359 21462.189453
914 3.274000 21462.193359 21462.189453
915 3.277000 21462.193359 21462.189453
916 3.280000 21462.193359 21462.189453
917 3.284000 21462.193359 21462.189453
918 3.287000 21462.193359 21462.189453
919 3.290000 21462.193359 21462.189453
920 3.294000 21462.193359 21462.189453
921 3.297000 21462.193359 21462.189453
922 3.301000 21462.193359 21462.189453
923 3.304000 21462.193359 21462.189453
924 3.307000 21462.193359 21462.189453
925 3.310000 21462.193359 21462.189453
926 3.313000 21462.193359 21462.189453
927 3.317000 21462.193359 21462.189453
928 3.321000 21462.193359 21462.189453
929 3.324000 21462.193359 21462.189453
930 3.326000 21462.193359 21462.189453
931 3.329000 21462.193359 21462.189453
932 3.332000 21462.193359 21462.189453
933 3.335000 21462.193359 21462.189453
934 3.338000 21462.193359 21462.189453
935 3.341000 21462.193359 21462.189453
936 3.345000 21462.193359 21462.189453
937 3.349000 21462.193359 21462.189453
938 3.352000 21462.193359 21462.189453
939 3.356000 21462.193359 21462.189453
940 3.359000 21462.193359 21462.189453
941 3.362000 21462.193359 21462.189453
942 3.366000 21462.193359 21462.189453
943 3.369000 21462.193359 21462.189453
944 3.371000 21462.193359 21462.189453
945 3.375000 21462.193359 21462.189453
946 3.378000 21462.193359 21462.189453
947 3.382000 21462.193359 21462.189453
948 3.385000 21462.193359 21462.189453
949 3.387000 21462.193359 21462.189453
950 3.390000 21462.193359 21462.189453
951 3.394000 21462.193359 21462.189453
952 3.397000 21462.193359 21462.189453
953 3.400000 21462.193359 21462.189453
954 3.403000 21462.193359 21462.189453
955 3.405000 21462.193359 21462.189453
956 3.410000 21462.193359 21462.189453
957 3.413000 21462.193359 21462.189453
958 3.417000 21462.193359 21462.189453
959 3.420000 21462.193359 21462.189453
960 3.423000 21462.193359 21462.189453
961 3.427000 21462.193359 21462.189453
962 3.430000 21462.193359 21462.189453
963 3.434000 21462.193359 21462.189453
964 3.437000 21462.193359 21462.189453
965 3.441000 21462.193359 21462.189453
966 3.445000 21462.193359 21462.189453
967 3.447000 21462.193359 21462.189453
968 3.450000 21462.193359 21462.189453
969 3.453000 21462.193359 21462.189453
970 3.457000 21462.193359 21462.189453
971 3.460000 21462.193359 21462.189453
972 3.463000 21462.193359 21462.189453
973 3.467000 21462.193359 21462.189453
974 3.471000 21462.193359 21462.189453
975 3.474000 21462.193359 21462.189453
976 3.477000 21462.193359 21462.189453
977 3.481000 21462.193359 21462.189453
978 3.483000 21462.193359 21462.189453
979 3.486000 21462.193359 21462.189453
980 3.490000 21462.193359 21462.189453
981 3.493000 21462.193359 21462.189453
982 3.496000 21462.193359 21462.189453
983 3.500000 21462.193359 21462.189453
984 3.506000 21462.193359 21462.189453
985 3.510000 21462.193359 21462.189453
986 3.513000 21462.193359 21462.189453
987 3.516000 21462.193359 21462.189453
988 3.521000 21462.193359 21462.189453
989 3.524000 21462.193359 21462.189453
990 3.527000 21462.193359 21462.189453
991 3.531000 21462.193359 21462.189453
992 3.535000 21462.193359 21462.189453
993 3.538000 21462.193359 21462.189453
994 3.541000 21462.193359 21462.189453
995 3.544000 21462.193359 21462.189453
996 3.547000 21462.193359 21462.189453
997 3.553000 21462.193359 21462.189453
998 3.556000 21462.193359 21462.189453
999 3.559000 21462.193359 21462.189453
1000 3.562000 21462.193359 21462.189453
1001 3.566000 21462.193359 21462.189453
1002 3.569000 21462.193359 21462.189453
1003 3.572000 21462.193359 21462.189453
1004 3.576000 21462.193359 21462.189453
1005 3.580000 21462.193359 21462.189453
1006 3.584000 21462.193359 21462.189453
1007 3.587000 21462.193359 21462.189453
1008 3.590000 21462.193359 21462.189453
1009 3.594000 21462.193359 21462.189453
1010 3.598000 21462.193359 21462.189453
1011 3.601000 21462.193359 21462.189453
1012 3.604000 21462.193359 21462.189453
1013 3.607000 21462.193359 21462.189453
1014 3.610000 21462.193359 21462.189453
1015 3.614000 21462.193359 21462.189453
1016 3.619000 21462.193359 21462.189453
1017 3.622000 21462.193359 21462.189453
1018 3.625000 21462.193359 21462.189453
1019 3.628000 21462.193359 21462.189453
1020 3.633000 21462.193359 21462.189453
1021 3.635000 21462.193359 21462.189453
1022 3.638000 21462.193359 21462.189453
1023 3.641000 21462.193359 21462.189453
1024 3.644000 21462.193359 21462.189453
1025 3.648000 21462.193359 21462.189453
1026 3.651000 21462.193359 21462.189453
1027 3.654000 21462.193359 21462.189453
1028 3.657000 21462.193359 21462.189453
1029 3.661000 21462.193359 21462.189453
1030 3.664000 21462.193359 21462.189453
1031 3.668000 21462.193359 21462.189453
1032 3.670000 21462.193359 21462.189453
1033 3.674000 21462.193359 21462.189453
1034 3.678000 21462.193359 21462.189453
1035 3.681000 21462.193359 21462.189453
1036 3.684000 21462.193359 21462.189453
1037 3.687000 21462.193359 21462.189453
1038 3.691000 21462.193359 21462.189453
1039 3.695000 21462.193359 21462.189453
1040 3.698000 21462.193359 21462.189453
1041 3.701000 21462.193359 21462.189453
1042 3.704000 21462.193359 21462.189453
1043 3.709000 21462.193359 21462.189453
1044 3.712000 21462.193359 21462.189453
1045 3.716000 21462.193359 21462.189453
1046 3.719000 21462.193359 21462.189453
1047 3.722000 21462.193359 21462.189453
1048 3.725000 21462.193359 21462.189453
1049 3.728000 21462.193359 21462.189453
1050 3.731000 21462.193359 21462.189453
1051 3.734000 21462.193359 21462.189453
1052 3.738000 21462.193359 21462.189453
1053 3.741000 21462.193359 21462.189453
1054 3.744000 21462.193359 21462.189453
1055 3.748000 21462.193359 21462.189453
1056 3.751000 21462.193359 21462.189453
1057 3.755000 21462.193359 21462.189453
1058 3.758000 21462.193359 21462.189453
1059 3.761000 21462.193359 21462.189453
1060 3.764000 21462.193359 21462.189453
1061 3.767000 21462.193359 21462.189453
1062 3.771000 21462.193359 21462.189453
1063 3.775000 21462.193359 21462.189453
1064 3.778000 21462.193359 21462.189453
1065 3.781000 21462.193359 21462.189453
1066 3.785000 21462.193359 21462.189453
1067 3.787000 21462.193359 21462.189453
1068 3.791000 21462.193359 21462.189453
1069 3.794000 21462.193359 21462.189453
1070 3.797000 21462.193359 21462.189453
1071 3.800000 21462.193359 21462.189453
1072 3.804000 21462.193359 21462.189453
1073 3.808000 21462.193359 21462.189453
1074 3.811000 21462.193359 21462.189453
1075 3.814000 21462.193359 21462.189453
1076 3.818000 21462.193359 21462.189453
1077 3.821000 21462.193359 21462.189453
1078 3.824000 21462.193359 21462.189453
1079 3.827000 21462.193359 21462.189453
1080 3.830000 21462.193359 21462.189453
1081 3.836000 21462.193359 21462.189453
1082 3.840000 21462.193359 21462.189453
1083 3.843000 21462.193359 21462.189453
1084 3.847000 21462.193359 21462.189453
1085 3.851000 21462.193359 21462.189453
1086 3.854000 21462.193359 21462.189453
1087 3.857000 21462.193359 21462.189453
1088 3.860000 21462.193359 21462.189453
1089 3.864000 21462.193359 21462.189453
1090 3.867000 21462.193359 21462.189453
1091 3.871000 21462.193359 21462.189453
1092 3.874000 21462.193359 21462.189453
1093 3.877000 21462.193359 21462.189453
1094 3.879000 21462.193359 21462.189453
1095 3.883000 21462.193359 21462.189453
1096 3.886000 21462.193359 21462.189453
1097 3.890000 21462.193359 21462.189453
1098 3.893000 21462.193359 21462.189453
1099 3.897000 21462.193359 21462.189453
1100 3.901000 21462.193359 21462.189453
1101 3.904000 21462.193359 21462.189453
1102 3.907000 21462.193359 21462.189453
1103 3.911000 21462.193359 21462.189453
1104 3.915000 21462.193359 21462.189453
1105 3.918000 21462.193359 21462.189453
1106 3.920000 21462.193359 21462.189453
1107 3.923000 21462.193359 21462.189453
1108 3.928000 21462.193359 21462.189453
1109 3.932000 21462.193359 21462.189453
1110 3.935000 21462.193359 21462.189453
1111 3.939000 21462.193359 21462.189453
1112 3.943000 21462.193359 21462.189453
1113 3.946000 21462.193359 21462.189453
1114 3.948000 21462.193359 21462.189453
1115 3.952000 21462.193359 21462.189453
1116 3.955000 21462.193359 21462.189453
1117 3.960000 21462.193359 21462.189453
1118 3.963000 21462.193359 21462.189453
1119 3.967000 21462.193359 21462.189453
1120 3.970000 21462.193359 21462.189453
1121 3.973000 21462.193359 21462.189453
1122 3.976000 21462.193359 21462.189453
1123 3.980000 21462.193359 21462.189453
1124 3.983000 21462.193359 21462.189453
1125 3.986000 21462.193359 21462.189453
1126 3.989000 21462.193359 21462.189453
1127 3.993000 21462.193359 21462.189453
1128 3.995000 21462.193359 21462.189453
1129 3.999000 21462.193359 21462.189453
1130 4.002000 21462.193359 21462.189453
1131 4.006000 21462.193359 21462.189453
1132 4.009000 21462.193359 21462.189453
1133 4.012000 21462.193359 21462.189453
1134 4.016000 21462.193359 21462.189453
1135 4.019000 21462.193359 21462.189453
1136 4.022000 21462.193359 21462.189453
1137 4.026000 21462.193359 21462.189453
1138 4.028000 21462.193359 21462.189453
1139 4.031000 21462.193359 21462.189453
1140 4.034000 21462.193359 21462.189453
1141 4.037000 21462.193359 21462.189453
1142 4.040000 21462.193359 21462.189453
1143 4.044000 21462.193359 21462.189453
1144 4.047000 21462.193359 21462.189453
1145 4.050000 21462.193359 21462.189453
1146 4.054000 21462.193359 21462.189453
1147 4.057000 21462.193359 21462.189453
1148 4.060000 21462.193359 21462.189453
1149 4.064000 21462.193359 21462.189453
1150 4.068000 21462.193359 21462.189453
1151 4.071000 21462.193359 21462.189453
1152 4.074000 21462.193359 21462.189453
1153 4.077000 21462.193359 21462.189453
1154 4.080000 21462.193359 21462.189453
1155 4.084000 21462.193359 21462.189453
1156 4.087000 21462.193359 21462.189453
1157 4.090000 21462.193359 21462.189453
1158 4.094000 21462.193359 21462.189453
1159 4.097000 21462.193359 21462.189453
1160 4.103000 21462.193359 21462.189453
1161 4.106000 21462.193359 21462.189453
1162 4.109000 21462.193359 21462.189453
1163 4.111000 21462.193359 21462.189453
1164 4.115000 21462.193359 21462.189453
1165 4.118000 21462.193359 21462.189453
1166 4.121000 21462.193359 21462.189453
1167 4.124000 21462.193359 21462.189453
1168 4.127000 21462.193359 21462.189453
1169 4.130000 21462.193359 21462.189453
1170 4.135000 21462.193359 21462.189453
1171 4.138000 21462.193359 21462.189453
1172 4.141000 21462.193359 21462.189453
1173 4.144000 21462.193359 21462.189453
1174 4.147000 21462.193359 21462.189453
1175 4.151000 21462.193359 21462.189453
1176 4.154000 21462.193359 21462.189453
1177 4.157000 21462.193359 21462.189453
1178 4.160000 21462.193359 21462.189453
1179 4.165000 21462.193359 21462.189453
1180 4.170000 21462.193359 21462.189453
1181 4.173000 21462.193359 21462.189453
1182 4.177000 21462.193359 21462.189453
1183 4.179000 21462.193359 21462.189453
1184 4.182000 21462.193359 21462.189453
1185 4.186000 21462.193359 21462.189453
1186 4.188000 21462.193359 21462.189453
1187 4.193000 21462.193359 21462.189453
1188 4.196000 21462.193359 21462.189453
1189 4.199000 21462.193359 21462.189453
1190 4.203000 21462.193359 21462.189453
1191 4.206000 21462.193359 21462.189453
1192 4.209000 21462.193359 21462.189453
1193 4.212000 21462.193359 21462.189453
1194 4.215000 21462.193359 21462.189453
1195 4.219000 21462.193359 21462.189453
1196 4.222000 21462.193359 21462.189453
1197 4.226000 21462.193359 21462.189453
1198 4.229000 21462.193359 21462.189453
1199 4.233000 21462.193359 21462.189453
1200 4.235000 21462.193359 21462.189453
1201 4.239000 21462.193359 21462.189453
1202 4.242000 21462.193359 21462.189453
1203 4.245000 21462.193359 21462.189453
1204 4.250000 21462.193359 21462.189453
1205 4.253000 21462.193359 21462.189453
1206 4.256000 21462.193359 21462.189453
1207 4.260000 21462.193359 21462.189453
1208 4.263000 21462.193359 21462.189453
1209 4.266000 21462.193359 21462.189453
1210 4.269000 21462.193359 21462.189453
1211 4.272000 21462.193359 21462.189453
1212 4.275000 21462.193359 21462.189453
1213 4.278000 21462.193359 21462.189453
1214 4.281000 21462.193359 21462.189453
1215 4.285000 21462.193359 21462.189453
1216 4.288000 21462.193359 21462.189453
1217 4.292000 21462.193359 21462.189453
1218 4.295000 21462.193359 21462.189453
1219 4.300000 21462.193359 21462.189453
1220 4.304000 21462.193359 21462.189453
1221 4.307000 21462.193359 21462.189453
1222 4.310000 21462.193359 21462.189453
1223 4.313000 21462.193359 21462.189453
1224 4.317000 21462.193359 21462.189453
1225 4.320000 21462.193359 21462.189453
1226 4.323000 21462.193359 21462.189453
1227 4.326000 21462.193359 21462.189453
1228 4.330000 21462.193359 21462.189453
1229 4.336000 21462.193359 21462.189453
1230 4.339000 21462.193359 21462.189453
1231 4.342000 21462.193359 21462.189453
1232 4.344000 21462.193359 21462.189453
1233 4.348000 21462.193359 21462.189453
1234 4.351000 21462.193359 21462.189453
1235 4.354000 21462.193359 21462.189453
1236 4.358000 21462.193359 21462.189453
1237 4.361000 21462.193359 21462.189453
1238 4.365000 21462.193359 21462.189453
1239 4.368000 21462.193359 21462.189453
1240 4.372000 21462.193359 21462.189453
1241 4.375000 21462.193359 21462.189453
1242 4.378000 21462.193359 21462.189453
1243 4.381000 21462.193359 21462.189453
1244 4.384000 21462.193359 21462.189453
1245 4.388000 21462.193359 21462.189453
1246 4.391000 21462.193359 21462.189453
1247 4.395000 21462.193359 21462.189453
1248 4.399000 21462.193359 21462.189453
1249 4.402000 21462.193359 21462.189453
1250 4.405000 21462.193359 21462.189453
1251 4.408000 21462.193359 21462.189453
1252 4.413000 21462.193359 21462.189453
1253 4.416000 21462.193359 21462.189453
1254 4.420000 21462.193359 21462.189453
1255 4.422000 21462.193359 21462.189453
1256 4.426000 21462.193359 21462.189453
1257 4.429000 21462.193359 21462.189453
1258 4.433000 21462.193359 21462.189453
1259 4.436000 21462.193359 21462.189453
1260 4.440000 21462.193359 21462.189453
1261 4.447000 21462.193359 21462.189453
1262 4.450000 21462.193359 21462.189453
1263 4.453000 21462.193359 21462.189453
1264 4.456000 21462.193359 21462.189453
1265 4.461000 21462.193359 21462.189453
1266 4.465000 21462.193359 21462.189453
1267 4.467000 21462.193359 21462.189453
1268 4.470000 21462.193359 21462.189453
1269 4.473000 21462.193359 21462.189453
1270 4.476000 21462.193359 21462.189453
1271 4.480000 21462.193359 21462.189453
1272 4.482000 21462.193359 21462.189453
1273 4.485000 21462.193359 21462.189453
1274 4.489000 21462.193359 21462.189453
1275 4.493000 21462.193359 21462.189453
1276 4.497000 21462.193359 21462.189453
1277 4.501000 21462.193359 21462.189453
1278 4.504000 21462.193359 21462.189453
1279 4.508000 21462.193359 21462.189453
1280 4.511000 21462.193359 21462.189453
1281 4.515000 21462.193359 21462.189453
1282 4.518000 21462.193359 21462.189453
1283 4.522000 21462.193359 21462.189453
1284 4.525000 21462.193359 21462.189453
1285 4.528000 21462.193359 21462.189453
1286 4.531000 21462.193359 21462.189453
1287 4.535000 21462.193359 21462.189453
1288 4.539000 21462.193359 21462.189453
1289 4.542000 21462.193359 21462.189453
1290 4.545000 21462.193359 21462.189453
1291 4.548000 21462.193359 21462.189453
1292 4.551000 21462.193359 21462.189453
1293 4.554000 21462.193359 21462.189453
1294 4.558000 21462.193359 21462.189453
1295 4.560000 21462.193359 21462.189453
1296 4.564000 21462.193359 21462.189453
1297 4.567000 21462.193359 21462.189453
1298 4.570000 21462.193359 21462.189453
