0 0.000000 3129.305908 3332.239746
1 0.022000 3065.400879 3332.239746
2 0.045000 3015.874756 3258.630859
3 0.064000 2974.499268 3447.604492
4 0.087000 2938.653320 3323.649414
5 0.110000 2920.111084 3780.368652
6 0.130000 2920.111084 3897.908447
7 0.152000 2909.929199 4157.001953
8 0.178000 2909.929199 4158.194824
9 0.203000 2875.205811 4544.462402
10 0.226000 2875.205811 4566.374023
11 0.248000 2875.205811 4457.803711
12 0.274000 2875.205811 4988.996094
13 0.297000 2875.205811 5134.259277
14 0.319000 2875.205811 4906.164551
15 0.342000 2875.205811 5167.766113
16 0.367000 2875.205811 5008.621094
17 0.390000 2875.205811 5195.829102
18 0.414000 2875.205811 5155.093750
19 0.438000 2875.205811 5068.501465
20 0.460000 2860.371582 5721.899414
21 0.488000 2850.937500 5911.400391
22 0.511000 2850.937500 5803.068848
23 0.534000 2847.920898 5425.465820
24 0.556000 2847.920898 5315.404785
25 0.581000 2847.920898 5285.113770
26 0.603000 2847.920898 5363.136230
27 0.626000 2847.920898 5497.156738
28 0.649000 2847.920898 5537.498535
29 0.672000 2847.920898 5465.323730
30 0.695000 2847.920898 5404.552734
31 0.721000 2847.920898 5463.760742
32 0.746000 2847.920898 5375.160645
33 0.772000 2847.920898 5384.794434
34 0.794000 2847.920898 5214.973633
35 0.817000 2847.920898 5403.609863
36 0.838000 2847.920898 5235.410645
37 0.861000 2847.920898 5221.871094
38 0.884000 2847.920898 5229.654785
39 0.909000 2847.920898 5551.486328
40 0.934000 2847.920898 5554.274902
41 0.962000 2846.829346 5530.232422
42 0.986000 2827.249268 5617.323730
43 1.013000 2827.249268 5597.460449
44 1.042000 2827.249268 5529.035645
45 1.065000 2827.249268 5558.991699
46 1.089000 2827.249268 5662.576172
47 1.109000 2812.302734 5760.359375
48 1.134000 2806.725098 5925.497559
49 1.155000 2804.903076 5740.421875
50 1.181000 2798.504395 5817.151855
51 1.206000 2798.504395 5504.597656
52 1.227000 2798.504395 5621.790039
53 1.252000 2798.504395 5850.737305
54 1.276000 2798.504395 5505.695801
55 1.302000 2798.504395 5566.654297
56 1.328000 2798.504395 5730.136230
57 1.353000 2798.504395 5493.501953
58 1.378000 2798.504395 5686.893555
59 1.402000 2798.504395 5605.964844
60 1.421000 2798.504395 5546.876953
61 1.445000 2798.504395 5583.698242
62 1.470000 2798.504395 5356.234863
63 1.490000 2798.504395 5258.544434
64 1.511000 2798.504395 5389.116699
65 1.538000 2798.504395 5323.810059
66 1.561000 2798.504395 5446.120117
67 1.586000 2798.504395 5346.422363
68 1.611000 2798.504395 5145.759766
69 1.642000 2798.504395 5075.534180
70 1.669000 2798.504395 5174.220703
71 1.691000 2798.504395 5052.113770
72 1.715000 2798.504395 4823.905762
73 1.738000 2798.504395 5088.319824
74 1.760000 2798.504395 5111.419434
75 1.786000 2798.504395 5251.167480
76 1.811000 2798.504395 5070.502930
77 1.833000 2798.504395 4984.447266
78 1.858000 2798.504395 5137.886719
79 1.882000 2798.504395 5022.175781
80 1.905000 2798.504395 5128.164551
81 1.928000 2798.504395 4994.500000
82 1.952000 2798.504395 5364.208984
83 1.974000 2798.504395 5082.524414
84 1.997000 2798.504395 5219.005859
85 2.022000 2798.504395 5268.535156
86 2.044000 2798.504395 5259.647949
87 2.067000 2798.504395 5352.120117
88 2.092000 2798.504395 5441.170410
89 2.113000 2798.504395 5633.472656
90 2.137000 2798.504395 5695.459473
91 2.160000 2798.504395 5561.401367
92 2.183000 2798.504395 5665.754395
93 2.206000 2798.504395 5817.970703
94 2.233000 2798.504395 5548.277344
95 2.252000 2798.504395 5819.590820
96 2.278000 2798.504395 5744.459961
97 2.304000 2798.504395 5780.763184
98 2.326000 2798.504395 5781.358887
99 2.350000 2798.504395 5548.726074
100 2.373000 2798.504395 5395.451172
101 2.395000 2798.504395 5443.846191
102 2.417000 2798.504395 5702.973633
103 2.441000 2798.504395 5952.021973
104 2.461000 2798.504395 5649.962402
105 2.484000 2798.504395 5472.385742
106 2.508000 2798.504395 5783.898926
107 2.532000 2798.504395 5590.355469
108 2.555000 2798.504395 5237.826660
109 2.578000 2798.504395 5136.151855
110 2.598000 2798.504395 5321.548828
111 2.621000 2798.504395 5450.084473
112 2.643000 2798.504395 5640.024902
113 2.665000 2798.504395 5376.803223
114 2.685000 2798.504395 5333.204590
115 2.708000 2798.504395 5248.137695
116 2.728000 2798.504395 5670.393555
117 2.752000 2798.504395 5620.358887
118 2.773000 2798.504395 5512.787598
119 2.794000 2798.504395 5769.462891
120 2.816000 2798.504395 5892.940430
121 2.840000 2798.504395 6201.767090
122 2.864000 2798.504395 6046.999512
123 2.886000 2798.504395 5853.019531
124 2.910000 2798.504395 6088.917969
125 2.933000 2798.504395 6230.822266
126 2.958000 2798.504395 6340.701172
127 2.981000 2798.504395 6507.501953
128 3.002000 2798.504395 6561.950684
129 3.024000 2798.504395 6575.755859
130 3.047000 2798.504395 6372.243164
131 3.070000 2798.504395 6507.161133
132 3.095000 2798.504395 6358.339355
133 3.117000 2798.504395 6147.145020
134 3.137000 2798.504395 6053.232910
135 3.161000 2798.504395 5776.014160
136 3.184000 2798.504395 5724.163086
137 3.206000 2798.504395 5821.404297
138 3.227000 2798.504395 5778.872070
139 3.248000 2798.504395 5841.732910
140 3.269000 2798.504395 5767.155762
141 3.290000 2798.504395 5780.978027
142 3.313000 2798.504395 5621.603027
143 3.335000 2798.504395 5621.240234
144 3.359000 2798.504395 5793.740234
145 3.381000 2798.504395 5822.106934
146 3.403000 2798.504395 5653.062012
147 3.424000 2798.504395 5812.926270
148 3.447000 2798.504395 5929.993652
149 3.472000 2798.504395 5909.354980
150 3.494000 2798.504395 5780.588867
151 3.518000 2798.504395 5778.374512
152 3.541000 2798.504395 5712.000488
153 3.568000 2798.504395 5564.515625
154 3.591000 2798.504395 5177.484863
155 3.613000 2798.504395 5091.791504
156 3.636000 2798.504395 5335.357910
157 3.656000 2798.504395 5439.649902
158 3.678000 2798.504395 5253.226074
159 3.697000 2798.504395 5426.875000
160 3.721000 2798.504395 5392.904785
161 3.743000 2798.504395 5517.550781
162 3.767000 2798.504395 5539.340820
163 3.791000 2798.504395 5762.524902
164 3.810000 2798.504395 5472.220215
165 3.831000 2798.504395 5295.717285
166 3.853000 2798.504395 5201.265625
167 3.877000 2798.504395 5070.822754
168 3.899000 2798.504395 5154.551758
169 3.922000 2798.504395 5178.024902
170 3.945000 2798.504395 5273.329590
171 3.970000 2798.504395 5044.357910
172 3.989000 2798.504395 5247.154785
173 4.009000 2798.504395 5664.904297
174 4.030000 2798.504395 5817.130859
175 4.051000 2798.504395 5373.522949
176 4.071000 2798.504395 5568.493652
177 4.094000 2798.504395 5875.866211
178 4.116000 2798.504395 5528.379883
179 4.136000 2798.504395 5741.270020
180 4.158000 2798.504395 5626.934570
181 4.178000 2798.504395 5861.658691
182 4.200000 2798.504395 6132.543945
183 4.216000 2798.504395 5919.693359
184 4.236000 2798.504395 5946.322266
185 4.260000 2798.504395 6050.015625
186 4.283000 2798.504395 5898.504395
187 4.303000 2798.504395 5999.104492
188 4.324000 2798.504395 6162.873047
189 4.351000 2798.504395 6009.626953
190 4.372000 2798.504395 5725.419434
191 4.396000 2798.504395 5518.234863
192 4.418000 2798.504395 5492.200195
193 4.441000 2798.504395 5615.310059
194 4.463000 2798.504395 5404.171387
195 4.488000 2798.504395 5424.981934
196 4.510000 2798.504395 5780.622559
197 4.531000 2798.504395 5766.834473
198 4.554000 2798.504395 5486.968750
199 4.580000 2798.504395 5454.004883
200 4.604000 2798.504395 5442.975586
201 4.626000 2798.504395 5226.541992
202 4.650000 2798.504395 5390.669434
203 4.674000 2798.504395 5282.116211
204 4.699000 2798.504395 5358.955566
205 4.722000 2798.504395 5710.959473
206 4.744000 2798.504395 5461.271484
207 4.769000 2798.504395 5427.789551
208 4.793000 2798.504395 5636.765625
209 4.814000 2798.504395 5343.669434
210 4.838000 2798.504395 5604.547363
211 4.856000 2798.504395 5414.591309
212 4.879000 2798.504395 5805.035156
213 4.901000 2798.504395 5764.660156
214 4.925000 2798.504395 5895.857910
215 4.949000 2798.504395 5693.254883
216 4.974000 2798.504395 5394.093262
217 4.994000 2798.504395 5392.426758
218 5.018000 2798.504395 5511.562988
219 5.038000 2798.504395 5469.350098
220 5.060000 2798.504395 5532.104492
221 5.083000 2798.504395 5728.916016
222 5.106000 2798.504395 5769.441406
223 5.131000 2798.504395 5599.703613
224 5.152000 2798.504395 5876.263184
225 5.174000 2798.504395 5610.829590
226 5.199000 2798.504395 5657.682617
227 5.221000 2798.504395 5599.212402
228 5.241000 2798.504395 5530.310547
229 5.265000 2798.504395 5405.384277
230 5.287000 2798.504395 5746.909180
231 5.310000 2798.504395 5410.704590
232 5.336000 2798.504395 5377.033691
233 5.359000 2798.504395 5354.503906
234 5.383000 2798.504395 5342.915527
235 5.404000 2798.504395 5399.846191
236 5.428000 2798.504395 5516.452637
237 5.451000 2798.504395 5698.441895
238 5.471000 2798.504395 5650.887695
239 5.493000 2798.504395 5767.599609
240 5.518000 2798.504395 5493.110840
241 5.539000 2798.504395 5546.531738
242 5.561000 2798.504395 5550.504883
243 5.582000 2798.504395 5646.791992
244 5.604000 2798.504395 5598.009277
245 5.627000 2798.504395 5659.439941
246 5.648000 2798.504395 5535.843262
247 5.674000 2798.504395 5529.616699
248 5.697000 2798.504395 5495.514160
249 5.718000 2798.504395 5758.452637
250 5.745000 2798.504395 5519.982422
251 5.768000 2798.504395 5283.691406
252 5.791000 2798.504395 5290.649902
253 5.813000 2798.504395 5434.266113
254 5.835000 2798.504395 5437.765137
255 5.858000 2798.504395 5309.582520
256 5.883000 2798.504395 5550.545410
257 5.906000 2798.504395 5209.859863
258 5.928000 2798.504395 5253.330566
259 5.949000 2798.504395 5362.613770
260 5.974000 2798.504395 5419.260742
261 5.998000 2798.504395 5281.958984
262 6.020000 2798.504395 5106.293457
263 6.043000 2798.504395 5084.229492
264 6.069000 2798.504395 5359.287109
265 6.089000 2798.504395 5083.666992
266 6.110000 2798.504395 5078.878906
267 6.128000 2798.504395 5034.525391
268 6.153000 2798.504395 5383.354492
269 6.178000 2798.504395 5366.693359
270 6.199000 2798.504395 5240.187988
271 6.220000 2798.504395 5227.107910
272 6.246000 2798.504395 5195.500488
273 6.266000 2798.504395 5015.151855
274 6.289000 2798.504395 5200.532715
275 6.313000 2798.504395 5234.019531
276 6.337000 2798.504395 5018.099609
277 6.362000 2798.504395 5102.268555
278 6.385000 2798.504395 5028.554199
279 6.409000 2798.504395 5172.860840
280 6.433000 2798.504395 5002.072754
281 6.457000 2798.504395 4880.620117
282 6.481000 2798.504395 4744.793945
283 6.503000 2798.504395 4702.563477
284 6.529000 2798.504395 4776.253906
285 6.552000 2798.504395 4841.361328
286 6.577000 2798.504395 5023.038574
287 6.597000 2798.504395 4741.758789
288 6.619000 2798.504395 5109.094238
289 6.644000 2798.504395 5171.797363
290 6.668000 2798.504395 5236.754883
291 6.688000 2798.504395 5133.803223
292 6.710000 2798.504395 5138.375977
293 6.731000 2798.504395 5188.904785
294 6.755000 2798.504395 5378.872070
295 6.777000 2798.504395 4987.142578
296 6.799000 2798.504395 5304.911133
297 6.820000 2798.504395 5208.779297
298 6.839000 2798.504395 5574.444336
299 6.860000 2798.504395 5752.101074
300 6.884000 2798.504395 5961.250488
301 6.908000 2798.504395 5707.063965
302 6.930000 2798.504395 5667.666992
303 6.950000 2798.504395 5868.177734
304 6.971000 2798.504395 6019.198242
305 6.994000 2798.504395 6259.935059
306 7.016000 2798.504395 6195.959961
307 7.037000 2798.504395 5935.669922
308 7.065000 2798.504395 6111.154785
309 7.087000 2798.504395 6044.059570
310 7.111000 2798.504395 6052.517578
311 7.132000 2798.504395 5962.436035
312 7.155000 2798.504395 6187.151367
313 7.178000 2798.504395 6066.997559
314 7.199000 2798.504395 6259.798340
315 7.221000 2798.504395 5980.081055
316 7.244000 2798.504395 5791.384766
317 7.268000 2798.504395 5863.353516
318 7.288000 2798.504395 5996.091797
319 7.310000 2798.504395 5894.899902
320 7.332000 2798.504395 5755.038086
321 7.354000 2798.504395 5645.095703
322 7.374000 2798.504395 5986.746094
323 7.398000 2798.504395 6465.903809
324 7.419000 2798.504395 6411.279297
325 7.444000 2798.504395 6027.790039
326 7.466000 2798.504395 5983.087891
327 7.488000 2798.504395 5715.972656
328 7.512000 2798.504395 5689.504395
329 7.533000 2798.504395 5593.741211
330 7.558000 2798.504395 5600.526367
331 7.580000 2798.504395 5355.863281
332 7.600000 2798.504395 5319.220215
333 7.620000 2798.504395 5346.891113
334 7.642000 2798.504395 5418.634277
335 7.664000 2798.504395 5164.432617
336 7.686000 2798.504395 4995.403809
337 7.712000 2798.504395 4944.851563
338 7.735000 2798.504395 5027.424316
339 7.757000 2798.504395 5221.484375
340 7.780000 2798.504395 5192.106445
341 7.804000 2798.504395 5088.003418
342 7.826000 2798.504395 5135.637695
343 7.851000 2798.504395 5464.681152
344 7.875000 2798.504395 5363.482910
345 7.897000 2798.504395 5452.648926
346 7.918000 2798.504395 5228.745605
347 7.939000 2798.504395 5236.698730
348 7.961000 2798.504395 5240.771484
349 7.984000 2798.504395 5034.931152
350 8.006000 2798.504395 5437.937500
351 8.029000 2798.504395 5754.573730
352 8.050000 2798.504395 5459.944824
353 8.076000 2798.504395 5388.401367
354 8.099000 2798.504395 5368.421875
355 8.118000 2798.504395 5685.892090
356 8.141000 2798.504395 5652.640137
357 8.166000 2798.504395 5433.738281
358 8.191000 2798.504395 5239.985352
359 8.210000 2798.504395 5055.840820
360 8.236000 2798.504395 5232.223145
361 8.257000 2798.504395 5297.167969
362 8.278000 2798.504395 5508.316895
363 8.303000 2798.504395 5361.955078
364 8.327000 2798.504395 5473.464844
365 8.348000 2798.504395 5358.015625
366 8.368000 2798.504395 5313.915039
367 8.391000 2798.504395 5421.768066
368 8.414000 2798.504395 5413.078613
369 8.437000 2798.504395 5225.590820
370 8.464000 2798.504395 5256.736328
371 8.488000 2798.504395 5124.633301
372 8.511000 2798.504395 4999.763672
373 8.534000 2798.504395 4843.696777
374 8.556000 2798.504395 4837.892578
375 8.579000 2798.504395 4791.407227
376 8.604000 2798.504395 4981.280762
377 8.626000 2798.504395 4933.497559
378 8.650000 2798.504395 5117.765137
379 8.669000 2798.504395 5472.408203
380 8.695000 2798.504395 5530.663086
381 8.719000 2798.504395 5432.993652
382 8.742000 2798.504395 5684.258301
383 8.765000 2798.504395 5501.296387
384 8.787000 2798.504395 5639.677734
385 8.809000 2798.504395 5552.186035
386 8.832000 2798.504395 5757.514160
387 8.853000 2798.504395 6008.134766
388 8.881000 2798.504395 6387.352051
389 8.899000 2798.504395 6041.087891
390 8.921000 2798.504395 6278.190430
391 8.944000 2798.504395 6180.343262
392 8.970000 2798.504395 6024.066406
393 8.996000 2798.504395 5876.226074
394 9.020000 2798.504395 6012.922363
395 9.044000 2798.504395 6134.193359
396 9.065000 2798.504395 5942.825684
397 9.087000 2798.504395 5524.154785
398 9.107000 2798.504395 5904.169922
399 9.131000 2798.504395 6050.038574
400 9.153000 2798.504395 5630.887695
401 9.171000 2798.504395 5390.288574
402 9.199000 2798.504395 5279.004883
403 9.224000 2798.504395 5064.475098
404 9.247000 2798.504395 5090.761719
405 9.270000 2798.504395 5174.151367
406 9.292000 2798.504395 5542.714355
407 9.316000 2798.504395 5477.938965
408 9.337000 2798.504395 5605.301270
409 9.362000 2798.504395 5275.546875
410 9.387000 2798.504395 5088.405762
411 9.406000 2798.504395 4952.565918
412 9.428000 2798.504395 4939.541504
413 9.452000 2798.504395 5202.630371
414 9.479000 2798.504395 5364.040527
415 9.502000 2798.504395 5256.338867
416 9.525000 2798.504395 5261.215820
417 9.551000 2798.504395 5342.954590
418 9.574000 2798.504395 5381.154297
419 9.595000 2798.504395 5283.836426
420 9.619000 2798.504395 5131.265625
421 9.642000 2798.504395 4923.887695
422 9.663000 2798.504395 4830.389160
423 9.688000 2798.504395 4974.539063
424 9.710000 2798.504395 4952.241211
425 9.733000 2798.504395 4968.011230
426 9.756000 2798.504395 4767.192383
427 9.781000 2798.504395 4555.258301
428 9.807000 2798.504395 4578.035156
429 9.830000 2798.504395 4681.279297
430 9.851000 2798.504395 4506.324707
431 9.872000 2798.504395 4362.933594
432 9.895000 2798.504395 4454.768555
433 9.917000 2798.504395 4450.966797
434 9.938000 2798.504395 4500.291016
435 9.959000 2798.504395 4721.572266
436 9.982000 2798.504395 4883.061035
437 10.006000 2798.504395 4989.395020
438 10.027000 2798.504395 5221.402344
439 10.052000 2798.504395 5209.041016
440 10.073000 2798.504395 5200.529785
441 10.098000 2798.504395 5265.652344
442 10.114000 2798.504395 5246.754395
443 10.137000 2798.504395 5171.989746
444 10.159000 2798.504395 5500.059570
445 10.185000 2798.504395 5419.373047
446 10.206000 2798.504395 5434.562012
447 10.232000 2798.504395 5641.378906
448 10.254000 2798.504395 5543.901855
449 10.277000 2798.504395 5444.859375
450 10.298000 2798.504395 5593.566895
451 10.320000 2798.504395 5758.799805
452 10.342000 2798.504395 5489.062988
453 10.362000 2798.504395 5644.453125
454 10.384000 2798.504395 5584.681152
455 10.405000 2798.504395 5285.306641
456 10.426000 2798.504395 5196.203613
457 10.449000 2798.504395 5198.606934
458 10.470000 2798.504395 5430.430176
459 10.490000 2798.504395 5096.873535
460 10.515000 2798.504395 5495.887695
461 10.541000 2798.504395 5444.751465
462 10.565000 2798.504395 5379.032715
463 10.587000 2798.504395 5460.637695
464 10.606000 2798.504395 5269.522949
465 10.630000 2798.504395 5300.039551
466 10.655000 2798.504395 5208.773926
467 10.678000 2798.504395 5203.836426
468 10.699000 2798.504395 5443.295410
469 10.721000 2798.504395 5601.886230
470 10.743000 2798.504395 5402.521973
471 10.769000 2798.504395 5575.068848
472 10.791000 2798.504395 5485.673340
473 10.809000 2798.504395 5656.340820
474 10.831000 2798.504395 5898.557617
475 10.856000 2798.504395 5749.252441
476 10.881000 2798.504395 5444.548340
477 10.904000 2798.504395 5393.649414
478 10.929000 2798.504395 5470.123535
479 10.949000 2798.504395 5242.999512
480 10.968000 2798.504395 5144.723633
481 10.989000 2798.504395 5121.644531
482 11.011000 2798.504395 5329.518555
483 11.034000 2798.504395 5456.389160
484 11.060000 2798.504395 5528.234375
485 11.081000 2798.504395 5527.144531
486 11.104000 2798.504395 5558.179199
487 11.128000 2798.504395 5281.251953
488 11.151000 2798.504395 5126.072266
489 11.171000 2798.504395 5281.595703
490 11.194000 2798.504395 5334.560547
491 11.218000 2798.504395 5742.107422
492 11.241000 2798.504395 5999.631836
493 11.262000 2798.504395 5956.408691
494 11.284000 2798.504395 5660.077637
495 11.307000 2798.504395 6080.243164
496 11.332000 2798.504395 5873.251953
497 11.357000 2798.504395 5864.343750
498 11.380000 2798.504395 5670.661133
499 11.404000 2798.504395 5628.484863
500 11.429000 2798.504395 5641.763184
501 11.453000 2798.504395 5535.395508
502 11.478000 2798.504395 5424.120117
503 11.500000 2798.504395 5572.553711
504 11.522000 2798.504395 5290.682617
505 11.551000 2798.504395 5247.908203
506 11.572000 2798.504395 5399.649902
507 11.593000 2798.504395 5611.098633
508 11.615000 2798.504395 5353.767090
509 11.637000 2798.504395 5568.297363
510 11.659000 2798.504395 5599.975586
511 11.681000 2798.504395 5409.220215
512 11.705000 2798.504395 5412.798340
513 11.729000 2798.504395 5482.291992
514 11.752000 2798.504395 5696.634277
515 11.776000 2798.504395 5780.625488
516 11.800000 2798.504395 6159.507324
517 11.841000 2798.504395 6163.735840
518 11.863000 2798.504395 6016.058105
519 11.890000 2798.504395 5978.341309
520 11.913000 2798.504395 5855.745117
521 11.935000 2798.504395 5933.113770
522 11.958000 2798.504395 6108.600098
523 11.981000 2798.504395 6187.337402
524 12.003000 2798.504395 6052.214844
525 12.028000 2798.504395 6052.587402
526 12.051000 2798.504395 6148.133301
527 12.072000 2798.504395 6255.342285
528 12.094000 2798.504395 6353.287109
529 12.116000 2798.504395 6248.957031
530 12.140000 2798.504395 6728.709473
531 12.163000 2798.504395 6646.546387
532 12.189000 2798.504395 6646.548340
533 12.212000 2798.504395 6296.656738
534 12.233000 2798.504395 6506.213867
535 12.253000 2798.504395 6765.004883
536 12.280000 2798.504395 6577.002441
537 12.300000 2798.504395 6468.555176
538 12.319000 2798.504395 6442.693848
539 12.345000 2798.504395 6727.714355
540 12.368000 2798.504395 6224.179199
541 12.392000 2798.504395 6370.462891
542 12.413000 2798.504395 6490.175781
543 12.433000 2798.504395 6508.251465
544 12.454000 2798.504395 6362.473633
545 12.479000 2798.504395 6087.403809
546 12.502000 2798.504395 6174.335449
547 12.527000 2798.504395 6190.443848
548 12.551000 2798.504395 6328.446289
549 12.574000 2798.504395 6099.580078
550 12.597000 2798.504395 5943.818359
