0 0.000000 45331.019531 47184.863281
1 0.098000 44026.039063 47184.863281
2 0.206000 42664.957031 46344.933594
3 0.279000 42614.519531 45616.218750
4 0.396000 42487.550781 45201.855469
5 0.492000 42429.390625 44689.535156
6 0.581000 41793.894531 44377.886719
7 0.676000 41380.687500 43964.566406
8 0.795000 41270.011719 43670.238281
9 0.899000 41257.617188 43466.593750
10 0.995000 41028.640625 43254.535156
11 1.092000 41028.640625 43116.171875
12 1.198000 40869.488281 42830.203125
13 1.276000 40739.011719 42717.601563
14 1.373000 40643.015625 42642.339844
15 1.459000 40556.957031 42465.503906
16 1.553000 40437.761719 42221.183594
17 1.661000 40402.035156 42036.281250
18 1.755000 40320.078125 41901.441406
19 1.826000 39964.125000 41794.914063
20 1.914000 39811.304688 41661.757813
21 2.012000 39443.343750 41544.945313
22 2.100000 39287.695313 41416.246094
23 2.186000 39192.269531 41350.058594
24 2.274000 39192.269531 41260.257813
25 2.356000 39192.269531 41151.609375
26 2.450000 39192.269531 41071.640625
27 2.544000 39129.656250 41231.695313
28 2.624000 39079.453125 41097.035156
29 2.735000 38979.257813 40973.359375
30 2.832000 38978.226563 40906.718750
31 2.915000 38978.226563 40844.179688
32 3.005000 38978.226563 40878.324219
33 3.086000 38944.410156 41019.503906
34 3.170000 38944.410156 40851.906250
35 3.268000 38944.410156 40705.914063
36 3.361000 38944.410156 40656.546875
37 3.461000 38944.410156 40630.152344
38 3.557000 38944.410156 40591.710938
39 3.663000 38944.410156 40644.441406
40 3.760000 38944.410156 40614.164063
41 3.856000 38944.410156 40525.648438
42 3.942000 38944.410156 40459.511719
43 4.036000 38944.410156 40432.183594
44 4.123000 38944.410156 40398.781250
45 4.219000 38944.410156 40356.183594
46 4.321000 38944.410156 40326.117188
47 4.420000 38944.410156 40389.921875
48 4.530000 38944.410156 40309.054688
49 4.610000 38944.410156 40287.363281
50 4.713000 38944.410156 40274.273438
51 4.810000 38944.410156 40217.601563
52 4.900000 38944.410156 40192.449219
53 5.012000 38944.410156 40204.332031
54 5.101000 38944.410156 40197.156250
55 5.195000 38944.410156 40176.984375
56 5.296000 38944.410156 40159.039063
57 5.382000 38944.410156 40149.984375
58 5.477000 38944.410156 40134.136719
59 5.573000 38944.410156 40102.843750
60 5.691000 38944.410156 40090.011719
61 5.794000 38944.410156 40087.671875
62 5.906000 38944.410156 40078.015625
63 6.016000 38944.410156 40069.894531
64 6.113000 38944.410156 40066.507813
65 6.208000 38944.410156 40063.929688
66 6.305000 38944.410156 40027.394531
67 6.417000 38944.410156 39997.707031
68 6.534000 38944.410156 39993.238281
69 6.641000 38944.410156 39991.839844
70 6.725000 38944.410156 39982.046875
71 6.848000 38944.410156 39956.476563
72 6.953000 38944.410156 39945.027344
73 7.045000 38944.410156 39933.996094
74 7.137000 38944.410156 39928.695313
75 7.234000 38944.410156 39916.523438
76 7.330000 38944.410156 39909.656250
77 7.410000 38944.410156 40046.996094
78 7.502000 38944.410156 39964.789063
79 7.601000 38944.410156 39961.964844
80 7.705000 38944.410156 39951.757813
81 7.814000 38944.410156 39924.203125
82 7.900000 38944.410156 39913.878906
83 7.994000 38944.410156 39912.402344
84 8.093000 38944.410156 40036.832031
85 8.248000 38944.410156 39974.734375
86 8.333000 38944.410156 39925.449219
87 8.428000 38944.410156 39903.390625
88 8.537000 38944.410156 39887.734375
89 8.634000 38944.410156 39883.136719
90 8.730000 38944.410156 39878.410156
91 8.822000 38944.410156 39876.125000
92 8.917000 38944.410156 39875.023438
93 9.026000 38944.410156 39874.910156
94 9.126000 38944.410156 39867.285156
95 9.224000 38944.410156 39867.285156
96 9.331000 38944.410156 39866.324219
97 9.425000 38944.410156 39855.273438
98 9.555000 38944.410156 39849.207031
99 9.651000 38944.410156 39845.371094
100 9.740000 38944.410156 39838.261719
101 9.831000 38944.410156 39826.171875
102 9.914000 38944.410156 39825.800781
103 10.010000 38944.410156 39825.800781
104 10.103000 38944.410156 39825.382813
105 10.190000 38944.410156 39818.167969
106 10.282000 38944.410156 39817.132813
107 10.358000 38944.410156 39814.246094
108 10.441000 38944.410156 39814.246094
109 10.538000 38944.410156 39809.074219
110 10.645000 38944.410156 39808.968750
111 10.731000 38944.410156 39808.968750
112 10.829000 38944.410156 39808.582031
113 10.926000 38944.410156 39808.582031
114 11.018000 38944.410156 39803.390625
115 11.116000 38944.410156 39801.417969
116 11.202000 38944.410156 39797.296875
117 11.299000 38944.410156 39938.343750
118 11.374000 38944.410156 39825.898438
119 11.471000 38944.410156 39824.042969
120 11.564000 38944.410156 39822.371094
121 11.662000 38944.410156 39821.843750
122 11.760000 38944.410156 39820.937500
123 11.855000 38944.410156 39820.781250
124 11.946000 38944.410156 39848.585938
125 12.055000 38944.410156 39861.828125
126 12.159000 38944.410156 39858.921875
127 12.252000 38944.410156 39851.066406
128 12.342000 38944.410156 39843.726563
129 12.437000 38944.410156 39841.226563
130 12.538000 38944.410156 39832.058594
131 12.651000 38944.410156 39831.199219
132 12.761000 38944.410156 39829.074219
133 12.850000 38944.410156 39824.226563
