0 0.000000 45665.312500 47208.691406
1 0.091000 44638.621094 47208.691406
2 0.176000 44149.968750 46170.968750
3 0.262000 43411.832031 45509.609375
4 0.369000 43097.421875 44851.613281
5 0.469000 42812.886719 44443.851563
6 0.568000 42280.679688 44330.859375
7 0.656000 42175.015625 43936.230469
8 0.760000 41984.722656 43707.109375
9 0.866000 41464.402344 43432.359375
10 0.960000 41142.980469 43268.015625
11 1.045000 41052.121094 42938.730469
12 1.147000 40925.175781 42737.523438
13 1.257000 40513.488281 42542.601563
14 1.349000 40484.187500 42405.796875
15 1.471000 40475.425781 42239.109375
16 1.582000 40326.566406 42064.464844
17 1.685000 40189.164063 42003.664063
18 1.768000 40173.195313 41908.648438
19 1.842000 40157.929688 41779.984375
20 1.933000 40051.921875 41687.339844
21 2.036000 39974.085938 41584.902344
22 2.144000 39960.808594 41513.828125
23 2.226000 39922.777344 41482.265625
24 2.318000 39885.347656 41374.988281
25 2.432000 39827.234375 41515.105469
26 2.529000 39827.234375 41354.921875
27 2.614000 39687.773438 41243.863281
28 2.718000 39622.160156 41176.285156
29 2.808000 39413.195313 41128.953125
30 2.904000 39392.832031 41079.644531
31 2.996000 39348.855469 41001.433594
32 3.117000 39284.035156 41042.371094
33 3.214000 39284.035156 41198.050781
34 3.304000 39282.312500 41202.921875
35 3.396000 39282.312500 41121.898438
36 3.491000 39230.429688 40979.335938
37 3.592000 39230.429688 40903.347656
38 3.690000 39230.429688 40860.230469
39 3.796000 39214.515625 40827.390625
40 3.880000 39214.515625 40884.347656
41 3.964000 39214.515625 40743.890625
42 4.076000 39214.515625 41023.308594
43 4.175000 39214.515625 40712.015625
44 4.280000 39214.515625 40800.390625
45 4.371000 39214.515625 40700.781250
46 4.469000 39214.406250 40634.937500
47 4.566000 39214.406250 40554.351563
48 4.657000 39214.406250 40526.132813
49 4.745000 39214.406250 40493.558594
50 4.834000 39214.406250 40451.765625
51 4.929000 39214.406250 40426.031250
52 5.027000 39214.406250 40509.003906
53 5.119000 39214.406250 40754.417969
54 5.189000 39214.406250 40654.453125
55 5.276000 39214.406250 40597.718750
56 5.388000 39214.406250 40478.089844
57 5.480000 39214.406250 40444.652344
58 5.572000 39214.406250 40414.976563
59 5.674000 39214.406250 40498.460938
60 5.759000 39214.406250 40523.015625
61 5.855000 39214.406250 40861.792969
62 5.946000 39214.406250 40560.835938
63 6.023000 39214.406250 40646.996094
64 6.117000 39214.406250 40569.324219
65 6.223000 39214.406250 40757.761719
66 6.325000 39214.406250 40740.054688
67 6.431000 39214.406250 41058.832031
68 6.531000 39214.406250 40670.796875
69 6.626000 39214.406250 40739.871094
70 6.720000 39214.406250 40705.500000
71 6.792000 39214.406250 40645.851563
72 6.881000 39214.406250 40628.453125
73 6.946000 39214.406250 40605.968750
74 7.045000 39214.406250 40538.832031
75 7.138000 39193.121094 40550.437500
76 7.227000 39193.121094 40496.375000
77 7.318000 39193.121094 40675.062500
78 7.405000 39193.121094 40580.121094
79 7.488000 39193.121094 40442.863281
80 7.571000 39193.121094 40412.859375
81 7.663000 39161.539063 40580.640625
82 7.741000 39161.539063 40351.390625
83 7.842000 39161.539063 40770.964844
84 7.946000 39161.539063 40727.523438
85 8.037000 39161.539063 40503.781250
86 8.137000 39161.539063 40441.566406
87 8.225000 39161.539063 40375.335938
88 8.312000 39161.539063 40306.316406
89 8.410000 39161.539063 40252.546875
90 8.501000 39161.539063 40239.781250
91 8.577000 39161.539063 40224.457031
92 8.679000 39161.539063 40202.960938
93 8.771000 39161.539063 40249.203125
94 8.868000 39161.539063 40202.863281
95 8.962000 39161.539063 40172.808594
96 9.057000 39161.539063 40151.277344
97 9.152000 39161.539063 40143.191406
98 9.247000 39161.539063 40130.097656
99 9.377000 39161.539063 40117.460938
100 9.479000 39161.539063 40107.562500
101 9.574000 39161.539063 40319.691406
102 9.668000 39161.539063 40264.015625
103 9.757000 39161.539063 40258.367188
104 9.844000 39161.539063 40175.042969
105 9.942000 39161.539063 40195.972656
106 10.039000 39161.539063 40186.167969
107 10.129000 39161.539063 40179.812500
108 10.218000 39161.539063 40178.691406
109 10.306000 39161.539063 40173.960938
110 10.384000 39129.851563 40307.113281
111 10.483000 39129.851563 40486.636719
112 10.585000 39129.851563 40357.738281
113 10.681000 39129.851563 40241.437500
114 10.789000 39129.851563 40203.316406
115 10.864000 39129.851563 40208.031250
116 10.967000 39129.851563 40195.308594
117 11.067000 39129.851563 40211.082031
118 11.158000 39129.851563 40192.234375
119 11.253000 39129.851563 40148.382813
120 11.334000 39129.851563 40146.687500
121 11.419000 39129.851563 40297.941406
122 11.519000 39129.851563 40203.968750
123 11.600000 39129.851563 40182.738281
124 11.699000 39129.851563 40717.953125
125 11.807000 39129.851563 40465.875000
126 11.895000 39129.851563 40417.570313
127 11.990000 39129.851563 40288.484375
128 12.099000 39129.851563 40624.359375
129 12.195000 39129.851563 40405.105469
130 12.283000 39129.851563 40378.449219
131 12.372000 39129.851563 40402.027344
132 12.467000 39129.851563 40705.253906
133 12.561000 39129.851563 40537.675781
134 12.647000 39129.851563 40480.843750
135 12.742000 39120.902344 40499.949219
136 12.817000 39120.902344 40479.601563
137 12.902000 39120.902344 40441.425781
138 12.990000 39120.902344 40388.656250
139 13.081000 39120.902344 40375.578125
140 13.173000 39120.902344 40336.164063
141 13.252000 39120.902344 40633.343750
142 13.346000 39120.902344 40629.460938
143 13.435000 39120.902344 40283.265625
144 13.519000 39120.902344 40379.890625
145 13.603000 39120.902344 40547.234375
146 13.700000 39120.902344 40410.925781
147 13.801000 39120.902344 40479.406250
148 13.886000 39120.902344 40410.761719
149 13.982000 39120.902344 40320.191406
150 14.074000 39120.902344 40406.402344
151 14.167000 39120.902344 40766.250000
152 14.265000 39120.902344 40690.664063
153 14.361000 39120.902344 40713.535156
154 14.458000 39120.902344 40628.746094
155 14.547000 39120.902344 40413.281250
156 14.653000 39120.902344 40383.863281
157 14.747000 39120.902344 40315.269531
158 14.848000 39120.902344 40281.871094
159 14.939000 39120.902344 40426.046875
160 15.034000 39120.902344 40286.605469
161 15.138000 39120.902344 40222.851563
162 15.236000 39120.902344 40330.437500
163 15.341000 39120.902344 40225.148438
164 15.449000 39120.902344 40216.636719
165 15.540000 39120.902344 40264.386719
166 15.633000 39120.902344 40738.218750
167 15.730000 39120.902344 40471.808594
168 15.818000 39120.902344 40382.007813
169 15.901000 39120.902344 40339.832031
170 15.997000 39120.902344 40294.019531
171 16.093000 39120.902344 40184.640625
172 16.187000 39120.902344 40184.640625
173 16.285000 39120.902344 40217.429688
174 16.387000 39120.902344 40196.164063
175 16.472000 39120.902344 40487.941406
176 16.553000 39120.902344 40657.250000
177 16.657000 39120.902344 40609.316406
178 16.748000 39120.902344 40477.425781
179 16.846000 39120.902344 40464.621094
180 16.939000 39120.902344 40481.277344
181 17.019000 39120.902344 40529.296875
182 17.129000 39120.902344 40501.273438
183 17.219000 39120.902344 40480.621094
184 17.312000 39120.902344 40446.718750
185 17.405000 39120.902344 40387.160156
186 17.505000 39120.902344 40343.203125
187 17.598000 39120.902344 40570.250000
188 17.682000 39120.902344 40399.445313
189 17.787000 39120.902344 40356.789063
190 17.879000 39120.902344 40521.531250
191 17.963000 39120.902344 40794.859375
192 18.061000 39120.902344 40705.027344
193 18.151000 39120.902344 40890.011719
194 18.251000 39120.902344 40593.550781
195 18.349000 39120.902344 40608.007813
196 18.450000 39120.902344 40403.640625
197 18.530000 39120.902344 40339.417969
198 18.613000 39120.902344 40300.937500
199 18.704000 39120.902344 40281.316406
200 18.803000 39120.902344 40246.871094
201 18.876000 39120.902344 40333.796875
202 18.981000 39120.902344 40239.554688
203 19.079000 39120.902344 40227.246094
204 19.157000 39120.902344 40183.566406
205 19.239000 39120.902344 40351.035156
206 19.332000 39120.902344 40236.566406
207 19.436000 39120.902344 40216.839844
208 19.522000 39120.902344 40180.613281
209 19.631000 39120.902344 40306.066406
210 19.732000 39120.902344 40491.664063
211 19.838000 39120.902344 40768.222656
212 19.927000 39120.902344 40534.613281
213 20.017000 39120.902344 40570.171875
214 20.111000 39120.902344 40607.687500
215 20.202000 39120.902344 40597.359375
216 20.296000 39120.902344 40557.144531
217 20.372000 39120.902344 40530.593750
218 20.462000 39120.902344 40515.097656
219 20.551000 39120.902344 40492.429688
220 20.645000 39120.902344 40830.640625
221 20.746000 39120.902344 40920.574219
222 20.849000 39120.902344 40926.476563
223 20.943000 39120.902344 40811.269531
224 21.044000 39120.902344 40692.433594
225 21.152000 39120.902344 40639.109375
226 21.236000 39120.902344 40864.156250
227 21.341000 39120.902344 40687.203125
228 21.429000 39120.902344 40587.871094
229 21.532000 39120.902344 40517.089844
230 21.637000 39120.902344 40472.738281
231 21.735000 39120.902344 40420.144531
232 21.829000 39120.902344 40387.085938
233 21.951000 39120.902344 40759.339844
234 22.044000 39120.902344 40376.218750
235 22.150000 39120.902344 40387.941406
236 22.243000 39120.902344 40448.683594
237 22.348000 39120.902344 40396.425781
238 22.450000 39120.902344 40490.226563
239 22.557000 39120.902344 40468.058594
240 22.666000 39120.902344 40440.558594
241 22.788000 39120.902344 40370.597656
242 22.880000 39120.902344 40345.253906
243 22.956000 39120.902344 40334.195313
244 23.057000 39120.902344 40283.808594
245 23.141000 39120.902344 40399.781250
246 23.239000 39120.902344 40592.609375
247 23.328000 39120.902344 40694.468750
248 23.429000 39120.902344 40927.601563
249 23.509000 39120.902344 40716.152344
250 23.602000 39120.902344 40688.324219
251 23.688000 39120.902344 40426.031250
252 23.792000 39120.902344 40396.859375
253 23.877000 39120.902344 40647.933594
254 23.958000 39120.902344 40449.707031
255 24.059000 39120.902344 40437.218750
256 24.157000 39120.902344 40397.996094
257 24.260000 39120.902344 40373.726563
258 24.357000 39120.902344 40327.015625
259 24.461000 39120.902344 40284.160156
260 24.551000 39120.902344 40423.734375
261 24.616000 39120.902344 40276.933594
262 24.706000 39120.902344 40503.425781
263 24.795000 39120.902344 40443.363281
264 24.895000 39120.902344 40371.695313
265 25.003000 39120.902344 40351.753906
266 25.093000 39120.902344 40286.210938
267 25.184000 39120.902344 40261.761719
268 25.290000 39120.902344 40252.941406
269 25.375000 39120.902344 40372.648438
270 25.469000 39120.902344 40360.035156
271 25.574000 39120.902344 40286.101563
272 25.674000 39120.902344 40254.921875
273 25.750000 39120.902344 40695.417969
274 25.850000 39120.902344 40637.003906
275 25.940000 39120.902344 40537.898438
276 26.028000 39120.902344 40484.058594
277 26.113000 39120.902344 40394.300781
278 26.221000 39120.902344 40339.886719
279 26.321000 39120.902344 40311.164063
280 26.403000 39120.902344 40295.445313
281 26.495000 39120.902344 40261.523438
282 26.583000 39120.902344 40249.425781
283 26.677000 39120.902344 40242.871094
284 26.759000 39120.902344 40233.300781
285 26.855000 39120.902344 40224.742188
286 26.952000 39120.902344 40635.128906
287 27.046000 39120.902344 40898.425781
288 27.152000 39120.902344 40831.449219
289 27.263000 39120.902344 40629.722656
290 27.370000 39120.902344 40550.199219
291 27.457000 39120.902344 40488.843750
292 27.553000 39120.902344 40451.539063
293 27.647000 39120.902344 40413.210938
294 27.737000 39120.902344 40429.425781
295 27.830000 39120.902344 40389.183594
296 27.918000 39120.902344 40239.359375
297 28.014000 39120.902344 40209.281250
298 28.123000 39120.902344 40179.453125
299 28.207000 39120.902344 40425.011719
300 28.300000 39120.902344 40260.238281
301 28.407000 39120.902344 40222.652344
302 28.504000 39120.902344 40185.531250
303 28.587000 39120.902344 40170.058594
304 28.666000 39120.902344 40138.488281
305 28.768000 39120.902344 40116.003906
306 28.860000 39120.902344 40166.406250
307 28.949000 39120.902344 40112.312500
308 29.049000 39120.902344 40098.199219
309 29.144000 39120.902344 40061.050781
310 29.239000 39120.902344 40164.539063
311 29.334000 39120.902344 40115.699219
312 29.421000 39120.902344 40304.683594
313 29.509000 39120.902344 40368.039063
314 29.597000 39120.902344 40448.570313
315 29.687000 39120.902344 40368.050781
316 29.786000 39120.902344 40283.378906
317 29.881000 39120.902344 40390.273438
318 29.992000 39120.902344 40344.980469
319 30.077000 39120.902344 40388.246094
320 30.172000 39120.902344 40271.429688
321 30.262000 39120.902344 40424.265625
322 30.350000 39120.902344 40348.910156
323 30.438000 39120.902344 40382.039063
324 30.534000 39120.902344 40401.351563
325 30.619000 39120.902344 40337.769531
326 30.700000 39120.902344 40299.464844
327 30.789000 39120.902344 40285.601563
328 30.904000 39120.902344 40233.121094
329 30.998000 39120.902344 40180.015625
330 31.095000 39120.902344 40174.640625
331 31.183000 39120.902344 40160.191406
332 31.269000 39120.902344 40260.886719
333 31.361000 39120.902344 40477.187500
334 31.444000 39120.902344 40272.136719
335 31.530000 39120.902344 40248.343750
336 31.619000 39120.902344 40156.480469
337 31.718000 39120.902344 40119.835938
338 31.807000 39120.902344 40111.898438
339 31.911000 39120.902344 40100.667969
340 32.004000 39120.902344 40077.660156
341 32.081000 39120.902344 40063.417969
342 32.186000 39120.902344 40047.613281
343 32.279000 39120.902344 40037.183594
344 32.379000 39120.902344 40027.160156
345 32.470000 39120.902344 40085.097656
346 32.560000 39120.902344 40246.214844
347 32.661000 39120.902344 40225.324219
348 32.756000 39120.902344 40120.351563
349 32.857000 39120.902344 40085.496094
350 32.946000 39120.902344 40089.746094
351 33.039000 39120.902344 40069.656250
352 33.127000 39120.902344 40069.578125
353 33.231000 39120.902344 40067.773438
354 33.331000 39120.902344 40203.242188
355 33.439000 39120.902344 40129.597656
356 33.538000 39120.902344 40112.488281
357 33.624000 39120.902344 40096.921875
358 33.725000 39120.902344 40082.710938
359 33.828000 39120.902344 40187.238281
360 33.918000 39120.902344 40334.359375
361 34.017000 39120.902344 40261.500000
362 34.106000 39120.902344 40467.511719
363 34.195000 39120.902344 40362.476563
364 34.284000 39120.902344 40733.953125
365 34.377000 39120.902344 40201.121094
366 34.482000 39120.902344 40220.171875
367 34.563000 39120.902344 40198.710938
368 34.649000 39120.902344 40167.609375
369 34.738000 39120.902344 40180.398438
370 34.851000 39120.902344 40144.496094
371 34.939000 39120.902344 40136.300781
372 35.040000 39120.902344 40126.574219
373 35.132000 39120.902344 40286.160156
374 35.238000 39120.902344 40299.480469
375 35.327000 39120.902344 40291.933594
376 35.425000 39120.902344 40255.074219
377 35.510000 39120.902344 40180.199219
378 35.592000 39120.902344 40143.449219
379 35.695000 39120.902344 40131.359375
380 35.796000 39120.902344 40160.593750
381 35.901000 39120.902344 40149.761719
382 35.982000 39120.902344 40126.863281
383 36.090000 39120.902344 40119.648438
384 36.177000 39120.902344 40085.011719
385 36.277000 39120.902344 40160.441406
386 36.360000 39120.902344 40148.156250
387 36.449000 39120.902344 40117.773438
388 36.554000 39120.902344 40095.308594
389 36.640000 39120.902344 40206.527344
390 36.731000 39120.902344 40189.636719
391 36.824000 39120.902344 40107.750000
392 36.917000 39120.902344 40101.683594
393 37.022000 39120.902344 40080.878906
394 37.114000 39120.902344 40052.789063
395 37.208000 39120.902344 40039.203125
396 37.294000 39120.902344 40067.398438
397 37.400000 39120.902344 40065.664063
398 37.497000 39120.902344 40054.996094
399 37.593000 39120.902344 40526.683594
400 37.684000 39120.902344 40063.484375
401 37.778000 39120.902344 40045.308594
402 37.862000 39120.902344 40156.804688
403 37.940000 39120.902344 40191.500000
404 38.036000 39120.902344 40157.523438
405 38.142000 39120.902344 40090.746094
406 38.241000 39120.902344 40041.191406
407 38.346000 39120.902344 40038.574219
408 38.433000 39120.902344 40014.113281
409 38.529000 39120.902344 39999.296875
410 38.623000 39120.902344 39989.070313
411 38.712000 39120.902344 39986.390625
412 38.805000 39120.902344 39973.933594
413 38.903000 39120.902344 40060.492188
414 38.992000 39120.902344 40054.406250
415 39.086000 39120.902344 40024.109375
416 39.196000 39120.902344 40023.144531
417 39.295000 39120.902344 40009.421875
418 39.387000 39120.902344 39989.457031
419 39.491000 39120.902344 40191.179688
420 39.581000 39120.902344 40529.246094
421 39.668000 39120.902344 40487.171875
422 39.769000 39120.902344 40222.675781
423 39.865000 39120.902344 40192.042969
424 39.952000 39120.902344 40221.906250
425 40.042000 39120.902344 40207.113281
426 40.132000 39120.902344 40193.609375
427 40.230000 39120.902344 40169.777344
428 40.319000 39120.902344 40027.156250
429 40.413000 39120.902344 40057.097656
430 40.507000 39120.902344 40022.156250
431 40.604000 39120.902344 39989.285156
432 40.702000 39120.902344 39979.437500
433 40.797000 39120.902344 40088.128906
434 40.887000 39120.902344 40014.765625
435 40.994000 39120.902344 40044.726563
436 41.088000 39120.902344 40198.730469
437 41.185000 39120.902344 40144.695313
438 41.275000 39120.902344 40084.914063
439 41.368000 39120.902344 40016.519531
440 41.455000 39120.902344 39930.761719
441 41.549000 39120.902344 40078.164063
442 41.650000 39120.902344 40495.773438
443 41.745000 39120.902344 40109.308594
444 41.838000 39120.902344 40083.406250
445 41.937000 39120.902344 39946.644531
446 42.036000 39120.902344 39933.246094
447 42.134000 39120.902344 39909.343750
448 42.221000 39120.902344 39886.074219
449 42.307000 39120.902344 40144.820313
450 42.395000 39120.902344 39903.699219
451 42.486000 39120.902344 39879.300781
452 42.580000 39120.902344 39964.515625
453 42.683000 39120.902344 39910.914063
454 42.778000 39120.902344 40495.039063
455 42.873000 39120.902344 40103.121094
456 42.963000 39120.902344 39945.320313
457 43.067000 39120.902344 40120.535156
458 43.156000 39120.902344 40183.246094
459 43.245000 39120.902344 40148.199219
460 43.323000 39120.902344 40299.414063
461 43.406000 39120.902344 40138.164063
462 43.497000 39120.902344 40074.429688
463 43.578000 39120.902344 39992.675781
464 43.669000 39120.902344 39827.546875
465 43.747000 39120.902344 39858.964844
466 43.835000 39120.902344 39800.527344
467 43.927000 39120.902344 39751.871094
468 44.028000 39120.902344 40046.101563
469 44.126000 39120.902344 40019.496094
470 44.226000 39120.902344 40078.828125
471 44.317000 39120.902344 39962.644531
472 44.402000 39120.902344 39876.835938
473 44.495000 39120.902344 39848.066406
474 44.587000 39120.902344 39972.523438
475 44.673000 39120.902344 40154.683594
476 44.765000 39120.902344 39803.828125
477 44.866000 39120.902344 39697.375000
478 44.955000 39120.902344 39687.136719
479 45.039000 39058.019531 39933.101563
480 45.141000 39058.019531 39908.324219
481 45.234000 39058.019531 39892.488281
482 45.329000 39058.019531 40002.109375
483 45.422000 39058.019531 39927.542969
484 45.518000 39058.019531 39663.859375
485 45.622000 39051.023438 39645.578125
486 45.703000 39051.023438 39621.113281
487 45.792000 39051.023438 39610.308594
488 45.888000 39051.023438 39677.410156
489 45.986000 39051.023438 39592.886719
490 46.085000 39051.023438 39588.269531
491 46.175000 39051.023438 39569.796875
492 46.257000 39051.023438 40008.171875
493 46.345000 39051.023438 39666.152344
494 46.434000 39051.023438 39664.980469
495 46.540000 39051.023438 39642.937500
496 46.633000 39051.023438 39631.066406
497 46.737000 39051.023438 39640.230469
498 46.825000 39051.023438 39806.347656
499 46.913000 39051.023438 39656.585938
500 46.999000 39051.023438 39646.898438
501 47.095000 39051.023438 39792.898438
502 47.190000 39051.023438 39832.316406
503 47.298000 39051.023438 39714.148438
504 47.377000 39051.023438 39688.496094
505 47.478000 39051.023438 39502.023438
506 47.572000 39051.023438 39460.593750
507 47.665000 39051.023438 39457.425781
508 47.759000 39051.023438 39439.273438
509 47.833000 39051.023438 39652.062500
510 47.921000 39051.023438 39502.878906
511 48.020000 39051.023438 39500.628906
512 48.123000 39051.023438 39496.199219
513 48.213000 39051.023438 39491.398438
514 48.298000 39042.164063 39480.210938
515 48.388000 39042.164063 39457.976563
516 48.475000 39042.164063 39563.855469
517 48.581000 39042.164063 39562.265625
518 48.663000 39042.164063 39409.503906
519 48.764000 39042.164063 39583.050781
520 48.863000 39042.164063 39581.917969
521 48.958000 39042.164063 39569.687500
522 49.058000 39042.164063 39392.105469
523 49.165000 39042.164063 39365.878906
524 49.254000 39042.164063 39352.933594
525 49.363000 39042.164063 39438.976563
526 49.445000 39042.164063 39513.796875
527 49.543000 39042.164063 39493.281250
528 49.627000 39042.164063 39489.406250
529 49.733000 39042.164063 39450.410156
530 49.824000 39042.164063 39471.898438
531 49.928000 39042.164063 39464.636719
532 50.021000 39042.164063 39426.074219
533 50.112000 39042.164063 39411.550781
534 50.209000 39042.164063 39405.187500
535 50.302000 39042.164063 39477.843750
536 50.388000 39042.164063 39412.542969
537 50.489000 39042.164063 39404.066406
538 50.588000 39042.164063 39397.691406
539 50.683000 39042.164063 39393.585938
540 50.775000 39042.164063 39434.507813
541 50.885000 39042.164063 39483.464844
542 50.978000 39042.164063 39360.699219
543 51.087000 39042.164063 39351.429688
544 51.178000 39042.164063 39302.558594
545 51.272000 39042.164063 39275.539063
546 51.358000 39042.164063 39403.425781
547 51.442000 39042.164063 39543.511719
548 51.544000 39042.164063 39749.601563
549 51.631000 39042.164063 40149.773438
550 51.724000 39042.164063 39886.617188
551 51.837000 39042.164063 39847.597656
552 51.930000 39042.164063 39907.214844
553 52.059000 39042.164063 39675.699219
554 52.168000 39042.164063 39632.312500
555 52.262000 39042.164063 39598.875000
556 52.348000 39042.164063 39594.007813
557 52.451000 39042.164063 39564.066406
558 52.535000 39042.164063 39545.613281
559 52.631000 39042.164063 39436.628906
560 52.715000 39042.164063 39551.671875
561 52.811000 39042.164063 39212.300781
562 52.903000 39042.164063 39072.296875
563 52.999000 39042.164063 39057.371094
564 53.089000 39042.164063 39057.371094
565 53.175000 39042.164063 39057.371094
566 53.258000 39042.164063 39057.371094
567 53.352000 39042.164063 39377.570313
568 53.449000 39042.164063 39335.800781
569 53.551000 39042.164063 39625.460938
570 53.638000 39042.164063 39207.664063
571 53.732000 39042.164063 39057.371094
572 53.828000 39042.164063 39057.371094
573 53.929000 39042.164063 39057.371094
574 54.019000 39042.164063 39057.371094
575 54.106000 39042.164063 39057.371094
576 54.207000 39042.164063 39408.648438
577 54.288000 39042.164063 39067.195313
578 54.371000 39042.164063 39218.050781
579 54.481000 39042.164063 39153.160156
580 54.612000 39042.164063 39714.648438
581 54.704000 39042.164063 39188.699219
582 54.801000 39042.164063 39057.371094
583 54.885000 39042.164063 39075.808594
584 54.986000 39042.164063 39057.371094
585 55.087000 39042.164063 39135.585938
586 55.182000 39042.164063 39130.539063
587 55.271000 39042.164063 39057.371094
588 55.381000 39042.164063 39915.128906
589 55.493000 39042.164063 39402.335938
590 55.589000 39042.164063 39085.960938
591 55.675000 39042.164063 39057.371094
592 55.767000 39042.164063 39201.371094
593 55.863000 39042.164063 39057.054688
594 55.955000 39042.164063 39057.054688
595 56.057000 39042.164063 39057.054688
596 56.146000 39042.164063 39057.054688
597 56.252000 39042.164063 39057.054688
598 56.356000 39042.164063 39057.054688
599 56.451000 39042.164063 39057.054688
600 56.553000 39042.164063 39057.054688
601 56.637000 39042.164063 39354.871094
602 56.730000 39042.164063 39250.566406
603 56.822000 39042.164063 39057.054688
604 56.919000 39042.164063 39151.910156
605 57.015000 39042.164063 39077.421875
606 57.113000 39042.164063 39057.054688
607 57.212000 39042.164063 39077.734375
608 57.301000 39042.164063 39248.664063
609 57.396000 39042.164063 39057.054688
610 57.484000 39042.164063 39057.054688
611 57.587000 39042.164063 39174.355469
612 57.669000 39042.164063 39057.054688
613 57.771000 39042.164063 39057.054688
614 57.857000 39042.164063 39253.148438
615 57.953000 39042.164063 39156.808594
616 58.047000 39042.164063 39103.718750
617 58.140000 39042.164063 39056.738281
618 58.239000 39042.164063 39270.171875
619 58.341000 39042.164063 39056.738281
620 58.443000 39042.164063 39056.738281
621 58.544000 39042.164063 39056.421875
622 58.633000 39042.164063 39056.421875
623 58.729000 39042.164063 39056.421875
624 58.826000 39042.164063 39056.421875
625 58.909000 39042.164063 39056.421875
626 59.011000 39042.164063 39056.421875
627 59.094000 39042.164063 39056.421875
628 59.185000 39042.164063 39056.421875
629 59.288000 39042.164063 39056.421875
630 59.394000 39042.164063 39056.421875
631 59.492000 39042.164063 39056.421875
632 59.582000 39042.164063 39056.421875
633 59.671000 39042.164063 39118.414063
634 59.768000 39042.164063 39299.761719
635 59.853000 39042.164063 39208.007813
636 59.946000 39042.164063 39068.378906
637 60.034000 39042.164063 39183.773438
638 60.123000 39042.164063 39055.789063
639 60.219000 39042.164063 39055.789063
640 60.311000 39042.164063 39055.789063
641 60.412000 39042.164063 39055.789063
642 60.515000 39042.164063 39055.789063
643 60.615000 39042.164063 39115.964844
644 60.724000 39042.164063 39150.675781
645 60.834000 39042.164063 39224.386719
646 60.921000 39042.164063 39056.105469
647 61.006000 39042.164063 39056.105469
648 61.117000 39042.164063 39056.105469
649 61.232000 39042.164063 39178.320313
650 61.339000 39042.164063 39246.949219
651 61.438000 39042.164063 39056.421875
652 61.541000 39042.164063 39056.421875
653 61.640000 39042.164063 39056.421875
654 61.738000 39042.164063 39110.425781
655 61.850000 39042.164063 39056.421875
656 61.924000 39042.164063 39056.421875
657 62.054000 39042.164063 39056.421875
658 62.145000 39042.164063 39056.105469
659 62.241000 39042.164063 39056.105469
660 62.335000 39042.164063 39055.789063
661 62.426000 39042.164063 39055.468750
662 62.546000 39042.164063 39352.167969
663 62.674000 39042.164063 39109.515625
664 62.789000 39042.164063 39055.468750
665 62.949000 39042.164063 39055.468750
666 63.057000 39042.164063 39179.636719
667 63.189000 39042.164063 39179.316406
668 63.304000 39042.164063 39189.238281
669 63.429000 39042.164063 39188.921875
670 63.534000 39042.164063 39054.835938
671 63.669000 39042.164063 39166.125000
672 63.811000 39042.164063 39384.636719
673 63.942000 39042.164063 39054.835938
674 64.078000 39042.164063 39054.515625
675 64.188000 39042.164063 39054.515625
676 64.304000 39042.164063 39313.496094
677 64.415000 39042.164063 39363.210938
678 64.512000 39042.164063 39362.898438
679 64.590000 39042.164063 39054.199219
680 64.691000 39042.164063 39054.199219
681 64.788000 39042.164063 39053.566406
682 64.875000 39042.164063 39053.566406
683 64.959000 39042.164063 39053.566406
684 65.049000 39042.164063 39053.566406
685 65.145000 39042.164063 39053.250000
686 65.237000 39042.164063 39053.250000
687 65.326000 39042.164063 39052.656250
688 65.409000 39042.164063 39052.656250
689 65.504000 39042.164063 39052.617188
690 65.608000 39042.164063 39052.300781
691 65.709000 39042.164063 39051.984375
692 65.824000 39042.164063 39051.667969
693 65.932000 39042.164063 39152.972656
694 66.027000 39042.164063 39144.781250
695 66.107000 39042.164063 39050.718750
696 66.201000 39042.164063 39050.402344
697 66.297000 39042.164063 39050.085938
698 66.396000 39042.164063 39049.453125
699 66.488000 39042.164063 39049.136719
700 66.592000 39042.164063 39048.816406
701 66.694000 39042.164063 39105.496094
702 66.796000 39042.164063 39104.863281
703 66.905000 39042.164063 39148.976563
704 66.997000 39042.164063 39434.335938
705 67.099000 39042.164063 39518.054688
706 67.200000 39042.164063 39413.175781
707 67.297000 39042.164063 39388.203125
708 67.399000 39042.164063 39365.937500
709 67.489000 39042.164063 39549.648438
710 67.564000 39042.164063 39474.449219
711 67.653000 39042.164063 39111.636719
712 67.756000 39042.164063 39202.746094
713 67.841000 39042.164063 39042.148438
714 67.935000 39042.164063 39042.148438
715 68.030000 39042.164063 39042.148438
716 68.135000 39042.164063 39042.148438
717 68.228000 39042.164063 39150.058594
718 68.333000 39042.164063 39042.148438
719 68.420000 39042.164063 39320.253906
720 68.504000 39042.164063 39042.148438
721 68.606000 39042.164063 39042.148438
722 68.692000 39042.164063 39201.191406
723 68.789000 39042.164063 39042.148438
724 68.885000 39042.164063 39419.617188
725 68.976000 39042.164063 39042.148438
726 69.078000 39042.164063 39042.148438
727 69.179000 39042.164063 39042.148438
728 69.268000 39042.164063 39362.285156
729 69.370000 39042.164063 39042.148438
730 69.456000 39042.164063 39329.882813
731 69.546000 39042.164063 39204.667969
732 69.658000 39042.164063 39397.851563
733 69.753000 39042.164063 39569.269531
734 69.845000 39042.164063 39291.984375
735 69.930000 39042.164063 39362.199219
736 70.014000 39042.164063 39578.062500
737 70.104000 39042.164063 39426.843750
738 70.191000 39042.164063 39338.101563
739 70.279000 39042.164063 39349.003906
740 70.368000 39042.164063 39201.386719
741 70.465000 39042.164063 39198.011719
742 70.554000 39042.164063 39057.523438
743 70.656000 39042.164063 39042.148438
744 70.763000 39042.164063 39042.148438
745 70.870000 39042.164063 39042.148438
746 70.975000 39042.164063 39042.148438
747 71.082000 39042.164063 39042.148438
748 71.187000 39042.164063 39042.148438
749 71.276000 39042.164063 39042.148438
750 71.378000 39042.164063 39042.148438
751 71.467000 39042.164063 39245.753906
752 71.549000 39042.164063 39042.148438
753 71.640000 39042.164063 39127.761719
754 71.728000 39042.164063 39042.148438
755 71.823000 39042.164063 39042.148438
756 71.932000 39042.164063 39042.148438
757 72.014000 39042.164063 39160.843750
758 72.112000 39042.164063 39042.148438
759 72.200000 39042.164063 39042.148438
760 72.275000 39042.164063 39042.148438
761 72.386000 39042.164063 39042.148438
762 72.471000 39042.164063 39042.148438
763 72.558000 39042.164063 39068.734375
764 72.660000 39042.164063 39042.148438
765 72.751000 39042.164063 39042.148438
766 72.846000 39042.164063 39042.148438
767 72.929000 39042.164063 39042.148438
768 73.022000 39042.164063 39150.656250
769 73.128000 39042.164063 39042.148438
770 73.210000 39042.164063 39442.425781
771 73.299000 39042.164063 39042.148438
772 73.407000 39042.164063 39152.113281
773 73.506000 39042.164063 39042.148438
774 73.598000 39042.164063 39042.148438
775 73.700000 39042.164063 39213.011719
776 73.787000 39042.164063 39042.148438
777 73.871000 39042.164063 39042.148438
778 73.955000 39042.164063 39042.148438
779 74.045000 39042.164063 39042.148438
780 74.137000 39042.164063 39187.570313
781 74.224000 39042.164063 39042.148438
782 74.311000 39042.164063 39042.148438
783 74.398000 39042.164063 39042.148438
784 74.480000 39042.164063 39292.199219
785 74.573000 39042.164063 39042.148438
786 74.675000 39042.164063 39042.148438
787 74.757000 39042.164063 39873.085938
788 74.864000 39042.164063 39434.257813
789 74.966000 39042.164063 39615.597656
790 75.042000 39042.164063 39223.953125
791 75.130000 39042.164063 39042.148438
792 75.227000 39042.164063 39042.148438
793 75.328000 39042.164063 39238.261719
794 75.429000 39042.164063 39129.519531
795 75.502000 39042.164063 39042.148438
796 75.602000 39042.164063 39042.148438
797 75.680000 39042.164063 39130.804688
798 75.768000 39042.164063 39112.964844
799 75.856000 39042.164063 39042.148438
800 75.945000 39042.164063 39042.148438
801 76.031000 39042.164063 39042.148438
802 76.113000 39042.164063 39042.148438
803 76.196000 39042.164063 39042.148438
804 76.285000 39042.164063 39042.148438
805 76.372000 39042.164063 39042.148438
806 76.461000 39042.164063 39042.148438
807 76.575000 39042.164063 39042.148438
808 76.690000 39042.164063 39164.046875
809 76.792000 39042.164063 39238.738281
810 76.918000 39042.164063 39154.953125
811 77.021000 39042.164063 39042.148438
812 77.129000 39042.164063 39365.777344
813 77.233000 39042.164063 39042.148438
814 77.354000 39042.164063 39214.652344
815 77.519000 39042.164063 39042.148438
816 77.647000 39042.164063 39225.164063
817 77.749000 39042.164063 39211.519531
818 77.864000 39042.164063 39134.921875
819 77.958000 39042.164063 39120.480469
820 78.045000 39042.164063 39042.148438
821 78.135000 39042.164063 39042.148438
822 78.228000 39042.164063 39042.148438
823 78.319000 39042.164063 39390.250000
824 78.420000 39042.164063 39042.148438
825 78.510000 39042.164063 39042.148438
826 78.600000 39042.164063 39451.503906
827 78.702000 39042.164063 39546.480469
828 78.790000 39042.164063 39170.171875
829 78.872000 39042.164063 39042.148438
830 78.958000 39042.164063 39146.914063
831 79.039000 39042.164063 39042.148438
832 79.118000 39042.164063 39101.523438
833 79.212000 39042.164063 39042.148438
834 79.302000 39042.164063 39042.148438
835 79.400000 39042.164063 39042.148438
836 79.474000 39042.164063 39254.640625
837 79.576000 39042.164063 39042.148438
838 79.657000 39042.164063 39042.148438
839 79.742000 39042.164063 39349.687500
840 79.829000 39042.164063 39275.988281
841 79.925000 39042.164063 39042.148438
842 80.012000 39042.164063 39054.742188
843 80.107000 39042.164063 39042.148438
844 80.200000 39042.164063 39130.125000
845 80.296000 39042.164063 39350.710938
846 80.390000 39042.164063 39042.148438
847 80.480000 39042.164063 39110.351563
848 80.582000 39042.164063 39042.148438
849 80.674000 39042.164063 39042.148438
850 80.758000 39042.164063 39042.148438
851 80.860000 39042.164063 39191.710938
852 80.943000 39042.164063 39042.148438
853 81.022000 39042.164063 39042.148438
854 81.116000 39042.164063 39042.148438
855 81.207000 39042.164063 39042.148438
856 81.295000 39042.164063 39042.148438
857 81.382000 39042.164063 39095.015625
858 81.470000 39042.164063 39042.148438
859 81.550000 39042.164063 39042.148438
860 81.659000 39042.164063 39042.148438
861 81.742000 39042.164063 39042.148438
862 81.845000 39042.164063 39042.148438
863 81.941000 39042.164063 39042.148438
864 82.032000 39042.164063 39336.230469
865 82.128000 39042.164063 39152.703125
866 82.217000 39042.164063 39042.148438
867 82.308000 39042.164063 39042.148438
868 82.408000 39042.164063 39042.148438
869 82.498000 39042.164063 39227.074219
870 82.592000 39042.164063 39315.558594
871 82.680000 39042.164063 39136.707031
872 82.768000 39042.164063 39499.148438
873 82.870000 39042.164063 39042.148438
874 82.957000 39042.164063 39042.148438
875 83.051000 39042.164063 39042.148438
876 83.155000 39042.164063 39421.480469
877 83.235000 39042.164063 39042.148438
878 83.333000 39042.164063 39127.031250
879 83.414000 39042.164063 39098.988281
880 83.509000 39042.164063 39517.871094
881 83.598000 39042.164063 39338.109375
882 83.703000 39042.164063 39042.148438
883 83.796000 39042.164063 39042.148438
884 83.902000 39042.164063 39042.148438
885 83.988000 39042.164063 39042.148438
886 84.093000 39042.164063 39122.460938
887 84.180000 39042.164063 39042.148438
888 84.280000 39042.164063 39129.308594
889 84.381000 39042.164063 39042.148438
890 84.479000 39042.164063 39042.148438
891 84.558000 39042.164063 39042.148438
892 84.642000 39042.164063 39042.148438
893 84.745000 39042.164063 39042.148438
894 84.841000 39042.164063 39086.289063
895 84.927000 39042.164063 39479.984375
896 85.038000 39042.164063 39237.808594
897 85.125000 39042.164063 39042.148438
898 85.219000 39042.164063 39042.148438
899 85.317000 39042.164063 39042.148438
900 85.414000 39042.164063 39235.226563
901 85.499000 39042.164063 39197.066406
902 85.592000 39042.164063 39042.148438
903 85.682000 39042.164063 39042.148438
904 85.793000 39042.164063 39042.148438
905 85.894000 39042.164063 39042.148438
906 85.989000 39042.164063 39269.960938
907 86.089000 39042.164063 39103.160156
908 86.185000 39042.164063 39590.953125
909 86.277000 39042.164063 39125.691406
910 86.376000 39042.164063 39195.386719
911 86.477000 39042.164063 39042.148438
912 86.571000 39042.164063 39042.148438
913 86.657000 39042.164063 39042.148438
914 86.751000 39042.164063 39042.148438
915 86.860000 39042.164063 39042.148438
916 86.947000 39042.164063 39042.148438
917 87.045000 39042.164063 39042.148438
918 87.144000 39042.164063 39042.148438
919 87.240000 39042.164063 39356.789063
920 87.334000 39042.164063 39214.398438
921 87.442000 39042.164063 39167.820313
922 87.532000 39042.164063 39129.148438
923 87.631000 39042.164063 39140.703125
924 87.722000 39042.164063 39042.148438
925 87.823000 39042.164063 39262.371094
926 87.933000 39042.164063 39125.371094
927 88.015000 39042.164063 39122.582031
928 88.104000 39042.164063 39500.414063
929 88.189000 39042.164063 39078.800781
930 88.291000 39042.164063 39042.148438
931 88.378000 39042.164063 39194.671875
932 88.466000 39042.164063 39042.148438
933 88.555000 39042.164063 39042.148438
934 88.635000 39042.164063 39042.148438
935 88.711000 39042.164063 39149.937500
936 88.803000 39042.164063 39135.671875
937 88.887000 39042.164063 39128.277344
938 88.988000 39042.164063 39042.148438
939 89.087000 39042.164063 39042.148438
940 89.224000 39042.164063 39139.847656
941 89.391000 39042.164063 39153.335938
942 89.527000 39042.164063 39120.277344
943 89.665000 39042.164063 39214.519531
944 89.770000 39042.164063 39152.945313
945 89.877000 39042.164063 39042.148438
946 90.009000 39042.164063 39042.148438
947 90.130000 39042.164063 39122.183594
948 90.245000 39042.164063 39271.933594
949 90.362000 39042.164063 39485.906250
950 90.452000 39042.164063 39042.148438
951 90.543000 39042.164063 39454.683594
952 90.636000 39042.164063 39042.148438
953 90.723000 39042.164063 39558.140625
954 90.817000 39042.164063 39294.566406
955 90.910000 39042.164063 39515.718750
956 90.997000 39042.164063 39569.914063
957 91.084000 39042.164063 39497.093750
958 91.188000 39042.164063 39333.511719
959 91.271000 39042.164063 39246.300781
960 91.380000 39042.164063 39042.148438
961 91.473000 39042.164063 39301.550781
962 91.577000 39042.164063 39171.984375
963 91.681000 39042.164063 39042.148438
964 91.773000 39042.164063 39042.148438
965 91.876000 39042.164063 39382.058594
966 91.963000 39042.164063 39042.148438
967 92.058000 39042.164063 39083.683594
968 92.165000 39042.164063 39042.148438
969 92.254000 39042.164063 39042.148438
970 92.346000 39042.164063 39237.929688
971 92.436000 39042.164063 39042.148438
972 92.517000 39042.164063 39130.367188
973 92.613000 39042.164063 39114.121094
974 92.699000 39042.164063 39188.335938
975 92.797000 39042.164063 39152.648438
976 92.881000 39042.164063 39042.148438
977 92.972000 39042.164063 39355.859375
978 93.085000 39042.164063 39042.148438
979 93.181000 39042.164063 39188.343750
980 93.275000 39042.164063 39199.914063
981 93.364000 39042.164063 39139.890625
982 93.465000 39042.164063 39106.484375
983 93.563000 39042.164063 39042.148438
984 93.679000 39042.164063 39207.039063
985 93.779000 39042.164063 39042.148438
986 93.880000 39042.164063 39429.371094
987 93.979000 39042.164063 39263.042969
988 94.075000 39042.164063 39042.148438
989 94.167000 39042.164063 39042.148438
990 94.258000 39042.164063 39042.148438
991 94.351000 39042.164063 39042.148438
992 94.442000 39042.164063 39042.148438
993 94.543000 39042.164063 39042.148438
994 94.633000 39042.164063 39138.550781
995 94.727000 39042.164063 39042.148438
996 94.846000 39042.164063 39042.148438
997 94.933000 39042.164063 39042.148438
998 95.026000 39042.164063 39042.148438
999 95.118000 39042.164063 39042.148438
1000 95.214000 39042.164063 39311.925781
1001 95.304000 39042.164063 39812.824219
1002 95.406000 39042.164063 39144.718750
1003 95.492000 39042.164063 39107.218750
1004 95.574000 39042.164063 39042.148438
1005 95.664000 39042.164063 39518.144531
1006 95.746000 39042.164063 39115.292969
1007 95.839000 39042.164063 39042.148438
1008 95.926000 39042.164063 39152.925781
1009 96.009000 39042.164063 39042.148438
1010 96.094000 39042.164063 39114.101563
1011 96.177000 39042.164063 39175.664063
1012 96.275000 39042.164063 39067.835938
1013 96.371000 39042.164063 39330.343750
1014 96.465000 39042.164063 39697.062500
1015 96.580000 39042.164063 39654.191406
1016 96.669000 39042.164063 39183.171875
1017 96.767000 39042.164063 39042.148438
1018 96.854000 39042.164063 39042.148438
1019 96.960000 39042.164063 39042.148438
1020 97.052000 39042.164063 39042.148438
1021 97.146000 39042.164063 39042.148438
1022 97.238000 39042.164063 39083.671875
1023 97.331000 39042.164063 39059.414063
1024 97.427000 39042.164063 39200.781250
1025 97.517000 39042.164063 39042.148438
1026 97.608000 39042.164063 39042.148438
1027 97.705000 39042.164063 39328.250000
1028 97.786000 39042.164063 39352.519531
1029 97.886000 39042.164063 39042.148438
1030 97.972000 39042.164063 39042.148438
1031 98.076000 39042.164063 39042.148438
1032 98.165000 39042.164063 39163.050781
1033 98.257000 39042.164063 39042.148438
1034 98.359000 39042.164063 39120.050781
1035 98.450000 39042.164063 39042.148438
1036 98.539000 39042.164063 39042.148438
1037 98.642000 39042.164063 39074.101563
1038 98.733000 39042.164063 39042.148438
1039 98.826000 39042.164063 39172.480469
1040 98.928000 39042.164063 39042.148438
1041 99.029000 39042.164063 39042.148438
1042 99.144000 39042.164063 39127.882813
1043 99.230000 39042.164063 39042.148438
1044 99.326000 39042.164063 39042.148438
1045 99.417000 39042.164063 39042.148438
1046 99.520000 39042.164063 39042.148438
1047 99.608000 39042.164063 39042.148438
1048 99.707000 39042.164063 39263.148438
1049 99.818000 39042.164063 39184.269531
1050 99.919000 39042.164063 39042.148438
1051 100.009000 39042.164063 39042.148438
1052 100.116000 39042.164063 39042.148438
1053 100.216000 39042.164063 39042.148438
1054 100.318000 39042.164063 39136.296875
1055 100.420000 39042.164063 39042.148438
1056 100.515000 39042.164063 39042.148438
1057 100.610000 39042.164063 39098.722656
1058 100.693000 39042.164063 39042.148438
1059 100.785000 39042.164063 39257.515625
1060 100.878000 39042.164063 39555.695313
1061 100.969000 39042.164063 39042.148438
1062 101.074000 39042.164063 39042.148438
1063 101.174000 39042.164063 39042.148438
1064 101.278000 39042.164063 39187.769531
1065 101.368000 39042.164063 39119.843750
1066 101.453000 39042.164063 39042.148438
1067 101.555000 39042.164063 39353.078125
1068 101.647000 39042.164063 39202.480469
1069 101.730000 39042.164063 39131.859375
1070 101.828000 39042.164063 39591.429688
1071 101.920000 39042.164063 39108.925781
1072 102.014000 39042.164063 39042.148438
1073 102.091000 39042.164063 39042.148438
1074 102.188000 39042.164063 39489.039063
1075 102.298000 39042.164063 39493.515625
1076 102.386000 39042.164063 39281.953125
1077 102.475000 39042.164063 39042.148438
1078 102.554000 39042.164063 39195.312500
1079 102.645000 39042.164063 39334.558594
1080 102.745000 39042.164063 39042.148438
1081 102.835000 39042.164063 39042.148438
1082 102.927000 39042.164063 39042.148438
1083 103.022000 39042.164063 39042.148438
1084 103.124000 39042.164063 39042.148438
1085 103.214000 39042.164063 39042.148438
1086 103.312000 39042.164063 39042.148438
1087 103.394000 39042.164063 39042.148438
1088 103.490000 39042.164063 39042.148438
1089 103.578000 39042.164063 39042.148438
1090 103.678000 39042.164063 39050.093750
1091 103.771000 39042.164063 39042.148438
1092 103.860000 39042.164063 39042.148438
1093 103.959000 39042.164063 39042.148438
1094 104.052000 39042.164063 39042.148438
1095 104.141000 39042.164063 39072.574219
1096 104.241000 39042.164063 39042.148438
1097 104.350000 39042.164063 39042.148438
1098 104.446000 39042.164063 39042.148438
1099 104.531000 39042.164063 39042.148438
1100 104.627000 39042.164063 39042.148438
1101 104.723000 39042.164063 39042.148438
1102 104.816000 39042.164063 39042.148438
1103 104.903000 39042.164063 39042.148438
1104 104.995000 39042.164063 39042.148438
1105 105.100000 39042.164063 39298.289063
1106 105.193000 39042.164063 39326.441406
1107 105.295000 39042.164063 39176.652344
1108 105.397000 39042.164063 39074.785156
1109 105.498000 39042.164063 39042.148438
1110 105.597000 39042.164063 39042.148438
1111 105.709000 39042.164063 39271.890625
1112 105.807000 39042.164063 39124.050781
1113 105.907000 39042.164063 39042.148438
1114 106.016000 39042.164063 39042.148438
1115 106.111000 39042.164063 39167.550781
1116 106.204000 39042.164063 39042.148438
1117 106.284000 39042.164063 39448.089844
1118 106.377000 39042.164063 39042.148438
1119 106.475000 39042.164063 39042.148438
1120 106.567000 39042.164063 39270.171875
1121 106.656000 39042.164063 39215.867188
1122 106.753000 39042.164063 39100.851563
1123 106.837000 39042.164063 39042.148438
1124 106.946000 39042.164063 39042.148438
1125 107.049000 39042.164063 39042.148438
1126 107.146000 39042.164063 39121.375000
1127 107.225000 39042.164063 39284.363281
1128 107.315000 39042.164063 39042.148438
1129 107.399000 39042.164063 39042.148438
1130 107.483000 39042.164063 39099.578125
1131 107.582000 39042.164063 39042.148438
1132 107.683000 39042.164063 39241.738281
1133 107.770000 39042.164063 39042.148438
1134 107.863000 39042.164063 39333.781250
1135 107.960000 39042.164063 39647.871094
1136 108.040000 39042.164063 39263.089844
1137 108.127000 39042.164063 39368.984375
1138 108.218000 39042.164063 39042.148438
1139 108.325000 39042.164063 39164.531250
1140 108.430000 39042.164063 39042.148438
1141 108.523000 39042.164063 39287.187500
1142 108.617000 39042.164063 39042.148438
1143 108.708000 39042.164063 39042.148438
1144 108.795000 39042.164063 39121.199219
1145 108.887000 39042.164063 39042.148438
1146 108.985000 39042.164063 39042.148438
1147 109.106000 39042.164063 39042.148438
1148 109.202000 39042.164063 39042.148438
1149 109.293000 39042.164063 39042.148438
1150 109.388000 39042.164063 39042.148438
1151 109.491000 39042.164063 39129.582031
1152 109.594000 39042.164063 39042.148438
1153 109.750000 39042.164063 39274.460938
1154 109.845000 39042.164063 39042.148438
1155 109.949000 39042.164063 39247.406250
1156 110.050000 39042.164063 39042.148438
1157 110.134000 39042.164063 39042.148438
1158 110.238000 39042.164063 39371.484375
1159 110.331000 39042.164063 39042.148438
1160 110.420000 39042.164063 39042.148438
1161 110.515000 39042.164063 39042.148438
1162 110.612000 39042.164063 39042.148438
1163 110.713000 39042.164063 39326.839844
1164 110.815000 39042.164063 39042.148438
1165 110.906000 39042.164063 39042.148438
1166 110.994000 39042.164063 39042.148438
1167 111.087000 39042.164063 39042.148438
1168 111.171000 39042.164063 39042.148438
1169 111.254000 39042.164063 39042.148438
1170 111.335000 39042.164063 39042.148438
1171 111.432000 39042.164063 39265.761719
1172 111.525000 39042.164063 39187.933594
1173 111.610000 39042.164063 39042.148438
1174 111.710000 39042.164063 39042.148438
1175 111.802000 39042.164063 39272.449219
1176 111.895000 39042.164063 39042.148438
1177 111.998000 39042.164063 39042.148438
1178 112.105000 39042.164063 39042.148438
1179 112.194000 39042.164063 39042.148438
1180 112.288000 39042.164063 39042.148438
1181 112.369000 39042.164063 39042.148438
1182 112.469000 39042.164063 39261.425781
1183 112.570000 39042.164063 39168.699219
1184 112.668000 39042.164063 39140.488281
1185 112.768000 39042.164063 39140.781250
1186 112.861000 39042.164063 39042.148438
1187 112.952000 39042.164063 39042.148438
1188 113.060000 39042.164063 39042.148438
1189 113.148000 39042.164063 39042.148438
1190 113.242000 39042.164063 39268.082031
1191 113.329000 39042.164063 39377.406250
1192 113.423000 39042.164063 39192.726563
1193 113.516000 39042.164063 39139.398438
1194 113.606000 39042.164063 39042.148438
1195 113.701000 39042.164063 39042.148438
1196 113.786000 39042.164063 39042.148438
1197 113.885000 39042.164063 39042.148438
1198 113.988000 39042.164063 39321.753906
1199 114.085000 39042.164063 39042.148438
1200 114.178000 39042.164063 39042.148438
1201 114.285000 39042.164063 39042.148438
1202 114.379000 39042.164063 39488.757813
1203 114.483000 39042.164063 39215.449219
1204 114.569000 39042.164063 39042.148438
1205 114.659000 39042.164063 39152.140625
1206 114.754000 39042.164063 39042.148438
1207 114.853000 39042.164063 39042.148438
1208 114.947000 39042.164063 39042.148438
1209 115.040000 39042.164063 39042.148438
1210 115.129000 39042.164063 39116.609375
1211 115.233000 39042.164063 39042.148438
1212 115.324000 39042.164063 39168.867188
1213 115.416000 39042.164063 39326.863281
1214 115.506000 39042.164063 39242.859375
1215 115.595000 39042.164063 39042.148438
1216 115.693000 39042.164063 39069.488281
1217 115.779000 39042.164063 39042.148438
1218 115.873000 39042.164063 39042.148438
1219 115.967000 39042.164063 39042.148438
1220 116.058000 39042.164063 39434.113281
1221 116.163000 39042.164063 39159.101563
1222 116.275000 39042.164063 39042.148438
1223 116.368000 39042.164063 39509.996094
1224 116.470000 39042.164063 39207.816406
1225 116.566000 39042.164063 39042.148438
1226 116.652000 39042.164063 39221.398438
1227 116.743000 39042.164063 39042.148438
1228 116.830000 39042.164063 39460.750000
1229 116.924000 39042.164063 39574.468750
1230 117.018000 39042.164063 39430.023438
1231 117.117000 39042.164063 39042.148438
1232 117.208000 39042.164063 39042.148438
1233 117.295000 39042.164063 39042.148438
1234 117.396000 39042.164063 39042.148438
1235 117.481000 39042.164063 39314.039063
1236 117.577000 39042.164063 39042.148438
1237 117.675000 39042.164063 39042.148438
1238 117.754000 39042.164063 39042.148438
1239 117.860000 39042.164063 39333.953125
1240 117.961000 39042.164063 39042.148438
1241 118.051000 39042.164063 39042.148438
1242 118.147000 39042.164063 39042.148438
1243 118.235000 39042.164063 39042.148438
1244 118.332000 39042.164063 39042.148438
1245 118.426000 39042.164063 39092.753906
1246 118.521000 39042.164063 39042.148438
1247 118.616000 39042.164063 39603.890625
1248 118.706000 39042.164063 39338.179688
1249 118.808000 39042.164063 39239.109375
1250 118.916000 39042.164063 39106.550781
1251 119.018000 39042.164063 39586.878906
1252 119.115000 39042.164063 39042.148438
1253 119.198000 39042.164063 39549.121094
1254 119.297000 39042.164063 39216.535156
1255 119.395000 39042.164063 39042.148438
1256 119.484000 39042.164063 39042.148438
1257 119.594000 39042.164063 39042.148438
1258 119.691000 39042.164063 39519.640625
1259 119.778000 39042.164063 39471.316406
1260 119.870000 39042.164063 39717.640625
1261 119.972000 39042.164063 39235.953125
1262 120.071000 39042.164063 39042.148438
1263 120.171000 39042.164063 39042.148438
1264 120.269000 39042.164063 39077.503906
1265 120.366000 39042.164063 39200.812500
1266 120.450000 39042.164063 39042.148438
1267 120.525000 39042.164063 39078.761719
1268 120.627000 39042.164063 39042.148438
1269 120.723000 39042.164063 39042.148438
1270 120.807000 39042.164063 39413.546875
1271 120.896000 39042.164063 39042.148438
1272 120.981000 39042.164063 39168.746094
1273 121.062000 39042.164063 39042.148438
1274 121.151000 39042.164063 39291.125000
1275 121.244000 39042.164063 39042.148438
1276 121.332000 39042.164063 39042.148438
1277 121.420000 39042.164063 39042.148438
1278 121.517000 39042.164063 39233.718750
1279 121.617000 39042.164063 39374.128906
1280 121.709000 39042.164063 39042.148438
1281 121.811000 39042.164063 39042.148438
1282 121.903000 39042.164063 39084.593750
1283 121.996000 39042.164063 39385.824219
1284 122.088000 39042.164063 39324.710938
1285 122.180000 39042.164063 39283.453125
1286 122.281000 39042.164063 39173.964844
1287 122.376000 39042.164063 39153.238281
1288 122.469000 39042.164063 39390.050781
1289 122.573000 39042.164063 39200.101563
1290 122.675000 39042.164063 39042.148438
1291 122.770000 39042.164063 39042.148438
1292 122.841000 39042.164063 39042.148438
1293 122.922000 39042.164063 39042.148438
1294 123.008000 39042.164063 39042.148438
1295 123.101000 39042.164063 39042.148438
1296 123.190000 39042.164063 39101.656250
1297 123.285000 39042.164063 39042.148438
1298 123.369000 39042.164063 39240.539063
1299 123.472000 39042.164063 39189.410156
1300 123.561000 39042.164063 39187.859375
1301 123.643000 39042.164063 39176.511719
1302 123.735000 39042.164063 39042.148438
1303 123.806000 39042.164063 39348.226563
1304 123.904000 39042.164063 39042.148438
1305 124.004000 39042.164063 39042.148438
1306 124.091000 39042.164063 39208.121094
1307 124.175000 39042.164063 39158.148438
1308 124.253000 39042.164063 39159.964844
1309 124.353000 39042.164063 39108.675781
1310 124.448000 39042.164063 39322.488281
1311 124.548000 39042.164063 39326.789063
1312 124.641000 39042.164063 39101.441406
1313 124.730000 39042.164063 39193.886719
1314 124.839000 39042.164063 39358.023438
1315 124.932000 39042.164063 39313.156250
1316 125.021000 39042.164063 39591.074219
1317 125.115000 39042.164063 39508.371094
1318 125.213000 39042.164063 39165.113281
1319 125.305000 39042.164063 39042.148438
1320 125.401000 39042.164063 39042.148438
1321 125.504000 39042.164063 39042.148438
1322 125.601000 39042.164063 39042.148438
1323 125.692000 39042.164063 39042.148438
1324 125.788000 39042.164063 39042.148438
1325 125.887000 39042.164063 39042.148438
1326 125.998000 39042.164063 39267.632813
1327 126.076000 39042.164063 39175.046875
1328 126.158000 39042.164063 39247.664063
1329 126.251000 39042.164063 39042.148438
1330 126.345000 39042.164063 39042.148438
1331 126.435000 39042.164063 39054.261719
1332 126.518000 39042.164063 39042.148438
1333 126.612000 39042.164063 39042.148438
1334 126.706000 39042.164063 39042.148438
1335 126.810000 39042.164063 39358.371094
1336 126.912000 39042.164063 39316.160156
1337 127.028000 39042.164063 39266.628906
1338 127.139000 39042.164063 39042.148438
1339 127.236000 39042.164063 39042.148438
1340 127.337000 39042.164063 39042.148438
1341 127.442000 39042.164063 39042.148438
1342 127.541000 39042.164063 39096.574219
1343 127.650000 39042.164063 39042.148438
1344 127.749000 39042.164063 39138.558594
1345 127.836000 39042.164063 39042.148438
1346 127.931000 39042.164063 39042.148438
1347 128.031000 39042.164063 39070.253906
1348 128.139000 39042.164063 39113.324219
1349 128.234000 39042.164063 39042.148438
1350 128.311000 39042.164063 39138.027344
1351 128.404000 39042.164063 39121.289063
1352 128.489000 39042.164063 39390.097656
1353 128.596000 39042.164063 39567.203125
1354 128.694000 39042.164063 39691.164063
1355 128.798000 39042.164063 39443.515625
1356 128.876000 39042.164063 39042.148438
1357 128.966000 39042.164063 39042.148438
1358 129.062000 39042.164063 39042.148438
1359 129.146000 39042.164063 39042.148438
1360 129.237000 39042.164063 39042.148438
1361 129.326000 39042.164063 39247.640625
1362 129.422000 39042.164063 39042.148438
1363 129.519000 39042.164063 39281.273438
1364 129.613000 39042.164063 39042.148438
1365 129.688000 39042.164063 39042.148438
1366 129.768000 39042.164063 39047.519531
1367 129.871000 39042.164063 39042.148438
1368 129.973000 39042.164063 39042.148438
1369 130.067000 39042.164063 39042.148438
1370 130.156000 39042.164063 39042.148438
1371 130.247000 39042.164063 39042.148438
1372 130.347000 39042.164063 39414.398438
1373 130.446000 39042.164063 39042.148438
1374 130.561000 39042.164063 39042.148438
1375 130.665000 39042.164063 39042.148438
1376 130.751000 39042.164063 39042.148438
1377 130.849000 39042.164063 39079.078125
1378 130.934000 39042.164063 39042.148438
1379 131.023000 39042.164063 39042.148438
1380 131.115000 39042.164063 39042.148438
1381 131.219000 39042.164063 39042.148438
1382 131.326000 39042.164063 39042.148438
1383 131.427000 39042.164063 39092.320313
1384 131.511000 39042.164063 39632.023438
1385 131.597000 39042.164063 39221.171875
1386 131.673000 39042.164063 39042.148438
1387 131.759000 39042.164063 39264.996094
1388 131.860000 39042.164063 39042.148438
1389 131.955000 39042.164063 39173.160156
1390 132.044000 39042.164063 39042.148438
1391 132.134000 39042.164063 39042.148438
1392 132.232000 39042.164063 39042.148438
1393 132.320000 39042.164063 39042.148438
1394 132.397000 39042.164063 39042.148438
1395 132.482000 39042.164063 39042.148438
1396 132.572000 39042.164063 39042.148438
1397 132.677000 39042.164063 39042.148438
1398 132.778000 39042.164063 39468.023438
1399 132.864000 39042.164063 39184.156250
1400 132.950000 39042.164063 39042.148438
1401 133.034000 39042.164063 39158.484375
1402 133.122000 39042.164063 39042.148438
1403 133.219000 39042.164063 39318.335938
1404 133.322000 39042.164063 39191.941406
1405 133.417000 39042.164063 39092.585938
1406 133.515000 39042.164063 39042.148438
1407 133.600000 39042.164063 39250.296875
1408 133.704000 39042.164063 39042.148438
1409 133.800000 39042.164063 39042.148438
1410 133.894000 39042.164063 39325.199219
1411 134.001000 39042.164063 39211.429688
1412 134.093000 39042.164063 39042.148438
1413 134.176000 39042.164063 39157.121094
1414 134.283000 39042.164063 39112.304688
1415 134.384000 39042.164063 39228.457031
1416 134.483000 39042.164063 39042.148438
1417 134.579000 39042.164063 39042.148438
1418 134.678000 39042.164063 39042.148438
1419 134.766000 39042.164063 39042.148438
1420 134.863000 39042.164063 39042.148438
1421 134.959000 39042.164063 39223.996094
1422 135.045000 39042.164063 39042.148438
1423 135.124000 39042.164063 39042.148438
1424 135.227000 39042.164063 39042.148438
1425 135.319000 39042.164063 39042.148438
1426 135.408000 39042.164063 39042.148438
1427 135.512000 39042.164063 39065.011719
1428 135.613000 39042.164063 39042.148438
1429 135.715000 39042.164063 39042.148438
1430 135.796000 39042.164063 39154.234375
1431 135.889000 39042.164063 39042.148438
1432 135.991000 39042.164063 39042.148438
1433 136.087000 39042.164063 39042.148438
1434 136.175000 39042.164063 39042.148438
1435 136.267000 39042.164063 39042.148438
1436 136.366000 39042.164063 39042.148438
1437 136.466000 39042.164063 39042.148438
1438 136.576000 39042.164063 39042.148438
1439 136.660000 39042.164063 39042.148438
1440 136.762000 39042.164063 39042.148438
1441 136.862000 39042.164063 39042.148438
1442 136.956000 39042.164063 39042.148438
1443 137.041000 39042.164063 39042.148438
1444 137.138000 39042.164063 39042.148438
1445 137.239000 39042.164063 39042.148438
1446 137.320000 39042.164063 39042.148438
1447 137.411000 39042.164063 39042.148438
1448 137.500000 39042.164063 39155.066406
1449 137.600000 39042.164063 39082.757813
1450 137.698000 39042.164063 39042.148438
1451 137.800000 39042.164063 39042.148438
1452 137.888000 39042.164063 39042.148438
1453 137.986000 39042.164063 39066.851563
1454 138.073000 39042.164063 39145.406250
1455 138.149000 39042.164063 39042.148438
1456 138.238000 39042.164063 39042.148438
1457 138.343000 39042.164063 39042.148438
1458 138.440000 39042.164063 39042.148438
1459 138.533000 39042.164063 39491.898438
1460 138.623000 39042.164063 39042.148438
1461 138.714000 39042.164063 39042.148438
1462 138.816000 39042.164063 39042.148438
1463 138.923000 39042.164063 39042.148438
1464 139.020000 39042.164063 39530.546875
1465 139.113000 39042.164063 39527.257813
1466 139.205000 39042.164063 39492.070313
1467 139.300000 39042.164063 39298.593750
1468 139.387000 39042.164063 39271.335938
1469 139.477000 39042.164063 39042.148438
1470 139.571000 39042.164063 39042.148438
1471 139.647000 39042.164063 39042.148438
1472 139.729000 39042.164063 39042.148438
1473 139.815000 39042.164063 39868.882813
1474 139.903000 39042.164063 39266.460938
1475 139.995000 39042.164063 39194.265625
1476 140.108000 39042.164063 39255.816406
1477 140.201000 39042.164063 39256.359375
1478 140.297000 39042.164063 39349.402344
1479 140.396000 39042.164063 39163.382813
1480 140.485000 39042.164063 39088.621094
1481 140.582000 39042.164063 39042.148438
1482 140.673000 39042.164063 39439.484375
1483 140.768000 39042.164063 39067.531250
1484 140.858000 39042.164063 39181.781250
1485 140.957000 39042.164063 39042.148438
1486 141.034000 39042.164063 39042.148438
1487 141.118000 39042.164063 39042.148438
1488 141.210000 39042.164063 39093.972656
1489 141.284000 39042.164063 39212.164063
1490 141.384000 39042.164063 39076.003906
1491 141.466000 39042.164063 39042.148438
1492 141.560000 39042.164063 39042.148438
1493 141.651000 39042.164063 39042.148438
1494 141.747000 39042.164063 39042.148438
1495 141.842000 39042.164063 39362.312500
1496 141.941000 39042.164063 39466.710938
1497 142.048000 39042.164063 39313.910156
1498 142.146000 39042.164063 39127.656250
1499 142.229000 39042.164063 39042.148438
1500 142.318000 39042.164063 39042.148438
1501 142.402000 39042.164063 39042.148438
1502 142.483000 39042.164063 39359.816406
1503 142.576000 39042.164063 39371.441406
1504 142.660000 39042.164063 39042.148438
1505 142.754000 39042.164063 39227.050781
1506 142.846000 39042.164063 39042.148438
1507 142.939000 39042.164063 39042.148438
1508 143.035000 39042.164063 39042.148438
1509 143.137000 39042.164063 39042.148438
1510 143.240000 39042.164063 39160.210938
1511 143.346000 39042.164063 39042.148438
1512 143.441000 39042.164063 39042.703125
1513 143.535000 39042.164063 39164.546875
1514 143.628000 39042.164063 39042.148438
