0 0.000000 25421.833984 26987.365234
1 0.003000 24545.089844 26987.365234
2 0.006000 24520.472656 28246.224609
3 0.009000 23460.853516 27853.189453
4 0.012000 23460.853516 27688.642578
5 0.018000 23240.419922 28001.943359
6 0.021000 23178.966797 28345.005859
7 0.024000 22864.539063 30618.800781
8 0.027000 22196.824219 31149.123047
9 0.033000 22196.824219 30725.398438
10 0.038000 22096.449219 30495.332031
11 0.041000 22096.449219 30927.841797
12 0.043000 22096.449219 29920.505859
13 0.048000 22096.449219 30267.931641
14 0.051000 22096.449219 29850.830078
15 0.054000 22015.679688 30458.160156
16 0.057000 22015.679688 30782.613281
17 0.061000 22015.679688 32070.820313
18 0.063000 22015.679688 31269.117188
19 0.066000 22015.679688 32063.744141
20 0.069000 22015.679688 32175.244141
21 0.072000 22015.679688 32858.996094
22 0.076000 21971.748047 32482.337891
23 0.079000 21971.748047 33346.476563
24 0.083000 21971.748047 32617.439453
25 0.085000 21971.748047 33342.535156
26 0.088000 21971.748047 33125.621094
27 0.092000 21971.748047 32878.488281
28 0.095000 21971.748047 33074.230469
29 0.098000 21971.748047 32716.789063
30 0.101000 21971.748047 32066.519531
31 0.105000 21971.748047 31315.373047
32 0.108000 21971.748047 30622.035156
33 0.112000 21934.156250 31515.900391
34 0.116000 21934.156250 32330.025391
35 0.119000 21934.156250 33302.535156
36 0.123000 21934.156250 33346.859375
37 0.125000 21934.156250 35898.410156
38 0.129000 21816.837891 34916.093750
39 0.133000 21816.837891 33586.171875
40 0.136000 21816.837891 33668.015625
41 0.140000 21816.837891 34747.261719
42 0.143000 21816.837891 33463.964844
43 0.147000 21816.837891 32770.800781
44 0.150000 21816.837891 33976.199219
45 0.154000 21816.837891 34146.656250
46 0.158000 21816.837891 34549.132813
47 0.162000 21816.837891 33049.843750
48 0.165000 21816.837891 32892.949219
49 0.168000 21816.837891 32494.679688
50 0.172000 21816.837891 32152.779297
51 0.175000 21816.837891 33075.425781
52 0.178000 21816.837891 34454.296875
53 0.181000 21816.837891 34253.882813
54 0.185000 21816.837891 33714.875000
55 0.188000 21816.837891 34789.753906
56 0.192000 21816.837891 34763.121094
57 0.196000 21816.837891 35068.960938
58 0.199000 21816.837891 34111.945313
59 0.203000 21816.837891 33787.496094
60 0.206000 21816.837891 33585.496094
61 0.209000 21816.837891 33924.140625
62 0.213000 21816.837891 33616.835938
63 0.216000 21816.837891 34117.363281
64 0.220000 21816.837891 32255.279297
65 0.222000 21816.837891 32855.578125
66 0.225000 21816.837891 33166.332031
67 0.229000 21816.837891 34341.300781
68 0.232000 21816.837891 34668.109375
69 0.236000 21816.837891 35245.335938
70 0.239000 21816.837891 35162.750000
71 0.242000 21816.837891 36905.121094
72 0.246000 21816.837891 35879.128906
73 0.250000 21816.837891 34509.367188
74 0.253000 21816.837891 34262.808594
75 0.256000 21816.837891 33905.765625
76 0.259000 21816.837891 34375.113281
77 0.263000 21816.837891 33630.843750
78 0.266000 21816.837891 34917.429688
79 0.270000 21816.837891 34950.507813
80 0.273000 21816.837891 36488.011719
81 0.276000 21816.837891 36611.226563
82 0.279000 21816.837891 37229.671875
83 0.284000 21816.837891 37086.914063
84 0.287000 21816.837891 36656.253906
85 0.291000 21816.837891 35529.984375
86 0.295000 21816.837891 36005.156250
87 0.300000 21816.837891 36323.113281
88 0.303000 21816.837891 36506.835938
89 0.307000 21816.837891 35827.410156
90 0.309000 21816.837891 36788.113281
91 0.314000 21816.837891 37106.328125
92 0.316000 21816.837891 36572.429688
93 0.320000 21816.837891 35569.984375
94 0.323000 21816.837891 34697.003906
95 0.327000 21816.837891 35490.421875
96 0.332000 21816.837891 35029.386719
97 0.336000 21816.837891 33975.019531
98 0.339000 21816.837891 34253.355469
99 0.342000 21816.837891 33987.492188
100 0.346000 21816.837891 34704.250000
101 0.349000 21816.837891 35260.105469
102 0.352000 21816.837891 35742.941406
103 0.355000 21816.837891 36708.093750
104 0.358000 21816.837891 37587.730469
105 0.363000 21816.837891 36538.101563
106 0.366000 21816.837891 35329.988281
107 0.370000 21816.837891 34933.894531
108 0.373000 21816.837891 34770.078125
109 0.377000 21816.837891 36059.914063
110 0.380000 21816.837891 34895.894531
111 0.384000 21816.837891 35168.183594
112 0.387000 21816.837891 34974.847656
113 0.391000 21816.837891 35837.843750
114 0.394000 21816.837891 35600.148438
115 0.397000 21816.837891 36508.636719
116 0.400000 21816.837891 38015.671875
117 0.403000 21816.837891 37250.585938
118 0.408000 21816.837891 35650.222656
119 0.412000 21816.837891 34953.992188
120 0.415000 21816.837891 34725.078125
121 0.419000 21816.837891 35400.406250
122 0.422000 21816.837891 36335.996094
123 0.424000 21816.837891 38256.871094
124 0.427000 21816.837891 37410.273438
125 0.431000 21816.837891 35447.824219
126 0.434000 21816.837891 35226.687500
127 0.439000 21816.837891 35283.886719
128 0.442000 21816.837891 36908.335938
129 0.446000 21816.837891 37220.816406
130 0.449000 21816.837891 36310.433594
131 0.452000 21816.837891 35515.644531
132 0.456000 21816.837891 36304.988281
133 0.459000 21816.837891 36615.000000
134 0.462000 21816.837891 35719.582031
135 0.466000 21816.837891 35546.339844
136 0.469000 21816.837891 36643.300781
137 0.473000 21816.837891 37183.285156
138 0.476000 21816.837891 37111.039063
139 0.480000 21816.837891 36576.386719
140 0.483000 21816.837891 35559.300781
141 0.487000 21816.837891 34474.578125
142 0.490000 21816.837891 34618.722656
143 0.493000 21816.837891 34064.097656
144 0.497000 21816.837891 33439.335938
145 0.501000 21816.837891 33897.304688
146 0.505000 21816.837891 34820.277344
147 0.507000 21816.837891 34277.011719
148 0.511000 21816.837891 34623.363281
149 0.514000 21816.837891 35261.875000
150 0.518000 21816.837891 34541.859375
151 0.522000 21816.837891 35052.726563
152 0.526000 21816.837891 33113.222656
153 0.530000 21816.837891 33509.218750
154 0.534000 21816.837891 33870.390625
155 0.537000 21816.837891 32826.160156
156 0.540000 21816.837891 32692.294922
157 0.543000 21816.837891 33256.031250
158 0.547000 21816.837891 33504.113281
159 0.551000 21816.837891 33566.527344
160 0.555000 21816.837891 33597.531250
161 0.558000 21816.837891 33578.292969
162 0.562000 21816.837891 32588.755859
163 0.566000 21816.837891 33608.843750
164 0.570000 21816.837891 33873.230469
165 0.573000 21816.837891 32285.775391
166 0.576000 21816.837891 34317.718750
167 0.581000 21816.837891 35346.253906
168 0.585000 21816.837891 34154.523438
169 0.587000 21816.837891 34356.296875
170 0.591000 21816.837891 33580.117188
171 0.594000 21816.837891 35455.789063
172 0.601000 21816.837891 34359.078125
173 0.605000 21816.837891 35157.070313
174 0.608000 21816.837891 36084.984375
175 0.612000 21816.837891 37120.945313
176 0.618000 21816.837891 37423.652344
177 0.623000 21816.837891 37692.835938
178 0.625000 21816.837891 37661.824219
179 0.629000 21816.837891 36724.457031
180 0.633000 21816.837891 36579.878906
181 0.636000 21816.837891 34583.636719
182 0.640000 21816.837891 37015.109375
183 0.642000 21816.837891 36661.000000
184 0.648000 21816.837891 36633.910156
185 0.651000 21816.837891 35521.621094
186 0.654000 21816.837891 34467.937500
187 0.657000 21816.837891 33730.066406
188 0.661000 21816.837891 33980.015625
189 0.665000 21816.837891 35572.054688
190 0.669000 21816.837891 34704.199219
191 0.673000 21816.837891 35555.246094
192 0.677000 21816.837891 35438.371094
193 0.681000 21816.837891 34104.539063
194 0.683000 21816.837891 34107.324219
195 0.687000 21816.837891 34079.363281
196 0.690000 21816.837891 34225.796875
197 0.693000 21816.837891 33919.503906
198 0.696000 21816.837891 33700.714844
199 0.701000 21816.837891 35112.050781
200 0.704000 21816.837891 35036.226563
201 0.708000 21816.837891 34912.917969
202 0.710000 21816.837891 34285.917969
203 0.715000 21816.837891 34815.269531
204 0.718000 21816.837891 36001.667969
205 0.721000 21816.837891 35921.964844
206 0.725000 21816.837891 35493.007813
207 0.727000 21816.837891 36160.363281
208 0.731000 21816.837891 36220.496094
209 0.735000 21816.837891 36630.953125
210 0.738000 21816.837891 35250.515625
211 0.740000 21816.837891 35892.148438
212 0.744000 21816.837891 34688.121094
213 0.748000 21816.837891 35398.625000
214 0.752000 21816.837891 35383.703125
215 0.756000 21816.837891 34505.914063
216 0.759000 21816.837891 34665.386719
217 0.763000 21816.837891 33784.386719
218 0.766000 21816.837891 34110.117188
219 0.770000 21816.837891 33326.992188
220 0.772000 21816.837891 35576.914063
221 0.775000 21816.837891 37114.761719
222 0.779000 21816.837891 37338.718750
223 0.782000 21816.837891 36965.671875
224 0.786000 21816.837891 38202.210938
225 0.790000 21816.837891 38633.011719
226 0.793000 21816.837891 37665.953125
227 0.797000 21816.837891 38231.261719
228 0.799000 21816.837891 37572.503906
229 0.804000 21816.837891 37601.308594
230 0.807000 21816.837891 36680.308594
231 0.810000 21816.837891 36108.585938
232 0.814000 21816.837891 35447.035156
233 0.819000 21816.837891 36179.300781
234 0.822000 21816.837891 35536.648438
235 0.825000 21816.837891 34267.699219
236 0.829000 21816.837891 33958.863281
237 0.833000 21816.837891 32949.296875
238 0.836000 21816.837891 32136.880859
239 0.840000 21816.837891 33159.582031
240 0.842000 21816.837891 32701.964844
241 0.846000 21816.837891 33062.601563
242 0.849000 21816.837891 32685.794922
243 0.853000 21816.837891 33329.792969
244 0.856000 21816.837891 34813.210938
245 0.861000 21816.837891 34369.878906
246 0.866000 21816.837891 34248.871094
247 0.869000 21816.837891 35195.066406
248 0.873000 21816.837891 34154.890625
249 0.877000 21816.837891 33867.324219
250 0.881000 21816.837891 33834.308594
251 0.884000 21816.837891 33368.968750
252 0.887000 21816.837891 35049.074219
253 0.890000 21816.837891 34223.699219
254 0.893000 21816.837891 34683.562500
255 0.896000 21816.837891 34605.351563
256 0.899000 21816.837891 33879.417969
257 0.902000 21816.837891 33990.289063
258 0.905000 21816.837891 34540.507813
259 0.909000 21816.837891 34883.226563
260 0.913000 21816.837891 34344.277344
261 0.917000 21816.837891 34313.164063
262 0.920000 21816.837891 34891.031250
263 0.923000 21816.837891 34118.183594
264 0.926000 21816.837891 33450.238281
265 0.930000 21816.837891 33345.484375
266 0.934000 21816.837891 32452.664063
267 0.937000 21816.837891 33672.324219
268 0.941000 21816.837891 33604.273438
269 0.947000 21816.837891 34135.750000
270 0.953000 21816.837891 34422.332031
271 0.958000 21816.837891 34487.804688
272 0.963000 21816.837891 34455.824219
273 0.967000 21816.837891 35000.949219
274 0.971000 21816.837891 34601.523438
275 0.978000 21816.837891 34213.316406
276 0.982000 21816.837891 33374.914063
277 0.986000 21816.837891 34093.574219
278 0.989000 21816.837891 34145.746094
279 0.993000 21816.837891 34250.085938
280 0.996000 21816.837891 33193.062500
281 0.999000 21816.837891 33179.593750
282 1.003000 21816.837891 33097.148438
283 1.008000 21816.837891 34264.167969
284 1.011000 21816.837891 33412.066406
285 1.015000 21816.837891 33315.335938
286 1.018000 21816.837891 33771.054688
287 1.023000 21816.837891 35759.218750
288 1.026000 21816.837891 35377.558594
289 1.030000 21816.837891 36132.777344
290 1.034000 21816.837891 36376.218750
291 1.038000 21816.837891 36101.156250
292 1.041000 21816.837891 35955.859375
293 1.044000 21816.837891 36544.585938
294 1.047000 21816.837891 35577.363281
295 1.050000 21816.837891 36230.097656
296 1.054000 21816.837891 35670.027344
297 1.057000 21816.837891 35059.011719
298 1.060000 21816.837891 34719.511719
299 1.064000 21816.837891 34882.304688
300 1.069000 21816.837891 33501.718750
301 1.073000 21816.837891 33106.707031
302 1.078000 21816.837891 31796.257813
303 1.081000 21816.837891 35293.226563
304 1.084000 21816.837891 34511.183594
305 1.088000 21816.837891 34799.941406
306 1.091000 21816.837891 34616.921875
307 1.095000 21816.837891 35655.601563
308 1.099000 21816.837891 34537.710938
309 1.102000 21816.837891 34720.527344
310 1.106000 21816.837891 35299.394531
311 1.109000 21816.837891 33907.164063
312 1.115000 21816.837891 33861.441406
313 1.119000 21816.837891 33872.347656
314 1.123000 21816.837891 33954.011719
315 1.126000 21816.837891 33705.136719
316 1.130000 21816.837891 35932.648438
317 1.134000 21816.837891 35654.765625
318 1.138000 21816.837891 34900.781250
319 1.141000 21816.837891 34886.707031
320 1.145000 21816.837891 36457.441406
321 1.151000 21816.837891 36489.855469
322 1.155000 21816.837891 35151.593750
323 1.158000 21816.837891 35720.253906
324 1.163000 21816.837891 35039.503906
325 1.168000 21816.837891 34813.378906
326 1.171000 21816.837891 35652.101563
327 1.175000 21816.837891 37367.187500
328 1.179000 21816.837891 36353.765625
329 1.183000 21816.837891 35794.867188
330 1.186000 21816.837891 34548.250000
331 1.189000 21816.837891 33929.812500
332 1.192000 21816.837891 34786.675781
333 1.198000 21816.837891 35230.574219
334 1.201000 21816.837891 35758.238281
335 1.204000 21816.837891 35814.433594
336 1.207000 21816.837891 37020.847656
337 1.212000 21816.837891 38769.550781
338 1.215000 21816.837891 37534.261719
339 1.218000 21816.837891 39450.601563
340 1.221000 21816.837891 38696.789063
341 1.224000 21816.837891 37731.042969
342 1.229000 21816.837891 37160.648438
343 1.233000 21816.837891 36475.300781
344 1.236000 21816.837891 35792.886719
345 1.239000 21816.837891 34675.082031
346 1.243000 21816.837891 35380.281250
347 1.247000 21816.837891 35818.218750
348 1.250000 21816.837891 38108.078125
349 1.253000 21816.837891 37942.515625
350 1.256000 21816.837891 37072.593750
351 1.261000 21816.837891 37124.640625
352 1.264000 21816.837891 37949.925781
353 1.269000 21816.837891 37135.765625
354 1.271000 21816.837891 37310.867188
355 1.275000 21816.837891 36582.941406
356 1.280000 21816.837891 36330.308594
357 1.283000 21816.837891 37761.683594
358 1.287000 21816.837891 38399.550781
359 1.291000 21816.837891 37749.847656
360 1.295000 21816.837891 37091.128906
361 1.299000 21816.837891 36893.796875
362 1.301000 21816.837891 37381.015625
363 1.306000 21816.837891 39360.175781
364 1.310000 21816.837891 40245.449219
365 1.314000 21816.837891 40075.812500
366 1.317000 21816.837891 38819.800781
367 1.323000 21816.837891 37390.128906
368 1.326000 21816.837891 36508.828125
369 1.329000 21816.837891 36542.523438
370 1.332000 21816.837891 36405.628906
371 1.337000 21816.837891 37565.972656
372 1.341000 21816.837891 36386.234375
373 1.344000 21816.837891 35384.718750
374 1.347000 21816.837891 34256.757813
375 1.351000 21816.837891 35164.390625
376 1.354000 21816.837891 36137.835938
377 1.358000 21816.837891 35476.027344
378 1.363000 21816.837891 37720.460938
379 1.367000 21816.837891 35707.632813
380 1.370000 21816.837891 36839.734375
381 1.374000 21816.837891 36567.320313
382 1.377000 21816.837891 34941.066406
383 1.381000 21816.837891 34885.289063
384 1.385000 21816.837891 34040.789063
385 1.388000 21816.837891 34205.218750
386 1.390000 21816.837891 34944.175781
387 1.394000 21816.837891 34722.402344
388 1.397000 21816.837891 35482.265625
389 1.401000 21816.837891 34789.593750
390 1.405000 21816.837891 35377.070313
391 1.408000 21816.837891 34474.488281
392 1.412000 21816.837891 35240.933594
393 1.418000 21816.837891 35113.628906
394 1.421000 21816.837891 34665.261719
395 1.423000 21816.837891 35923.660156
396 1.427000 21816.837891 35673.121094
397 1.434000 21816.837891 34984.355469
398 1.437000 21816.837891 35084.386719
399 1.440000 21816.837891 36232.554688
400 1.445000 21816.837891 35531.570313
401 1.450000 21816.837891 35224.367188
402 1.453000 21816.837891 35257.550781
403 1.456000 21816.837891 35942.707031
404 1.459000 21816.837891 35588.441406
405 1.463000 21816.837891 35373.496094
406 1.467000 21816.837891 35443.484375
407 1.470000 21816.837891 36293.250000
408 1.472000 21816.837891 35412.351563
409 1.475000 21816.837891 36833.261719
410 1.480000 21816.837891 36911.324219
411 1.483000 21816.837891 36267.972656
412 1.486000 21816.837891 35891.191406
413 1.490000 21816.837891 35621.941406
414 1.493000 21816.837891 34601.546875
415 1.497000 21816.837891 34077.105469
416 1.500000 21816.837891 34014.394531
417 1.503000 21816.837891 34409.722656
418 1.506000 21816.837891 34949.511719
419 1.509000 21816.837891 34324.894531
420 1.513000 21816.837891 35239.417969
421 1.517000 21816.837891 35295.113281
422 1.520000 21816.837891 34214.656250
423 1.524000 21816.837891 34312.933594
424 1.529000 21816.837891 33383.953125
425 1.533000 21816.837891 33230.519531
426 1.537000 21816.837891 34599.515625
427 1.540000 21816.837891 33958.898438
428 1.544000 21816.837891 34106.460938
429 1.547000 21816.837891 33085.621094
430 1.551000 21816.837891 34894.378906
431 1.555000 21816.837891 33378.078125
432 1.558000 21816.837891 34251.414063
433 1.561000 21816.837891 33423.648438
434 1.565000 21816.837891 33081.589844
435 1.568000 21816.837891 32743.632813
436 1.573000 21816.837891 32972.847656
437 1.577000 21816.837891 32087.783203
438 1.580000 21816.837891 31504.759766
439 1.583000 21816.837891 31662.029297
440 1.588000 21816.837891 31719.609375
441 1.591000 21816.837891 31846.158203
442 1.595000 21816.837891 30979.607422
443 1.599000 21816.837891 31029.265625
444 1.602000 21816.837891 32251.904297
445 1.606000 21816.837891 31412.597656
446 1.610000 21816.837891 31266.357422
447 1.614000 21816.837891 31930.312500
448 1.618000 21816.837891 31712.398438
449 1.622000 21816.837891 31329.820313
450 1.624000 21816.837891 31984.072266
451 1.628000 21816.837891 31842.601563
452 1.632000 21816.837891 31002.839844
453 1.635000 21816.837891 30920.269531
454 1.638000 21816.837891 31544.830078
455 1.642000 21816.837891 31861.626953
456 1.645000 21816.837891 31885.804688
457 1.651000 21816.837891 31748.214844
458 1.654000 21816.837891 31898.109375
459 1.658000 21816.837891 32180.669922
460 1.664000 21816.837891 32537.292969
461 1.667000 21816.837891 32396.193359
462 1.671000 21816.837891 31232.681641
463 1.674000 21816.837891 31528.251953
464 1.679000 21816.837891 30503.078125
465 1.683000 21816.837891 33554.398438
466 1.687000 21816.837891 33661.917969
467 1.690000 21816.837891 35002.136719
468 1.696000 21816.837891 34298.703125
469 1.702000 21816.837891 34558.242188
470 1.704000 21816.837891 35831.359375
471 1.707000 21816.837891 36445.515625
472 1.713000 21816.837891 36499.066406
473 1.717000 21816.837891 35225.761719
474 1.721000 21816.837891 35328.136719
475 1.724000 21816.837891 33683.347656
476 1.729000 21816.837891 34463.917969
477 1.733000 21816.837891 34851.664063
478 1.736000 21816.837891 34023.515625
479 1.739000 21816.837891 35245.824219
480 1.742000 21816.837891 35935.500000
481 1.746000 21816.837891 35664.406250
482 1.749000 21816.837891 35956.273438
483 1.752000 21816.837891 37313.550781
484 1.755000 21816.837891 37158.765625
485 1.760000 21816.837891 36782.851563
486 1.764000 21816.837891 36803.281250
487 1.766000 21816.837891 35544.578125
488 1.769000 21816.837891 34778.074219
489 1.776000 21816.837891 34530.886719
490 1.781000 21816.837891 35153.285156
491 1.784000 21816.837891 35947.160156
492 1.789000 21816.837891 35500.886719
493 1.792000 21816.837891 34545.843750
494 1.796000 21816.837891 35359.347656
495 1.800000 21816.837891 34876.898438
496 1.803000 21816.837891 36295.710938
497 1.806000 21816.837891 36125.347656
498 1.809000 21816.837891 36349.378906
499 1.812000 21816.837891 35697.410156
500 1.816000 21816.837891 34452.144531
501 1.820000 21816.837891 34310.433594
502 1.824000 21816.837891 35116.289063
503 1.830000 21816.837891 33902.839844
504 1.834000 21816.837891 33343.011719
505 1.838000 21816.837891 33143.078125
506 1.841000 21816.837891 33429.304688
507 1.846000 21816.837891 33278.207031
508 1.849000 21816.837891 33635.570313
509 1.852000 21816.837891 34176.867188
510 1.855000 21816.837891 35233.996094
511 1.858000 21816.837891 36088.207031
512 1.863000 21816.837891 36769.062500
513 1.867000 21816.837891 36105.035156
514 1.870000 21816.837891 36522.082031
515 1.873000 21816.837891 36667.699219
516 1.876000 21816.837891 36142.484375
517 1.879000 21816.837891 36124.566406
518 1.883000 21816.837891 35526.273438
519 1.886000 21816.837891 34309.421875
520 1.890000 21816.837891 36059.441406
521 1.893000 21816.837891 35532.226563
522 1.896000 21816.837891 34688.328125
523 1.900000 21816.837891 33968.332031
524 1.903000 21816.837891 35317.914063
525 1.906000 21816.837891 34565.871094
526 1.910000 21816.837891 34800.566406
527 1.913000 21816.837891 35082.558594
528 1.916000 21816.837891 34859.156250
529 1.919000 21816.837891 34170.566406
530 1.922000 21816.837891 34068.691406
531 1.925000 21816.837891 34939.593750
532 1.929000 21816.837891 36515.230469
533 1.932000 21816.837891 35485.906250
534 1.936000 21816.837891 35606.140625
535 1.939000 21816.837891 35725.179688
536 1.942000 21816.837891 35322.449219
537 1.947000 21816.837891 36334.976563
538 1.951000 21816.837891 36450.824219
