0 0.000000 3130.912109 3307.160889
1 0.022000 3094.260986 3307.160889
2 0.044000 3023.615234 3243.414063
3 0.066000 2991.144043 3199.560059
4 0.089000 2965.467041 3167.133789
5 0.110000 2929.964600 3152.472900
6 0.133000 2915.693604 3130.728760
7 0.157000 2887.997803 3112.014404
8 0.186000 2887.997803 3089.567871
9 0.206000 2884.981201 3065.163086
10 0.230000 2866.490967 3048.421631
11 0.252000 2855.495117 3051.786621
12 0.275000 2837.474609 3028.259033
13 0.297000 2837.474609 3011.263672
14 0.316000 2831.697754 2985.746826
15 0.340000 2831.162598 2973.216553
16 0.363000 2820.220215 2964.578369
17 0.387000 2820.220215 2968.956299
18 0.418000 2790.256836 2960.057617
19 0.439000 2780.451904 2944.334961
20 0.458000 2764.532959 2937.550049
21 0.480000 2764.532959 2933.139648
22 0.508000 2764.532959 2924.760010
23 0.530000 2764.532959 2931.086182
24 0.553000 2764.532959 2931.030518
25 0.577000 2764.532959 2919.291504
26 0.601000 2752.456543 2912.336914
27 0.623000 2752.456543 2914.998779
28 0.646000 2752.456543 2909.970947
29 0.670000 2737.386719 2906.292236
30 0.692000 2737.386719 2905.658447
31 0.711000 2737.386719 2897.999023
32 0.734000 2737.386719 2885.082520
33 0.761000 2737.386719 2876.402588
34 0.785000 2737.386719 2873.633789
35 0.811000 2737.386719 2871.120361
36 0.837000 2737.386719 2869.218506
37 0.859000 2737.386719 2879.654785
38 0.878000 2737.386719 2868.302490
39 0.913000 2732.747314 2866.115723
40 0.944000 2732.747314 2859.510254
41 0.965000 2732.747314 2854.479736
42 0.987000 2732.747314 2851.346680
43 1.013000 2732.747314 2852.698975
44 1.039000 2732.747314 2849.146973
45 1.064000 2732.747314 2841.002930
46 1.086000 2732.747314 2842.574707
47 1.110000 2732.747314 2841.996338
48 1.134000 2732.747314 2845.580566
49 1.152000 2732.747314 2838.452881
50 1.183000 2732.747314 2833.494385
51 1.209000 2732.747314 2831.297119
52 1.228000 2732.747314 2829.761230
53 1.250000 2732.747314 2827.247559
54 1.272000 2732.747314 2835.758057
55 1.295000 2732.747314 2828.092529
56 1.318000 2722.441406 2826.659912
57 1.337000 2722.441406 2823.987793
58 1.358000 2722.441406 2823.618408
59 1.385000 2722.441406 2823.189697
60 1.411000 2722.441406 2822.772461
61 1.446000 2722.441406 2819.447754
62 1.469000 2722.441406 2817.868652
63 1.493000 2722.441406 2828.890625
64 1.518000 2722.441406 2821.086914
65 1.542000 2722.441406 2820.171875
66 1.566000 2722.441406 2815.924072
67 1.585000 2715.813965 2815.443115
68 1.609000 2715.813965 2828.568115
69 1.630000 2715.813965 2820.043701
70 1.651000 2715.813965 2816.493408
71 1.676000 2715.813965 2829.817383
72 1.697000 2715.813965 2828.113525
73 1.718000 2715.813965 2818.331299
74 1.739000 2715.813965 2817.208984
75 1.762000 2715.813965 2814.901855
76 1.783000 2715.813965 2813.389160
77 1.808000 2715.813965 2812.622559
78 1.833000 2715.813965 2811.802490
79 1.859000 2715.813965 2811.802490
80 1.883000 2715.813965 2819.028809
81 1.904000 2715.813965 2814.812744
82 1.931000 2715.813965 2813.172852
83 1.953000 2715.813965 2810.166504
84 1.975000 2715.813965 2810.166504
85 1.994000 2715.813965 2809.319580
86 2.019000 2715.813965 2809.319580
87 2.041000 2715.813965 2808.341797
88 2.064000 2715.813965 2808.158447
89 2.085000 2715.813965 2807.469482
90 2.110000 2715.813965 2807.238770
91 2.130000 2715.813965 2804.371582
92 2.149000 2715.813965 2803.930420
93 2.177000 2715.813965 2803.408691
94 2.200000 2715.813965 2803.813721
95 2.220000 2715.813965 2803.722168
96 2.244000 2715.813965 2802.848389
97 2.265000 2715.813965 2802.848389
98 2.287000 2715.813965 2802.380859
99 2.312000 2715.813965 2801.803711
100 2.332000 2715.813965 2814.093750
101 2.353000 2715.813965 2810.729004
102 2.397000 2715.813965 2821.408203
103 2.428000 2715.813965 2831.180664
104 2.457000 2715.813965 2820.106201
105 2.482000 2715.813965 2819.474365
106 2.507000 2715.813965 2827.377441
107 2.536000 2715.813965 2828.727539
108 2.564000 2715.813965 2833.029785
109 2.590000 2715.813965 2831.424316
110 2.612000 2715.813965 2835.512207
111 2.636000 2715.813965 2842.342285
112 2.656000 2715.813965 2841.291504
113 2.683000 2715.813965 2840.091553
114 2.708000 2715.813965 2829.809326
115 2.730000 2715.813965 2832.059570
116 2.751000 2715.813965 2831.260254
117 2.772000 2715.813965 2829.846191
118 2.794000 2715.813965 2827.805908
119 2.817000 2715.813965 2841.056641
120 2.838000 2715.813965 2830.994385
121 2.865000 2715.813965 2828.300293
122 2.888000 2715.813965 2839.582520
123 2.912000 2715.813965 2838.320557
124 2.937000 2715.813965 2834.181152
125 2.963000 2715.813965 2832.010986
126 2.986000 2715.813965 2827.223145
127 3.009000 2715.813965 2837.650635
128 3.032000 2715.813965 2830.615723
129 3.052000 2715.813965 2824.510742
130 3.072000 2715.813965 2824.296875
131 3.095000 2715.813965 2819.528320
132 3.116000 2715.813965 2819.368408
133 3.143000 2715.813965 2814.801758
134 3.167000 2715.813965 2825.107178
135 3.190000 2714.122559 2815.360352
136 3.215000 2714.122559 2812.403076
137 3.237000 2714.122559 2811.358398
138 3.258000 2714.122559 2811.110596
139 3.281000 2714.122559 2808.354492
140 3.303000 2714.122559 2809.651367
141 3.327000 2714.122559 2807.932129
142 3.350000 2714.122559 2805.517822
143 3.376000 2714.122559 2805.449463
144 3.400000 2714.122559 2804.142578
145 3.418000 2714.122559 2802.971191
146 3.440000 2714.122559 2800.573730
147 3.465000 2714.122559 2798.834961
148 3.489000 2714.122559 2798.431641
149 3.515000 2714.122559 2797.861816
150 3.539000 2714.122559 2804.259033
151 3.559000 2714.122559 2799.686279
152 3.585000 2714.122559 2798.837891
153 3.607000 2714.122559 2795.164795
154 3.629000 2714.122559 2794.210938
155 3.657000 2714.122559 2793.646484
156 3.683000 2714.122559 2793.627197
157 3.707000 2714.122559 2800.806152
158 3.730000 2714.122559 2803.751221
159 3.751000 2714.122559 2799.849365
160 3.773000 2714.122559 2798.906494
161 3.795000 2714.122559 2792.973145
162 3.817000 2714.122559 2790.236572
163 3.842000 2714.122559 2789.748047
164 3.866000 2714.122559 2789.748047
165 3.889000 2714.122559 2788.931641
166 3.915000 2714.122559 2788.931641
167 3.941000 2714.122559 2788.451172
168 3.965000 2714.122559 2804.634277
169 3.987000 2714.122559 2804.234131
170 4.015000 2714.122559 2793.611816
171 4.038000 2714.122559 2796.732178
172 4.059000 2714.122559 2794.305908
173 4.084000 2714.122559 2796.035889
174 4.106000 2714.122559 2799.700195
175 4.128000 2714.122559 2795.490234
176 4.150000 2714.122559 2792.347412
177 4.171000 2714.122559 2792.194580
178 4.193000 2714.122559 2790.076172
179 4.215000 2714.122559 2806.346680
180 4.239000 2714.122559 2813.805908
181 4.262000 2714.122559 2810.569336
182 4.282000 2714.122559 2819.814453
183 4.308000 2714.122559 2814.352539
184 4.327000 2714.122559 2812.870850
185 4.350000 2714.122559 2811.634766
186 4.369000 2714.122559 2813.538818
187 4.391000 2714.122559 2807.849609
188 4.415000 2714.122559 2804.089355
189 4.436000 2714.122559 2817.469971
190 4.461000 2710.658936 2808.018799
191 4.482000 2710.658936 2808.018799
192 4.504000 2710.658936 2804.715088
193 4.528000 2710.658936 2801.048340
194 4.547000 2710.658936 2797.936035
195 4.571000 2710.658936 2795.365967
196 4.597000 2710.658936 2793.320068
197 4.620000 2710.658936 2790.949463
198 4.642000 2710.658936 2789.492188
199 4.667000 2710.658936 2789.232178
200 4.692000 2697.761963 2788.694092
201 4.713000 2697.761963 2787.906494
202 4.740000 2697.761963 2785.659180
203 4.761000 2697.761963 2788.146484
204 4.787000 2697.761963 2795.742432
205 4.808000 2697.761963 2794.948242
206 4.829000 2697.761963 2814.734375
207 4.850000 2697.761963 2798.558350
208 4.868000 2697.761963 2796.880371
209 4.894000 2697.761963 2795.620605
210 4.921000 2697.761963 2794.731201
211 4.946000 2687.802979 2786.177490
212 4.966000 2687.802979 2783.847412
213 4.986000 2687.802979 2783.355957
214 5.010000 2687.802979 2783.098145
215 5.037000 2687.802979 2781.166504
216 5.056000 2687.802979 2791.134277
217 5.081000 2687.802979 2786.279053
218 5.103000 2687.802979 2782.355713
219 5.124000 2687.802979 2781.639404
220 5.148000 2687.802979 2781.860352
221 5.175000 2687.802979 2783.104004
222 5.195000 2687.802979 2781.623535
223 5.218000 2687.802979 2780.315674
224 5.242000 2687.802979 2780.106201
225 5.264000 2687.802979 2795.241455
226 5.286000 2687.802979 2789.060059
227 5.312000 2687.802979 2783.342529
228 5.334000 2687.802979 2782.778076
229 5.356000 2687.802979 2781.250000
230 5.379000 2687.802979 2781.216797
231 5.402000 2687.802979 2780.843018
232 5.424000 2687.802979 2798.678955
233 5.446000 2687.802979 2790.630371
234 5.468000 2687.802979 2786.033691
235 5.491000 2687.802979 2785.215088
236 5.512000 2687.802979 2783.447510
237 5.537000 2687.802979 2782.322266
238 5.563000 2687.802979 2778.588867
239 5.585000 2687.802979 2778.039063
240 5.608000 2687.802979 2777.889893
241 5.633000 2687.802979 2783.689697
242 5.658000 2687.802979 2782.965332
243 5.683000 2687.802979 2785.252197
244 5.707000 2687.802979 2783.310547
245 5.729000 2687.802979 2782.357910
246 5.749000 2687.802979 2782.189697
247 5.772000 2687.802979 2781.891357
248 5.796000 2687.802979 2779.149170
249 5.819000 2687.802979 2792.192871
250 5.841000 2687.802979 2785.174316
251 5.866000 2687.802979 2783.670898
252 5.891000 2687.802979 2798.389160
253 5.911000 2687.802979 2797.469971
254 5.937000 2687.802979 2796.182617
255 5.960000 2687.802979 2788.454346
256 5.981000 2687.802979 2786.682129
257 6.004000 2687.802979 2786.109131
258 6.026000 2687.802979 2786.109131
259 6.049000 2687.802979 2806.744141
260 6.072000 2687.802979 2803.043701
261 6.092000 2687.802979 2798.684570
262 6.115000 2687.802979 2803.184326
263 6.139000 2687.802979 2800.710205
264 6.159000 2687.802979 2798.818359
265 6.181000 2687.802979 2797.081787
266 6.206000 2687.802979 2816.376465
267 6.230000 2687.802979 2819.397705
268 6.253000 2687.802979 2806.293945
269 6.285000 2687.802979 2804.012695
270 6.309000 2687.802979 2802.397705
271 6.333000 2687.802979 2799.272461
272 6.351000 2687.802979 2795.479004
273 6.375000 2687.802979 2794.799316
274 6.395000 2687.802979 2794.701660
275 6.417000 2687.802979 2793.659912
276 6.440000 2687.802979 2790.120605
277 6.464000 2687.802979 2790.682861
278 6.488000 2687.802979 2788.565918
279 6.514000 2687.802979 2787.656982
280 6.536000 2687.802979 2785.695068
281 6.558000 2687.802979 2785.342285
282 6.582000 2687.802979 2782.808838
283 6.605000 2687.802979 2798.241211
284 6.627000 2687.802979 2805.879150
285 6.648000 2687.802979 2788.179932
286 6.675000 2687.802979 2785.965576
287 6.700000 2687.802979 2797.222900
288 6.722000 2687.802979 2791.372803
289 6.746000 2687.802979 2781.639404
290 6.769000 2687.802979 2778.237549
291 6.795000 2687.802979 2776.522705
292 6.816000 2687.802979 2773.819580
293 6.841000 2687.802979 2773.196045
294 6.862000 2687.802979 2772.895508
295 6.882000 2687.802979 2779.889648
296 6.903000 2687.802979 2778.191162
297 6.924000 2687.802979 2775.212402
298 6.948000 2687.802979 2771.351807
299 6.971000 2687.802979 2767.093018
300 6.993000 2687.802979 2766.028320
301 7.017000 2687.802979 2764.331055
302 7.041000 2687.802979 2784.291992
303 7.063000 2687.802979 2779.302246
304 7.085000 2687.802979 2779.165283
305 7.108000 2687.802979 2790.550293
306 7.132000 2687.802979 2788.594727
307 7.157000 2687.802979 2786.272705
308 7.179000 2687.802979 2787.382080
309 7.201000 2687.802979 2784.119141
310 7.226000 2687.802979 2773.793945
311 7.248000 2687.802979 2772.454102
312 7.272000 2687.802979 2770.818115
313 7.294000 2687.802979 2769.386963
314 7.316000 2687.802979 2766.962158
315 7.342000 2687.802979 2773.151367
316 7.365000 2687.802979 2768.132568
317 7.388000 2687.802979 2784.231934
318 7.409000 2687.802979 2771.366943
319 7.431000 2687.802979 2765.673828
320 7.450000 2687.802979 2759.588867
321 7.475000 2687.802979 2758.142090
322 7.500000 2687.802979 2751.814453
323 7.519000 2687.802979 2751.462402
324 7.544000 2687.802979 2752.308838
325 7.569000 2687.802979 2752.645020
326 7.590000 2687.802979 2742.663818
327 7.610000 2687.802979 2724.277832
328 7.636000 2687.802979 2720.371582
329 7.659000 2687.802979 2720.371582
330 7.679000 2687.802979 2720.679932
331 7.700000 2687.802979 2720.371582
332 7.724000 2687.802979 2720.313232
333 7.752000 2687.802979 2720.313232
334 7.776000 2687.802979 2720.313232
335 7.798000 2687.802979 2720.313232
336 7.818000 2687.802979 2726.079346
337 7.842000 2687.802979 2724.232910
338 7.863000 2687.802979 2720.313232
339 7.887000 2687.802979 2732.847900
340 7.911000 2687.802979 2720.313232
341 7.935000 2687.802979 2720.313232
342 7.958000 2687.802979 2719.751465
343 7.982000 2687.802979 2719.751465
344 8.004000 2687.802979 2723.228760
345 8.027000 2687.802979 2719.138428
346 8.052000 2687.802979 2735.321289
347 8.074000 2687.802979 2735.801025
348 8.096000 2687.802979 2737.651855
349 8.119000 2687.802979 2725.294678
350 8.141000 2687.802979 2724.192871
351 8.160000 2687.802979 2722.814453
352 8.184000 2687.802979 2719.138428
353 8.204000 2687.802979 2719.138428
354 8.227000 2687.802979 2731.912842
355 8.250000 2687.802979 2721.619385
356 8.272000 2687.802979 2726.921143
357 8.294000 2687.802979 2719.138428
358 8.318000 2687.802979 2719.138428
359 8.340000 2687.802979 2730.838867
360 8.364000 2687.802979 2733.518799
361 8.389000 2687.802979 2733.320557
362 8.414000 2687.802979 2725.175537
363 8.435000 2687.802979 2728.004395
364 8.456000 2687.802979 2733.626465
365 8.479000 2687.802979 2723.508789
366 8.505000 2687.802979 2718.524902
367 8.530000 2687.802979 2718.524902
368 8.551000 2687.802979 2718.524902
369 8.575000 2687.802979 2739.226318
370 8.599000 2687.802979 2718.524902
371 8.620000 2687.802979 2718.524902
372 8.642000 2687.802979 2717.911865
373 8.665000 2687.802979 2717.911865
374 8.686000 2687.802979 2732.468018
375 8.706000 2687.802979 2717.357178
376 8.731000 2687.802979 2717.357178
377 8.750000 2687.802979 2717.357178
378 8.774000 2687.802979 2717.357178
379 8.797000 2687.802979 2717.357178
380 8.819000 2687.802979 2717.357178
381 8.843000 2687.802979 2717.357178
382 8.867000 2687.802979 2731.584961
383 8.886000 2687.802979 2717.357178
384 8.909000 2687.802979 2730.350830
385 8.934000 2687.802979 2730.292236
386 8.954000 2687.802979 2726.192139
387 8.980000 2687.802979 2717.298340
388 9.000000 2687.802979 2730.897705
389 9.020000 2687.802979 2717.298340
390 9.044000 2687.802979 2717.298340
391 9.064000 2687.802979 2726.975586
392 9.086000 2687.802979 2717.298340
393 9.108000 2687.802979 2717.298340
394 9.129000 2687.802979 2717.298340
395 9.155000 2687.802979 2717.298340
396 9.181000 2687.802979 2717.298340
397 9.205000 2687.802979 2721.597412
398 9.229000 2687.802979 2717.911865
399 9.257000 2687.802979 2721.010254
400 9.279000 2687.802979 2718.524902
401 9.304000 2687.802979 2718.524902
402 9.328000 2687.802979 2721.679932
403 9.350000 2687.802979 2721.066895
404 9.371000 2687.802979 2726.651367
405 9.392000 2687.802979 2717.911865
406 9.415000 2687.802979 2717.911865
407 9.439000 2687.802979 2721.392090
408 9.464000 2687.802979 2717.911865
409 9.488000 2687.802979 2725.410645
410 9.514000 2687.802979 2717.911865
411 9.534000 2687.802979 2723.563232
412 9.555000 2687.802979 2725.316650
413 9.580000 2687.802979 2717.911865
414 9.603000 2687.802979 2730.633057
415 9.625000 2687.802979 2717.911865
416 9.645000 2687.802979 2717.911865
417 9.669000 2687.802979 2717.911865
418 9.693000 2687.802979 2717.911865
419 9.715000 2687.802979 2720.215088
420 9.736000 2687.802979 2716.071777
421 9.758000 2687.802979 2723.728516
422 9.778000 2687.802979 2722.502197
423 9.802000 2687.802979 2714.845215
424 9.824000 2687.802979 2714.845215
425 9.848000 2687.802979 2714.232178
426 9.873000 2687.802979 2723.346191
427 9.897000 2687.802979 2731.413818
428 9.918000 2687.802979 2728.081543
429 9.941000 2687.802979 2726.855225
430 9.966000 2687.802979 2724.445068
431 9.987000 2687.802979 2718.320557
432 10.010000 2687.802979 2731.455566
433 10.033000 2687.802979 2727.186035
434 10.054000 2687.802979 2725.527588
435 10.079000 2687.802979 2723.873779
436 10.100000 2687.802979 2731.430664
437 10.123000 2687.802979 2717.365234
438 10.146000 2687.802979 2710.099609
439 10.168000 2687.802979 2709.326660
440 10.191000 2687.802979 2709.326660
441 10.217000 2687.802979 2715.078125
442 10.239000 2687.802979 2709.326660
443 10.265000 2687.802979 2709.326660
444 10.291000 2687.802979 2708.713379
445 10.313000 2687.802979 2708.100342
446 10.336000 2687.802979 2707.486816
447 10.357000 2687.802979 2713.209961
448 10.379000 2687.802979 2714.171631
449 10.402000 2687.802979 2712.945068
450 10.426000 2687.802979 2706.916504
451 10.452000 2687.802979 2705.033691
452 10.476000 2687.802979 2703.807129
453 10.499000 2687.802979 2703.194092
454 10.527000 2687.802979 2703.582520
455 10.549000 2687.802979 2702.180420
456 10.577000 2687.802979 2706.641846
457 10.598000 2687.802979 2701.566895
458 10.619000 2687.802979 2700.953857
459 10.641000 2687.802979 2699.113770
460 10.662000 2687.802979 2697.887207
461 10.687000 2687.802979 2696.047607
462 10.710000 2687.802979 2694.207520
463 10.726000 2687.802979 2692.768555
464 10.752000 2687.802979 2698.199463
465 10.775000 2687.802979 2692.155029
466 10.798000 2687.802979 2693.993164
467 10.818000 2687.802979 2710.511475
468 10.842000 2687.802979 2692.155029
469 10.863000 2687.802979 2710.215576
470 10.886000 2687.802979 2700.880371
471 10.910000 2687.802979 2692.243652
472 10.932000 2687.802979 2692.243652
473 10.953000 2687.802979 2692.243652
474 10.976000 2687.802979 2692.243652
475 10.998000 2687.802979 2692.243652
476 11.025000 2687.802979 2692.243652
477 11.046000 2687.802979 2692.243652
478 11.072000 2687.802979 2692.243652
479 11.094000 2687.802979 2692.243652
480 11.117000 2687.802979 2692.243652
481 11.143000 2687.802979 2692.243652
482 11.165000 2687.802979 2692.243652
483 11.191000 2687.802979 2692.243652
484 11.211000 2687.802979 2692.243652
485 11.231000 2687.802979 2692.243652
486 11.255000 2687.802979 2692.243652
487 11.277000 2687.802979 2692.243652
488 11.303000 2687.802979 2692.243652
489 11.322000 2687.802979 2698.424316
490 11.345000 2687.802979 2692.243652
491 11.370000 2687.802979 2692.243652
492 11.391000 2687.802979 2692.243652
493 11.416000 2687.802979 2692.243652
494 11.437000 2687.802979 2700.566650
495 11.456000 2687.802979 2717.348633
496 11.477000 2687.802979 2710.234131
497 11.502000 2687.802979 2692.243652
498 11.524000 2687.802979 2700.735596
499 11.542000 2687.802979 2710.111816
500 11.565000 2687.802979 2702.497070
501 11.589000 2687.802979 2692.243652
502 11.613000 2687.802979 2692.243652
503 11.634000 2687.802979 2692.243652
504 11.660000 2687.802979 2694.732910
505 11.680000 2687.802979 2692.243652
506 11.705000 2687.802979 2692.243652
507 11.730000 2687.802979 2692.243652
508 11.752000 2687.802979 2695.035889
509 11.775000 2687.802979 2702.712891
510 11.798000 2687.802979 2692.243652
511 11.820000 2687.802979 2692.243652
512 11.839000 2687.802979 2692.243652
513 11.865000 2687.802979 2699.709717
514 11.887000 2687.802979 2692.243652
515 11.912000 2687.802979 2692.243652
516 11.933000 2687.802979 2692.243652
517 11.958000 2687.802979 2692.243652
518 11.979000 2687.802979 2692.243652
519 12.000000 2687.802979 2692.243652
520 12.021000 2687.802979 2692.243652
521 12.044000 2687.802979 2692.243652
522 12.071000 2687.802979 2692.243652
523 12.095000 2687.802979 2692.243652
524 12.119000 2687.802979 2692.243652
525 12.143000 2687.802979 2692.243652
526 12.166000 2687.802979 2696.026855
527 12.186000 2687.802979 2692.243652
528 12.210000 2687.802979 2692.243652
529 12.234000 2687.802979 2692.243652
530 12.256000 2687.802979 2692.243652
531 12.276000 2687.802979 2692.243652
532 12.298000 2687.802979 2694.590088
533 12.318000 2687.802979 2692.243652
534 12.343000 2687.802979 2692.243652
535 12.364000 2687.802979 2692.243652
536 12.387000 2687.802979 2692.243652
537 12.409000 2687.802979 2692.243652
538 12.433000 2687.802979 2692.243652
539 12.452000 2687.802979 2707.972412
540 12.476000 2687.802979 2701.337891
541 12.496000 2687.802979 2692.243652
542 12.520000 2687.802979 2697.177490
543 12.543000 2687.802979 2705.861572
544 12.566000 2687.802979 2692.243652
545 12.587000 2687.802979 2692.243652
546 12.610000 2687.802979 2692.243652
547 12.632000 2687.802979 2692.243652
548 12.652000 2687.802979 2703.414795
549 12.673000 2687.802979 2695.958740
550 12.693000 2687.802979 2692.243652
551 12.715000 2687.802979 2692.243652
552 12.741000 2687.802979 2692.243652
553 12.764000 2687.802979 2692.243652
554 12.784000 2687.802979 2692.243652
555 12.808000 2687.802979 2692.243652
556 12.829000 2687.802979 2709.070557
557 12.852000 2687.802979 2699.827393
558 12.875000 2687.802979 2692.243652
559 12.899000 2687.802979 2692.243652
560 12.923000 2687.802979 2692.243652
561 12.944000 2687.802979 2692.243652
562 12.968000 2687.802979 2692.243652
563 12.988000 2687.802979 2692.243652
564 13.009000 2687.802979 2711.975342
565 13.031000 2687.802979 2692.243652
566 13.053000 2687.802979 2692.243652
567 13.076000 2687.802979 2692.243652
568 13.096000 2687.802979 2692.243652
569 13.116000 2687.802979 2700.136475
570 13.135000 2687.802979 2692.243652
571 13.157000 2687.802979 2692.243652
572 13.180000 2687.802979 2706.017822
573 13.203000 2687.802979 2692.243652
574 13.225000 2687.802979 2698.713379
575 13.250000 2687.802979 2692.243652
576 13.270000 2687.802979 2702.128174
577 13.291000 2687.802979 2692.243652
578 13.316000 2687.802979 2692.243652
579 13.342000 2687.802979 2695.906494
580 13.365000 2687.802979 2706.860107
581 13.389000 2687.802979 2692.243652
582 13.414000 2687.802979 2695.299316
583 13.438000 2687.802979 2692.243652
584 13.463000 2687.802979 2692.243652
585 13.485000 2687.802979 2692.243652
586 13.508000 2687.802979 2692.243652
587 13.532000 2687.802979 2692.243652
588 13.552000 2687.802979 2692.243652
589 13.575000 2687.802979 2692.243652
590 13.599000 2687.802979 2698.216797
591 13.621000 2687.802979 2692.243652
592 13.645000 2687.802979 2692.243652
593 13.671000 2687.802979 2692.243652
594 13.691000 2687.802979 2692.243652
595 13.712000 2687.802979 2692.243652
596 13.732000 2687.802979 2692.243652
597 13.755000 2687.802979 2698.500977
598 13.775000 2687.802979 2703.128662
599 13.800000 2687.802979 2692.243652
600 13.822000 2687.802979 2692.243652
601 13.845000 2687.802979 2698.975830
602 13.868000 2687.802979 2692.243652
603 13.894000 2687.802979 2692.243652
604 13.914000 2687.802979 2692.243652
605 13.936000 2687.802979 2692.243652
606 13.958000 2687.802979 2692.243652
607 13.978000 2687.802979 2701.729736
608 13.996000 2687.802979 2707.062256
609 14.018000 2687.802979 2696.553955
610 14.038000 2687.802979 2692.243652
611 14.062000 2687.802979 2692.243652
612 14.085000 2687.802979 2692.243652
613 14.108000 2687.802979 2692.243652
614 14.128000 2687.802979 2692.243652
615 14.149000 2687.802979 2697.302246
616 14.171000 2687.802979 2693.032715
617 14.194000 2687.802979 2702.251221
618 14.219000 2687.802979 2692.243652
619 14.245000 2687.802979 2711.648438
620 14.266000 2687.802979 2692.243652
621 14.286000 2687.802979 2692.243652
622 14.309000 2687.802979 2692.243652
623 14.332000 2687.802979 2692.243652
624 14.355000 2687.802979 2692.243652
625 14.377000 2687.802979 2692.243652
626 14.398000 2687.802979 2692.243652
627 14.424000 2687.802979 2692.243652
628 14.445000 2687.802979 2692.243652
629 14.467000 2687.802979 2697.540283
630 14.491000 2687.802979 2692.243652
631 14.511000 2687.802979 2697.678711
632 14.533000 2687.802979 2692.243652
633 14.556000 2687.802979 2699.725830
634 14.579000 2687.802979 2692.243652
635 14.605000 2687.802979 2692.243652
636 14.626000 2687.802979 2692.243652
637 14.649000 2687.802979 2692.243652
638 14.673000 2687.802979 2710.692383
639 14.695000 2687.802979 2692.243652
640 14.720000 2687.802979 2692.243652
641 14.744000 2687.802979 2692.243652
642 14.769000 2687.802979 2696.350098
643 14.791000 2687.802979 2692.243652
644 14.814000 2687.802979 2692.243652
645 14.835000 2687.802979 2692.243652
646 14.852000 2687.802979 2692.243652
647 14.877000 2687.802979 2693.177490
648 14.901000 2687.802979 2692.243652
649 14.926000 2687.802979 2692.243652
650 14.948000 2687.802979 2695.888672
651 14.969000 2687.802979 2692.243652
652 14.990000 2687.802979 2692.243652
653 15.012000 2687.802979 2692.243652
654 15.036000 2687.802979 2692.243652
655 15.057000 2687.802979 2692.243652
656 15.075000 2687.802979 2700.892578
657 15.098000 2687.802979 2700.579346
658 15.118000 2687.802979 2692.243652
659 15.137000 2687.802979 2718.615234
660 15.156000 2687.802979 2706.291016
661 15.179000 2687.802979 2692.243652
662 15.204000 2687.802979 2692.243652
663 15.227000 2687.802979 2692.243652
664 15.251000 2687.802979 2702.061035
665 15.273000 2687.802979 2692.243652
666 15.295000 2687.802979 2705.073730
667 15.318000 2687.802979 2693.173096
668 15.340000 2687.802979 2699.458008
669 15.364000 2687.802979 2701.135010
670 15.386000 2687.802979 2700.974609
671 15.410000 2687.802979 2692.243652
672 15.435000 2687.802979 2692.243652
673 15.455000 2687.802979 2695.700195
674 15.477000 2687.802979 2714.292725
675 15.502000 2687.802979 2713.460205
676 15.524000 2687.802979 2692.243652
677 15.548000 2687.802979 2702.125977
678 15.568000 2687.802979 2692.243652
679 15.590000 2687.802979 2692.243652
680 15.612000 2687.802979 2692.243652
681 15.633000 2687.802979 2692.243652
682 15.654000 2687.802979 2705.041504
683 15.676000 2687.802979 2692.243652
684 15.701000 2687.802979 2692.243652
685 15.722000 2687.802979 2698.882568
686 15.744000 2687.802979 2692.243652
687 15.764000 2687.802979 2704.572754
688 15.787000 2687.802979 2692.243652
689 15.807000 2687.802979 2692.243652
690 15.833000 2687.802979 2692.243652
691 15.856000 2687.802979 2692.243652
692 15.880000 2687.802979 2711.611572
693 15.903000 2687.802979 2692.243652
694 15.927000 2687.802979 2692.243652
695 15.951000 2687.802979 2692.243652
696 15.973000 2687.802979 2696.204102
697 15.994000 2687.802979 2692.243652
698 16.016000 2687.802979 2703.017090
699 16.039000 2687.802979 2692.243652
700 16.061000 2687.802979 2698.526855
701 16.085000 2687.802979 2692.243652
702 16.108000 2687.802979 2692.243652
703 16.129000 2687.802979 2692.243652
704 16.150000 2687.802979 2692.243652
705 16.172000 2687.802979 2692.243652
706 16.198000 2687.802979 2699.618408
707 16.218000 2687.802979 2696.276855
708 16.239000 2687.802979 2692.243652
709 16.260000 2687.802979 2692.243652
710 16.281000 2687.802979 2692.243652
711 16.304000 2687.802979 2692.243652
