0 0.000000 24698.500000 26952.070313
1 0.003000 24629.533203 26952.070313
2 0.011000 23769.503906 27967.974609
3 0.013000 23408.716797 27160.947266
4 0.017000 23408.716797 27142.376953
5 0.019000 23408.716797 26926.945313
6 0.023000 23376.787109 29086.775391
7 0.025000 23376.787109 29008.337891
8 0.029000 23277.861328 28721.375000
9 0.033000 22716.460938 29818.552734
10 0.036000 22689.080078 29842.068359
11 0.041000 22689.080078 29743.074219
12 0.043000 22689.080078 30763.482422
13 0.047000 22590.091797 31460.943359
14 0.051000 22590.091797 32865.550781
15 0.055000 22590.091797 34042.097656
16 0.061000 22590.091797 34030.894531
17 0.064000 22525.029297 33893.246094
18 0.067000 22418.296875 33841.988281
19 0.071000 22418.296875 33373.492188
20 0.074000 22260.230469 32410.679688
21 0.077000 22260.230469 32274.990234
22 0.081000 22260.230469 31823.136719
23 0.084000 22260.230469 34193.414063
24 0.087000 22134.910156 34737.109375
25 0.091000 22134.910156 34140.101563
26 0.094000 22134.910156 34182.429688
27 0.098000 22134.910156 33901.171875
28 0.103000 22134.910156 34406.906250
29 0.107000 22114.654297 34293.554688
30 0.111000 22114.654297 34542.875000
31 0.114000 22114.654297 33789.890625
32 0.120000 21997.330078 33560.164063
33 0.123000 21997.330078 33553.144531
34 0.126000 21997.330078 34401.023438
35 0.130000 21997.330078 33209.214844
36 0.134000 21593.710938 33130.164063
37 0.137000 21593.710938 31838.744141
38 0.140000 21593.710938 32870.066406
39 0.144000 21593.710938 33288.007813
40 0.149000 21593.710938 33629.003906
41 0.152000 21593.710938 33010.046875
42 0.156000 21593.710938 32277.880859
43 0.159000 21593.710938 32746.072266
44 0.162000 21593.710938 32726.259766
45 0.165000 21593.710938 31874.376953
46 0.169000 21593.710938 32148.230469
47 0.172000 21593.710938 34054.839844
48 0.176000 21593.710938 32632.453125
49 0.179000 21593.710938 33234.699219
50 0.182000 21593.710938 32262.751953
51 0.185000 21593.710938 32627.474609
52 0.188000 21593.710938 32441.900391
53 0.191000 21593.710938 33864.898438
54 0.195000 21593.710938 34921.148438
55 0.198000 21593.710938 36242.023438
56 0.201000 21593.710938 35686.386719
57 0.204000 21593.710938 34903.914063
58 0.207000 21593.710938 34464.144531
59 0.210000 21593.710938 35776.960938
60 0.213000 21593.710938 36868.859375
61 0.216000 21593.710938 35493.656250
62 0.220000 21593.710938 35381.492188
63 0.223000 21593.710938 36011.265625
64 0.227000 21593.710938 35649.351563
65 0.231000 21593.710938 36352.171875
66 0.234000 21593.710938 36168.097656
67 0.238000 21593.710938 35262.640625
68 0.242000 21593.710938 34394.824219
69 0.245000 21593.710938 34199.328125
70 0.249000 21593.710938 35033.648438
71 0.252000 21593.710938 35667.671875
72 0.255000 21593.710938 34795.386719
73 0.258000 21593.710938 34401.238281
74 0.262000 21593.710938 35058.789063
75 0.265000 21593.710938 34283.523438
76 0.268000 21593.710938 34384.957031
77 0.272000 21593.710938 34343.164063
78 0.275000 21593.710938 33594.773438
79 0.278000 21593.710938 33025.300781
80 0.281000 21593.710938 33791.503906
81 0.284000 21593.710938 33875.859375
82 0.287000 21593.710938 35470.175781
83 0.291000 21593.710938 34152.085938
84 0.294000 21593.710938 34967.570313
85 0.297000 21593.710938 34559.683594
86 0.301000 21593.710938 35508.183594
87 0.307000 21593.710938 34514.265625
88 0.312000 21593.710938 33215.023438
89 0.317000 21593.710938 33917.601563
90 0.321000 21593.710938 32898.585938
91 0.324000 21593.710938 33602.125000
92 0.328000 21593.710938 33918.289063
93 0.331000 21593.710938 34815.039063
94 0.334000 21593.710938 35691.488281
95 0.337000 21593.710938 34098.121094
96 0.340000 21593.710938 35180.941406
97 0.343000 21593.710938 34552.824219
98 0.346000 21593.710938 36975.421875
99 0.350000 21593.710938 36743.769531
100 0.353000 21593.710938 37368.414063
101 0.356000 21593.710938 37100.101563
102 0.359000 21593.710938 35896.742188
103 0.363000 21593.710938 34842.828125
104 0.366000 21593.710938 34779.136719
105 0.370000 21593.710938 34463.742188
106 0.373000 21593.710938 33869.125000
107 0.376000 21593.710938 34022.621094
108 0.380000 21593.710938 34669.964844
109 0.383000 21593.710938 34442.210938
110 0.386000 21593.710938 35304.988281
111 0.389000 21593.710938 37235.468750
112 0.392000 21593.710938 36436.917969
113 0.395000 21593.710938 36247.476563
114 0.398000 21593.710938 35540.843750
115 0.402000 21593.710938 35697.921875
116 0.405000 21593.710938 36953.835938
117 0.407000 21593.710938 36638.734375
118 0.411000 21593.710938 36483.074219
119 0.414000 21593.710938 36395.148438
120 0.418000 21593.710938 36303.085938
121 0.420000 21593.710938 35285.968750
122 0.423000 21593.710938 35457.046875
123 0.426000 21593.710938 36528.042969
124 0.429000 21593.710938 37346.562500
125 0.432000 21593.710938 37093.621094
126 0.436000 21593.710938 36222.449219
127 0.439000 21593.710938 35829.906250
128 0.441000 21593.710938 36864.265625
129 0.445000 21593.710938 37660.554688
130 0.449000 21593.710938 35533.488281
131 0.452000 21593.710938 35649.609375
132 0.455000 21593.710938 35697.367188
133 0.458000 21593.710938 34985.667969
134 0.462000 21593.710938 35056.519531
135 0.465000 21593.710938 36420.988281
136 0.468000 21593.710938 36246.273438
137 0.471000 21593.710938 35516.101563
138 0.474000 21593.710938 36205.113281
139 0.477000 21593.710938 36079.363281
140 0.480000 21593.710938 36275.031250
141 0.484000 21593.710938 35492.105469
142 0.487000 21593.710938 36271.984375
143 0.491000 21593.710938 38006.890625
144 0.494000 21593.710938 38028.906250
145 0.497000 21593.710938 37480.546875
146 0.501000 21593.710938 36814.976563
147 0.504000 21593.710938 36707.140625
148 0.507000 21593.710938 36169.253906
149 0.510000 21593.710938 36104.441406
150 0.513000 21593.710938 35458.402344
151 0.516000 21593.710938 34875.394531
152 0.519000 21593.710938 36545.074219
153 0.522000 21593.710938 36879.933594
154 0.525000 21593.710938 36680.871094
155 0.528000 21593.710938 38813.070313
156 0.531000 21593.710938 38845.558594
157 0.535000 21593.710938 38155.839844
158 0.538000 21593.710938 36914.144531
159 0.541000 21593.710938 35962.066406
160 0.544000 21593.710938 35306.269531
161 0.548000 21593.710938 34637.773438
162 0.551000 21593.710938 35235.496094
163 0.554000 21593.710938 34045.468750
164 0.562000 21593.710938 34281.781250
165 0.565000 21593.710938 33894.101563
166 0.568000 21593.710938 35042.035156
167 0.572000 21593.710938 35943.164063
168 0.576000 21593.710938 35265.816406
169 0.580000 21593.710938 34635.183594
170 0.583000 21593.710938 33641.078125
171 0.586000 21593.710938 34643.816406
172 0.590000 21593.710938 34302.894531
173 0.593000 21593.710938 35380.585938
174 0.597000 21593.710938 35108.230469
175 0.600000 21593.710938 35431.359375
176 0.604000 21593.710938 35888.285156
177 0.607000 21593.710938 35577.851563
178 0.610000 21593.710938 35528.996094
179 0.614000 21593.710938 34350.285156
180 0.617000 21593.710938 34805.898438
181 0.621000 21593.710938 35337.472656
182 0.624000 21593.710938 34567.386719
183 0.627000 21593.710938 34983.425781
184 0.630000 21593.710938 35385.925781
185 0.634000 21593.710938 35183.054688
186 0.638000 21593.710938 35428.515625
187 0.641000 21593.710938 34812.468750
188 0.644000 21593.710938 36012.171875
189 0.647000 21593.710938 35685.710938
190 0.651000 21593.710938 34886.691406
191 0.656000 21593.710938 35357.980469
192 0.659000 21593.710938 35189.976563
193 0.662000 21593.710938 33839.601563
194 0.666000 21593.710938 35821.894531
195 0.672000 21593.710938 34739.878906
196 0.675000 21593.710938 35685.035156
197 0.678000 21593.710938 36095.703125
198 0.682000 21593.710938 35498.656250
199 0.689000 21593.710938 35250.003906
200 0.692000 21593.710938 36012.859375
201 0.696000 21593.710938 36884.449219
202 0.700000 21593.710938 36277.433594
203 0.704000 21593.710938 37861.164063
204 0.707000 21593.710938 36231.156250
205 0.710000 21593.710938 37229.050781
206 0.713000 21593.710938 37593.550781
207 0.718000 21593.710938 37169.285156
208 0.722000 21593.710938 36013.265625
209 0.726000 21593.710938 35684.179688
210 0.729000 21593.710938 36142.453125
211 0.734000 21593.710938 35733.640625
212 0.738000 21593.710938 36673.757813
213 0.741000 21593.710938 36819.335938
214 0.744000 21593.710938 35814.097656
215 0.748000 21593.710938 36776.515625
216 0.751000 21593.710938 36790.828125
217 0.754000 21593.710938 36334.406250
218 0.757000 21593.710938 36575.011719
219 0.761000 21593.710938 36794.640625
220 0.765000 21593.710938 35553.515625
221 0.769000 21593.710938 34742.640625
222 0.772000 21593.710938 34759.890625
223 0.774000 21593.710938 34494.296875
224 0.778000 21593.710938 34017.281250
225 0.782000 21593.710938 34472.015625
226 0.785000 21593.710938 33415.296875
227 0.788000 21593.710938 34450.304688
228 0.792000 21593.710938 33024.867188
229 0.797000 21593.710938 33074.953125
230 0.801000 21593.710938 34083.144531
231 0.804000 21593.710938 32970.242188
232 0.809000 21593.710938 32286.490234
233 0.815000 21593.710938 32421.117188
234 0.818000 21593.710938 32363.527344
235 0.822000 21593.710938 32912.457031
236 0.825000 21593.710938 32316.902344
237 0.828000 21593.710938 32236.257813
238 0.832000 21593.710938 32827.593750
239 0.835000 21593.710938 31614.417969
240 0.838000 21593.710938 30768.462891
241 0.842000 21593.710938 32807.984375
242 0.845000 21593.710938 33461.593750
243 0.848000 21593.710938 32015.806641
244 0.852000 21593.710938 31770.724609
245 0.856000 21593.710938 30842.179688
246 0.859000 21593.710938 30903.585938
247 0.863000 21593.710938 30133.269531
248 0.866000 21593.710938 30315.369141
249 0.869000 21593.710938 30999.177734
250 0.873000 21593.710938 31250.142578
251 0.876000 21593.710938 30657.365234
252 0.879000 21593.710938 30875.005859
253 0.883000 21593.710938 30904.859375
254 0.886000 21593.710938 32029.474609
255 0.889000 21593.710938 31721.332031
256 0.892000 21593.710938 32008.419922
257 0.896000 21593.710938 31256.365234
258 0.899000 21593.710938 33233.824219
259 0.902000 21593.710938 34143.921875
260 0.905000 21593.710938 33421.085938
261 0.908000 21593.710938 34988.136719
262 0.911000 21593.710938 35449.097656
263 0.914000 21593.710938 34947.574219
264 0.918000 21593.710938 34408.796875
265 0.922000 21593.710938 33860.328125
266 0.925000 21593.710938 34004.675781
267 0.928000 21593.710938 34336.375000
268 0.931000 21593.710938 33945.703125
269 0.937000 21593.710938 33923.191406
270 0.940000 21593.710938 33087.515625
271 0.944000 21593.710938 32978.226563
272 0.948000 21593.710938 33715.414063
273 0.952000 21593.710938 32152.402344
274 0.956000 21593.710938 33401.328125
275 0.960000 21593.710938 33729.636719
276 0.966000 21593.710938 34910.988281
277 0.970000 21593.710938 33984.921875
278 0.973000 21593.710938 33866.273438
279 0.976000 21593.710938 35646.636719
280 0.980000 21593.710938 36449.058594
281 0.983000 21593.710938 35906.023438
282 0.988000 21593.710938 36739.003906
283 0.991000 21593.710938 36495.460938
284 0.993000 21593.710938 35439.812500
285 0.997000 21593.710938 34370.531250
286 1.001000 21593.710938 34873.480469
287 1.005000 21593.710938 33873.984375
288 1.008000 21593.710938 34799.011719
289 1.011000 21593.710938 34221.140625
290 1.015000 21593.710938 34403.878906
291 1.019000 21593.710938 34869.921875
292 1.022000 21593.710938 35225.207031
293 1.025000 21593.710938 35999.281250
294 1.028000 21593.710938 37463.699219
295 1.032000 21593.710938 36434.960938
296 1.036000 21593.710938 37187.199219
297 1.038000 21593.710938 37677.808594
298 1.042000 21593.710938 36937.812500
299 1.045000 21593.710938 36679.050781
300 1.049000 21593.710938 36666.703125
301 1.053000 21593.710938 35445.980469
302 1.056000 21593.710938 35563.414063
303 1.063000 21593.710938 34663.183594
304 1.071000 21593.710938 34438.335938
305 1.074000 21593.710938 33763.792969
306 1.078000 21593.710938 34586.800781
307 1.083000 21593.710938 33419.781250
308 1.088000 21593.710938 33301.863281
309 1.093000 21593.710938 33420.523438
310 1.101000 21593.710938 34247.593750
311 1.104000 21593.710938 33945.679688
312 1.110000 21593.710938 35400.753906
313 1.128000 21593.710938 34579.511719
314 1.134000 21593.710938 36097.515625
315 1.138000 21593.710938 36693.109375
316 1.142000 21593.710938 36196.339844
317 1.147000 21593.710938 35955.753906
318 1.150000 21593.710938 36237.191406
319 1.154000 21593.710938 36605.968750
320 1.157000 21593.710938 37284.175781
321 1.161000 21593.710938 36289.050781
322 1.165000 21593.710938 37829.128906
323 1.170000 21593.710938 37322.488281
324 1.173000 21593.710938 38666.359375
325 1.176000 21593.710938 38195.289063
326 1.180000 21593.710938 36666.585938
327 1.183000 21593.710938 35392.613281
328 1.187000 21593.710938 34073.777344
329 1.190000 21593.710938 35065.628906
330 1.196000 21593.710938 34202.558594
331 1.200000 21593.710938 35351.011719
332 1.204000 21593.710938 35812.792969
333 1.206000 21593.710938 36204.992188
334 1.210000 21593.710938 36322.925781
335 1.213000 21593.710938 37257.050781
336 1.219000 21593.710938 36067.730469
337 1.222000 21593.710938 35404.261719
338 1.226000 21593.710938 36475.476563
339 1.230000 21593.710938 35634.882813
340 1.233000 21593.710938 35570.300781
341 1.237000 21593.710938 35258.003906
342 1.241000 21593.710938 34625.804688
343 1.245000 21593.710938 33355.789063
344 1.250000 21593.710938 32508.212891
345 1.254000 21593.710938 34013.394531
346 1.259000 21593.710938 33558.433594
347 1.263000 21593.710938 34080.062500
348 1.267000 21593.710938 34734.078125
349 1.271000 21593.710938 34172.773438
350 1.276000 21593.710938 33355.621094
351 1.288000 21593.710938 33097.640625
352 1.294000 21593.710938 32460.945313
353 1.304000 21593.710938 32768.269531
354 1.314000 21593.710938 32592.949219
355 1.321000 21593.710938 32760.779297
356 1.326000 21593.710938 33019.914063
357 1.329000 21593.710938 35297.371094
358 1.334000 21593.710938 35080.429688
359 1.338000 21593.710938 36005.398438
360 1.342000 21593.710938 35719.792969
361 1.350000 21593.710938 34938.960938
362 1.354000 21593.710938 33747.992188
363 1.358000 21593.710938 33737.156250
364 1.361000 21593.710938 32520.490234
365 1.366000 21593.710938 33188.156250
366 1.370000 21593.710938 33292.089844
367 1.373000 21593.710938 33759.179688
368 1.375000 21593.710938 37097.828125
369 1.378000 21593.710938 36048.402344
370 1.391000 21593.710938 36499.480469
371 1.400000 21593.710938 36049.031250
372 1.411000 21593.710938 35167.546875
373 1.421000 21593.710938 33948.421875
374 1.426000 21593.710938 33875.210938
375 1.438000 21593.710938 33386.949219
376 1.441000 21593.710938 33764.527344
377 1.445000 21593.710938 34801.324219
378 1.449000 21593.710938 34572.023438
379 1.453000 21593.710938 34732.691406
380 1.455000 21593.710938 35595.703125
381 1.459000 21593.710938 35272.425781
382 1.463000 21593.710938 33871.582031
383 1.468000 21593.710938 37131.933594
384 1.472000 21593.710938 37198.539063
385 1.475000 21593.710938 35809.539063
386 1.480000 21593.710938 36470.664063
387 1.484000 21593.710938 36216.761719
388 1.489000 21593.710938 35503.203125
389 1.496000 21593.710938 35511.183594
390 1.501000 21593.710938 35157.445313
391 1.506000 21593.710938 35054.792969
392 1.510000 21593.710938 34991.843750
393 1.515000 21593.710938 33959.093750
394 1.519000 21593.710938 34503.195313
395 1.524000 21593.710938 33115.531250
396 1.528000 21593.710938 32613.650391
397 1.531000 21593.710938 32477.398438
398 1.535000 21593.710938 32804.949219
399 1.538000 21593.710938 32794.984375
400 1.541000 21593.710938 33708.699219
401 1.544000 21593.710938 33967.945313
402 1.549000 21593.710938 33348.203125
403 1.552000 21593.710938 35060.761719
404 1.556000 21593.710938 35769.871094
405 1.559000 21593.710938 35273.675781
406 1.562000 21593.710938 36515.726563
407 1.565000 21593.710938 35671.789063
408 1.569000 21593.710938 35760.972656
409 1.572000 21593.710938 36292.128906
410 1.575000 21593.710938 35128.269531
411 1.577000 21593.710938 35268.039063
412 1.580000 21593.710938 34805.593750
413 1.584000 21593.710938 34230.675781
414 1.587000 21593.710938 33832.558594
415 1.590000 21593.710938 33164.375000
416 1.593000 21593.710938 32955.667969
417 1.602000 21593.710938 33306.175781
418 1.605000 21593.710938 34042.238281
419 1.608000 21593.710938 34634.207031
420 1.612000 21593.710938 35509.667969
421 1.616000 21593.710938 34893.148438
422 1.619000 21593.710938 34123.984375
423 1.622000 21593.710938 34545.261719
424 1.625000 21593.710938 34568.457031
425 1.629000 21593.710938 34215.523438
426 1.632000 21593.710938 34328.800781
427 1.636000 21593.710938 34020.667969
428 1.639000 21593.710938 34696.656250
429 1.643000 21593.710938 35332.843750
430 1.646000 21593.710938 35801.718750
431 1.653000 21593.710938 35000.027344
432 1.657000 21593.710938 34656.437500
433 1.660000 21593.710938 34761.570313
434 1.664000 21593.710938 33791.824219
435 1.669000 21593.710938 33714.390625
436 1.672000 21593.710938 34676.121094
437 1.676000 21593.710938 35314.636719
438 1.682000 21593.710938 35047.843750
439 1.685000 21593.710938 34366.281250
440 1.688000 21593.710938 34741.187500
441 1.691000 21593.710938 36146.660156
442 1.694000 21593.710938 35045.175781
443 1.699000 21593.710938 34557.636719
444 1.703000 21593.710938 34387.339844
445 1.707000 21593.710938 35723.773438
446 1.711000 21593.710938 34664.996094
447 1.717000 21593.710938 36580.707031
448 1.720000 21593.710938 36776.382813
449 1.724000 21593.710938 36238.316406
450 1.727000 21593.710938 36641.351563
451 1.731000 21593.710938 35679.292969
452 1.734000 21593.710938 34618.449219
453 1.737000 21593.710938 35114.230469
454 1.740000 21593.710938 35314.941406
455 1.743000 21593.710938 34950.515625
456 1.747000 21593.710938 34655.796875
457 1.751000 21593.710938 34450.394531
458 1.754000 21593.710938 34156.804688
459 1.757000 21593.710938 34571.441406
460 1.761000 21593.710938 33592.085938
461 1.765000 21593.710938 33182.046875
462 1.768000 21593.710938 34143.511719
463 1.771000 21593.710938 33325.863281
464 1.775000 21593.710938 34909.835938
465 1.778000 21593.710938 34000.003906
466 1.782000 21593.710938 35377.593750
467 1.785000 21593.710938 35158.871094
468 1.788000 21593.710938 34907.851563
469 1.793000 21593.710938 35286.246094
470 1.798000 21593.710938 36489.894531
471 1.801000 21593.710938 35412.296875
472 1.805000 21593.710938 36910.242188
473 1.807000 21593.710938 35426.023438
474 1.812000 21593.710938 35855.320313
475 1.816000 21593.710938 36068.679688
476 1.820000 21593.710938 34660.113281
477 1.823000 21593.710938 34420.550781
478 1.827000 21593.710938 34376.156250
479 1.830000 21593.710938 34123.691406
480 1.834000 21593.710938 33686.121094
481 1.838000 21593.710938 34005.960938
482 1.841000 21593.710938 34068.976563
483 1.846000 21593.710938 34697.914063
484 1.850000 21593.710938 33952.378906
485 1.856000 21593.710938 36158.625000
486 1.859000 21593.710938 36819.144531
487 1.862000 21593.710938 36441.558594
488 1.866000 21593.710938 36023.746094
489 1.869000 21593.710938 36976.351563
490 1.872000 21593.710938 36302.796875
491 1.875000 21593.710938 36639.386719
492 1.881000 21593.710938 35951.433594
493 1.886000 21593.710938 36192.332031
494 1.889000 21593.710938 35052.164063
495 1.893000 21593.710938 34415.644531
496 1.898000 21593.710938 34635.085938
497 1.901000 21593.710938 33378.597656
498 1.904000 21593.710938 32577.990234
499 1.907000 21593.710938 34765.875000
500 1.910000 21593.710938 33740.570313
501 1.914000 21593.710938 34386.398438
502 1.918000 21593.710938 33877.003906
503 1.921000 21593.710938 33785.921875
504 1.924000 21593.710938 33249.949219
505 1.928000 21593.710938 33213.890625
506 1.931000 21593.710938 33765.894531
507 1.934000 21593.710938 33437.078125
508 1.937000 21593.710938 34304.105469
509 1.940000 21593.710938 33235.394531
510 1.944000 21593.710938 33464.687500
511 1.947000 21593.710938 33910.550781
512 1.951000 21593.710938 34131.105469
513 1.953000 21593.710938 33452.015625
514 1.956000 21593.710938 34716.621094
515 1.960000 21593.710938 35237.398438
516 1.964000 21593.710938 35103.496094
517 1.967000 21593.710938 35672.015625
518 1.970000 21593.710938 35934.535156
519 1.973000 21593.710938 35581.832031
520 1.977000 21593.710938 36558.429688
521 1.980000 21593.710938 38040.363281
522 1.984000 21593.710938 35969.996094
523 1.987000 21593.710938 34470.507813
524 1.990000 21593.710938 34841.746094
525 1.993000 21593.710938 34484.984375
526 1.996000 21593.710938 34059.238281
527 1.999000 21593.710938 35031.644531
528 2.002000 21593.710938 35931.027344
529 2.007000 21593.710938 35804.574219
530 2.010000 21593.710938 35434.109375
531 2.013000 21593.710938 33993.621094
532 2.016000 21593.710938 34533.214844
533 2.020000 21593.710938 34744.199219
534 2.023000 21593.710938 34219.070313
535 2.026000 21593.710938 33752.730469
536 2.030000 21593.710938 33888.527344
537 2.033000 21593.710938 35177.535156
538 2.037000 21593.710938 35658.308594
539 2.040000 21593.710938 35480.539063
540 2.043000 21593.710938 36046.738281
541 2.046000 21593.710938 34850.031250
542 2.049000 21593.710938 34098.667969
543 2.053000 21593.710938 33935.503906
544 2.056000 21593.710938 34247.660156
545 2.058000 21593.710938 34257.699219
546 2.062000 21593.710938 35696.558594
547 2.065000 21593.710938 35156.949219
548 2.069000 21593.710938 34339.195313
549 2.072000 21593.710938 34082.066406
550 2.075000 21593.710938 33783.664063
551 2.078000 21593.710938 34058.968750
552 2.081000 21593.710938 34447.246094
553 2.084000 21593.710938 35236.835938
554 2.087000 21593.710938 35308.953125
555 2.091000 21593.710938 35955.601563
556 2.095000 21593.710938 36340.687500
557 2.098000 21593.710938 35902.007813
558 2.103000 21593.710938 35809.261719
559 2.106000 21593.710938 35655.777344
560 2.109000 21593.710938 34969.941406
561 2.113000 21593.710938 35112.726563
562 2.118000 21593.710938 34660.082031
563 2.121000 21593.710938 34531.425781
564 2.124000 21593.710938 34878.824219
565 2.127000 21593.710938 33029.960938
566 2.132000 21593.710938 35485.968750
567 2.135000 21593.710938 34554.628906
568 2.138000 21593.710938 34012.027344
569 2.141000 21593.710938 33963.968750
570 2.145000 21593.710938 34217.433594
571 2.149000 21593.710938 32920.328125
572 2.153000 21593.710938 34404.472656
573 2.156000 21593.710938 33509.277344
574 2.159000 21593.710938 32871.644531
575 2.162000 21593.710938 35049.710938
576 2.167000 21593.710938 34967.121094
577 2.170000 21593.710938 34181.851563
578 2.173000 21593.710938 34389.691406
579 2.176000 21593.710938 34328.761719
580 2.182000 21593.710938 34075.859375
581 2.185000 21593.710938 35302.511719
582 2.189000 21593.710938 34008.234375
583 2.192000 21593.710938 34236.597656
584 2.196000 21593.710938 34632.496094
585 2.199000 21593.710938 34805.101563
586 2.203000 21593.710938 34971.300781
587 2.206000 21593.710938 36166.507813
588 2.209000 21593.710938 36781.125000
589 2.212000 21593.710938 36500.210938
590 2.215000 21593.710938 35966.085938
591 2.218000 21593.710938 35468.359375
592 2.221000 21593.710938 34724.601563
593 2.224000 21593.710938 34893.464844
594 2.227000 21593.710938 34688.371094
595 2.231000 21593.710938 35160.718750
596 2.234000 21593.710938 34623.406250
597 2.237000 21593.710938 35503.722656
598 2.241000 21593.710938 35822.265625
599 2.244000 21593.710938 35095.261719
600 2.247000 21593.710938 34285.851563
601 2.250000 21593.710938 34573.093750
602 2.254000 21593.710938 34461.738281
603 2.258000 21593.710938 33520.679688
604 2.261000 21593.710938 34341.753906
605 2.264000 21593.710938 33581.050781
606 2.267000 21593.710938 32942.832031
607 2.271000 21593.710938 32402.136719
608 2.274000 21593.710938 34158.601563
609 2.277000 21593.710938 34666.265625
610 2.280000 21593.710938 34300.453125
611 2.284000 21593.710938 34178.710938
612 2.288000 21593.710938 34622.277344
613 2.292000 21593.710938 34213.656250
614 2.295000 21593.710938 36057.289063
615 2.298000 21593.710938 35405.746094
616 2.302000 21593.710938 36507.390625
617 2.305000 21593.710938 35681.953125
618 2.308000 21593.710938 35628.921875
619 2.313000 21593.710938 36840.863281
620 2.317000 21593.710938 35799.011719
621 2.320000 21593.710938 36119.851563
622 2.324000 21593.710938 36674.398438
623 2.326000 21593.710938 36066.101563
624 2.330000 21593.710938 35784.164063
625 2.333000 21593.710938 35891.925781
626 2.336000 21593.710938 36627.656250
627 2.340000 21593.710938 35731.949219
628 2.343000 21593.710938 35223.085938
629 2.346000 21593.710938 35778.335938
630 2.351000 21593.710938 34824.484375
631 2.353000 21593.710938 33843.593750
632 2.356000 21593.710938 34017.226563
633 2.360000 21593.710938 33800.546875
634 2.364000 21593.710938 33724.886719
635 2.367000 21593.710938 33441.433594
636 2.370000 21593.710938 32144.919922
637 2.373000 21593.710938 32254.337891
638 2.376000 21593.710938 34020.863281
639 2.382000 21593.710938 34953.867188
640 2.385000 21593.710938 36029.058594
641 2.388000 21593.710938 35970.035156
642 2.392000 21593.710938 35168.296875
643 2.396000 21593.710938 33452.941406
644 2.399000 21593.710938 35551.113281
645 2.402000 21593.710938 34432.468750
646 2.405000 21593.710938 36693.132813
647 2.409000 21593.710938 37211.000000
648 2.414000 21593.710938 35731.062500
649 2.416000 21593.710938 35123.066406
650 2.419000 21593.710938 36379.621094
651 2.423000 21593.710938 36749.785156
652 2.425000 21593.710938 35942.953125
653 2.430000 21593.710938 35423.558594
654 2.434000 21593.710938 34607.703125
655 2.437000 21593.710938 35397.585938
656 2.441000 21593.710938 34958.351563
657 2.445000 21593.710938 34726.113281
658 2.448000 21593.710938 35120.878906
659 2.452000 21593.710938 35463.164063
660 2.455000 21593.710938 36141.468750
661 2.458000 21593.710938 34942.234375
662 2.463000 21593.710938 36211.078125
663 2.466000 21593.710938 36689.062500
664 2.469000 21593.710938 35755.960938
665 2.473000 21593.710938 36277.964844
666 2.476000 21593.710938 35272.789063
667 2.479000 21593.710938 35744.519531
668 2.482000 21593.710938 37916.050781
669 2.486000 21593.710938 37210.968750
670 2.489000 21593.710938 37034.726563
671 2.492000 21593.710938 38499.066406
672 2.496000 21593.710938 37037.578125
673 2.499000 21593.710938 36624.238281
674 2.503000 21593.710938 36852.320313
675 2.506000 21593.710938 36576.238281
676 2.509000 21593.710938 36513.417969
677 2.513000 21593.710938 36025.746094
678 2.517000 21593.710938 35490.851563
679 2.521000 21593.710938 34697.843750
680 2.524000 21593.710938 34437.074219
681 2.528000 21593.710938 33741.851563
682 2.532000 21593.710938 35949.425781
683 2.536000 21593.710938 36076.234375
684 2.539000 21593.710938 35840.812500
685 2.542000 21593.710938 35997.042969
686 2.546000 21593.710938 36313.378906
687 2.550000 21593.710938 35144.128906
688 2.553000 21593.710938 35493.226563
689 2.556000 21593.710938 35334.644531
690 2.559000 21593.710938 36203.726563
691 2.562000 21593.710938 36112.558594
692 2.566000 21593.710938 36138.453125
693 2.569000 21593.710938 36563.257813
694 2.572000 21593.710938 35388.867188
695 2.576000 21593.710938 35356.105469
696 2.578000 21593.710938 34308.234375
697 2.582000 21593.710938 35911.761719
698 2.585000 21593.710938 36074.335938
699 2.588000 21593.710938 36340.375000
700 2.592000 21593.710938 36645.582031
701 2.597000 21593.710938 37869.121094
702 2.601000 21593.710938 38087.433594
703 2.604000 21593.710938 36723.136719
704 2.607000 21593.710938 37038.781250
705 2.610000 21593.710938 37449.414063
706 2.614000 21593.710938 40133.039063
707 2.617000 21593.710938 39339.324219
708 2.621000 21593.710938 37810.093750
709 2.624000 21593.710938 36271.718750
710 2.627000 21593.710938 36257.390625
711 2.633000 21593.710938 36156.105469
712 2.636000 21593.710938 35295.460938
713 2.640000 21593.710938 34425.125000
714 2.643000 21593.710938 34991.910156
715 2.646000 21593.710938 34178.960938
716 2.649000 21593.710938 35946.968750
717 2.652000 21593.710938 38025.062500
718 2.656000 21593.710938 37468.175781
719 2.659000 21593.710938 36841.664063
720 2.663000 21593.710938 37897.273438
721 2.666000 21593.710938 37045.546875
722 2.670000 21593.710938 36258.156250
723 2.673000 21593.710938 38714.675781
724 2.677000 21593.710938 36420.128906
725 2.680000 21593.710938 36152.312500
726 2.684000 21593.710938 37687.542969
727 2.686000 21593.710938 36776.058594
728 2.690000 21593.710938 37241.171875
729 2.693000 21593.710938 37068.648438
730 2.697000 21593.710938 35869.382813
731 2.700000 21593.710938 35354.246094
732 2.704000 21593.710938 35501.074219
733 2.709000 21593.710938 35379.132813
734 2.714000 21593.710938 35928.664063
735 2.717000 21593.710938 35334.890625
736 2.720000 21593.710938 34617.789063
737 2.723000 21593.710938 33376.324219
738 2.727000 21593.710938 34060.023438
739 2.730000 21593.710938 34253.578125
740 2.733000 21593.710938 32967.921875
741 2.737000 21593.710938 33992.675781
742 2.740000 21593.710938 34168.820313
743 2.744000 21593.710938 34173.925781
744 2.746000 21593.710938 34568.777344
745 2.751000 21593.710938 33805.378906
746 2.753000 21593.710938 34322.234375
747 2.757000 21593.710938 34293.273438
748 2.761000 21593.710938 35172.300781
749 2.766000 21593.710938 34957.191406
750 2.770000 21593.710938 35214.433594
751 2.772000 21593.710938 36347.925781
752 2.776000 21593.710938 36425.851563
753 2.779000 21593.710938 36394.128906
754 2.783000 21593.710938 36727.425781
755 2.786000 21593.710938 36559.710938
756 2.789000 21593.710938 37003.589844
757 2.792000 21593.710938 36890.050781
758 2.796000 21593.710938 36745.308594
759 2.800000 21593.710938 36397.890625
760 2.804000 21593.710938 35839.011719
761 2.807000 21593.710938 34990.082031
762 2.810000 21593.710938 35130.425781
763 2.813000 21593.710938 35288.167969
764 2.817000 21593.710938 35421.183594
765 2.820000 21593.710938 36866.125000
766 2.823000 21593.710938 36239.640625
767 2.825000 21593.710938 35938.796875
768 2.829000 21593.710938 35711.183594
769 2.832000 21593.710938 35121.183594
770 2.834000 21593.710938 35999.710938
771 2.838000 21593.710938 35933.074219
772 2.841000 21593.710938 34968.632813
773 2.847000 21593.710938 36754.523438
774 2.851000 21593.710938 38323.093750
775 2.854000 21593.710938 36771.781250
776 2.858000 21593.710938 34886.570313
777 2.861000 21593.710938 35579.085938
778 2.865000 21593.710938 34538.578125
779 2.868000 21593.710938 35286.121094
780 2.871000 21593.710938 34576.113281
781 2.874000 21593.710938 33426.843750
782 2.878000 21593.710938 32882.707031
783 2.881000 21593.710938 32592.972656
784 2.884000 21593.710938 32167.943359
785 2.887000 21593.710938 32408.025391
786 2.890000 21593.710938 33092.914063
787 2.895000 21593.710938 33704.164063
788 2.898000 21593.710938 32693.097656
789 2.901000 21593.710938 32529.234375
790 2.905000 21593.710938 34436.917969
791 2.908000 21593.710938 33788.835938
792 2.912000 21593.710938 33223.156250
793 2.915000 21593.710938 33081.843750
794 2.919000 21593.710938 32781.156250
795 2.922000 21593.710938 32405.917969
796 2.926000 21593.710938 32607.330078
797 2.929000 21593.710938 34396.468750
798 2.932000 21593.710938 33946.976563
799 2.935000 21593.710938 34545.082031
800 2.938000 21593.710938 34645.675781
801 2.942000 21593.710938 35109.398438
802 2.945000 21593.710938 36023.253906
803 2.948000 21593.710938 35933.324219
804 2.951000 21593.710938 35908.578125
805 2.954000 21593.710938 35219.125000
806 2.958000 21593.710938 35178.710938
807 2.963000 21593.710938 34440.859375
808 2.966000 21593.710938 34229.062500
809 2.971000 21593.710938 32638.304688
810 2.974000 21593.710938 33505.339844
811 2.977000 21593.710938 33324.773438
812 2.980000 21593.710938 32926.410156
813 2.983000 21593.710938 32684.164063
814 2.987000 21593.710938 33997.105469
815 2.990000 21593.710938 33285.054688
816 2.993000 21593.710938 34257.718750
817 2.995000 21593.710938 34822.445313
818 2.998000 21593.710938 36910.250000
819 3.002000 21593.710938 37489.035156
820 3.005000 21593.710938 36645.808594
821 3.008000 21593.710938 37357.703125
822 3.012000 21593.710938 36289.851563
823 3.015000 21593.710938 35576.621094
824 3.018000 21593.710938 34405.507813
825 3.021000 21593.710938 33642.066406
826 3.024000 21593.710938 34475.906250
827 3.028000 21593.710938 34572.785156
828 3.031000 21593.710938 33596.902344
829 3.035000 21593.710938 33586.718750
830 3.038000 21593.710938 33896.324219
831 3.042000 21593.710938 33389.949219
832 3.046000 21593.710938 34078.480469
833 3.049000 21593.710938 34620.718750
834 3.052000 21593.710938 35385.328125
835 3.054000 21593.710938 36181.988281
836 3.058000 21593.710938 36003.535156
837 3.062000 21593.710938 35692.058594
838 3.065000 21593.710938 34388.906250
839 3.069000 21593.710938 33839.156250
840 3.072000 21593.710938 33428.550781
841 3.075000 21593.710938 32998.804688
842 3.078000 21593.710938 32263.550781
843 3.081000 21593.710938 33117.765625
844 3.085000 21593.710938 33339.074219
845 3.088000 21593.710938 33265.542969
846 3.091000 21593.710938 34095.414063
847 3.095000 21593.710938 34114.593750
848 3.099000 21593.710938 33914.632813
849 3.103000 21593.710938 34968.578125
850 3.106000 21593.710938 35229.515625
851 3.109000 21593.710938 35044.039063
852 3.112000 21593.710938 34599.996094
853 3.116000 21593.710938 35357.066406
854 3.119000 21593.710938 36098.781250
855 3.122000 21593.710938 35372.152344
856 3.126000 21593.710938 36070.113281
857 3.131000 21593.710938 36192.914063
858 3.134000 21593.710938 35397.585938
859 3.137000 21593.710938 36209.375000
860 3.140000 21593.710938 37497.203125
861 3.144000 21593.710938 38462.414063
862 3.148000 21593.710938 39286.109375
863 3.151000 21593.710938 39270.160156
864 3.154000 21593.710938 38662.906250
865 3.158000 21593.710938 38454.171875
866 3.161000 21593.710938 38133.523438
867 3.164000 21593.710938 36669.792969
868 3.167000 21593.710938 37513.285156
869 3.171000 21593.710938 36457.140625
870 3.174000 21593.710938 36510.585938
871 3.178000 21593.710938 35533.976563
872 3.182000 21593.710938 35230.652344
873 3.185000 21593.710938 34602.921875
874 3.188000 21593.710938 33804.187500
875 3.191000 21593.710938 34001.390625
876 3.195000 21593.710938 34590.035156
877 3.198000 21593.710938 33220.636719
878 3.201000 21593.710938 33340.195313
879 3.204000 21593.710938 34727.734375
880 3.207000 21593.710938 34604.539063
881 3.211000 21593.710938 34924.613281
882 3.214000 21593.710938 33902.984375
883 3.217000 21593.710938 32917.625000
884 3.220000 21593.710938 35798.164063
885 3.224000 21593.710938 35530.003906
886 3.227000 21593.710938 36412.769531
887 3.230000 21593.710938 37322.171875
888 3.234000 21593.710938 36893.750000
889 3.237000 21593.710938 37231.218750
890 3.240000 21593.710938 37846.925781
891 3.243000 21593.710938 38791.738281
892 3.247000 21593.710938 38450.765625
893 3.250000 21593.710938 38705.761719
894 3.253000 21593.710938 37213.484375
895 3.256000 21593.710938 38949.449219
896 3.258000 21593.710938 39470.058594
897 3.262000 21593.710938 38151.113281
898 3.266000 21593.710938 36875.128906
899 3.269000 21593.710938 36166.695313
900 3.272000 21593.710938 36666.906250
901 3.275000 21593.710938 37775.738281
902 3.278000 21593.710938 37601.484375
903 3.281000 21593.710938 38925.039063
904 3.284000 21593.710938 38123.675781
905 3.287000 21593.710938 36969.484375
906 3.291000 21593.710938 36389.414063
907 3.295000 21593.710938 35837.156250
908 3.298000 21593.710938 35447.121094
909 3.301000 21593.710938 35395.507813
910 3.304000 21593.710938 35120.558594
911 3.308000 21593.710938 36236.097656
912 3.311000 21593.710938 35511.226563
913 3.314000 21593.710938 35403.324219
914 3.317000 21593.710938 34472.234375
915 3.323000 21593.710938 34642.765625
916 3.329000 21593.710938 35660.070313
917 3.333000 21593.710938 35713.496094
918 3.337000 21593.710938 35395.125000
919 3.340000 21593.710938 35419.453125
920 3.343000 21593.710938 35758.488281
921 3.347000 21593.710938 34758.863281
922 3.350000 21593.710938 35158.117188
923 3.353000 21593.710938 35295.148438
924 3.357000 21593.710938 35344.800781
925 3.359000 21593.710938 36465.167969
926 3.363000 21593.710938 36809.335938
927 3.366000 21593.710938 36202.031250
928 3.369000 21593.710938 38006.292969
929 3.373000 21593.710938 37846.058594
930 3.376000 21593.710938 36686.968750
931 3.379000 21593.710938 36706.000000
932 3.383000 21593.710938 35672.265625
933 3.386000 21593.710938 36442.789063
934 3.389000 21593.710938 37175.460938
935 3.391000 21593.710938 37201.800781
936 3.395000 21593.710938 37963.074219
937 3.398000 21593.710938 37554.550781
938 3.402000 21593.710938 38280.234375
939 3.405000 21593.710938 38549.828125
940 3.408000 21593.710938 37537.507813
941 3.411000 21593.710938 36530.929688
942 3.417000 21593.710938 36107.000000
943 3.420000 21593.710938 35463.308594
944 3.423000 21593.710938 36377.175781
945 3.426000 21593.710938 36411.046875
946 3.430000 21593.710938 36705.859375
947 3.434000 21593.710938 37209.718750
948 3.437000 21593.710938 37073.582031
949 3.441000 21593.710938 38398.695313
950 3.443000 21593.710938 37891.609375
951 3.448000 21593.710938 37908.839844
952 3.452000 21593.710938 37160.242188
953 3.455000 21593.710938 35873.660156
954 3.458000 21593.710938 34238.937500
955 3.463000 21593.710938 34292.613281
956 3.466000 21593.710938 34412.878906
957 3.469000 21593.710938 34131.167969
958 3.472000 21593.710938 34267.250000
959 3.476000 21593.710938 34043.535156
960 3.479000 21593.710938 35328.566406
961 3.482000 21593.710938 35849.253906
962 3.485000 21593.710938 36526.484375
963 3.489000 21593.710938 35608.179688
964 3.492000 21593.710938 35031.824219
965 3.495000 21593.710938 36036.000000
966 3.498000 21593.710938 36580.429688
967 3.502000 21593.710938 35474.289063
968 3.505000 21593.710938 36226.308594
969 3.508000 21593.710938 36026.484375
970 3.513000 21593.710938 35557.324219
971 3.516000 21593.710938 34697.406250
972 3.519000 21593.710938 33663.300781
973 3.522000 21593.710938 34405.339844
974 3.527000 21593.710938 35745.238281
975 3.530000 21593.710938 35437.613281
976 3.534000 21593.710938 35218.003906
977 3.537000 21593.710938 35045.195313
978 3.541000 21593.710938 34578.753906
979 3.544000 21593.710938 34647.796875
980 3.547000 21593.710938 34425.070313
981 3.551000 21593.710938 34390.082031
982 3.554000 21593.710938 34425.824219
983 3.558000 21593.710938 34577.203125
984 3.561000 21593.710938 34735.816406
985 3.565000 21593.710938 34853.230469
986 3.568000 21593.710938 34764.968750
987 3.572000 21593.710938 33143.214844
988 3.575000 21593.710938 34787.203125
989 3.579000 21593.710938 34803.585938
990 3.581000 21593.710938 35749.144531
991 3.585000 21593.710938 36553.011719
992 3.589000 21593.710938 35607.382813
993 3.592000 21593.710938 34905.984375
994 3.595000 21593.710938 36084.812500
995 3.598000 21593.710938 36107.160156
996 3.601000 21593.710938 36425.039063
997 3.605000 21593.710938 37104.699219
998 3.608000 21593.710938 37702.984375
999 3.612000 21593.710938 36886.679688
1000 3.615000 21593.710938 35969.085938
1001 3.619000 21593.710938 35662.164063
1002 3.622000 21593.710938 35056.691406
1003 3.625000 21593.710938 35816.734375
1004 3.629000 21593.710938 34541.761719
1005 3.632000 21593.710938 34903.230469
1006 3.636000 21593.710938 35064.671875
1007 3.639000 21593.710938 35206.421875
1008 3.642000 21593.710938 35616.378906
1009 3.646000 21593.710938 34985.511719
1010 3.649000 21593.710938 34132.523438
1011 3.652000 21593.710938 33775.988281
1012 3.655000 21593.710938 33177.828125
1013 3.659000 21593.710938 33304.750000
1014 3.662000 21593.710938 33396.363281
1015 3.666000 21593.710938 33848.367188
1016 3.669000 21593.710938 33652.382813
1017 3.672000 21593.710938 34749.031250
1018 3.676000 21593.710938 32712.921875
1019 3.679000 21593.710938 33103.070313
1020 3.684000 21593.710938 33794.160156
1021 3.687000 21593.710938 34659.031250
1022 3.690000 21593.710938 35548.015625
1023 3.693000 21593.710938 37933.089844
1024 3.696000 21593.710938 36510.765625
1025 3.700000 21593.710938 38129.214844
1026 3.704000 21593.710938 38644.664063
1027 3.706000 21593.710938 37166.886719
1028 3.709000 21593.710938 37396.835938
1029 3.713000 21593.710938 37264.960938
1030 3.716000 21593.710938 36469.953125
1031 3.720000 21593.710938 36287.589844
1032 3.723000 21593.710938 36139.363281
1033 3.726000 21593.710938 34845.593750
1034 3.729000 21593.710938 34801.085938
1035 3.733000 21593.710938 35318.808594
1036 3.736000 21593.710938 34482.164063
