0 0.000000 45845.406250 47230.839844
1 0.117000 43731.031250 47230.839844
2 0.194000 43634.636719 46076.343750
3 0.292000 43280.343750 45379.105469
4 0.390000 42625.585938 44938.300781
5 0.484000 42590.570313 44482.929688
6 0.575000 42315.992188 44359.371094
7 0.662000 41955.296875 43963.359375
8 0.774000 41577.980469 43782.945313
9 0.865000 41379.300781 43544.835938
10 0.970000 41151.246094 43274.515625
11 1.052000 41119.300781 43077.164063
12 1.137000 41081.894531 42856.835938
13 1.225000 40980.878906 42670.250000
14 1.305000 40542.796875 42481.746094
15 1.389000 40542.796875 42321.644531
16 1.486000 40397.511719 42175.750000
17 1.583000 40397.511719 42121.851563
18 1.677000 40277.734375 41995.390625
19 1.768000 40103.593750 41918.605469
20 1.867000 40040.312500 41775.402344
21 1.952000 40015.343750 41648.421875
22 2.052000 39988.390625 41488.218750
23 2.146000 39886.230469 41381.921875
24 2.244000 39768.531250 41290.125000
25 2.337000 39680.976563 41191.351563
26 2.435000 39680.976563 41188.617188
27 2.538000 39680.976563 41134.316406
28 2.637000 39680.976563 41081.738281
29 2.742000 39591.558594 41062.156250
30 2.838000 39591.558594 40927.476563
31 2.945000 39591.558594 40883.464844
32 3.056000 39570.078125 40806.476563
33 3.153000 39544.730469 40718.699219
34 3.261000 39496.328125 40679.035156
35 3.358000 39484.183594 40616.781250
36 3.477000 39438.160156 40596.769531
37 3.572000 39438.160156 40671.960938
38 3.684000 39438.160156 40577.531250
39 3.783000 39438.160156 40541.566406
40 3.875000 39438.160156 40491.878906
41 3.988000 39438.160156 40456.550781
42 4.087000 39438.160156 40532.351563
43 4.174000 39438.160156 40510.730469
44 4.260000 39438.160156 40471.042969
45 4.370000 39438.160156 40449.359375
46 4.453000 39256.234375 40428.519531
47 4.548000 39250.914063 40382.585938
48 4.661000 39223.269531 40367.898438
49 4.752000 39172.792969 40360.257813
50 4.863000 39172.792969 40397.539063
51 4.972000 39137.855469 40363.011719
52 5.067000 39137.855469 40357.246094
53 5.160000 39137.855469 40342.273438
54 5.245000 39137.855469 40323.128906
55 5.347000 39137.855469 40311.203125
56 5.507000 39137.855469 40357.210938
57 5.616000 39137.855469 40327.867188
58 5.697000 39137.855469 40303.304688
59 5.805000 39137.855469 40294.574219
60 5.886000 39137.855469 40270.593750
61 5.989000 39137.855469 40249.562500
62 6.100000 39137.855469 40226.824219
63 6.197000 39137.855469 40232.503906
64 6.286000 39137.855469 40227.316406
65 6.375000 39137.855469 40198.953125
66 6.468000 39137.855469 40194.011719
67 6.559000 39137.855469 40178.531250
68 6.646000 39137.855469 40164.636719
69 6.742000 39137.855469 40163.800781
70 6.821000 39137.855469 40149.812500
71 6.909000 39137.855469 40145.921875
72 6.998000 39137.855469 40141.828125
73 7.087000 39137.855469 40140.046875
74 7.195000 39137.855469 40131.839844
75 7.283000 39137.855469 40128.976563
76 7.378000 39137.855469 40123.613281
77 7.479000 39137.855469 40115.640625
78 7.582000 39137.855469 40105.808594
79 7.681000 39137.855469 40094.546875
80 7.780000 39137.855469 40084.671875
81 7.878000 39137.855469 40079.980469
82 7.969000 39137.855469 40076.777344
83 8.058000 39137.855469 40211.523438
84 8.146000 39137.855469 40173.988281
85 8.234000 39137.855469 40104.468750
86 8.318000 39137.855469 40098.179688
87 8.405000 39137.855469 40088.726563
88 8.497000 39137.855469 40074.441406
89 8.612000 39137.855469 40071.929688
90 8.694000 39137.855469 40064.199219
91 8.786000 39137.855469 40060.656250
92 8.883000 39137.855469 40054.738281
93 8.963000 39137.855469 40048.804688
94 9.059000 39137.855469 40043.914063
95 9.158000 39137.855469 40039.789063
96 9.231000 39137.855469 40025.343750
97 9.324000 39137.855469 40025.195313
98 9.433000 39137.855469 40059.160156
99 9.533000 39137.855469 40048.351563
100 9.625000 39137.855469 40041.644531
101 9.723000 39137.855469 40041.289063
102 9.831000 39137.855469 40030.316406
103 9.929000 39137.855469 40017.863281
104 10.010000 39137.855469 40013.285156
105 10.118000 39074.851563 40013.140625
106 10.240000 39074.851563 40006.925781
107 10.397000 39074.851563 40006.152344
108 10.481000 39074.851563 39991.656250
109 10.567000 39073.175781 40182.027344
110 10.667000 39073.175781 40001.144531
111 10.750000 39073.175781 39996.324219
112 10.869000 39073.175781 40023.199219
113 11.009000 39073.175781 40014.535156
114 11.127000 38957.378906 40011.656250
115 11.248000 38957.378906 40003.738281
116 11.356000 38957.378906 40001.128906
117 11.449000 38957.378906 39984.824219
118 11.540000 38957.378906 39980.433594
119 11.644000 38957.378906 40063.937500
120 11.733000 38957.378906 40042.906250
121 11.833000 38957.378906 40033.203125
122 11.946000 38957.378906 40195.914063
123 12.032000 38957.378906 40146.585938
124 12.127000 38957.378906 40164.578125
125 12.231000 38957.378906 40129.593750
126 12.336000 38957.378906 40210.121094
127 12.435000 38957.378906 40195.585938
128 12.542000 38957.378906 40166.191406
129 12.636000 38957.378906 40157.511719
130 12.751000 38957.378906 40155.152344
131 12.876000 38957.378906 40118.773438
132 12.989000 38957.378906 40093.304688
133 13.098000 38957.378906 40081.273438
134 13.210000 38957.378906 40063.675781
135 13.345000 38957.378906 40052.433594
136 13.521000 38957.378906 40048.261719
137 13.658000 38957.378906 40032.796875
138 13.748000 38957.378906 40008.640625
139 13.842000 38957.378906 40000.406250
140 13.939000 38957.378906 39993.960938
141 14.028000 38952.062500 39982.085938
142 14.119000 38952.062500 39980.601563
143 14.229000 38952.062500 39978.683594
144 14.321000 38952.062500 39960.800781
145 14.430000 38952.062500 39960.640625
146 14.536000 38952.062500 39955.363281
147 14.621000 38952.062500 39946.386719
148 14.726000 38952.062500 39943.750000
149 14.806000 38952.062500 39936.468750
150 14.893000 38952.062500 39936.468750
151 14.988000 38952.062500 39935.566406
152 15.085000 38952.062500 39932.878906
153 15.195000 38952.062500 39930.851563
154 15.288000 38952.062500 40000.656250
155 15.381000 38952.062500 40000.015625
156 15.492000 38952.062500 39977.757813
157 15.594000 38952.062500 39967.601563
158 15.686000 38952.062500 39959.414063
159 15.786000 38952.062500 39940.050781
160 15.878000 38952.062500 39942.023438
161 15.976000 38952.062500 40090.316406
162 16.084000 38952.062500 39968.296875
163 16.190000 38952.062500 39957.527344
164 16.300000 38952.062500 40007.683594
165 16.406000 38952.062500 40127.375000
166 16.517000 38952.062500 40185.191406
167 16.603000 38952.062500 40122.402344
168 16.697000 38952.062500 40076.585938
169 16.786000 38952.062500 40070.468750
170 16.886000 38952.062500 40047.593750
171 16.995000 38952.062500 40047.273438
172 17.073000 38952.062500 40145.761719
173 17.162000 38952.062500 40040.570313
174 17.251000 38952.062500 40016.503906
175 17.350000 38952.062500 40006.945313
176 17.438000 38952.062500 40006.394531
177 17.543000 38952.062500 39996.066406
178 17.633000 38952.062500 40006.328125
179 17.734000 38952.062500 39999.308594
180 17.836000 38952.062500 39986.105469
181 17.928000 38952.062500 39975.523438
182 18.012000 38952.062500 39965.386719
183 18.107000 38952.062500 39954.484375
184 18.205000 38952.062500 39949.929688
185 18.305000 38952.062500 39945.265625
186 18.403000 38952.062500 39935.226563
187 18.489000 38952.062500 39924.496094
188 18.577000 38952.062500 39922.539063
189 18.676000 38952.062500 39918.820313
190 18.755000 38952.062500 39905.148438
191 18.845000 38952.062500 39901.164063
192 18.940000 38952.062500 39896.511719
193 19.034000 38952.062500 39896.511719
194 19.120000 38952.062500 39892.363281
195 19.199000 38952.062500 39888.753906
196 19.282000 38952.062500 39883.699219
197 19.387000 38952.062500 39883.699219
198 19.486000 38952.062500 39880.851563
199 19.589000 38952.062500 39874.496094
200 19.679000 38952.062500 39874.496094
201 19.769000 38952.062500 39873.246094
202 19.863000 38952.062500 39994.261719
203 19.941000 38952.062500 39940.609375
204 20.043000 38952.062500 39916.757813
205 20.130000 38952.062500 39909.242188
206 20.227000 38952.062500 39908.093750
207 20.305000 38952.062500 39908.007813
208 20.387000 38952.062500 39893.687500
209 20.475000 38952.062500 39888.753906
210 20.578000 38952.062500 39888.753906
211 20.658000 38952.062500 39887.957031
212 20.753000 38952.062500 39885.214844
213 20.838000 38952.062500 39954.039063
214 20.938000 38952.062500 39950.925781
215 21.029000 38952.062500 40162.722656
216 21.123000 38952.062500 40057.527344
217 21.211000 38952.062500 40015.890625
218 21.303000 38952.062500 40004.859375
219 21.394000 38952.062500 39968.125000
220 21.491000 38952.062500 39966.488281
221 21.585000 38952.062500 39978.398438
222 21.674000 38952.062500 39959.710938
223 21.772000 38952.062500 39930.062500
224 21.880000 38952.062500 39923.320313
225 21.974000 38952.062500 39922.914063
226 22.071000 38952.062500 39895.785156
227 22.160000 38952.062500 39884.906250
228 22.264000 38952.062500 39884.648438
229 22.351000 38952.062500 39878.585938
230 22.432000 38952.062500 39877.574219
231 22.529000 38952.062500 39874.832031
232 22.638000 38952.062500 39874.238281
233 22.741000 38952.062500 39866.996094
234 22.832000 38952.062500 39866.789063
235 22.929000 38952.062500 39855.437500
236 23.027000 38952.062500 39852.460938
237 23.120000 38952.062500 39852.460938
238 23.206000 38952.062500 39851.875000
239 23.301000 38952.062500 39849.230469
240 23.391000 38952.062500 39836.546875
241 23.483000 38952.062500 39835.898438
242 23.568000 38950.218750 39825.808594
243 23.669000 38950.218750 39818.195313
244 23.758000 38950.218750 39834.183594
245 23.861000 38950.218750 39820.925781
246 23.962000 38950.218750 39803.652344
247 24.052000 38950.218750 39801.621094
248 24.144000 38950.218750 39786.140625
249 24.235000 38950.218750 39785.960938
250 24.339000 38950.218750 39797.203125
251 24.431000 38950.218750 39796.328125
252 24.523000 38950.218750 39792.058594
253 24.610000 38950.218750 39784.664063
254 24.694000 38950.218750 39771.531250
255 24.786000 38950.218750 39896.726563
256 24.890000 38950.218750 39817.789063
257 24.979000 38950.218750 39810.726563
258 25.091000 38950.218750 39798.566406
259 25.183000 38950.218750 39778.949219
260 25.271000 38950.218750 39754.500000
261 25.368000 38950.218750 39754.500000
262 25.455000 38950.218750 39754.035156
263 25.547000 38950.218750 39737.988281
264 25.648000 38950.218750 39856.835938
265 25.751000 38950.218750 39781.675781
266 25.846000 38950.218750 39756.562500
267 25.940000 38950.218750 39850.644531
268 26.022000 38950.218750 40036.113281
269 26.117000 38950.218750 39929.949219
270 26.208000 38950.218750 39912.800781
271 26.305000 38950.218750 39905.339844
272 26.393000 38950.218750 39903.296875
273 26.487000 38950.218750 39810.351563
274 26.590000 38950.218750 39797.375000
275 26.714000 38950.218750 39787.683594
276 26.796000 38950.218750 39768.000000
277 26.879000 38950.218750 39755.328125
278 26.978000 38950.218750 39749.378906
279 27.069000 38950.218750 39739.214844
280 27.152000 38950.218750 39737.839844
281 27.242000 38950.218750 39737.828125
282 27.346000 38950.218750 39733.328125
283 27.437000 38950.218750 39732.929688
284 27.532000 38950.218750 39732.074219
285 27.630000 38950.218750 39727.250000
286 27.726000 38950.218750 39751.710938
287 27.805000 38950.218750 39751.710938
288 27.897000 38950.218750 39819.316406
289 27.996000 38950.218750 39786.164063
290 28.082000 38950.218750 39773.941406
291 28.192000 38950.218750 39755.203125
292 28.297000 38950.218750 39738.441406
293 28.381000 38950.218750 39775.351563
294 28.490000 38950.218750 39770.988281
295 28.581000 38950.218750 39765.511719
296 28.668000 38950.218750 39752.925781
297 28.761000 38950.218750 39740.203125
298 28.847000 38950.218750 39738.031250
299 28.946000 38950.218750 39736.726563
300 29.034000 38950.218750 39735.789063
301 29.108000 38950.218750 39734.679688
302 29.200000 38950.218750 39734.679688
303 29.294000 38950.218750 39734.679688
304 29.388000 38950.218750 39917.171875
305 29.492000 38950.218750 39818.414063
306 29.580000 38950.218750 39815.910156
307 29.679000 38950.218750 39806.253906
308 29.776000 38950.218750 39780.410156
309 29.864000 38950.218750 39761.269531
310 29.956000 38950.218750 39761.269531
311 30.059000 38950.218750 39761.269531
312 30.160000 38950.218750 39736.910156
313 30.240000 38950.218750 39882.031250
314 30.334000 38950.218750 39870.167969
315 30.430000 38950.218750 39746.738281
316 30.513000 38950.218750 39742.554688
317 30.604000 38950.218750 39731.667969
318 30.705000 38950.218750 39726.746094
319 30.794000 38950.218750 39726.746094
320 30.884000 38950.218750 39723.218750
321 30.966000 38950.218750 39719.851563
322 31.067000 38950.218750 39772.835938
323 31.172000 38950.218750 39766.265625
324 31.278000 38950.218750 39755.558594
325 31.374000 38950.218750 39751.710938
326 31.460000 38950.218750 39751.710938
327 31.547000 38950.218750 39751.613281
328 31.637000 38950.218750 39738.781250
329 31.732000 38950.218750 39707.757813
330 31.828000 38950.218750 39702.843750
331 31.919000 38950.218750 39702.843750
332 32.010000 38950.218750 39702.843750
333 32.113000 38950.218750 39737.703125
334 32.194000 38950.218750 39735.398438
335 32.301000 38950.218750 39733.968750
336 32.398000 38950.218750 39733.835938
337 32.479000 38950.218750 39728.519531
338 32.579000 38950.218750 39707.050781
339 32.676000 38950.218750 39707.050781
340 32.785000 38950.218750 39703.671875
341 32.884000 38950.218750 39703.640625
342 32.973000 38950.218750 39699.945313
343 33.056000 38950.218750 39696.167969
344 33.138000 38950.218750 39696.167969
345 33.237000 38950.218750 39696.167969
346 33.325000 38950.218750 39692.375000
347 33.427000 38950.218750 39691.066406
348 33.509000 38950.218750 39686.222656
349 33.607000 38950.218750 39686.003906
350 33.692000 38950.218750 39742.531250
351 33.790000 38950.218750 39768.628906
352 33.875000 38950.218750 39752.558594
353 33.977000 38950.218750 39747.156250
354 34.071000 38950.218750 39731.273438
355 34.169000 38950.218750 39769.617188
356 34.271000 38950.218750 39767.144531
357 34.377000 38950.218750 39765.824219
358 34.469000 38950.218750 39757.906250
359 34.569000 38950.218750 39757.566406
360 34.652000 38950.218750 39745.187500
361 34.752000 38950.218750 39744.050781
362 34.835000 38950.218750 39720.496094
363 34.918000 38950.218750 39714.261719
364 35.009000 38950.218750 39704.777344
365 35.110000 38950.218750 39689.378906
366 35.198000 38950.218750 39689.378906
367 35.301000 38950.218750 39687.253906
368 35.388000 38950.218750 39687.253906
369 35.495000 38950.218750 39684.914063
370 35.590000 38950.218750 39684.093750
371 35.683000 38950.218750 39683.625000
372 35.776000 38950.218750 39683.179688
373 35.857000 38950.218750 39682.808594
374 35.958000 38950.218750 39682.808594
375 36.047000 38950.218750 39681.656250
376 36.149000 38950.218750 39681.656250
377 36.251000 38950.218750 39681.054688
378 36.351000 38950.218750 39681.054688
379 36.432000 38950.218750 39681.054688
380 36.532000 38950.218750 39679.703125
381 36.621000 38950.218750 39679.703125
382 36.717000 38950.218750 39678.886719
383 36.809000 38950.218750 39678.886719
384 36.907000 38950.218750 39678.886719
385 36.985000 38950.218750 39677.660156
386 37.073000 38950.218750 39677.660156
387 37.166000 38950.218750 39677.160156
388 37.256000 38950.218750 39677.160156
389 37.340000 38950.218750 39676.886719
390 37.422000 38950.218750 39675.250000
391 37.525000 38950.218750 39675.250000
392 37.609000 38950.218750 39674.878906
393 37.701000 38950.218750 39674.878906
394 37.793000 38950.218750 39673.734375
395 37.884000 38950.218750 39673.519531
396 37.983000 38950.218750 39717.550781
397 38.087000 38950.218750 39716.718750
398 38.167000 38950.218750 39716.503906
399 38.266000 38950.218750 39789.511719
400 38.357000 38950.218750 39775.039063
401 38.444000 38950.218750 39775.039063
402 38.549000 38950.218750 39772.375000
403 38.643000 38950.218750 39733.023438
404 38.745000 38950.218750 39733.023438
405 38.836000 38950.218750 39730.648438
406 38.927000 38950.218750 39730.648438
407 39.022000 38950.218750 39721.308594
408 39.113000 38950.218750 39721.031250
409 39.203000 38950.218750 39720.960938
410 39.303000 38950.218750 39717.976563
411 39.383000 38950.218750 39714.828125
412 39.490000 38950.218750 39714.457031
413 39.588000 38950.218750 39713.421875
414 39.682000 38950.218750 39711.835938
415 39.778000 38950.218750 39705.335938
416 39.870000 38950.218750 39817.324219
417 39.952000 38950.218750 39767.558594
418 40.038000 38950.218750 39825.648438
419 40.120000 38950.218750 39815.175781
420 40.207000 38950.218750 39809.914063
421 40.296000 38950.218750 39805.441406
422 40.386000 38950.218750 39797.996094
423 40.490000 38950.218750 39795.417969
424 40.584000 38950.218750 39777.578125
425 40.683000 38950.218750 39829.980469
426 40.768000 38950.218750 39827.640625
427 40.869000 38950.218750 39816.628906
428 40.961000 38950.218750 39783.023438
429 41.060000 38950.218750 39757.710938
430 41.150000 38950.218750 39757.710938
431 41.250000 38950.218750 39755.550781
432 41.343000 38950.218750 39729.324219
433 41.430000 38950.218750 39780.781250
434 41.515000 38950.218750 39771.355469
435 41.614000 38950.218750 39847.468750
436 41.726000 38950.218750 39843.273438
437 41.831000 38950.218750 39789.921875
438 41.919000 38950.218750 39775.519531
439 42.015000 38950.218750 39773.527344
440 42.104000 38950.218750 39765.691406
441 42.196000 38950.218750 39753.078125
442 42.303000 38950.218750 39749.562500
443 42.399000 38950.218750 39742.988281
444 42.497000 38950.218750 39723.218750
445 42.587000 38950.218750 39719.800781
446 42.675000 38950.218750 39717.808594
447 42.754000 38950.218750 39693.894531
448 42.837000 38950.218750 39756.246094
449 42.925000 38950.218750 39754.257813
450 43.015000 38950.218750 39754.234375
451 43.108000 38950.218750 39694.425781
452 43.217000 38950.218750 39886.734375
453 43.311000 38950.218750 39895.992188
454 43.402000 38950.218750 39823.425781
455 43.488000 38950.218750 39816.843750
456 43.578000 38950.218750 39802.414063
457 43.669000 38950.218750 39781.281250
458 43.742000 38950.218750 39778.359375
459 43.844000 38950.218750 39776.105469
460 43.934000 38950.218750 39745.375000
461 44.037000 38950.218750 39736.718750
462 44.127000 38950.218750 39732.074219
463 44.206000 38950.218750 39728.125000
464 44.305000 38950.218750 39716.976563
465 44.391000 38950.218750 39711.351563
466 44.501000 38950.218750 39709.359375
467 44.590000 38950.218750 39705.066406
468 44.673000 38950.218750 39686.773438
469 44.770000 38950.218750 39686.773438
470 44.870000 38950.218750 39707.390625
471 44.968000 38950.218750 39707.390625
472 45.077000 38950.218750 39686.773438
473 45.159000 38950.218750 39686.773438
474 45.251000 38950.218750 39720.773438
475 45.342000 38950.218750 39720.773438
476 45.431000 38950.218750 39693.042969
477 45.534000 38950.218750 39693.042969
478 45.662000 38950.218750 39693.042969
479 45.747000 38950.218750 39750.648438
480 45.821000 38950.218750 39701.421875
481 45.919000 38950.218750 39701.421875
482 46.018000 38950.218750 39701.421875
483 46.096000 38950.218750 39896.371094
484 46.194000 38950.218750 39809.804688
485 46.292000 38950.218750 39763.976563
486 46.396000 38950.218750 39849.636719
487 46.493000 38950.218750 39795.718750
488 46.590000 38950.218750 39730.160156
489 46.684000 38950.218750 39720.039063
490 46.780000 38950.218750 39720.039063
491 46.875000 38950.218750 39720.039063
492 46.976000 38950.218750 39720.039063
493 47.083000 38950.218750 39720.039063
494 47.168000 38950.218750 39720.039063
495 47.255000 38950.218750 39720.039063
496 47.346000 38950.218750 39720.039063
497 47.435000 38950.218750 39720.039063
498 47.524000 38950.218750 39720.039063
499 47.621000 38950.218750 39772.734375
500 47.719000 38950.218750 39772.734375
501 47.818000 38950.218750 39720.039063
502 47.917000 38950.218750 39720.039063
503 48.016000 38950.218750 39720.039063
504 48.114000 38950.218750 39720.039063
505 48.206000 38950.218750 39720.039063
506 48.296000 38950.218750 39800.921875
507 48.390000 38950.218750 39728.960938
508 48.475000 38950.218750 39728.960938
509 48.565000 38950.218750 39728.960938
510 48.655000 38950.218750 39728.960938
511 48.732000 38950.218750 39728.960938
512 48.826000 38950.218750 39728.960938
513 48.924000 38950.218750 39728.363281
514 49.043000 38950.218750 39728.359375
515 49.133000 38950.218750 39728.359375
516 49.228000 38950.218750 39727.128906
517 49.318000 38950.218750 39727.128906
518 49.421000 38950.218750 39727.128906
519 49.525000 38950.218750 39813.273438
520 49.614000 38950.218750 39778.718750
521 49.704000 38950.218750 39879.921875
522 49.804000 38950.218750 39978.167969
523 49.898000 38950.218750 39962.851563
524 49.997000 38950.218750 39879.417969
525 50.080000 38950.218750 39739.113281
526 50.160000 38950.218750 39738.085938
527 50.247000 38950.218750 39738.085938
528 50.352000 38950.218750 39738.085938
529 50.461000 38950.218750 39738.085938
530 50.565000 38950.218750 39738.085938
531 50.656000 38950.218750 39834.093750
532 50.739000 38950.218750 39738.085938
533 50.842000 38950.218750 39738.085938
534 50.951000 38950.218750 39738.085938
535 51.031000 38950.218750 39738.085938
536 51.114000 38950.218750 39849.941406
537 51.211000 38950.218750 39834.914063
538 51.306000 38950.218750 39738.085938
539 51.398000 38950.218750 39738.085938
540 51.477000 38950.218750 39738.085938
541 51.570000 38950.218750 39738.085938
542 51.645000 38950.218750 39738.085938
543 51.725000 38950.218750 39738.085938
544 51.827000 38950.218750 39738.085938
545 51.913000 38950.218750 39738.085938
546 52.013000 38950.218750 39738.085938
547 52.109000 38950.218750 39738.085938
548 52.200000 38950.218750 39738.085938
549 52.300000 38950.218750 39738.085938
550 52.387000 38950.218750 39738.085938
551 52.471000 38950.218750 39738.085938
552 52.565000 38950.218750 39738.085938
553 52.653000 38950.218750 39738.085938
554 52.755000 38950.218750 39930.503906
555 52.850000 38950.218750 39839.273438
556 52.931000 38950.218750 39756.781250
557 53.037000 38950.218750 39756.781250
558 53.122000 38950.218750 39756.781250
559 53.218000 38950.218750 39756.781250
560 53.315000 38950.218750 39756.781250
561 53.408000 38950.218750 39788.089844
562 53.501000 38950.218750 39763.660156
563 53.594000 38950.218750 39763.660156
564 53.701000 38950.218750 39763.660156
565 53.792000 38950.218750 39763.660156
566 53.876000 38950.218750 39763.660156
567 53.969000 38950.218750 39763.660156
568 54.072000 38950.218750 39897.960938
569 54.171000 38950.218750 39768.324219
570 54.257000 38950.218750 39768.324219
571 54.354000 38950.218750 39768.324219
572 54.452000 38950.218750 39768.324219
573 54.532000 38950.218750 39768.324219
574 54.637000 38950.218750 39768.324219
575 54.723000 38950.218750 39768.324219
576 54.797000 38950.218750 39768.324219
577 54.894000 38950.218750 39768.324219
578 54.991000 38950.218750 39768.324219
579 55.079000 38950.218750 39768.324219
580 55.164000 38950.218750 39768.324219
581 55.256000 38950.218750 39856.292969
582 55.352000 38950.218750 39835.074219
583 55.451000 38950.218750 39797.203125
584 55.549000 38950.218750 39801.945313
585 55.641000 38950.218750 39774.476563
586 55.733000 38950.218750 39774.476563
587 55.823000 38950.218750 39908.718750
588 55.909000 38950.218750 39774.476563
589 56.007000 38950.218750 39774.476563
590 56.117000 38950.218750 39774.476563
591 56.201000 38950.218750 39897.984375
592 56.275000 38950.218750 39782.949219
593 56.374000 38950.218750 39782.949219
594 56.466000 38950.218750 39877.515625
595 56.552000 38950.218750 39782.949219
596 56.636000 38950.218750 39782.949219
597 56.736000 38950.218750 39782.949219
598 56.825000 38950.218750 39782.949219
599 56.929000 38950.218750 39782.949219
600 57.027000 38950.218750 39782.949219
601 57.129000 38950.218750 39782.949219
602 57.213000 38950.218750 39892.300781
603 57.298000 38950.218750 39782.675781
604 57.394000 38950.218750 39782.675781
605 57.475000 38950.218750 39797.484375
606 57.568000 38950.218750 39835.066406
607 57.667000 38950.218750 39796.699219
608 57.744000 38950.218750 39871.101563
609 57.847000 38950.218750 39796.699219
610 57.943000 38950.218750 39796.699219
611 58.032000 38950.218750 39796.699219
612 58.131000 38950.218750 39852.195313
613 58.219000 38950.218750 39796.699219
614 58.324000 38950.218750 39796.699219
615 58.424000 38950.218750 39796.699219
616 58.523000 38950.218750 39796.699219
617 58.611000 38950.218750 39796.699219
618 58.698000 38950.218750 39796.699219
619 58.795000 38950.218750 39796.699219
620 58.878000 38950.218750 39796.699219
621 58.984000 38950.218750 39796.699219
622 59.068000 38950.218750 39796.699219
623 59.161000 38950.218750 39796.699219
624 59.261000 38950.218750 39796.699219
625 59.363000 38950.218750 39796.699219
626 59.454000 38950.218750 39796.699219
627 59.540000 38950.218750 39796.699219
628 59.630000 38950.218750 39877.109375
629 59.722000 38950.218750 39796.699219
630 59.806000 38950.218750 39796.699219
631 59.910000 38950.218750 39796.699219
632 60.008000 38950.218750 39796.699219
633 60.102000 38950.218750 39796.699219
634 60.209000 38950.218750 39796.699219
635 60.301000 38950.218750 39796.699219
636 60.393000 38950.218750 39796.699219
637 60.495000 38950.218750 39796.699219
638 60.600000 38950.218750 39796.699219
639 60.683000 38950.218750 39796.699219
640 60.782000 38950.218750 39796.699219
641 60.879000 38950.218750 39796.699219
642 60.970000 38950.218750 39796.699219
643 61.072000 38950.218750 39796.699219
644 61.165000 38950.218750 39796.699219
645 61.246000 38950.218750 39872.878906
646 61.340000 38950.218750 39872.835938
647 61.429000 38950.218750 39798.734375
648 61.521000 38950.218750 39798.734375
649 61.625000 38950.218750 39798.734375
650 61.714000 38950.218750 39844.863281
651 61.809000 38950.218750 39902.621094
652 61.904000 38950.218750 39862.058594
653 61.994000 38950.218750 39806.796875
654 62.085000 38950.218750 39806.796875
655 62.181000 38950.218750 39839.648438
656 62.277000 38950.218750 39877.628906
657 62.376000 38950.218750 39806.796875
658 62.469000 38950.218750 39863.734375
659 62.568000 38950.218750 39806.796875
660 62.654000 38950.218750 39852.925781
661 62.747000 38950.218750 39806.796875
662 62.848000 38950.218750 39806.796875
663 62.953000 38950.218750 39806.796875
664 63.049000 38950.218750 39806.796875
665 63.147000 38950.218750 39806.796875
666 63.236000 38950.218750 39806.796875
667 63.334000 38950.218750 39806.796875
668 63.432000 38950.218750 39806.796875
669 63.550000 38950.218750 39887.269531
670 63.631000 38950.218750 39806.796875
671 63.729000 38950.218750 39806.796875
672 63.825000 38950.218750 39806.796875
673 63.928000 38950.218750 39806.796875
674 64.012000 38950.218750 39806.796875
675 64.114000 38950.218750 39806.796875
676 64.203000 38950.218750 39806.796875
677 64.293000 38950.218750 39806.796875
678 64.381000 38950.218750 39855.558594
679 64.467000 38950.218750 39941.066406
680 64.563000 38950.218750 39806.796875
681 64.662000 38950.218750 39806.796875
682 64.767000 38950.218750 39806.796875
683 64.860000 38950.218750 39806.796875
684 64.955000 38950.218750 39806.796875
685 65.045000 38950.218750 39806.796875
686 65.131000 38950.218750 39806.796875
687 65.228000 38950.218750 39806.796875
688 65.306000 38950.218750 39806.796875
689 65.393000 38950.218750 39806.796875
690 65.483000 38950.218750 39806.796875
691 65.569000 38950.218750 39806.796875
692 65.669000 38950.218750 39806.796875
693 65.799000 38950.218750 39806.796875
694 65.889000 38950.218750 39806.796875
695 65.978000 38950.218750 39806.796875
696 66.079000 38950.218750 39806.796875
697 66.196000 38950.218750 39806.796875
698 66.297000 38950.218750 39806.796875
699 66.386000 38950.218750 39806.796875
700 66.493000 38950.218750 39806.796875
701 66.592000 38950.218750 39806.796875
702 66.678000 38950.218750 39806.796875
703 66.762000 38950.218750 39806.796875
704 66.864000 38950.218750 39806.796875
705 66.950000 38950.218750 39806.796875
706 67.060000 38950.218750 39806.796875
707 67.161000 38950.218750 39806.796875
708 67.251000 38950.218750 39812.015625
709 67.364000 38950.218750 39806.796875
710 67.463000 38950.218750 39806.796875
711 67.549000 38950.218750 39806.796875
712 67.638000 38950.218750 39806.796875
713 67.732000 38950.218750 39806.796875
714 67.830000 38950.218750 39806.796875
715 67.929000 38950.218750 39806.796875
716 68.010000 38950.218750 39806.765625
717 68.094000 38950.218750 39806.765625
718 68.193000 38950.218750 39806.765625
719 68.291000 38950.218750 39806.765625
720 68.384000 38950.218750 39830.417969
721 68.464000 38950.218750 39812.433594
722 68.553000 38950.218750 39812.433594
723 68.635000 38950.218750 39812.433594
724 68.741000 38950.218750 39812.433594
725 68.827000 38950.218750 39812.433594
726 68.912000 38950.218750 39812.433594
727 69.001000 38950.218750 39812.433594
728 69.095000 38950.218750 39812.433594
729 69.194000 38950.218750 39812.433594
730 69.297000 38950.218750 39812.433594
731 69.389000 38950.218750 39812.433594
732 69.490000 38950.218750 39812.433594
733 69.575000 38950.218750 39812.433594
734 69.673000 38950.218750 39812.433594
735 69.765000 38950.218750 39812.433594
736 69.853000 38950.218750 39812.433594
737 69.951000 38950.218750 39812.433594
738 70.047000 38950.218750 39812.433594
739 70.145000 38950.218750 39812.433594
740 70.244000 38950.218750 39812.433594
741 70.319000 38950.218750 39812.218750
742 70.420000 38950.218750 39812.218750
743 70.525000 38950.218750 39812.218750
744 70.610000 38950.218750 39812.218750
745 70.696000 38950.218750 39812.218750
746 70.774000 38950.218750 39812.218750
747 70.858000 38950.218750 39812.218750
748 70.954000 38950.218750 39812.218750
749 71.048000 38950.218750 39812.218750
750 71.143000 38950.218750 39895.453125
751 71.239000 38950.218750 39812.218750
752 71.334000 38950.218750 39812.218750
753 71.421000 38950.218750 39812.218750
754 71.521000 38950.218750 39812.218750
755 71.620000 38950.218750 39812.218750
756 71.708000 38950.218750 39812.218750
757 71.797000 38950.218750 39812.218750
758 71.906000 38950.218750 39850.835938
759 71.997000 38950.218750 39812.218750
760 72.104000 38950.218750 39958.601563
761 72.199000 38950.218750 39829.144531
762 72.297000 38950.218750 39829.144531
763 72.387000 38950.218750 39829.144531
764 72.481000 38950.218750 39829.144531
765 72.585000 38950.218750 39829.144531
766 72.696000 38950.218750 39829.144531
767 72.804000 38950.218750 39829.144531
768 72.892000 38950.218750 39829.144531
769 72.987000 38950.218750 39829.144531
770 73.096000 38950.218750 39935.214844
771 73.183000 38950.218750 39829.144531
772 73.279000 38950.218750 39920.921875
773 73.369000 38950.218750 39829.144531
774 73.438000 38950.218750 39829.144531
775 73.535000 38950.218750 39829.144531
776 73.622000 38950.218750 39829.144531
777 73.715000 38950.218750 39829.144531
778 73.812000 38950.218750 39828.929688
779 73.907000 38950.218750 39828.929688
780 73.996000 38950.218750 39882.261719
781 74.097000 38950.218750 39828.929688
782 74.197000 38950.218750 39880.691406
783 74.286000 38950.218750 39828.929688
784 74.379000 38950.218750 39828.929688
785 74.479000 38950.218750 39828.929688
786 74.571000 38950.218750 39828.929688
787 74.660000 38950.218750 39828.929688
788 74.757000 38950.218750 39876.210938
789 74.860000 38950.218750 39828.929688
790 74.956000 38950.218750 39828.929688
791 75.075000 38950.218750 39862.753906
792 75.173000 38950.218750 39828.929688
793 75.268000 38950.218750 39828.929688
794 75.352000 38950.218750 39828.929688
795 75.445000 38950.218750 39832.851563
796 75.529000 38950.218750 39828.929688
797 75.617000 38950.218750 39828.929688
798 75.702000 38950.218750 39828.929688
799 75.789000 38950.218750 39828.929688
800 75.889000 38950.218750 39946.781250
801 75.973000 38950.218750 39828.929688
802 76.065000 38950.218750 39828.929688
803 76.153000 38950.218750 39828.929688
804 76.241000 38950.218750 39828.929688
805 76.317000 38950.218750 39828.929688
806 76.413000 38950.218750 39828.929688
807 76.493000 38950.218750 39828.929688
808 76.587000 38950.218750 39828.929688
809 76.662000 38950.218750 39828.929688
810 76.756000 38950.218750 39828.929688
811 76.865000 38950.218750 39828.929688
812 76.953000 38950.218750 39828.929688
813 77.051000 38950.218750 39828.929688
814 77.130000 38950.218750 39828.929688
815 77.236000 38950.218750 39828.929688
816 77.315000 38950.218750 39828.929688
817 77.416000 38950.218750 39828.929688
818 77.504000 38950.218750 39828.929688
819 77.586000 38950.218750 39828.929688
820 77.666000 38950.218750 39828.929688
821 77.746000 38950.218750 39828.929688
822 77.850000 38950.218750 39858.390625
823 77.946000 38950.218750 39828.929688
824 78.039000 38950.218750 39828.929688
825 78.127000 38950.218750 39840.324219
826 78.241000 38950.218750 39828.929688
827 78.340000 38950.218750 39828.929688
828 78.431000 38950.218750 39828.929688
829 78.524000 38950.218750 39828.929688
830 78.621000 38950.218750 39828.929688
831 78.701000 38950.218750 39828.929688
832 78.805000 38950.218750 39828.929688
833 78.897000 38950.218750 39828.929688
834 78.985000 38950.218750 39899.398438
835 79.086000 38950.218750 39828.929688
836 79.175000 38950.218750 39828.929688
837 79.273000 38950.218750 39828.929688
838 79.365000 38950.218750 39828.929688
839 79.455000 38950.218750 39828.929688
840 79.547000 38950.218750 39828.929688
841 79.639000 38950.218750 39828.929688
842 79.747000 38950.218750 39828.929688
843 79.834000 38950.218750 39828.929688
844 79.926000 38950.218750 39904.433594
845 80.012000 38950.218750 39918.335938
846 80.114000 38950.218750 39828.929688
847 80.212000 38950.218750 39828.929688
848 80.286000 38950.218750 39828.929688
849 80.388000 38950.218750 39828.929688
850 80.483000 38950.218750 39828.929688
851 80.567000 38950.218750 39828.929688
852 80.674000 38950.218750 39828.929688
853 80.778000 38950.218750 39828.929688
854 80.867000 38950.218750 39953.832031
855 80.976000 38950.218750 39828.929688
856 81.065000 38950.218750 39828.929688
857 81.156000 38950.218750 39897.449219
858 81.246000 38950.218750 39828.929688
859 81.342000 38950.218750 39828.929688
860 81.425000 38950.218750 39828.929688
861 81.519000 38950.218750 39828.929688
862 81.620000 38950.218750 39828.929688
863 81.704000 38950.218750 39828.929688
864 81.797000 38950.218750 39828.929688
865 81.886000 38950.218750 39899.089844
866 81.973000 38950.218750 39835.808594
867 82.071000 38950.218750 39835.808594
868 82.171000 38950.218750 39835.808594
869 82.270000 38950.218750 39835.808594
870 82.363000 38950.218750 39926.148438
871 82.452000 38950.218750 39835.808594
872 82.543000 38950.218750 39835.808594
873 82.629000 38950.218750 39835.808594
874 82.716000 38950.218750 39875.113281
875 82.819000 38950.218750 39835.808594
876 82.907000 38950.218750 39835.808594
877 82.995000 38950.218750 39889.546875
878 83.094000 38950.218750 39835.808594
879 83.181000 38950.218750 39835.808594
880 83.269000 38950.218750 39835.808594
881 83.353000 38950.218750 39835.808594
882 83.444000 38950.218750 39835.808594
883 83.537000 38950.218750 39958.718750
884 83.639000 38950.218750 39925.582031
885 83.740000 38950.218750 39835.808594
886 83.831000 38950.218750 39835.808594
887 83.919000 38950.218750 39835.808594
888 84.015000 38950.218750 39835.808594
889 84.105000 38950.218750 39835.808594
890 84.208000 38950.218750 39835.808594
891 84.295000 38950.218750 39835.808594
892 84.388000 38950.218750 39835.808594
893 84.483000 38950.218750 39835.808594
894 84.566000 38950.218750 39835.808594
895 84.652000 38950.218750 39835.808594
896 84.751000 38950.218750 39835.808594
897 84.845000 38950.218750 39835.808594
898 84.913000 38950.218750 39835.808594
899 84.999000 38950.218750 39835.808594
900 85.097000 38950.218750 39835.808594
901 85.189000 38950.218750 39835.808594
902 85.293000 38950.218750 39835.808594
903 85.394000 38950.218750 39835.808594
904 85.482000 38950.218750 39835.808594
905 85.582000 38950.218750 39835.808594
906 85.662000 38950.218750 39873.136719
907 85.763000 38950.218750 39835.808594
908 85.874000 38950.218750 39835.808594
909 85.953000 38950.218750 39835.808594
910 86.039000 38950.218750 39835.808594
911 86.126000 38950.218750 39835.808594
912 86.219000 38950.218750 39909.316406
913 86.305000 38950.218750 39835.808594
914 86.410000 38950.218750 39835.808594
915 86.491000 38950.218750 39835.808594
916 86.579000 38950.218750 39835.808594
917 86.677000 38950.218750 39835.808594
918 86.746000 38950.218750 39835.808594
919 86.830000 38950.218750 39835.808594
920 86.929000 38950.218750 39835.808594
921 87.024000 38950.218750 39835.808594
922 87.107000 38950.218750 39835.808594
923 87.211000 38950.218750 39835.808594
924 87.298000 38950.218750 39835.808594
925 87.392000 38950.218750 39835.808594
926 87.492000 38950.218750 39835.808594
927 87.596000 38950.218750 39879.246094
928 87.692000 38950.218750 39972.609375
929 87.784000 38950.218750 39842.746094
930 87.879000 38950.218750 39842.746094
931 87.963000 38950.218750 39842.746094
932 88.067000 38950.218750 39842.746094
933 88.162000 38950.218750 39842.746094
934 88.251000 38950.218750 39842.746094
935 88.358000 38950.218750 39842.746094
936 88.454000 38950.218750 39842.746094
937 88.537000 38950.218750 39877.375000
938 88.617000 38950.218750 39842.746094
939 88.705000 38950.218750 39842.746094
940 88.784000 38950.218750 39906.800781
941 88.893000 38950.218750 39892.414063
942 89.011000 38950.218750 39845.382813
943 89.095000 38950.218750 39845.382813
944 89.185000 38950.218750 39845.382813
945 89.279000 38950.218750 39845.382813
946 89.365000 38950.218750 39845.382813
947 89.440000 38950.218750 39845.382813
948 89.528000 38950.218750 39845.382813
949 89.608000 38950.218750 39845.382813
950 89.689000 38950.218750 39845.382813
951 89.783000 38950.218750 39845.382813
952 89.900000 38950.218750 39845.382813
953 89.991000 38950.218750 39845.382813
954 90.078000 38950.218750 39845.382813
955 90.171000 38950.218750 39845.382813
956 90.258000 38950.218750 39845.382813
957 90.350000 38950.218750 39845.382813
958 90.451000 38950.218750 39845.382813
959 90.546000 38950.218750 39845.382813
960 90.650000 38950.218750 39845.382813
961 90.740000 38950.218750 39845.382813
962 90.844000 38950.218750 39845.382813
963 90.935000 38950.218750 39845.382813
964 91.023000 38950.218750 39845.382813
965 91.116000 38950.218750 39845.382813
966 91.212000 38950.218750 39845.382813
967 91.306000 38950.218750 40002.476563
968 91.407000 38950.218750 39877.632813
969 91.500000 38950.218750 39845.382813
970 91.600000 38950.218750 39845.382813
971 91.688000 38950.218750 39971.335938
972 91.780000 38950.218750 39848.152344
973 91.864000 38950.218750 39848.152344
974 91.955000 38950.218750 39848.152344
975 92.037000 38950.218750 39938.210938
976 92.132000 38950.218750 39848.152344
977 92.208000 38950.218750 39848.152344
978 92.284000 38950.218750 39848.152344
979 92.366000 38950.218750 39848.152344
980 92.465000 38950.218750 39848.152344
981 92.575000 38950.218750 39848.152344
982 92.678000 38950.218750 39944.839844
983 92.772000 38950.218750 39906.558594
984 92.874000 38950.218750 39848.152344
985 92.960000 38950.218750 39848.152344
986 93.062000 38950.218750 39848.152344
987 93.161000 38950.218750 39848.152344
988 93.266000 38950.218750 39848.152344
989 93.355000 38950.218750 39848.152344
990 93.452000 38950.218750 39848.152344
991 93.550000 38950.218750 39848.152344
992 93.641000 38950.218750 39848.152344
993 93.741000 38950.218750 39848.152344
994 93.830000 38950.218750 39848.152344
995 93.926000 38950.218750 39848.152344
996 94.035000 38950.218750 39848.152344
997 94.125000 38950.218750 39848.152344
998 94.225000 38950.218750 39848.152344
999 94.331000 38950.218750 39848.152344
1000 94.423000 38950.218750 39848.152344
1001 94.518000 38950.218750 39848.152344
1002 94.615000 38950.218750 39848.152344
1003 94.699000 38950.218750 39848.152344
1004 94.799000 38950.218750 39848.152344
1005 94.893000 38950.218750 39848.152344
1006 94.993000 38950.218750 39848.152344
1007 95.078000 38950.218750 39848.152344
1008 95.176000 38950.218750 39848.152344
1009 95.281000 38950.218750 39848.152344
1010 95.371000 38950.218750 39848.152344
1011 95.475000 38950.218750 39848.152344
1012 95.565000 38950.218750 39848.152344
1013 95.660000 38950.218750 39848.152344
1014 95.748000 38950.218750 39889.105469
1015 95.845000 38950.218750 39848.152344
1016 95.941000 38950.218750 39848.152344
1017 96.037000 38950.218750 39848.152344
1018 96.128000 38950.218750 39848.152344
1019 96.216000 38950.218750 39848.152344
1020 96.310000 38950.218750 39989.496094
1021 96.394000 38950.218750 39848.152344
1022 96.503000 38950.218750 39848.152344
1023 96.587000 38950.218750 39848.152344
1024 96.680000 38950.218750 39848.152344
1025 96.770000 38950.218750 39848.152344
1026 96.865000 38950.218750 39848.152344
1027 96.949000 38950.218750 39848.152344
1028 97.041000 38950.218750 39848.152344
1029 97.135000 38950.218750 39848.152344
1030 97.236000 38950.218750 39848.152344
1031 97.334000 38950.218750 39848.152344
1032 97.420000 38950.218750 39848.152344
1033 97.515000 38950.218750 39848.152344
1034 97.604000 38950.218750 39848.152344
1035 97.706000 38950.218750 39848.152344
1036 97.802000 38950.218750 40031.261719
1037 97.887000 38950.218750 39941.265625
1038 97.980000 38950.218750 39861.695313
1039 98.074000 38950.218750 39861.695313
1040 98.173000 38950.218750 39861.695313
1041 98.271000 38950.218750 39861.695313
1042 98.360000 38950.218750 39861.695313
1043 98.457000 38950.218750 40007.679688
1044 98.569000 38950.218750 39994.558594
1045 98.677000 38950.218750 39966.246094
1046 98.767000 38950.218750 39861.695313
1047 98.871000 38950.218750 39861.695313
1048 98.971000 38950.218750 39861.695313
1049 99.056000 38950.218750 39900.824219
1050 99.153000 38950.218750 39861.695313
1051 99.247000 38950.218750 39861.695313
1052 99.349000 38950.218750 39861.695313
1053 99.432000 38950.218750 39861.695313
1054 99.533000 38950.218750 39861.695313
1055 99.654000 38950.218750 39861.695313
1056 99.753000 38950.218750 39861.695313
1057 99.846000 38950.218750 39861.695313
1058 99.952000 38950.218750 39861.695313
1059 100.058000 38950.218750 39861.695313
1060 100.124000 38950.218750 39861.695313
1061 100.220000 38950.218750 39903.414063
1062 100.305000 38950.218750 39861.695313
1063 100.393000 38950.218750 39861.695313
1064 100.486000 38950.218750 39861.695313
1065 100.585000 38950.218750 39861.695313
1066 100.672000 38950.218750 39926.800781
1067 100.772000 38950.218750 39861.695313
1068 100.875000 38950.218750 39861.695313
1069 100.984000 38950.218750 39861.695313
1070 101.075000 38950.218750 39861.695313
1071 101.176000 38950.218750 39861.695313
1072 101.279000 38950.218750 39861.695313
1073 101.366000 38950.218750 39872.457031
1074 101.456000 38950.218750 39859.937500
1075 101.553000 38950.218750 39859.933594
1076 101.647000 38950.218750 39859.933594
1077 101.738000 38950.218750 39915.796875
1078 101.837000 38950.218750 39859.933594
1079 101.927000 38950.218750 39859.933594
1080 102.014000 38950.218750 39859.933594
1081 102.113000 38950.218750 39859.933594
1082 102.200000 38950.218750 39859.933594
1083 102.292000 38950.218750 39859.933594
1084 102.378000 38950.218750 39859.933594
1085 102.468000 38950.218750 39856.121094
1086 102.568000 38950.218750 39856.121094
1087 102.656000 38950.218750 39917.843750
1088 102.741000 38950.218750 39858.175781
1089 102.840000 38950.218750 39895.714844
1090 102.945000 38950.218750 39858.175781
1091 103.027000 38950.218750 40004.437500
1092 103.131000 38950.218750 39908.261719
1093 103.227000 38950.218750 39854.660156
1094 103.308000 38950.218750 39884.566406
1095 103.399000 38950.218750 39868.285156
1096 103.499000 38950.218750 39866.726563
1097 103.584000 38950.218750 39848.792969
1098 103.667000 38950.218750 39929.753906
1099 103.749000 38950.218750 39927.703125
1100 103.862000 38950.218750 39857.183594
1101 103.957000 38950.218750 39855.128906
1102 104.046000 38950.218750 39842.542969
1103 104.140000 38950.218750 39840.160156
1104 104.226000 38950.218750 39838.816406
1105 104.319000 38950.218750 39831.191406
1106 104.411000 38950.218750 39827.378906
1107 104.500000 38950.218750 39889.218750
1108 104.604000 38950.218750 39881.593750
1109 104.699000 38950.218750 39819.750000
1110 104.787000 38950.218750 39819.750000
1111 104.872000 38950.218750 39815.937500
1112 104.972000 38950.218750 39812.125000
1113 105.069000 38950.218750 39812.125000
1114 105.158000 38950.218750 39892.007813
1115 105.258000 38950.218750 39888.195313
1116 105.360000 38950.218750 39808.312500
1117 105.461000 38950.218750 39808.312500
1118 105.558000 38950.218750 39804.500000
1119 105.657000 38950.218750 39804.500000
1120 105.767000 38950.218750 39800.687500
1121 105.887000 38950.218750 39838.242188
1122 105.978000 38950.218750 39834.429688
1123 106.075000 38950.218750 39830.617188
1124 106.172000 38950.218750 39822.992188
1125 106.277000 38950.218750 39807.742188
1126 106.374000 38950.218750 39796.304688
1127 106.482000 38950.218750 39781.054688
1128 106.591000 38950.218750 39769.617188
1129 106.683000 38950.218750 39758.179688
1130 106.772000 38950.218750 39703.976563
1131 106.868000 38950.218750 39688.726563
1132 106.971000 38950.218750 39684.843750
1133 107.058000 38950.218750 39678.687500
1134 107.151000 38950.218750 39678.687500
1135 107.250000 38950.218750 39678.687500
1136 107.339000 38950.218750 39739.503906
1137 107.437000 38950.218750 39852.382813
1138 107.524000 38950.218750 39678.687500
1139 107.615000 38950.218750 39678.687500
1140 107.690000 38950.218750 39678.687500
1141 107.780000 38950.218750 39789.355469
1142 107.876000 38950.218750 39678.687500
1143 107.964000 38950.218750 39678.687500
1144 108.050000 38950.218750 39678.687500
1145 108.136000 38950.218750 39678.687500
1146 108.234000 38950.218750 39744.910156
1147 108.328000 38950.218750 39691.585938
1148 108.417000 38950.218750 39691.585938
1149 108.509000 38950.218750 39691.585938
1150 108.610000 38950.218750 39828.652344
1151 108.688000 38950.218750 39691.585938
1152 108.786000 38950.218750 39691.585938
1153 108.872000 38950.218750 39691.585938
1154 108.974000 38950.218750 39691.585938
1155 109.063000 38950.218750 39691.585938
1156 109.151000 38950.218750 39691.585938
1157 109.257000 38950.218750 39691.585938
1158 109.367000 38950.218750 39691.585938
1159 109.468000 38950.218750 39691.585938
1160 109.569000 38950.218750 39762.781250
1161 109.659000 38950.218750 39691.585938
1162 109.746000 38950.218750 39691.585938
1163 109.844000 38950.218750 39691.585938
1164 109.943000 38950.218750 39691.585938
1165 110.027000 38950.218750 39691.585938
1166 110.120000 38950.218750 39691.585938
1167 110.221000 38950.218750 39691.585938
1168 110.313000 38950.218750 39691.585938
1169 110.415000 38950.218750 39691.585938
1170 110.517000 38950.218750 39691.585938
1171 110.602000 38950.218750 39691.585938
1172 110.698000 38950.218750 39691.585938
1173 110.795000 38950.218750 39691.585938
1174 110.894000 38950.218750 39691.585938
1175 110.993000 38950.218750 39691.585938
1176 111.095000 38950.218750 39691.585938
1177 111.190000 38950.218750 39691.585938
1178 111.300000 38950.218750 39753.734375
1179 111.389000 38950.218750 39855.964844
1180 111.498000 38950.218750 39739.820313
1181 111.590000 38950.218750 39693.648438
1182 111.691000 38950.218750 39693.648438
1183 111.783000 38950.218750 39693.648438
1184 111.898000 38950.218750 39693.648438
1185 111.995000 38950.218750 39693.648438
1186 112.096000 38950.218750 39693.648438
1187 112.218000 38950.218750 39693.648438
1188 112.303000 38950.218750 39693.648438
1189 112.404000 38950.218750 39770.367188
1190 112.511000 38950.218750 39899.109375
1191 112.616000 38950.218750 39693.648438
1192 112.700000 38950.218750 39693.648438
1193 112.790000 38950.218750 39693.648438
1194 112.888000 38950.218750 39693.648438
1195 112.987000 38950.218750 39693.648438
1196 113.077000 38950.218750 39693.648438
1197 113.181000 38950.218750 39693.648438
1198 113.269000 38950.218750 39693.648438
1199 113.368000 38950.218750 39693.648438
1200 113.451000 38950.218750 39794.058594
1201 113.536000 38950.218750 39693.648438
1202 113.627000 38950.218750 39693.648438
1203 113.714000 38950.218750 39693.648438
1204 113.797000 38950.218750 39693.648438
1205 113.886000 38950.218750 39693.648438
1206 113.980000 38950.218750 39693.648438
1207 114.063000 38950.218750 39719.453125
1208 114.165000 38950.218750 39773.261719
1209 114.261000 38950.218750 39764.765625
1210 114.348000 38950.218750 39693.648438
1211 114.432000 38950.218750 39693.648438
1212 114.519000 38950.218750 39693.648438
1213 114.608000 38950.218750 39693.648438
1214 114.705000 38950.218750 39745.941406
1215 114.800000 38950.218750 39693.648438
1216 114.883000 38950.218750 39693.648438
1217 114.980000 38950.218750 39693.648438
1218 115.054000 38950.218750 39693.648438
1219 115.154000 38950.218750 39693.648438
1220 115.244000 38950.218750 39693.648438
1221 115.343000 38950.218750 39693.648438
1222 115.444000 38950.218750 39693.648438
1223 115.551000 38950.218750 39693.648438
1224 115.642000 38950.218750 39693.648438
1225 115.724000 38950.218750 39693.648438
1226 115.830000 38950.218750 39787.492188
1227 115.944000 38950.218750 39693.648438
1228 116.041000 38950.218750 39693.648438
1229 116.149000 38950.218750 39693.648438
1230 116.237000 38950.218750 39693.648438
1231 116.328000 38950.218750 39693.648438
1232 116.416000 38950.218750 39728.273438
1233 116.495000 38950.218750 39693.648438
1234 116.582000 38950.218750 39752.851563
1235 116.687000 38950.218750 39693.648438
1236 116.782000 38950.218750 39732.121094
1237 116.883000 38950.218750 39693.648438
1238 116.978000 38950.218750 39693.648438
1239 117.070000 38950.218750 39693.648438
1240 117.151000 38950.218750 39796.312500
1241 117.246000 38950.218750 39693.648438
1242 117.345000 38950.218750 39693.648438
