0 0.000000 1930586.000000 1949447.500000 1971229.750000 1930586.000000
1 34.619640 1903345.625000 1949447.500000 1971229.750000 1930586.000000
2 71.835907 1889559.625000 1946116.750000 1971229.750000 1903345.625000
3 111.702171 1875137.750000 1944136.625000 1971229.750000 1889559.625000
4 150.043762 1865526.875000 1941994.500000 1971229.750000 1875137.750000
5 182.765015 1853924.125000 1939749.250000 1971229.750000 1865526.875000
6 214.830902 1838823.250000 1936894.125000 1971229.750000 1853924.125000
7 256.870483 1838817.125000 1934589.875000 1971229.750000 1838823.250000
8 292.724762 1831438.250000 1932667.875000 1971229.750000 1838817.125000
9 324.505402 1822730.250000 1931105.250000 1971229.750000 1831438.250000
10 368.455719 1811104.000000 1929557.000000 1971229.750000 1822730.250000
11 405.786072 1804816.125000 1927807.500000 1971229.750000 1811104.000000
12 447.006348 1801207.125000 1925926.375000 1971229.750000 1804816.125000
13 481.596100 1791703.875000 1924113.250000 1971229.750000 1801207.125000
14 515.922607 1790071.250000 1922659.000000 1971229.750000 1791703.875000
15 553.595398 1785628.500000 1921588.375000 1971229.750000 1790071.250000
16 591.512207 1780581.250000 1920506.125000 1971229.750000 1785628.500000
17 624.366882 1770177.875000 1919006.125000 1971229.750000 1780581.250000
18 657.172913 1766314.125000 1917474.875000 1971229.750000 1770177.875000
19 694.248901 1763142.500000 1916199.250000 1971229.750000 1766314.125000
20 728.738586 1758045.625000 1915095.250000 1971229.750000 1763142.500000
21 763.843689 1754178.500000 1913513.625000 1971229.750000 1758045.625000
22 796.390442 1753212.875000 1912476.375000 1971229.750000 1754178.500000
23 827.518555 1751252.625000 1911328.000000 1971229.750000 1753212.875000
24 861.618225 1748134.125000 1909835.000000 1971229.750000 1751252.625000
25 904.069275 1741317.875000 1909032.000000 1971229.750000 1748134.125000
26 932.601624 1740077.125000 1907829.125000 1971229.750000 1741317.875000
27 970.914551 1737793.125000 1967416.375000 4960559.500000 1740077.125000
28 1002.744934 1736938.250000 1962547.000000 4960559.500000 1737793.125000
29 1039.791626 1734090.625000 1961685.750000 4960559.500000 1736938.250000
30 1079.393921 1728479.875000 1960542.125000 4960559.500000 1734090.625000
31 1114.251953 1728479.125000 1959511.875000 4960559.500000 1728479.875000
32 1147.006592 1724198.625000 1958548.750000 4960559.500000 1728479.125000
33 1187.358643 1722780.750000 1957383.000000 4960559.500000 1724198.625000
34 1221.605347 1722779.750000 1956370.250000 4960559.500000 1722780.750000
35 1257.573486 1718284.875000 1955098.750000 4960559.500000 1722779.750000
36 1295.124634 1717234.750000 1954010.125000 4960559.500000 1718284.875000
37 1329.267090 1715161.625000 1893024.000000 1946759.250000 1717234.750000
38 1372.544922 1714079.375000 1892649.750000 1946759.250000 1715161.625000
39 1411.920776 1712570.750000 1892090.375000 1946759.250000 1714079.375000
40 1446.022583 1712400.875000 1891566.375000 1946759.250000 1712570.750000
41 1475.778198 1712180.625000 1891091.625000 1933051.125000 1712400.875000
42 1514.147095 1709719.625000 1890892.375000 1933051.125000 1712180.625000
43 1557.487671 1706919.125000 1890576.500000 1933051.125000 1709719.625000
44 1592.135864 1706617.625000 1890251.500000 1933050.250000 1706919.125000
45 1632.965332 1705340.500000 1889856.500000 1933050.250000 1706617.625000
46 1672.782104 1704248.125000 1889733.125000 1933050.250000 1705340.500000
47 1706.442261 1703543.875000 1889524.375000 1933050.250000 1704248.125000
48 1737.244141 1703541.875000 1889316.125000 1933050.250000 1703543.875000
49 1772.705078 1702564.500000 1889197.125000 1933050.250000 1703541.875000
50 1807.235718 1700680.375000 1889032.000000 1933050.250000 1702564.500000
51 1838.307129 1700067.750000 1888800.625000 1933050.250000 1700680.375000
52 1875.280396 1700066.000000 1888606.500000 1933050.250000 1700067.750000
53 1916.356689 1699436.750000 1888505.750000 1933050.250000 1700066.000000
54 1947.107422 1697340.375000 1888420.125000 1933050.250000 1699436.750000
55 1985.653198 1697261.000000 1888307.500000 1933050.250000 1697340.375000
56 2025.427979 1697261.000000 1888167.875000 1933050.250000 1697261.000000
57 2064.358154 1695544.875000 1888052.000000 1933050.250000 1697261.000000
58 2099.609863 1695544.875000 1887994.125000 1933050.250000 1695544.875000
59 2137.158691 1695443.375000 1887931.250000 1933050.250000 1695544.875000
60 2175.391846 1695371.000000 1887899.375000 1933050.250000 1695443.375000
61 2209.659912 1695270.125000 1887802.500000 1933050.250000 1695371.000000
62 2246.625977 1695105.875000 1887739.000000 1933050.250000 1695270.125000
63 2279.079346 1694978.250000 1887614.875000 1933050.250000 1695105.875000
64 2317.536865 1694300.500000 1903803.500000 2513201.250000 1694978.250000
65 2343.931396 1694227.375000 1887450.500000 1933050.250000 1694300.500000
66 2384.020264 1692810.750000 1887416.750000 1933050.250000 1694227.375000
67 2413.252930 1692133.000000 1887350.750000 1933050.250000 1692810.750000
68 2444.597656 1692050.500000 1969543.875000 5879894.000000 1692133.000000
69 2481.586914 1691811.000000 1885785.000000 1933050.250000 1692050.500000
70 2518.858887 1690133.500000 1885767.875000 1933050.250000 1691811.000000
71 2550.771240 1689055.250000 1885685.875000 1933050.250000 1690133.500000
72 2587.433594 1688977.375000 1885584.375000 1933050.250000 1689055.250000
73 2619.727295 1688977.375000 1885554.500000 1933050.250000 1688977.375000
74 2656.934082 1688926.250000 1885525.750000 1933050.250000 1688977.375000
75 2695.690186 1688410.000000 1885523.625000 1933050.250000 1688926.250000
76 2734.504639 1688410.000000 1885489.250000 1933050.250000 1688410.000000
77 2778.550049 1688243.000000 1885459.625000 1933050.250000 1688410.000000
78 2818.739746 1688243.000000 1885429.250000 1933050.250000 1688243.000000
79 2850.624512 1688243.000000 1885418.250000 1933050.250000 1688243.000000
80 2891.765137 1687294.000000 1885361.625000 1933050.250000 1688243.000000
81 2933.171387 1687130.875000 1885203.250000 1933050.250000 1687294.000000
82 2961.639648 1687130.875000 1885157.500000 1933050.250000 1687130.875000
83 2991.769531 1687029.250000 1885145.875000 1933050.250000 1687130.875000
84 3023.944092 1687029.250000 1911823.875000 3030987.500000 1687029.250000
85 3066.145264 1687029.250000 1886537.500000 1933050.250000 1687029.250000
86 3097.685791 1686977.750000 1886512.375000 1933050.250000 1687029.250000
87 3132.838379 1686891.625000 1886506.750000 1933050.250000 1686977.750000
88 3166.262451 1686891.625000 1886504.125000 1933050.250000 1686891.625000
89 3206.203613 1686891.625000 1886499.375000 1933050.250000 1686891.625000
90 3244.141846 1686891.625000 1886486.750000 1933050.250000 1686891.625000
91 3280.664307 1686891.625000 1886484.000000 1933050.250000 1686891.625000
92 3318.108887 1686891.625000 1886463.625000 1933050.250000 1686891.625000
93 3350.210205 1686860.625000 1886455.625000 1933050.250000 1686891.625000
94 3385.627197 1686859.875000 1886439.000000 1933050.250000 1686860.625000
95 3425.203369 1686859.125000 1886305.500000 1933050.250000 1686859.875000
96 3463.984375 1686859.125000 1886292.125000 1933050.250000 1686859.125000
