0 0.000001 1927488.750000 1946373.875000 1970684.500000 1927488.750000
1 23.663500 1902706.375000 1946373.875000 1970684.500000 1927488.750000
2 49.393055 1879678.000000 1921431.000000 1949631.250000 1902706.375000
3 76.056656 1862392.000000 1903765.500000 1928837.750000 1879678.000000
4 99.414917 1849317.000000 1890387.500000 1923866.750000 1862392.000000
5 121.663857 1838983.500000 1878082.375000 1921622.875000 1849317.000000
6 143.682266 1832212.125000 1866365.625000 1921526.000000 1838983.500000
7 167.929169 1817185.250000 1855829.500000 1900995.625000 1832212.125000
8 193.944244 1809063.000000 1847304.125000 1899032.375000 1817185.250000
9 218.802155 1800481.750000 1837466.375000 1874876.750000 1809063.000000
10 241.541565 1793325.750000 1828347.250000 1864352.250000 1800481.750000
11 263.363098 1789487.250000 1825882.250000 2078664.875000 1793325.750000
12 292.362701 1779409.500000 1841470.250000 2980561.500000 1789487.250000
13 313.559113 1775251.875000 1836059.875000 2930227.500000 1779409.500000
14 337.329956 1765063.375000 1824351.500000 2660726.750000 1775251.875000
15 360.033966 1760235.125000 1828709.625000 2881138.500000 1765063.375000
16 382.710083 1756238.500000 1815928.500000 2827056.750000 1760235.125000
17 408.689728 1751997.250000 1801804.375000 2338038.500000 1756238.500000
18 430.433746 1745607.625000 1785995.500000 1921534.750000 1751997.250000
19 452.856079 1740277.000000 1780904.750000 1912800.250000 1745607.625000
20 474.924011 1735301.250000 1775566.750000 1888726.000000 1740277.000000
21 497.379730 1732517.750000 1770799.250000 1884460.250000 1735301.250000
22 521.048035 1731145.000000 1839315.250000 5388287.500000 1732517.750000
23 544.015808 1727906.500000 1868368.750000 6113264.000000 1731145.000000
24 567.537170 1724420.500000 1795187.625000 2675099.250000 1727906.500000
25 591.508545 1724161.875000 1865018.875000 5542831.500000 1724420.500000
26 615.686462 1722916.750000 1879474.125000 5370807.000000 1724161.875000
27 635.157410 1722553.375000 1932409.000000 4920113.000000 1722916.750000
28 656.443237 1721338.875000 1906555.250000 4879533.500000 1722553.375000
29 678.440125 1720373.250000 1934017.625000 4845367.500000 1721338.875000
30 700.712158 1715705.875000 1879802.500000 4243940.500000 1720373.250000
31 726.085083 1714412.125000 1878967.375000 3910176.500000 1715705.875000
32 749.327209 1711923.125000 1930857.875000 4883542.000000 1714412.125000
33 768.641907 1710161.000000 1876281.125000 3632610.500000 1711923.125000
34 792.242859 1709677.375000 1838896.375000 3174387.000000 1710161.000000
35 813.487549 1708930.000000 1853949.500000 3898291.500000 1709677.375000
36 835.570129 1708120.250000 1836332.375000 3685567.750000 1708930.000000
37 861.314148 1708045.500000 1821012.500000 3649950.750000 1708120.250000
38 886.532654 1705657.875000 1829256.500000 3640972.250000 1708045.500000
39 914.924805 1705597.125000 1853281.125000 3600621.500000 1705657.875000
40 935.672302 1703749.250000 1843689.000000 3508490.000000 1705597.125000
41 959.884521 1703195.750000 1831523.875000 3497984.750000 1703749.250000
42 985.259460 1702414.125000 1848416.000000 4382584.500000 1703195.750000
43 1007.067505 1702071.250000 1916111.500000 4650512.500000 1702414.125000
44 1030.537354 1701849.375000 1889015.000000 4640204.500000 1702071.250000
45 1055.947510 1700793.000000 1871159.875000 3496557.750000 1701849.375000
46 1079.756348 1698426.625000 1843828.750000 3121560.750000 1700793.000000
47 1105.134766 1698099.625000 1855409.500000 4576006.000000 1698426.625000
48 1131.066162 1697320.875000 1803951.625000 2925351.000000 1698099.625000
49 1157.053101 1696099.250000 1850684.000000 4695774.500000 1697320.875000
50 1183.437988 1694682.750000 1805380.375000 4107186.000000 1696099.250000
51 1203.511963 1694682.750000 1804328.750000 4057755.750000 1694682.750000
52 1232.435303 1694612.625000 1828370.875000 3852866.000000 1694682.750000
53 1260.742310 1694301.000000 1780153.125000 3480819.750000 1694612.625000
54 1285.063477 1694301.000000 1835986.875000 4761954.500000 1694301.000000
55 1308.133911 1693996.750000 1807765.125000 3444036.750000 1694301.000000
56 1336.368896 1693996.750000 1837079.500000 4076168.250000 1693996.750000
57 1362.262085 1693866.625000 1860576.750000 3855520.000000 1693996.750000
58 1383.221802 1693627.750000 1868579.500000 3358412.750000 1693866.625000
59 1407.360474 1693627.750000 1845143.375000 3069686.500000 1693627.750000
60 1429.316040 1693499.250000 1791198.375000 2929453.750000 1693627.750000
61 1454.494751 1693355.375000 1823163.500000 5085542.000000 1693499.250000
62 1474.108765 1692976.625000 1810072.625000 4747090.500000 1693355.375000
63 1500.036621 1691462.125000 1803212.000000 4514737.500000 1692976.625000
64 1524.663086 1690206.000000 1798256.625000 4477967.500000 1691462.125000
65 1549.471924 1690161.750000 1843749.750000 4476343.000000 1690206.000000
66 1572.868164 1689876.625000 1819813.625000 4350246.000000 1690161.750000
67 1596.445068 1689804.750000 1760707.500000 3219950.500000 1689876.625000
68 1617.300903 1689799.250000 1801367.250000 3835479.750000 1689804.750000
69 1643.501953 1689584.875000 1795577.750000 3822588.750000 1689799.250000
70 1666.400513 1689364.625000 1752515.625000 3005478.750000 1689584.875000
71 1691.577515 1689053.125000 1793438.125000 4000439.000000 1689364.625000
72 1715.684326 1688521.750000 1776979.625000 3353117.500000 1689053.125000
73 1742.647949 1688373.125000 1863590.375000 5210642.500000 1688521.750000
74 1763.964966 1688373.125000 1840469.625000 4888345.000000 1688373.125000
75 1785.396973 1688373.125000 1847963.500000 4063480.250000 1688373.125000
76 1811.916138 1688205.250000 1835172.125000 4210413.000000 1688373.125000
77 1835.292236 1688205.250000 1826067.500000 4168838.500000 1688205.250000
78 1858.792603 1688098.000000 1828253.875000 4348900.500000 1688205.250000
79 1881.415527 1688098.000000 1778389.500000 2768428.000000 1688098.000000
80 1903.924683 1688092.500000 1786141.875000 2888972.000000 1688098.000000
81 1929.655029 1688004.125000 1775984.125000 2770494.750000 1688092.500000
82 1952.536133 1687954.375000 1770902.500000 2698882.500000 1688004.125000
83 1977.574585 1687954.375000 1765865.875000 2581509.500000 1687954.375000
84 2000.302002 1687954.375000 1761724.625000 2518742.250000 1687954.375000
85 2021.986084 1687954.375000 1753057.750000 2443716.250000 1687954.375000
86 2045.633423 1687839.750000 1764606.375000 2781862.000000 1687954.375000
87 2066.767090 1687839.750000 1747475.625000 2329131.500000 1687839.750000
88 2092.919434 1687839.750000 1740163.875000 2237675.000000 1687839.750000
89 2115.788574 1687839.750000 1841674.500000 4882436.500000 1687839.750000
90 2143.888428 1687839.750000 1761352.375000 3055730.250000 1687839.750000
91 2168.221191 1687839.750000 1774857.250000 2872598.000000 1687839.750000
92 2192.067383 1687839.750000 1768241.125000 2743031.500000 1687839.750000
93 2215.785400 1687819.625000 1757338.375000 2575097.000000 1687839.750000
94 2238.833008 1687819.625000 1807882.125000 4390817.000000 1687819.625000
95 2266.339355 1687819.625000 1862533.750000 4844736.500000 1687819.625000
96 2290.700195 1687819.625000 1791365.125000 3301172.000000 1687819.625000
97 2315.219727 1687819.625000 1775743.375000 3289925.000000 1687819.625000
98 2342.728271 1687819.625000 1792493.250000 3254078.000000 1687819.625000
99 2370.093994 1687819.625000 1839241.625000 4403342.500000 1687819.625000
100 2395.137695 1687638.375000 1846277.500000 4929150.500000 1687819.625000
101 2421.462646 1687638.375000 1840697.000000 4901226.500000 1687638.375000
102 2444.326660 1687638.375000 1813616.125000 4091502.750000 1687638.375000
103 2470.818115 1687633.875000 1807108.125000 3910556.750000 1687638.375000
104 2497.044189 1687633.875000 1796976.625000 3480068.000000 1687633.875000
105 2520.607422 1687633.875000 1903000.125000 5902613.500000 1687633.875000
106 2548.020752 1687633.875000 1870103.875000 5075343.500000 1687633.875000
107 2570.761963 1687633.875000 1825101.625000 3380662.750000 1687633.875000
108 2597.109863 1687633.875000 1817658.875000 3358143.750000 1687633.875000
109 2620.250977 1687633.875000 1874538.500000 4707928.000000 1687633.875000
110 2646.024658 1687633.875000 1864931.375000 4550442.500000 1687633.875000
111 2673.440186 1687633.875000 1876480.375000 3932419.500000 1687633.875000
112 2700.153809 1687633.875000 1837774.750000 3847164.750000 1687633.875000
113 2721.958740 1687633.875000 1812099.000000 3666968.500000 1687633.875000
114 2747.332275 1687633.875000 1801491.250000 3601213.500000 1687633.875000
115 2770.662354 1687633.875000 1784675.375000 3579672.250000 1687633.875000
116 2794.717773 1687633.875000 1818415.625000 3562655.500000 1687633.875000
117 2817.748047 1687633.875000 1816077.000000 3545229.750000 1687633.875000
118 2842.687012 1687633.875000 1804821.125000 3498921.000000 1687633.875000
119 2866.620117 1687633.875000 1859218.750000 4149370.250000 1687633.875000
120 2892.999756 1687633.875000 1846029.875000 3470367.500000 1687633.875000
121 2916.410645 1687633.875000 1803777.125000 3270290.250000 1687633.875000
122 2938.457031 1687633.875000 1852449.625000 3924734.250000 1687633.875000
123 2960.070312 1687633.875000 1882591.625000 4859228.500000 1687633.875000
124 2984.054199 1687633.875000 1947405.500000 5435831.500000 1687633.875000
125 3007.951660 1687633.875000 1878026.750000 4299857.500000 1687633.875000
126 3034.791016 1687633.875000 1854878.125000 3812814.500000 1687633.875000
127 3059.168945 1687633.875000 1835699.500000 3618456.250000 1687633.875000
128 3078.572510 1687633.875000 1824308.000000 3590639.250000 1687633.875000
129 3102.710693 1687633.875000 1896670.750000 5636509.500000 1687633.875000
130 3124.546387 1687633.875000 1853966.375000 3437221.000000 1687633.875000
131 3148.854736 1687633.875000 1856842.750000 3699625.000000 1687633.875000
132 3174.464600 1687633.875000 1888383.875000 3925957.250000 1687633.875000
133 3195.916260 1687633.875000 1882184.000000 3838098.500000 1687633.875000
134 3220.947998 1687633.875000 1862966.125000 3739863.500000 1687633.875000
135 3245.926514 1687633.875000 1830309.875000 3357099.000000 1687633.875000
136 3268.107910 1687633.875000 1821745.500000 3266260.500000 1687633.875000
137 3294.156250 1687633.875000 1857434.875000 3478064.500000 1687633.875000
138 3318.561523 1687633.875000 1874762.500000 4000443.250000 1687633.875000
139 3339.126221 1687633.875000 1856937.000000 3961591.500000 1687633.875000
140 3362.492432 1687633.875000 1897047.375000 4676410.000000 1687633.875000
141 3384.556152 1687633.875000 1886294.875000 4458698.000000 1687633.875000
142 3407.998779 1687633.875000 1902593.125000 4225923.500000 1687633.875000
143 3431.963867 1687633.875000 1888116.750000 4135784.500000 1687633.875000
144 3458.828613 1687633.875000 1871082.125000 4107332.500000 1687633.875000
145 3482.672119 1687633.875000 1850931.500000 4089158.000000 1687633.875000
146 3511.179199 1687633.875000 1886109.625000 4843139.500000 1687633.875000
147 3537.303955 1687633.875000 1871132.750000 4462046.000000 1687633.875000
