0 0.000001 1927775.500000 1950612.125000 1973495.750000 1927775.500000
1 27.563969 1904960.000000 1950612.125000 1973495.750000 1927775.500000
2 51.195515 1884001.500000 1941287.625000 1973495.750000 1904960.000000
3 74.156715 1866287.250000 1933128.500000 1973495.750000 1884001.500000
4 98.545334 1855481.625000 1926465.000000 1973495.750000 1866287.250000
5 124.762138 1839583.250000 1919979.625000 1973495.750000 1855481.625000
6 144.811737 1827475.000000 1914134.125000 1973495.750000 1839583.250000
7 169.400055 1826267.875000 1909148.500000 1973495.750000 1827475.000000
8 194.259247 1821167.625000 1903843.000000 1973495.750000 1826267.875000
9 219.159332 1814446.750000 1899358.125000 1973495.750000 1821167.625000
10 247.188843 1806855.125000 1916013.250000 2847364.500000 1814446.750000
11 273.973145 1792186.000000 1909689.250000 2847364.500000 1806855.125000
12 294.770264 1792184.375000 1905177.125000 2847364.500000 1792186.000000
13 320.211395 1788941.875000 1901205.125000 2847364.500000 1792184.375000
14 347.484497 1782293.875000 1898111.250000 2847364.500000 1788941.875000
15 368.821411 1770440.625000 1894960.000000 2847364.500000 1782293.875000
16 395.543213 1768632.000000 1892186.375000 2847364.500000 1770440.625000
17 422.776672 1765487.500000 1889936.125000 2847364.500000 1768632.000000
18 447.483032 1754121.500000 1886877.125000 2847364.500000 1765487.500000
19 476.703857 1750887.125000 1883706.875000 2847364.500000 1754121.500000
20 500.655212 1746370.500000 1881015.375000 2847364.500000 1750887.125000
21 524.591797 1741080.875000 1878876.750000 2847364.500000 1746370.500000
22 550.958191 1735212.625000 1881316.500000 2893658.750000 1741080.875000
23 574.103760 1735212.625000 1855884.000000 1952982.750000 1735212.625000
24 598.166443 1735212.125000 1853781.875000 1952982.750000 1735212.625000
25 626.614136 1732792.000000 1852193.000000 1952982.750000 1735212.125000
26 657.971252 1731207.750000 1867940.000000 2624333.500000 1732792.000000
27 686.600647 1729128.875000 1862390.250000 2624333.500000 1731207.750000
28 713.432068 1724580.750000 1847292.750000 1948233.625000 1729128.875000
29 741.461060 1724576.500000 1846223.250000 1948233.625000 1724580.750000
30 771.041565 1724087.625000 1844711.375000 1948233.625000 1724576.500000
31 797.685181 1720498.000000 1937391.500000 4161144.500000 1724087.625000
32 825.299072 1719611.125000 1930197.500000 4161144.500000 1720498.000000
33 848.702637 1718398.125000 1914308.625000 4161144.500000 1719611.125000
34 873.599976 1715842.875000 1885027.500000 4161144.500000 1718398.125000
35 899.392761 1713547.375000 1839982.500000 1948233.625000 1715842.875000
36 923.964355 1709999.250000 1838835.500000 1948233.625000 1713547.375000
37 951.453979 1709998.125000 1838191.625000 1948233.625000 1709999.250000
38 974.769836 1707821.750000 1923049.250000 5996590.500000 1709998.125000
39 1000.571045 1706846.125000 1836336.750000 1948233.625000 1707821.750000
40 1028.928955 1706433.000000 1865899.875000 3228279.750000 1706846.125000
41 1055.934082 1701955.125000 1854530.875000 2690528.000000 1706433.000000
42 1080.705444 1701955.125000 1833889.750000 1948233.625000 1701955.125000
43 1108.018799 1701850.125000 1833250.250000 1948233.625000 1701955.125000
44 1138.298950 1701839.125000 1832571.375000 1948233.625000 1701850.125000
45 1164.103882 1700164.625000 1832150.250000 1948233.625000 1701839.125000
46 1188.637329 1700059.500000 1831654.500000 1948233.625000 1700164.625000
47 1213.456421 1699857.750000 1880288.125000 4175192.500000 1700059.500000
48 1237.674194 1697300.500000 1830443.500000 1948233.625000 1699857.750000
49 1265.831787 1696327.875000 1830007.500000 1948233.625000 1697300.500000
50 1293.795166 1696327.000000 1829436.375000 1948233.625000 1696327.875000
51 1323.102661 1696259.500000 1829057.000000 1948233.625000 1696327.000000
52 1345.640991 1695519.750000 1828915.625000 1948233.625000 1696259.500000
53 1371.371216 1695519.750000 1828677.750000 1948233.625000 1695519.750000
54 1394.466797 1695429.375000 1859968.500000 3273856.250000 1695519.750000
55 1416.142456 1695428.625000 1917373.250000 5674182.500000 1695429.375000
56 1445.414429 1695149.250000 1913332.625000 5674182.500000 1695428.625000
57 1466.570923 1694213.750000 1967561.500000 5674182.500000 1695149.250000
58 1493.772705 1694163.750000 1961323.875000 5674182.500000 1694213.750000
59 1514.986572 1690778.500000 1904621.125000 5674182.500000 1694163.750000
60 1536.596191 1690776.875000 1829825.250000 1948233.625000 1690778.500000
61 1560.823242 1690705.875000 1829358.125000 1948233.625000 1690776.875000
62 1584.574829 1690676.125000 1903077.875000 3830997.000000 1690705.875000
63 1614.120972 1690520.000000 1868203.625000 3830997.000000 1690676.125000
64 1641.478760 1689985.750000 1830219.625000 1948233.625000 1690520.000000
65 1669.710938 1689981.125000 1829972.375000 1948233.625000 1689985.750000
66 1697.515137 1689490.750000 1846389.500000 2523055.000000 1689981.125000
67 1726.372070 1688935.250000 1829655.500000 1948233.625000 1689490.750000
68 1751.857422 1688724.000000 1828953.625000 1948233.625000 1688935.250000
69 1779.098877 1688705.375000 1867924.125000 3664474.250000 1688724.000000
70 1807.727661 1687872.000000 1828483.375000 1948233.625000 1688705.375000
71 1836.222168 1687867.125000 1828214.375000 1948233.625000 1687872.000000
72 1863.046021 1687702.875000 1828005.625000 1948233.625000 1687867.125000
73 1888.353149 1687401.250000 1827889.250000 1948233.625000 1687702.875000
74 1911.728760 1687377.500000 1827760.500000 1948233.625000 1687401.250000
75 1935.201782 1687159.000000 1856757.500000 3152692.750000 1687377.500000
76 1968.350952 1687112.125000 1834177.250000 2029815.125000 1687159.000000
77 1998.452515 1686647.250000 1827133.125000 1948233.625000 1687112.125000
78 2022.493774 1686644.625000 1853352.750000 3042573.000000 1686647.250000
79 2053.144287 1686644.625000 1826496.125000 1948233.625000 1686644.625000
80 2078.240234 1686460.375000 1826411.000000 1948233.625000 1686644.625000
81 2098.982666 1686460.375000 1826363.250000 1948233.625000 1686460.375000
82 2123.780273 1686442.125000 1826346.375000 1948233.625000 1686460.375000
83 2153.428223 1686367.125000 1826250.500000 1948233.625000 1686442.125000
84 2182.682129 1686367.125000 1826135.375000 1948233.625000 1686367.125000
85 2210.518799 1686221.000000 1825948.500000 1948233.625000 1686367.125000
86 2236.961182 1686221.000000 1825535.000000 1948233.625000 1686221.000000
87 2261.569092 1686221.000000 1868270.250000 3860878.500000 1686221.000000
88 2293.556152 1686221.000000 1828693.750000 1948233.625000 1686221.000000
89 2319.973145 1685976.875000 1828313.500000 1948233.625000 1686221.000000
90 2342.972656 1685937.750000 1828005.750000 1948233.625000 1685976.875000
91 2369.159912 1685916.000000 1827690.250000 1948233.625000 1685937.750000
92 2396.423828 1685916.000000 1827609.875000 1948233.625000 1685916.000000
93 2424.047363 1685914.375000 1827498.250000 1948233.625000 1685916.000000
94 2452.232422 1685914.375000 1827269.625000 1948233.625000 1685914.375000
95 2478.746582 1685914.375000 1827201.625000 1948233.625000 1685914.375000
96 2508.283203 1685914.375000 1827170.875000 1948233.625000 1685914.375000
97 2532.336914 1685914.375000 1869341.625000 3812372.000000 1685914.375000
98 2557.229248 1685914.250000 1826897.125000 1948233.625000 1685914.375000
99 2586.503662 1685914.250000 1826808.500000 1948233.625000 1685914.250000
100 2615.463135 1685914.250000 1826474.375000 1948233.625000 1685914.250000
101 2642.981689 1685914.250000 1826408.625000 1948233.625000 1685914.250000
102 2672.726562 1685914.250000 1826084.375000 1948233.625000 1685914.250000
103 2700.209473 1685914.250000 1826004.750000 1948233.625000 1685914.250000
104 2725.205811 1685914.250000 1825763.250000 1948233.625000 1685914.250000
105 2752.113770 1685914.250000 1825737.875000 1948233.625000 1685914.250000
106 2777.571533 1685914.250000 1848946.500000 2869785.000000 1685914.250000
107 2803.014160 1685914.250000 1835321.500000 2204377.250000 1685914.250000
108 2828.619629 1684636.250000 1875438.375000 4219117.000000 1685914.250000
109 2852.969727 1684636.250000 1839109.625000 2416485.000000 1684636.250000
110 2879.755859 1684636.250000 1845199.875000 2725657.500000 1684636.250000
111 2908.320801 1684579.875000 1824227.000000 1948233.625000 1684636.250000
112 2933.070068 1684579.875000 1824086.125000 1948233.625000 1684579.875000
113 2958.054688 1684579.875000 1824048.125000 1948233.625000 1684579.875000
114 2984.203613 1684394.500000 1824017.750000 1948233.625000 1684579.875000
115 3013.275391 1683407.875000 1823989.250000 1948233.625000 1684394.500000
116 3040.512207 1682733.625000 1899395.250000 5464181.000000 1683407.875000
117 3066.508545 1682729.250000 1885870.250000 4788716.000000 1682733.625000
118 3089.456055 1682724.625000 1823684.375000 1948233.625000 1682729.250000
119 3117.369873 1682598.250000 1868769.250000 3959831.000000 1682724.625000
120 3148.365723 1682595.375000 1823325.000000 1948233.625000 1682598.250000
121 3171.062256 1682479.500000 1823179.625000 1948233.625000 1682595.375000
122 3195.192871 1682479.500000 1823142.250000 1948233.625000 1682479.500000
123 3217.772949 1682453.625000 1823105.125000 1948233.625000 1682479.500000
124 3245.239746 1682453.625000 1879895.875000 4525740.500000 1682453.625000
125 3273.403809 1682453.625000 1836601.250000 2361126.250000 1682453.625000
126 3298.845703 1682453.625000 1829229.750000 1998460.500000 1682453.625000
127 3327.727051 1682453.625000 1862679.000000 3414963.750000 1682453.625000
128 3351.295654 1682453.625000 1861186.500000 3338842.000000 1682453.625000
129 3380.418701 1682450.750000 1827951.000000 1948233.625000 1682453.625000
130 3406.338623 1682450.750000 1827755.000000 1948233.625000 1682450.750000
131 3434.876709 1682450.500000 1827746.250000 1948233.625000 1682450.750000
132 3466.127930 1682450.500000 1835415.500000 2317520.750000 1682450.500000
133 3495.116455 1682440.250000 1822727.500000 1948233.625000 1682450.500000
134 3517.923096 1682440.250000 1822633.125000 1948233.625000 1682440.250000
