0 0.000001 1925827.500000 1949200.375000 1968363.125000 1925827.500000
1 36.766956 1893882.250000 1949200.375000 1968363.125000 1925827.500000
2 72.947014 1881313.500000 1946366.875000 1968363.125000 1893882.250000
3 105.585205 1866114.750000 1943134.750000 1968363.125000 1881313.500000
4 136.555481 1860068.250000 1940072.625000 1968363.125000 1866114.750000
5 171.078995 1843824.000000 1935758.375000 1964070.125000 1860068.250000
6 203.653275 1839117.875000 1932506.750000 1964070.125000 1843824.000000
7 237.337524 1833449.000000 1930142.250000 1964070.125000 1839117.875000
8 273.419373 1823440.875000 1927616.625000 1964070.125000 1833449.000000
9 307.633514 1817001.625000 1925657.125000 1964070.125000 1823440.875000
10 339.143860 1805876.500000 1923689.250000 1964070.125000 1817001.625000
11 372.537964 1798119.750000 1922028.750000 1964070.125000 1805876.500000
12 406.394775 1798119.750000 1920150.875000 1964070.125000 1798119.750000
13 441.976654 1773258.125000 1967936.000000 4275993.500000 1798119.750000
14 478.411835 1773258.125000 1916698.125000 1964070.125000 1773258.125000
15 515.260681 1771015.375000 1917478.250000 1964070.125000 1773258.125000
16 552.423706 1765066.875000 1915302.500000 1964070.125000 1771015.375000
17 588.846985 1758431.125000 1913664.375000 1964070.125000 1765066.875000
18 627.757874 1754685.625000 1912288.375000 1964070.125000 1758431.125000
19 660.234131 1753730.375000 1910606.875000 1964070.125000 1754685.625000
20 699.550110 1747785.625000 1909102.750000 1964070.125000 1753730.375000
21 734.074097 1743430.625000 1907775.500000 1964070.125000 1747785.625000
22 773.301514 1742525.000000 1906533.125000 1964070.125000 1743430.625000
23 805.815002 1738205.375000 1905728.750000 1964070.125000 1742525.000000
24 842.455688 1732713.375000 1904787.625000 1964070.125000 1738205.375000
25 875.642456 1727593.125000 1903786.875000 1964070.125000 1732713.375000
26 916.119690 1726431.375000 1902955.375000 1964070.125000 1727593.125000
27 952.638916 1722699.500000 1902311.250000 1964070.125000 1726431.375000
28 990.347229 1718919.500000 1901580.625000 1964070.125000 1722699.500000
29 1025.753906 1718919.500000 1900932.375000 1964070.125000 1718919.500000
30 1060.290161 1714130.750000 1986757.500000 6054826.000000 1718919.500000
31 1104.305664 1714130.750000 1899664.625000 1964070.125000 1714130.750000
32 1144.146362 1711366.250000 1899022.875000 1964070.125000 1714130.750000
33 1178.182983 1709275.875000 1898535.000000 1964070.125000 1711366.250000
34 1214.730103 1708798.500000 1897985.250000 1964070.125000 1709275.875000
35 1252.428833 1708068.625000 1897526.500000 1964070.125000 1708798.500000
36 1285.994507 1706301.750000 1897132.625000 1964070.125000 1708068.625000
37 1322.854614 1706012.500000 1896713.000000 1964070.125000 1706301.750000
38 1358.035400 1705422.875000 1896273.500000 1964070.125000 1706012.500000
39 1392.651367 1704317.250000 1896093.250000 1964070.125000 1705422.875000
40 1426.250488 1703243.750000 1895872.125000 1964070.125000 1704317.250000
41 1461.864868 1702292.500000 1895727.875000 1964070.125000 1703243.750000
42 1487.422852 1701653.500000 1895458.250000 1964070.125000 1702292.500000
43 1518.750488 1700109.000000 1939673.500000 3942353.500000 1701653.500000
44 1552.064819 1700109.000000 1942121.625000 3942353.500000 1700109.000000
45 1588.443115 1699829.000000 1983309.625000 6011686.500000 1700109.000000
46 1621.210205 1699096.250000 1921041.500000 2899750.500000 1699829.000000
47 1652.085205 1698164.250000 1905370.375000 2123703.500000 1699096.250000
48 1685.602661 1698164.250000 1897114.750000 2082836.000000 1698164.250000
49 1720.986694 1697788.750000 1896779.500000 2082836.000000 1698164.250000
50 1761.174561 1697273.875000 1941117.125000 4011768.750000 1697788.750000
51 1796.641357 1697010.875000 1895044.000000 2082836.000000 1697273.875000
52 1828.671021 1696594.500000 1894904.375000 2082836.000000 1697010.875000
53 1864.026001 1696583.000000 1894817.875000 2082836.000000 1696594.500000
54 1897.918823 1694561.625000 1894781.500000 2082836.000000 1696583.000000
55 1930.241211 1694404.250000 1894683.875000 2082836.000000 1694561.625000
56 1959.979492 1694351.500000 1894630.125000 2082836.000000 1694404.250000
57 1996.463379 1694351.500000 1894516.500000 2082836.000000 1694351.500000
58 2021.501343 1694272.000000 1894452.500000 2082836.000000 1694351.500000
59 2055.197998 1694212.500000 1917136.625000 2830743.000000 1694272.000000
60 2083.993896 1694212.500000 1961874.750000 3712404.750000 1694212.500000
61 2118.868164 1692697.625000 1957839.375000 3712404.750000 1694212.500000
62 2156.085205 1692666.500000 1952659.000000 3712404.750000 1692697.625000
63 2186.183105 1692666.500000 1952631.375000 3712404.750000 1692666.500000
64 2221.370850 1692554.375000 2011381.750000 4635012.000000 1692666.500000
65 2255.175537 1692552.375000 1995289.000000 4635012.000000 1692554.375000
66 2286.501953 1692552.375000 1992525.125000 4635012.000000 1692552.375000
67 2321.271973 1692287.500000 1992824.625000 4635012.000000 1692552.375000
68 2357.192139 1692287.500000 1992641.250000 4635012.000000 1692287.500000
69 2387.980469 1692048.375000 1992614.375000 4635012.000000 1692287.500000
70 2422.179932 1692048.375000 1992568.000000 4635012.000000 1692048.375000
71 2459.746338 1691826.250000 1992512.625000 4635012.000000 1692048.375000
72 2496.686035 1691826.250000 1992282.875000 4635012.000000 1691826.250000
73 2535.894043 1691826.250000 2040254.375000 4635012.000000 1691826.250000
74 2576.653076 1691795.125000 2044415.000000 4635012.000000 1691826.250000
75 2607.699951 1691795.125000 2040856.375000 4635012.000000 1691795.125000
76 2645.128662 1691795.125000 2040701.500000 4635012.000000 1691795.125000
77 2677.258789 1691785.500000 2040657.250000 4635012.000000 1691795.125000
78 2708.252197 1691780.125000 2040646.750000 4635012.000000 1691785.500000
79 2741.488525 1691780.125000 2040480.000000 4635012.000000 1691780.125000
80 2781.308838 1691780.125000 2040461.750000 4635012.000000 1691780.125000
81 2815.227783 1691780.125000 2040429.125000 4635012.000000 1691780.125000
82 2852.430176 1691780.125000 2040415.375000 4635012.000000 1691780.125000
83 2885.129883 1691363.750000 2040143.000000 4635012.000000 1691780.125000
84 2920.073730 1691363.750000 2039967.375000 4635012.000000 1691363.750000
85 2956.435303 1691215.250000 2039884.125000 4635012.000000 1691363.750000
86 2994.785400 1691215.250000 2039841.250000 4635012.000000 1691215.250000
87 3025.191895 1691215.250000 2039803.250000 4635012.000000 1691215.250000
88 3057.024902 1691215.250000 2039789.125000 4635012.000000 1691215.250000
89 3094.239990 1691215.250000 2039773.750000 4635012.000000 1691215.250000
90 3126.846680 1691215.250000 2039745.000000 4635012.000000 1691215.250000
91 3160.610596 1691215.250000 2039724.750000 4635012.000000 1691215.250000
92 3192.410645 1691215.250000 2039706.500000 4635012.000000 1691215.250000
93 3230.643799 1691215.250000 2039545.875000 4635012.000000 1691215.250000
94 3266.190918 1691215.250000 2039384.000000 4635012.000000 1691215.250000
95 3306.676758 1691215.250000 2047228.750000 4635012.000000 1691215.250000
96 3341.052490 1691215.250000 2045445.500000 4635012.000000 1691215.250000
97 3376.886963 1691215.250000 2043890.500000 4635012.000000 1691215.250000
98 3409.285400 1691129.000000 2041604.125000 4635012.000000 1691215.250000
99 3445.181152 1691129.000000 2038019.500000 4635012.000000 1691129.000000
100 3480.011475 1691129.000000 2032748.125000 4635012.000000 1691129.000000
