0 0.000001 1911433.750000 1947032.125000 1961453.375000 1911433.750000
1 30.248264 1893442.875000 1947032.125000 1961453.375000 1911433.750000
2 58.030304 1875917.250000 1939649.125000 1961453.375000 1893442.875000
3 85.987495 1864020.750000 1934289.750000 1961453.375000 1875917.250000
4 111.642975 1856091.625000 1929124.000000 1961453.375000 1864020.750000
5 139.808121 1850090.750000 1925431.000000 1961453.375000 1856091.625000
6 172.871552 1841807.625000 1922145.875000 1961453.375000 1850090.750000
7 202.033707 1832861.250000 1948973.000000 3333098.750000 1841807.625000
8 231.169373 1825131.625000 1943903.250000 3333098.750000 1832861.250000
9 262.858978 1812850.250000 1941212.625000 3333098.750000 1825131.625000
10 291.622437 1808109.500000 1938377.625000 3333098.750000 1812850.250000
11 315.981964 1806643.875000 1935867.000000 3333098.750000 1808109.500000
12 344.856293 1797359.875000 1933965.250000 3333098.750000 1806643.875000
13 371.350647 1789670.500000 1932029.750000 3333098.750000 1797359.875000
14 393.750702 1783724.750000 1929828.625000 3333098.750000 1789670.500000
15 420.715851 1783724.375000 1927599.250000 3333098.750000 1783724.750000
16 450.039978 1778012.000000 1957308.500000 3386287.500000 1783724.375000
17 476.150238 1769286.750000 1989350.375000 3633220.250000 1778012.000000
18 505.459442 1762286.625000 1984317.750000 3633220.250000 1769286.750000
19 536.095459 1755964.000000 1982087.625000 3633220.250000 1762286.625000
20 564.019958 1750646.625000 1979960.125000 3633220.250000 1755964.000000
21 595.658691 1744039.500000 2023842.125000 4064140.250000 1750646.625000
22 624.189392 1739492.000000 2046293.500000 4064140.250000 1744039.500000
23 651.700745 1730847.000000 2070079.875000 4064140.250000 1739492.000000
24 680.256897 1728712.750000 2042695.375000 3985154.250000 1730847.000000
25 711.941284 1723919.375000 2041073.250000 3985154.250000 1728712.750000
26 739.923828 1721516.375000 2055772.750000 3389821.500000 1723919.375000
27 768.896179 1721514.250000 2045680.375000 3127490.750000 1721516.375000
28 800.291016 1720226.125000 2116035.000000 5311867.500000 1721514.250000
29 830.687866 1718472.250000 2067471.625000 3127490.750000 1720226.125000
30 861.390198 1715429.125000 2086224.000000 3127490.750000 1718472.250000
31 891.496582 1713395.875000 2081656.375000 3127490.750000 1715429.125000
32 917.588135 1713394.250000 2136782.750000 4526237.500000 1713395.875000
33 950.441650 1711882.000000 2116251.750000 3127490.750000 1713394.250000
34 975.583740 1709003.750000 2111194.500000 3127490.750000 1711882.000000
35 1004.349976 1709003.250000 2145049.000000 3449794.000000 1709003.750000
36 1035.181519 1708515.375000 2133931.250000 3127490.750000 1709003.250000
37 1062.570923 1707676.500000 2133018.500000 3127490.750000 1708515.375000
38 1091.383545 1706716.250000 2132716.250000 3127490.750000 1707676.500000
39 1120.813110 1704122.500000 2157313.000000 3127490.750000 1706716.250000
40 1152.761719 1703407.875000 2152210.000000 3127490.750000 1704122.500000
41 1184.689575 1703003.250000 2151267.750000 3127490.750000 1703407.875000
42 1212.768311 1702114.375000 2150711.250000 3127490.750000 1703003.250000
43 1240.179199 1702094.625000 2150121.000000 3127490.750000 1702114.375000
44 1268.793091 1700517.375000 2149502.000000 3127490.750000 1702094.625000
45 1295.545654 1698715.625000 2189628.750000 3741207.000000 1700517.375000
46 1328.966675 1696654.250000 2246744.250000 3798727.000000 1698715.625000
47 1356.181763 1696650.625000 2231933.750000 3798727.000000 1696654.250000
48 1389.977295 1695113.750000 2217802.000000 3127490.750000 1696650.625000
49 1419.182495 1694835.250000 2216968.750000 3127490.750000 1695113.750000
50 1444.454346 1694327.750000 2216750.500000 3127490.750000 1694835.250000
51 1478.030518 1693218.625000 2216459.250000 3127490.750000 1694327.750000
52 1511.656494 1692784.250000 2216101.750000 3127490.750000 1693218.625000
53 1543.991943 1692154.125000 2215716.250000 3127490.750000 1692784.250000
54 1572.155151 1692094.125000 2215348.750000 3127490.750000 1692154.125000
55 1599.613892 1692042.875000 2215174.750000 3127490.750000 1692094.125000
56 1631.500977 1691837.125000 2215000.250000 3127490.750000 1692042.875000
57 1658.470581 1691565.500000 2214704.750000 3127490.750000 1691837.125000
58 1691.063721 1691183.250000 2214337.250000 3127490.750000 1691565.500000
59 1723.658569 1691085.000000 2214199.750000 3127490.750000 1691183.250000
60 1751.039185 1691058.875000 2243256.250000 3195254.250000 1691085.000000
61 1773.889648 1690747.875000 2248420.250000 3127490.750000 1691058.875000
62 1803.916626 1690747.875000 2246435.000000 3127490.750000 1690747.875000
63 1831.712402 1690152.625000 2246309.500000 3127490.750000 1690747.875000
64 1862.092529 1690143.250000 2246110.000000 3127490.750000 1690152.625000
65 1892.675171 1690014.625000 2245914.000000 3127490.750000 1690143.250000
66 1925.961914 1689767.500000 2245802.000000 3127490.750000 1690014.625000
67 1957.186157 1689763.625000 2283889.750000 3626109.250000 1689767.500000
68 1990.242798 1689356.750000 2268863.000000 3127490.750000 1689763.625000
69 2023.287720 1689216.875000 2268662.500000 3127490.750000 1689356.750000
70 2048.014160 1689171.000000 2289374.000000 3127490.750000 1689216.875000
71 2071.922607 1688719.250000 2284305.000000 3127490.750000 1689171.000000
72 2103.189209 1688719.250000 2283973.750000 3127490.750000 1688719.250000
73 2128.557861 1688709.875000 2283815.500000 3127490.750000 1688719.250000
74 2163.256348 1688428.000000 2283649.500000 3127490.750000 1688709.875000
75 2194.088867 1688418.625000 2283535.000000 3127490.750000 1688428.000000
76 2226.823975 1688386.125000 2283457.500000 3127490.750000 1688418.625000
77 2258.721436 1688319.875000 2338886.750000 4479982.000000 1688386.125000
78 2289.880371 1688096.125000 2311094.000000 3127490.750000 1688319.875000
79 2324.449463 1688096.125000 2310974.000000 3127490.750000 1688096.125000
80 2353.537109 1688094.625000 2310889.000000 3127490.750000 1688096.125000
81 2381.881836 1688091.250000 2310627.250000 3127490.750000 1688094.625000
82 2408.354248 1688027.250000 2310406.750000 3127490.750000 1688091.250000
83 2438.031250 1687918.625000 2310361.500000 3127490.750000 1688027.250000
84 2467.028076 1687867.750000 2310178.000000 3127490.750000 1687918.625000
85 2495.298340 1687865.750000 2346507.000000 3527673.750000 1687867.750000
86 2528.865967 1687825.000000 2333383.500000 3127490.750000 1687865.750000
87 2557.494629 1687821.000000 2333249.500000 3127490.750000 1687825.000000
88 2583.579834 1687821.000000 2333197.000000 3127490.750000 1687821.000000
89 2614.230469 1687681.625000 2332960.750000 3127490.750000 1687821.000000
90 2644.629639 1687676.500000 2332936.250000 3127490.750000 1687681.625000
91 2671.272217 1687676.500000 2332864.750000 3127490.750000 1687676.500000
92 2696.111084 1687675.125000 2332747.500000 3127490.750000 1687676.500000
93 2722.640625 1687612.875000 2332637.500000 3127490.750000 1687675.125000
94 2754.597900 1687511.875000 2332553.500000 3127490.750000 1687612.875000
95 2779.091553 1687317.000000 2332515.250000 3127490.750000 1687511.875000
96 2804.544189 1686637.250000 2332423.000000 3127490.750000 1687317.000000
97 2836.722656 1686637.250000 2332353.000000 3127490.750000 1686637.250000
98 2865.003418 1686637.250000 2332312.250000 3127490.750000 1686637.250000
99 2893.765869 1685965.750000 2333452.000000 3127490.750000 1686637.250000
100 2925.803711 1685965.750000 2333420.750000 3127490.750000 1685965.750000
101 2956.682861 1685962.750000 2333360.250000 3127490.750000 1685965.750000
102 2981.996826 1685962.125000 2339071.750000 3127490.750000 1685962.750000
103 3010.908447 1685778.250000 2339881.000000 3127490.750000 1685962.125000
104 3046.149414 1685778.250000 2340917.250000 3127490.750000 1685778.250000
105 3075.760010 1685778.250000 2337941.500000 3127490.750000 1685778.250000
106 3104.340820 1685774.750000 2337866.500000 3127490.750000 1685778.250000
107 3136.327881 1685774.750000 2337827.000000 3127490.750000 1685774.750000
108 3165.205322 1685774.750000 2337680.500000 3127490.750000 1685774.750000
109 3197.274658 1685649.875000 2337671.750000 3127490.750000 1685774.750000
110 3227.050293 1685649.875000 2337645.500000 3127490.750000 1685649.875000
111 3251.901611 1685647.375000 2337479.000000 3127490.750000 1685649.875000
112 3281.086426 1685647.375000 2337474.500000 3127490.750000 1685647.375000
113 3306.755615 1685647.375000 2337316.750000 3127490.750000 1685647.375000
114 3333.163818 1685647.375000 2413062.500000 5488814.000000 1685647.375000
115 3363.198975 1685647.375000 2360582.000000 3127490.750000 1685647.375000
116 3386.933105 1685647.375000 2397970.250000 3759320.750000 1685647.375000
117 3416.979980 1685647.375000 2380038.000000 3127490.750000 1685647.375000
118 3446.531494 1685647.375000 2379973.500000 3127490.750000 1685647.375000
119 3478.089111 1685646.750000 2379425.250000 3127490.750000 1685647.375000
120 3507.869385 1685646.750000 2379352.500000 3127490.750000 1685646.750000
