0 0.000001 1918888.250000 1948108.000000 1969116.250000 1918888.250000
1 48.933601 1903814.250000 1948108.000000 1969116.250000 1918888.250000
2 96.175446 1891145.875000 1946619.375000 1969116.250000 1903814.250000
3 151.186371 1886993.000000 1945823.375000 1969116.250000 1891145.875000
4 202.694122 1879255.625000 1944561.875000 1969116.250000 1886993.000000
5 251.973083 1859666.875000 1942060.000000 1969116.250000 1879255.625000
6 305.690582 1850001.375000 1939857.250000 1969116.250000 1859666.875000
7 355.236847 1842053.000000 1938159.375000 1969116.250000 1850001.375000
8 404.561554 1829038.125000 1936427.375000 1969116.250000 1842053.000000
9 447.593750 1822811.125000 1934971.500000 1969116.250000 1829038.125000
10 488.628326 1819406.625000 1933253.875000 1969116.250000 1822811.125000
11 534.810791 1811964.500000 1931637.000000 1969116.250000 1819406.625000
12 586.472229 1807758.875000 1929328.500000 1969116.250000 1811964.500000
13 633.241943 1795354.375000 1927494.125000 1969116.250000 1807758.875000
14 691.484009 1791305.000000 1925465.625000 1969116.250000 1795354.375000
15 733.626221 1790217.750000 1922957.750000 1945074.250000 1791305.000000
16 790.440674 1774475.500000 1922355.375000 1945074.250000 1790217.750000
17 841.244934 1771092.750000 1921573.250000 1945074.250000 1774475.500000
18 889.628845 1767691.125000 1920631.875000 1945074.250000 1771092.750000
19 933.111877 1759865.000000 1919936.625000 1945074.250000 1767691.125000
20 983.250671 1758331.875000 1972533.875000 4592583.000000 1759865.000000
21 1040.695068 1752219.125000 1915348.500000 1945074.250000 1758331.875000
22 1101.463257 1744139.375000 1914769.625000 1945074.250000 1752219.125000
23 1149.370972 1737921.125000 1914228.750000 1945074.250000 1744139.375000
24 1206.035278 1732120.125000 1913580.375000 1945074.250000 1737921.125000
25 1261.900269 1729208.000000 1913041.875000 1945074.250000 1732120.125000
26 1320.262695 1727618.125000 1912371.625000 1945074.250000 1729208.000000
27 1380.735596 1725050.750000 1912014.250000 1945074.250000 1727618.125000
28 1421.539673 1722106.375000 1911589.000000 1945074.250000 1725050.750000
29 1477.613892 1720530.750000 1911353.250000 1945074.250000 1722106.375000
30 1536.958618 1719020.375000 1911086.375000 1945074.250000 1720530.750000
31 1580.244629 1718171.375000 1910956.625000 1945074.250000 1719020.375000
32 1633.091064 1716968.000000 1910571.375000 1945074.250000 1718171.375000
33 1686.690186 1716698.125000 1910427.000000 1945074.250000 1716968.000000
34 1737.299805 1716022.500000 1910292.000000 1945074.250000 1716698.125000
35 1786.729126 1715026.875000 1910191.500000 1945074.250000 1716022.500000
36 1838.377197 1713948.875000 1909996.375000 1945074.250000 1715026.875000
37 1884.132812 1712254.375000 1909808.500000 1945074.250000 1713948.875000
38 1935.461670 1711041.500000 1909696.750000 1945074.250000 1712254.375000
39 1992.172852 1709939.000000 1909563.250000 1945074.250000 1711041.500000
40 2035.055908 1709303.000000 1909310.375000 1945074.250000 1709939.000000
41 2099.989014 1706804.000000 1909245.500000 1945074.250000 1709303.000000
42 2149.422363 1706163.875000 1909103.625000 1945074.250000 1706804.000000
43 2193.361084 1706134.875000 1908926.750000 1945074.250000 1706163.875000
44 2241.702637 1706000.000000 1908842.750000 1945074.250000 1706134.875000
45 2296.326904 1705547.250000 1908796.000000 1945074.250000 1706000.000000
46 2338.081299 1704309.375000 1908712.375000 1945074.250000 1705547.250000
47 2384.910645 1703360.000000 1908630.375000 1945074.250000 1704309.375000
48 2438.624512 1702935.750000 1908511.375000 1945074.250000 1703360.000000
49 2493.317383 1702188.500000 1908447.500000 1945074.250000 1702935.750000
50 2537.523682 1702105.625000 1908383.000000 1945074.250000 1702188.500000
51 2584.393799 1702105.625000 1908341.125000 1945074.250000 1702105.625000
52 2630.245605 1701528.625000 1908246.875000 1945074.250000 1702105.625000
53 2686.619385 1701528.625000 1908191.000000 1945074.250000 1701528.625000
54 2743.167969 1701528.000000 1908178.500000 1945074.250000 1701528.625000
55 2802.989990 1701346.625000 1908157.125000 1945074.250000 1701528.000000
56 2861.293457 1700834.875000 1908085.625000 1945074.250000 1701346.625000
57 2916.124756 1700607.750000 1908055.500000 1945074.250000 1700834.875000
58 2962.244385 1700607.750000 1908042.125000 1945074.250000 1700607.750000
59 3007.967285 1700436.000000 1908030.875000 1945074.250000 1700607.750000
60 3053.458008 1699918.375000 1907962.875000 1945074.250000 1700436.000000
61 3100.660645 1698741.875000 1907943.875000 1945074.250000 1699918.375000
62 3152.875244 1698741.875000 1907913.875000 1945074.250000 1698741.875000
63 3213.097168 1697704.875000 1907862.250000 1945074.250000 1698741.875000
64 3271.198730 1693577.375000 1907814.875000 1945074.250000 1697704.875000
65 3319.083008 1693577.375000 1907682.375000 1945074.250000 1693577.375000
66 3374.183838 1693437.875000 1907597.500000 1945074.250000 1693577.375000
67 3421.118408 1693437.875000 1907508.625000 1945074.250000 1693437.875000
