0 0.000001 1930438.875000 1948434.875000 1965718.375000 1930438.875000
1 31.583698 1906784.500000 1948434.875000 1965718.375000 1930438.875000
2 62.993713 1882969.750000 1942604.000000 1965718.375000 1906784.500000
3 92.024834 1864073.875000 1935088.375000 1962837.750000 1882969.750000
4 118.910873 1854100.250000 1930562.750000 1962837.750000 1864073.875000
5 154.779221 1841987.375000 1926525.750000 1962837.750000 1854100.250000
6 188.320007 1825215.125000 1922814.500000 1962837.750000 1841987.375000
7 222.713593 1815100.375000 1920105.625000 1962837.750000 1825215.125000
8 251.093567 1808871.625000 1916861.125000 1962837.750000 1815100.375000
9 277.522675 1800607.375000 1913821.000000 1962837.750000 1808871.625000
10 305.986908 1788858.625000 1910757.500000 1962837.750000 1800607.375000
11 333.683258 1779136.500000 1908275.375000 1962837.750000 1788858.625000
12 364.432251 1774175.875000 1905649.250000 1962837.750000 1779136.500000
13 399.254974 1768309.375000 1971495.250000 5285329.500000 1774175.875000
14 431.529266 1764635.875000 1999078.750000 5285329.500000 1768309.375000
15 458.905670 1757637.750000 1981510.125000 4479725.000000 1764635.875000
16 488.554932 1751190.875000 1925246.375000 3447984.250000 1757637.750000
17 519.238098 1745956.375000 1922898.750000 3447984.250000 1751190.875000
18 552.464661 1740043.625000 1930837.500000 3447984.250000 1745956.375000
19 581.476501 1736949.000000 1895817.250000 2275193.750000 1740043.625000
20 609.727661 1734068.000000 1894073.125000 2275193.750000 1736949.000000
21 639.189392 1731009.375000 1892879.000000 2275193.750000 1734068.000000
22 671.912537 1725032.250000 1891660.750000 2275193.750000 1731009.375000
23 701.114929 1722356.500000 1890220.375000 2275193.750000 1725032.250000
24 732.132812 1719491.250000 1888632.500000 2275193.750000 1722356.500000
25 761.106628 1718265.375000 1887624.000000 2275193.750000 1719491.250000
26 790.043640 1714306.250000 1886866.125000 2275193.750000 1718265.375000
27 816.651794 1712715.750000 1886049.875000 2275193.750000 1714306.250000
28 845.442627 1710469.250000 1885223.000000 2275193.750000 1712715.750000
29 872.279175 1708464.750000 1884593.125000 2275193.750000 1710469.250000
30 907.514526 1706637.625000 1883878.375000 2275193.750000 1708464.750000
31 935.918213 1705874.250000 1883219.875000 2275193.750000 1706637.625000
32 967.282776 1702398.750000 1882488.000000 2275193.750000 1705874.250000
33 998.930542 1701787.375000 1881732.500000 2275193.750000 1702398.750000
34 1024.307495 1700869.125000 1916638.250000 3489221.500000 1701787.375000
35 1054.588501 1700347.000000 1941095.000000 4711533.000000 1700869.125000
36 1087.092773 1698766.375000 1883693.625000 2275193.750000 1700347.000000
37 1120.704468 1698472.250000 1931246.750000 4138873.250000 1698766.375000
38 1156.012817 1697258.000000 1882607.625000 2275193.750000 1698472.250000
39 1191.452148 1697055.125000 1882039.625000 2275193.750000 1697258.000000
40 1221.999512 1696770.750000 1881705.125000 2275193.750000 1697055.125000
41 1253.863647 1694989.500000 1881409.875000 2275193.750000 1696770.750000
42 1286.010010 1694159.125000 1881046.750000 2275193.750000 1694989.500000
43 1316.301636 1693780.625000 1880642.500000 2275193.750000 1694159.125000
44 1346.542603 1693457.375000 1880336.750000 2275193.750000 1693780.625000
45 1381.379517 1692551.875000 1880134.750000 2275193.750000 1693457.375000
46 1408.981201 1692061.875000 1879981.750000 2275193.750000 1692551.875000
47 1436.653687 1691563.500000 1879796.500000 2275193.750000 1692061.875000
48 1466.421143 1690005.875000 1879657.500000 2275193.750000 1691563.500000
49 1498.936279 1689614.750000 1879508.625000 2275193.750000 1690005.875000
50 1525.576904 1688670.000000 1879227.250000 2275193.750000 1689614.750000
51 1558.298462 1688084.750000 1879097.250000 2275193.750000 1688670.000000
52 1587.518921 1687603.875000 1878900.125000 2275193.750000 1688084.750000
53 1623.716309 1687562.500000 1878723.875000 2275193.750000 1687603.875000
54 1658.096069 1686984.375000 1878261.250000 2275193.750000 1687562.500000
55 1688.576538 1686912.750000 1878121.750000 2275193.750000 1686984.375000
56 1717.380249 1686686.625000 1878029.000000 2275193.750000 1686912.750000
57 1750.929199 1686590.000000 1877936.000000 2275193.750000 1686686.625000
58 1779.610596 1686590.000000 1877844.750000 2275193.750000 1686590.000000
59 1808.732788 1686054.750000 1877757.875000 2275193.750000 1686590.000000
60 1836.662109 1686035.375000 1877669.750000 2275193.750000 1686054.750000
61 1870.209595 1685879.750000 1877460.625000 2275193.750000 1686035.375000
62 1898.362427 1685614.000000 1877295.375000 2275193.750000 1685879.750000
63 1924.877075 1685503.125000 1877257.875000 2275193.750000 1685614.000000
64 1949.354858 1685497.500000 1877189.500000 2275193.750000 1685503.125000
65 1982.146729 1685497.500000 1877101.625000 2275193.750000 1685497.500000
66 2012.597290 1685356.625000 1909464.750000 3328441.500000 1685497.500000
67 2045.957764 1685353.750000 1879136.750000 2275193.750000 1685356.625000
68 2076.929199 1685089.250000 1877537.000000 2275193.750000 1685353.750000
69 2109.376953 1684914.625000 1877454.375000 2275193.750000 1685089.250000
70 2144.291992 1684914.625000 1877424.125000 2275193.750000 1684914.625000
71 2173.304688 1684914.625000 1910743.250000 3105709.250000 1684914.625000
72 2203.435303 1684914.625000 1877872.375000 2275193.750000 1684914.625000
73 2233.653564 1684887.125000 1877194.125000 2275193.750000 1684914.625000
74 2268.099854 1684818.000000 1876904.500000 2275193.750000 1684887.125000
75 2297.142578 1684761.750000 1876333.875000 2275193.750000 1684818.000000
76 2326.422119 1684734.250000 1876329.875000 2275193.750000 1684761.750000
77 2358.995850 1684734.250000 1876303.875000 2275193.750000 1684734.250000
78 2392.531982 1684734.250000 1876299.250000 2275193.750000 1684734.250000
79 2423.006836 1684734.250000 1876280.000000 2275193.750000 1684734.250000
80 2458.875000 1684734.250000 1875993.875000 2275193.750000 1684734.250000
81 2492.747314 1684734.250000 1875659.500000 2275193.750000 1684734.250000
82 2524.072754 1684734.250000 1875023.250000 2275193.750000 1684734.250000
83 2554.492676 1684734.250000 1874248.375000 2275193.750000 1684734.250000
84 2591.042236 1684734.250000 1948325.625000 5677412.000000 1684734.250000
85 2623.273438 1684734.250000 1865811.875000 2275193.750000 1684734.250000
86 2659.609131 1684734.250000 1855091.375000 2275193.750000 1684734.250000
87 2690.050049 1684734.250000 1844355.875000 2275193.750000 1684734.250000
88 2719.367676 1684734.250000 1863361.500000 3173295.000000 1684734.250000
89 2749.438232 1684734.250000 1828271.000000 2275193.750000 1684734.250000
90 2778.993652 1684734.250000 1817401.000000 2275193.750000 1684734.250000
91 2809.063477 1684734.250000 1806489.000000 2275193.750000 1684734.250000
92 2840.507080 1684734.250000 1795535.875000 2275193.750000 1684734.250000
93 2872.378662 1684734.250000 1805676.375000 2741107.500000 1684734.250000
94 2903.437500 1684734.250000 1779052.750000 2275193.750000 1684734.250000
95 2931.461914 1684734.250000 1768060.500000 2275193.750000 1684734.250000
96 2966.229736 1684567.125000 1757068.125000 2275193.750000 1684734.250000
97 2994.718018 1684567.125000 1746072.500000 2275193.750000 1684567.125000
98 3025.729736 1684567.125000 1735080.000000 2275193.750000 1684567.125000
99 3057.398926 1684553.375000 1744133.125000 2275193.750000 1684567.125000
100 3095.051514 1684553.375000 1744455.875000 2137724.000000 1684553.375000
101 3123.837891 1684553.375000 1740885.625000 2016870.375000 1684553.375000
102 3161.248535 1684396.125000 1805020.000000 4891492.500000 1684553.375000
103 3192.964355 1684396.125000 1746373.750000 2016870.375000 1684396.125000
104 3224.769531 1684396.125000 1746369.625000 2016870.375000 1684396.125000
105 3254.331787 1684396.125000 1767188.000000 2725774.250000 1684396.125000
106 3285.310791 1684396.125000 1751857.000000 2016870.375000 1684396.125000
107 3317.350342 1684396.125000 1751845.875000 2016870.375000 1684396.125000
108 3349.905518 1684396.125000 1751837.250000 2016870.375000 1684396.125000
109 3380.074707 1684396.125000 1751827.375000 2016870.375000 1684396.125000
110 3416.347656 1684396.125000 1751813.750000 2016870.375000 1684396.125000
111 3446.677246 1684396.125000 1751800.375000 2016870.375000 1684396.125000
112 3472.202393 1684388.750000 1751786.750000 2016870.375000 1684396.125000
113 3500.994141 1684388.750000 1751773.125000 2016870.375000 1684388.750000
