0 0.000001 1928384.125000 1946932.125000 1967672.375000 1928384.125000
1 44.366936 1900369.375000 1946932.125000 1967672.375000 1928384.125000
2 91.313805 1884816.875000 1945569.250000 1967672.375000 1900369.375000
3 142.860275 1864259.000000 1944233.500000 1967672.375000 1884816.875000
4 192.993622 1857398.000000 1941740.625000 1967672.375000 1864259.000000
5 239.511292 1849400.000000 1939569.750000 1967672.375000 1857398.000000
6 302.580353 1842458.625000 1968932.625000 3430042.250000 1849400.000000
7 355.429657 1828646.750000 1965287.625000 3430042.250000 1842458.625000
8 406.506805 1827887.125000 1964366.125000 3430042.250000 1828646.750000
9 463.364655 1822048.250000 1963198.750000 3430042.250000 1827887.125000
10 518.682983 1814656.500000 1962319.375000 3430042.250000 1822048.250000
11 569.567871 1809621.375000 1961592.375000 3430042.250000 1814656.500000
12 619.832214 1798538.250000 1960446.125000 3430042.250000 1809621.375000
13 671.645142 1787037.625000 2042887.875000 5972221.000000 1798538.250000
14 723.778748 1779455.375000 2039153.125000 5972221.000000 1787037.625000
15 769.964722 1773469.875000 2037994.125000 5972221.000000 1779455.375000
16 818.201172 1768118.375000 2037322.250000 5972221.000000 1773469.875000
17 864.046875 1768117.125000 2036664.125000 5972221.000000 1768118.375000
18 914.602478 1766447.625000 2061639.250000 5972221.000000 1768117.125000
19 961.129150 1762435.875000 2057690.125000 5972221.000000 1766447.625000
20 1014.116760 1752760.625000 2056892.625000 5972221.000000 1762435.875000
21 1057.759644 1747086.375000 2056185.625000 5972221.000000 1752760.625000
22 1112.724854 1747078.000000 2055397.500000 5972221.000000 1747086.375000
23 1169.823120 1743760.625000 2080981.750000 5972221.000000 1747078.000000
24 1210.235229 1724464.250000 2081927.375000 5972221.000000 1743760.625000
25 1256.014648 1724464.250000 2076824.750000 5972221.000000 1724464.250000
26 1308.409912 1722305.875000 2075912.125000 5972221.000000 1724464.250000
27 1362.160156 1720416.875000 2075147.875000 5972221.000000 1722305.875000
28 1410.411865 1719426.000000 2074440.625000 5972221.000000 1720416.875000
29 1456.720215 1719425.875000 2072329.500000 5972221.000000 1719426.000000
30 1499.331543 1719310.500000 2049782.875000 5972221.000000 1719425.875000
31 1554.098877 1718051.875000 2026988.000000 5972221.000000 1719310.500000
32 1597.695435 1717990.625000 1996864.125000 5972221.000000 1718051.875000
33 1645.260376 1715314.750000 1916207.000000 1945180.625000 1717990.625000
34 1697.196289 1713277.125000 1915984.375000 1945180.625000 1715314.750000
35 1741.263062 1713274.250000 1915755.500000 1945180.625000 1713277.125000
36 1797.009399 1710721.500000 1915487.500000 1945180.625000 1713274.250000
37 1848.281128 1709730.875000 1915395.875000 1944859.375000 1710721.500000
38 1894.454468 1709686.375000 1915266.875000 1944859.375000 1709730.875000
39 1937.182251 1709596.375000 1915080.125000 1944859.375000 1709686.375000
40 1984.731567 1708281.000000 1914945.000000 1944859.375000 1709596.375000
41 2037.252441 1708280.875000 1914853.125000 1944859.375000 1708281.000000
42 2101.596680 1707685.500000 1914633.625000 1944859.375000 1708280.875000
43 2150.269775 1706735.250000 1914529.000000 1944859.375000 1707685.500000
44 2201.849365 1704572.125000 1914397.750000 1944859.375000 1706735.250000
45 2240.646484 1703609.125000 1914321.250000 1944859.375000 1704572.125000
46 2283.432129 1702612.000000 1928619.875000 2430702.750000 1703609.125000
47 2334.890137 1702612.000000 1923665.000000 2430702.750000 1702612.000000
48 2386.430420 1699801.875000 1923420.375000 2430702.750000 1702612.000000
49 2434.334229 1699262.625000 1923327.375000 2430702.750000 1699801.875000
50 2471.490234 1699262.625000 1923227.875000 2430702.750000 1699262.625000
51 2520.637695 1699155.125000 1923159.625000 2430702.750000 1699262.625000
52 2577.285156 1696921.250000 1922993.500000 2430702.750000 1699155.125000
53 2623.139893 1695620.375000 1922877.000000 2430702.750000 1696921.250000
54 2679.218506 1695615.125000 1922741.000000 2430702.750000 1695620.375000
55 2724.301514 1694265.500000 1922704.500000 2430702.750000 1695615.125000
56 2771.938721 1692700.750000 1922610.375000 2430702.750000 1694265.500000
57 2808.587402 1692697.375000 1922503.625000 2430702.750000 1692700.750000
58 2851.595459 1692645.000000 1980881.000000 4620014.500000 1692697.375000
59 2903.925293 1692224.500000 1922705.750000 2430702.750000 1692645.000000
60 2962.949219 1692224.500000 1922539.500000 2430702.750000 1692224.500000
61 3019.424805 1691328.000000 1922513.000000 2430702.750000 1692224.500000
62 3077.903809 1691327.500000 1922366.500000 2430702.750000 1691328.000000
63 3132.425049 1691048.375000 1922336.000000 2430702.750000 1691327.500000
64 3184.869385 1690146.250000 1922306.750000 2430702.750000 1691048.375000
65 3230.385010 1689999.750000 1922246.750000 2430702.750000 1690146.250000
66 3289.594727 1688741.625000 1922163.625000 2430702.750000 1689999.750000
67 3346.518799 1688300.375000 1922107.500000 2430702.750000 1688741.625000
68 3396.052979 1688277.500000 1922061.125000 2430702.750000 1688300.375000
69 3443.639893 1686297.375000 1921975.625000 2430702.750000 1688277.500000
