0 0.000000 1928255.375000 1948572.125000 1964965.000000 1928255.375000
1 45.697765 1904632.625000 1948572.125000 1964965.000000 1928255.375000
2 96.273209 1887684.750000 1947157.250000 1964965.000000 1904632.625000
3 149.511932 1878105.250000 1944884.375000 1964965.000000 1887684.750000
4 194.683731 1853867.500000 1942899.000000 1964965.000000 1878105.250000
5 243.583740 1841777.125000 1942057.750000 1964965.000000 1853867.500000
6 289.391815 1837125.500000 1938224.375000 1964965.000000 1841777.125000
7 335.377472 1826406.375000 1936158.500000 1964965.000000 1837125.500000
8 381.219849 1821793.250000 1934259.250000 1964965.000000 1826406.375000
9 433.175812 1817121.125000 1932235.500000 1952253.250000 1821793.250000
10 488.685638 1805437.875000 1931137.000000 1952253.250000 1817121.125000
11 533.698364 1803456.750000 1929738.250000 1952253.250000 1805437.875000
12 583.749634 1802977.625000 1929000.625000 1952253.250000 1803456.750000
13 636.770935 1792396.875000 1928438.875000 1952253.250000 1802977.625000
14 680.290588 1788903.375000 1927403.000000 1952253.250000 1792396.875000
15 727.517456 1785920.750000 1926611.875000 1952253.250000 1788903.375000
16 774.939697 1772621.875000 1925688.500000 1952253.250000 1785920.750000
17 820.810791 1764218.375000 1965705.875000 3936599.500000 1772621.875000
18 865.223572 1754366.500000 1923925.625000 1952253.250000 1764218.375000
19 911.388916 1750421.125000 1923176.125000 1952253.250000 1754366.500000
20 968.292419 1746954.500000 1922629.250000 1952253.250000 1750421.125000
21 1018.478394 1740239.875000 1921770.250000 1952253.250000 1746954.500000
22 1068.828613 1737468.750000 1921234.750000 1952253.250000 1740239.875000
23 1118.713989 1733624.000000 1920335.875000 1952253.250000 1737468.750000
24 1165.623657 1731142.625000 1919462.875000 1952253.250000 1733624.000000
25 1220.733154 1730583.125000 1918963.500000 1952253.250000 1731142.625000
26 1274.207397 1728924.375000 1918653.250000 1952253.250000 1730583.125000
27 1325.598389 1727013.625000 1927076.375000 2179475.250000 1728924.375000
28 1372.631836 1725057.875000 1920922.375000 1952253.250000 1727013.625000
29 1419.335693 1722952.000000 1920539.875000 1952253.250000 1725057.875000
30 1461.695312 1721321.125000 1920307.000000 1952253.250000 1722952.000000
31 1509.677979 1719908.000000 1919895.250000 1952253.250000 1721321.125000
32 1552.715210 1717293.375000 1919645.000000 1952253.250000 1719908.000000
33 1606.396362 1716290.375000 1919305.000000 1952253.250000 1717293.375000
34 1658.851318 1714617.375000 1997130.750000 5789320.500000 1716290.375000
35 1700.584351 1710234.875000 1916281.875000 1952253.250000 1714617.375000
36 1747.808105 1706942.625000 1915901.875000 1952253.250000 1710234.875000
37 1793.691040 1706204.250000 1915606.875000 1952253.250000 1706942.625000
38 1836.645020 1705856.625000 1915450.250000 1952253.250000 1706204.250000
39 1880.692993 1704231.750000 1966892.000000 4297170.500000 1705856.625000
40 1925.840454 1702978.875000 1920831.375000 1995369.375000 1704231.750000
41 1971.772339 1702471.750000 1915021.000000 1952253.250000 1702978.875000
42 2019.884033 1702427.875000 1914878.250000 1952253.250000 1702471.750000
43 2059.485840 1702186.750000 1914820.750000 1952253.250000 1702427.875000
44 2101.998535 1702186.750000 1914645.125000 1952253.250000 1702186.750000
45 2150.813721 1701279.000000 1914440.375000 1952253.250000 1702186.750000
46 2188.657227 1700806.000000 1914270.375000 1952253.250000 1701279.000000
47 2236.142822 1699921.500000 1914213.875000 1952253.250000 1700806.000000
48 2276.837646 1699820.875000 1914091.875000 1952253.250000 1699921.500000
49 2329.386475 1699238.125000 1913907.250000 1952253.250000 1699820.875000
50 2380.303711 1697159.625000 1913794.500000 1952253.250000 1699238.125000
51 2420.979492 1696961.125000 1913697.875000 1952253.250000 1697159.625000
52 2469.347412 1696459.375000 1913672.125000 1952253.250000 1696961.125000
53 2515.708496 1696393.625000 1913580.125000 1952253.250000 1696459.375000
54 2569.784180 1696206.875000 1913543.000000 1952253.250000 1696393.625000
55 2606.625732 1695808.625000 1913438.375000 1952253.250000 1696206.875000
56 2650.085449 1695530.000000 1913396.375000 1952253.250000 1695808.625000
57 2698.291016 1695414.625000 1913377.000000 1952253.250000 1695530.000000
58 2742.982666 1694319.500000 1913231.875000 1952253.250000 1695414.625000
59 2794.981689 1694157.000000 1913151.375000 1952253.250000 1694319.500000
60 2841.021484 1694157.000000 1913054.875000 1952253.250000 1694157.000000
61 2880.136719 1693943.750000 1912957.500000 1952253.250000 1694157.000000
62 2927.845703 1693943.750000 1967614.875000 4463603.000000 1693943.750000
63 2972.633789 1693729.250000 1947676.625000 2971405.750000 1693969.500000
64 3013.799316 1693708.125000 2016191.000000 5844015.500000 1693729.250000
65 3053.529541 1693321.625000 1924527.625000 2185454.250000 1693708.125000
66 3101.490234 1693155.125000 1921342.875000 2185454.250000 1693321.625000
67 3150.382080 1692900.000000 1921084.375000 2185454.250000 1693155.125000
68 3185.570068 1692900.000000 1920768.125000 2185454.250000 1692900.000000
69 3233.100586 1692840.875000 1920519.875000 2185454.250000 1692900.000000
70 3282.251709 1691346.875000 1920293.875000 2185454.250000 1692840.875000
71 3334.316406 1691346.875000 1919840.625000 2185454.250000 1691346.875000
72 3379.710449 1691193.750000 1919785.000000 2185454.250000 1691346.875000
73 3430.239746 1690167.625000 1919536.375000 2185454.250000 1691193.750000
