0 0.000001 1925617.250000 1948780.000000 1969237.875000 1925617.250000
1 33.171177 1900192.375000 1948780.000000 1969237.875000 1925617.250000
2 70.849068 1883483.750000 1945948.125000 1969237.875000 1900192.375000
3 107.661858 1867462.125000 1943243.375000 1969237.875000 1883483.750000
4 147.085587 1857674.750000 1964654.875000 3143358.750000 1867462.125000
5 186.675995 1847867.375000 1960163.500000 3143358.750000 1857674.750000
6 229.928146 1828831.750000 1957723.000000 3143358.750000 1847867.375000
7 270.637543 1821146.250000 1955149.250000 3143358.750000 1828831.750000
8 308.928680 1815785.625000 1929290.500000 1957208.000000 1821146.250000
9 346.886383 1807175.125000 1927366.500000 1957208.000000 1815785.625000
10 388.210999 1802247.375000 1925705.125000 1957208.000000 1807175.125000
11 428.216064 1787662.250000 2011321.500000 6132095.500000 1802247.375000
12 466.346527 1777891.500000 2007323.875000 6132095.500000 1787662.250000
13 509.192993 1769691.250000 2005559.000000 6132095.500000 1777891.500000
14 548.744812 1757679.875000 2004023.875000 6132095.500000 1769691.250000
15 586.703308 1751490.250000 2002808.000000 6132095.500000 1757679.875000
16 628.021423 1747710.375000 2001637.875000 6132095.500000 1751490.250000
17 671.222595 1741651.000000 2000372.625000 6132095.500000 1747710.375000
18 711.432251 1739971.625000 1999267.375000 6132095.500000 1741651.000000
19 748.106201 1736422.500000 1998570.375000 6132095.500000 1739971.625000
20 784.635498 1734402.000000 1997575.625000 6132095.500000 1736422.500000
21 826.841309 1731357.375000 2011566.500000 6132095.500000 1734402.000000
22 867.018250 1727626.500000 1923568.625000 2491102.250000 1731357.375000
23 902.377258 1723015.625000 1922497.875000 2491102.250000 1727626.500000
24 942.087952 1720291.250000 1921876.375000 2491102.250000 1723015.625000
25 972.306519 1718828.875000 1921244.375000 2491102.250000 1720291.250000
26 1007.690735 1718646.625000 1959102.250000 3762699.000000 1718828.875000
27 1051.079468 1714990.125000 1918711.000000 2491102.250000 1718646.625000
28 1091.597046 1710891.250000 1918060.500000 2491102.250000 1714990.125000
29 1129.059814 1710133.375000 1917529.125000 2491102.250000 1710891.250000
30 1166.790161 1709274.000000 1917126.750000 2491102.250000 1710133.375000
31 1206.777466 1709166.625000 1916843.500000 2491102.250000 1709274.000000
32 1244.264526 1709166.625000 1916457.750000 2491102.250000 1709166.625000
33 1280.410767 1707540.250000 1916219.500000 2491102.250000 1709166.625000
34 1322.197754 1706516.125000 1915958.875000 2491102.250000 1707540.250000
35 1363.741089 1705637.875000 1915674.500000 2491102.250000 1706516.125000
36 1399.605713 1705497.000000 1915558.125000 2491102.250000 1705637.875000
37 1439.240479 1699373.625000 1960624.375000 3975208.250000 1705497.000000
38 1479.235352 1699373.625000 1914988.625000 2491102.250000 1699373.625000
39 1515.894653 1699130.750000 1914685.625000 2491102.250000 1699373.625000
40 1557.538086 1698858.875000 1914377.000000 2491102.250000 1699130.750000
41 1595.089233 1698440.375000 1914260.750000 2491102.250000 1698858.875000
42 1634.065796 1698440.375000 1913877.750000 2491102.250000 1698440.375000
43 1670.148560 1697770.750000 1913699.000000 2491102.250000 1698440.375000
44 1709.949707 1697770.750000 1913502.750000 2491102.250000 1697770.750000
45 1741.807495 1695977.250000 1913355.875000 2491102.250000 1697770.750000
46 1784.118408 1695777.000000 1913176.500000 2491102.250000 1695977.250000
47 1817.602417 1695364.875000 1912988.500000 2491102.250000 1695777.000000
48 1853.707031 1695123.125000 1912947.875000 2491102.250000 1695364.875000
49 1893.047729 1694649.875000 1912809.125000 2491102.250000 1695123.125000
50 1926.710815 1694075.625000 1912725.500000 2491102.250000 1694649.875000
51 1967.750366 1692719.125000 1912622.250000 2491102.250000 1694075.625000
52 1998.402710 1691323.250000 1912532.375000 2491102.250000 1692719.125000
53 2035.612183 1691323.250000 1912440.500000 2491102.250000 1691323.250000
54 2074.848633 1690786.125000 1912398.375000 2491102.250000 1691323.250000
55 2109.326904 1690364.250000 1912273.875000 2491102.250000 1690786.125000
56 2144.300537 1690104.250000 1912178.250000 2491102.250000 1690364.250000
57 2180.971191 1690096.500000 1912116.500000 2491102.250000 1690104.250000
58 2215.114502 1690096.500000 1912097.125000 2491102.250000 1690096.500000
59 2253.494629 1690019.500000 1912058.125000 2491102.250000 1690096.500000
60 2289.276123 1690019.500000 1912014.750000 2491102.250000 1690019.500000
61 2325.310059 1689994.500000 1911878.125000 2491102.250000 1690019.500000
62 2360.506348 1689877.625000 1931778.750000 2703477.250000 1689994.500000
63 2403.969238 1689877.625000 1911856.000000 2491102.250000 1689877.625000
64 2445.958740 1689087.750000 1911794.875000 2491102.250000 1689877.625000
65 2480.471436 1689087.750000 1911773.750000 2491102.250000 1689087.750000
66 2516.759521 1689087.750000 1911555.375000 2491102.250000 1689087.750000
67 2555.105713 1689087.750000 1911473.750000 2491102.250000 1689087.750000
68 2589.090820 1688911.375000 1911446.500000 2491102.250000 1689087.750000
69 2627.039795 1688911.375000 1911415.000000 2491102.250000 1688911.375000
70 2664.563232 1688911.375000 1911395.000000 2491102.250000 1688911.375000
71 2702.391846 1688911.375000 1911377.875000 2491102.250000 1688911.375000
72 2736.840332 1688749.125000 1911349.000000 2491102.250000 1688911.375000
73 2777.029297 1688749.125000 1953323.875000 3789008.000000 1688749.125000
74 2818.124023 1688518.000000 1937579.625000 3789008.000000 1688749.125000
75 2855.065918 1688518.000000 1937517.750000 3789008.000000 1688518.000000
76 2894.698486 1688518.000000 1937492.000000 3789008.000000 1688518.000000
77 2932.399658 1688451.625000 1944550.375000 3789008.000000 1688518.000000
78 2964.418701 1688355.750000 1907247.375000 2055405.375000 1688451.625000
79 2999.389893 1688355.750000 1907018.750000 2055405.375000 1688355.750000
80 3032.609131 1688289.375000 1907002.875000 2055405.375000 1688355.750000
81 3070.870361 1688289.375000 1906943.875000 2055405.375000 1688289.375000
82 3105.252197 1688289.375000 1906900.750000 2055405.375000 1688289.375000
83 3139.346924 1688270.500000 1906714.250000 2055405.375000 1688289.375000
84 3173.474609 1688270.500000 1906623.375000 2055405.375000 1688270.500000
85 3212.299561 1688270.500000 1906561.125000 2055405.375000 1688270.500000
86 3249.073242 1688270.500000 1906402.875000 2055405.375000 1688270.500000
87 3291.562012 1688270.500000 1906390.375000 2055405.375000 1688270.500000
88 3337.787109 1688267.500000 1906358.375000 2055405.375000 1688270.500000
89 3374.156006 1688241.500000 1906205.875000 2055405.375000 1688267.500000
90 3411.603760 1688238.500000 1906036.125000 2055405.375000 1688241.500000
91 3449.227539 1688238.500000 1906014.250000 2055405.375000 1688238.500000
92 3485.385254 1687936.375000 1905977.500000 2055405.375000 1688238.500000
