0 0.000001 1927083.625000 1952153.625000 1970607.250000 1927083.625000
1 28.145121 1903571.625000 1952153.625000 1970607.250000 1927083.625000
2 58.238556 1886297.625000 1941296.625000 1970607.250000 1903571.625000
3 86.297775 1877310.500000 1931265.750000 1963393.250000 1886297.625000
4 114.604919 1860529.500000 1923788.750000 1963393.250000 1877310.500000
5 146.046219 1850148.375000 1917248.000000 1963393.250000 1860529.500000
6 178.129883 1837924.750000 1912154.500000 1963393.250000 1850148.375000
7 205.485535 1822625.750000 1906753.500000 1963393.250000 1837924.750000
8 236.568100 1807282.250000 1966174.500000 5069744.000000 1822625.750000
9 266.874542 1797004.750000 1959470.250000 5069744.000000 1807282.250000
10 293.807373 1792907.375000 1954806.375000 5069744.000000 1797004.750000
11 320.355286 1790577.875000 1951000.125000 5069744.000000 1792907.375000
12 346.505463 1779739.000000 1947283.875000 5069744.000000 1790577.875000
13 376.027283 1772006.375000 1943820.125000 5069744.000000 1779739.000000
14 399.368378 1770445.125000 2006386.250000 5166782.500000 1772006.375000
15 427.222076 1767039.000000 1946875.375000 5069744.000000 1770445.125000
16 451.953918 1761704.125000 1930639.250000 4374085.500000 1767039.000000
17 481.102936 1753981.250000 1876896.750000 2318799.500000 1761704.125000
18 507.271820 1750695.000000 1874008.000000 2318799.500000 1753981.250000
19 536.704773 1745719.000000 1871517.500000 2318799.500000 1750695.000000
20 565.076538 1743795.500000 1869668.625000 2318799.500000 1745719.000000
21 596.025818 1739913.875000 1868135.000000 2318799.500000 1743795.500000
22 623.854370 1733099.250000 1916037.625000 4247503.000000 1739913.875000
23 645.743164 1733099.250000 1864295.250000 2318799.500000 1733099.250000
24 671.540222 1730751.625000 1868353.625000 2318799.500000 1733099.250000
25 697.620911 1728571.250000 1855705.625000 2035096.375000 1730751.625000
26 726.074829 1724030.000000 1886420.375000 3364310.750000 1728571.250000
27 758.139893 1721983.750000 1889554.250000 3588456.750000 1724030.000000
28 783.750061 1715026.875000 1851282.500000 2035096.375000 1721983.750000
29 806.952393 1714333.375000 1849785.125000 2035096.375000 1715026.875000
30 837.231567 1714217.000000 1903621.500000 4474724.000000 1714333.375000
31 866.645203 1712892.000000 1847935.250000 2035096.375000 1714217.000000
32 894.523438 1709785.625000 1846977.250000 2035096.375000 1712892.000000
33 923.637634 1709607.625000 1845719.250000 2035096.375000 1709785.625000
34 950.534607 1709607.625000 1844953.875000 2035096.375000 1709607.625000
35 980.791931 1708232.125000 1856165.250000 2309176.250000 1709607.625000
36 1008.925110 1708043.500000 1843431.875000 2035096.375000 1708232.125000
37 1035.982178 1707071.125000 1842903.625000 2035096.375000 1708043.500000
38 1067.522827 1705868.625000 1879474.125000 2927965.250000 1707071.125000
39 1094.502075 1705844.000000 1869576.625000 2927965.250000 1705868.625000
40 1121.552002 1700981.500000 1868664.625000 2927965.250000 1705844.000000
41 1152.436035 1700915.875000 1868047.000000 2927965.250000 1700981.500000
42 1178.879272 1700060.625000 1867348.000000 2927965.250000 1700915.875000
43 1208.467041 1699778.375000 1983762.875000 4970719.000000 1700060.625000
44 1232.644409 1699509.000000 1998166.250000 4970719.000000 1699778.375000
45 1258.868896 1698974.625000 1995269.250000 4970719.000000 1699509.000000
46 1287.274170 1698767.875000 1994882.500000 4970719.000000 1698974.625000
47 1313.976074 1698609.375000 1994024.375000 4970719.000000 1698767.875000
48 1341.768921 1697784.250000 2011549.500000 4970719.000000 1698609.375000
49 1370.589722 1697784.250000 2005748.625000 4970719.000000 1697784.250000
50 1400.318359 1696777.625000 2004932.000000 4970719.000000 1697784.250000
51 1426.384766 1696777.625000 2004365.625000 4970719.000000 1696777.625000
52 1453.958252 1696593.375000 2003827.000000 4970719.000000 1696777.625000
53 1484.168823 1696593.375000 2003333.750000 4970719.000000 1696593.375000
54 1512.570801 1695492.625000 2014736.500000 4970719.000000 1696593.375000
55 1542.794556 1695492.625000 2000523.000000 4970719.000000 1695492.625000
56 1568.558594 1695456.500000 1999778.125000 4970719.000000 1695492.625000
57 1596.349976 1695202.750000 1999536.750000 4970719.000000 1695456.500000
58 1623.509399 1695035.250000 1999058.750000 4970719.000000 1695202.750000
59 1650.900879 1695035.250000 1998794.750000 4970719.000000 1695035.250000
60 1680.395996 1695011.500000 2047636.375000 4970719.000000 1695035.250000
61 1708.884399 1694586.000000 2001450.750000 4296775.500000 1695011.500000
62 1736.846680 1694586.000000 2000992.000000 4296775.500000 1694586.000000
63 1764.080811 1694495.750000 2000827.500000 4296775.500000 1694586.000000
64 1792.825928 1694445.250000 2000623.875000 4296775.500000 1694495.750000
65 1820.531128 1694445.250000 2000398.250000 4296775.500000 1694445.250000
66 1848.136597 1694445.250000 2000197.750000 4296775.500000 1694445.250000
67 1874.300659 1694301.500000 2013696.000000 4296775.500000 1694445.250000
68 1904.537842 1694301.500000 2008269.500000 4296775.500000 1694301.500000
69 1931.795044 1694284.375000 2007864.625000 4296775.500000 1694301.500000
70 1964.010742 1694260.625000 2007626.875000 4296775.500000 1694284.375000
71 1992.518311 1694253.000000 2007520.750000 4296775.500000 1694260.625000
72 2022.989258 1694151.125000 2007353.875000 4296775.500000 1694253.000000
73 2050.351318 1694151.125000 2007161.125000 4296775.500000 1694151.125000
74 2076.861572 1693635.000000 2007033.250000 4296775.500000 1694151.125000
75 2104.816162 1693635.000000 2006928.125000 4296775.500000 1693635.000000
76 2132.073242 1693635.000000 2009711.000000 4296775.500000 1693635.000000
77 2157.982910 1693635.000000 2044067.250000 4296775.500000 1693635.000000
78 2183.233643 1693623.000000 2013064.750000 4167582.000000 1693635.000000
79 2213.522217 1693456.625000 2011109.125000 4167582.000000 1693623.000000
80 2242.658936 1693456.625000 2010702.250000 4167582.000000 1693456.625000
81 2271.015137 1693456.625000 2079168.500000 5137485.500000 1693456.625000
82 2301.206299 1693456.625000 2033096.750000 4167582.000000 1693456.625000
83 2330.642578 1693456.625000 2027341.750000 4167582.000000 1693456.625000
84 2356.368652 1693309.500000 2089890.250000 4167582.000000 1693456.625000
85 2383.642334 1693309.500000 2087497.625000 4167582.000000 1693309.500000
86 2411.984375 1693236.750000 2170836.750000 4588596.000000 1693309.500000
87 2443.338867 1692564.750000 2186523.750000 4588596.000000 1693236.750000
88 2471.747803 1692564.750000 2180651.500000 4588596.000000 1692564.750000
89 2499.095459 1692564.750000 2180322.250000 4588596.000000 1692564.750000
90 2525.601074 1692564.750000 2180172.500000 4588596.000000 1692564.750000
91 2555.188232 1692564.750000 2193986.250000 4588596.000000 1692564.750000
92 2576.369629 1692530.875000 2231742.750000 4588596.000000 1692564.750000
93 2601.058105 1692530.875000 2226157.750000 4588596.000000 1692530.875000
94 2631.327393 1692530.875000 2225965.500000 4588596.000000 1692530.875000
95 2659.653809 1692530.875000 2225691.000000 4588596.000000 1692530.875000
96 2688.211670 1692530.875000 2225424.000000 4588596.000000 1692530.875000
97 2716.251709 1692530.875000 2225376.000000 4588596.000000 1692530.875000
98 2740.915283 1692365.250000 2225226.000000 4588596.000000 1692530.875000
99 2768.426270 1692365.250000 2225056.750000 4588596.000000 1692365.250000
100 2795.953125 1692365.250000 2224814.500000 4588596.000000 1692365.250000
101 2821.791260 1692365.250000 2224739.750000 4588596.000000 1692365.250000
102 2849.173584 1692365.250000 2224691.250000 4588596.000000 1692365.250000
103 2879.986328 1692365.250000 2224597.500000 4588596.000000 1692365.250000
104 2908.289551 1692365.250000 2253287.000000 4588596.000000 1692365.250000
105 2939.647949 1692365.250000 2251053.750000 4588596.000000 1692365.250000
106 2967.141846 1692365.250000 2250934.000000 4588596.000000 1692365.250000
107 2992.675537 1692365.250000 2327870.500000 5546340.000000 1692365.250000
108 3022.187500 1692141.125000 2376069.750000 5546340.000000 1692365.250000
109 3051.240234 1692141.125000 2371071.000000 5546340.000000 1692141.125000
110 3073.753418 1692141.125000 2408078.500000 5546340.000000 1692141.125000
111 3105.499756 1692141.125000 2437647.750000 5546340.000000 1692141.125000
112 3131.320801 1692141.125000 2467159.750000 5546340.000000 1692141.125000
113 3157.972412 1692141.125000 2467273.000000 5546340.000000 1692141.125000
114 3189.756836 1692141.125000 2480450.500000 5546340.000000 1692141.125000
115 3218.484131 1692141.125000 2478693.750000 5546340.000000 1692141.125000
116 3246.325684 1692141.125000 2478264.750000 5546340.000000 1692141.125000
117 3272.116943 1692141.125000 2477675.750000 5546340.000000 1692141.125000
118 3301.003662 1692141.125000 2476865.500000 5546340.000000 1692141.125000
119 3329.253174 1692141.125000 2475125.500000 5546340.000000 1692141.125000
120 3357.518555 1692141.125000 2471738.000000 5546340.000000 1692141.125000
121 3386.067383 1692141.125000 2464243.000000 5546340.000000 1692141.125000
122 3412.492432 1692141.125000 2449338.500000 5546340.000000 1692141.125000
123 3441.025879 1692141.125000 2423616.750000 5546340.000000 1692141.125000
124 3470.709961 1692141.125000 2394371.000000 5546340.000000 1692141.125000
125 3500.095459 1692141.125000 2365687.250000 5546340.000000 1692141.125000
126 3529.488525 1692141.125000 2333896.250000 5546340.000000 1692141.125000
