0 0.000000 1929238.625000 1947734.125000 1973164.125000 1929238.625000
1 30.400137 1897540.625000 1947734.125000 1973164.125000 1929238.625000
2 65.917946 1880010.125000 1943436.500000 1964578.125000 1897540.625000
3 97.689705 1863771.000000 1968932.625000 3303704.500000 1880010.125000
4 129.173996 1845652.625000 1937865.000000 1964578.125000 1863771.000000
5 165.182098 1836287.500000 1932761.875000 1962304.375000 1845652.625000
6 191.957428 1826450.000000 1929332.625000 1962304.375000 1836287.500000
7 218.677643 1823316.625000 1927133.500000 1959702.625000 1826450.000000
8 253.784866 1820376.625000 1925270.875000 1959702.625000 1823316.625000
9 282.945221 1806478.250000 1923542.250000 1959702.625000 1820376.625000
10 317.744263 1799188.000000 1921332.000000 1959697.750000 1806478.250000
11 352.441223 1790591.625000 1919670.750000 1959697.750000 1799188.000000
12 383.016174 1790588.625000 1917800.750000 1959697.750000 1790591.625000
13 416.629303 1785230.250000 1916118.250000 1959697.750000 1790588.625000
14 443.039764 1776903.750000 1914905.750000 1959697.750000 1785230.250000
15 474.241180 1768031.750000 1913719.000000 1959697.750000 1776903.750000
16 506.155212 1764998.000000 1911703.250000 1959697.750000 1768031.750000
17 540.399109 1763081.000000 1910219.250000 1959697.750000 1764998.000000
18 577.875916 1760562.500000 1909273.750000 1959697.750000 1763081.000000
19 608.248230 1756411.375000 1908342.750000 1959697.750000 1760562.500000
20 641.379395 1752111.250000 1907257.250000 1959697.750000 1756411.375000
21 678.385742 1747054.250000 1906241.625000 1959697.750000 1752111.250000
22 713.280762 1741714.250000 1904972.375000 1959697.750000 1747054.250000
23 747.130127 1738483.500000 1904001.750000 1959697.750000 1741714.250000
24 777.585510 1734573.000000 1903172.375000 1959697.750000 1738483.500000
25 810.019958 1733091.250000 1902481.750000 1959697.750000 1734573.000000
26 840.297729 1731420.500000 1920029.875000 2662565.250000 1733091.250000
27 870.422974 1726637.875000 1901974.500000 1959697.750000 1731420.500000
28 905.054993 1724527.750000 1900886.750000 1959697.750000 1726637.875000
29 935.394348 1722905.000000 1978305.500000 5637316.000000 1724527.750000
30 966.614014 1715577.625000 1912032.125000 2338669.750000 1722905.000000
31 1001.623169 1715577.625000 1899027.000000 1959697.750000 1715577.625000
32 1035.015137 1714230.250000 1898668.000000 1959697.750000 1715577.625000
33 1068.167114 1711092.125000 1898235.500000 1959697.750000 1714230.250000
34 1099.941895 1709471.125000 1897682.875000 1959697.750000 1711092.125000
35 1130.106079 1709471.125000 1897374.500000 1959697.750000 1709471.125000
36 1166.498413 1707760.250000 1979326.750000 5826446.500000 1709471.500000
37 1199.464722 1707759.625000 1978707.000000 5826446.500000 1707760.250000
38 1230.695679 1705640.500000 1977338.375000 5826446.500000 1707759.625000
39 1263.464111 1703684.375000 1976865.500000 5826446.500000 1705640.500000
40 1299.598999 1702331.000000 1976209.500000 5826446.500000 1703684.375000
41 1331.269531 1702329.500000 1975597.125000 5826446.500000 1702331.000000
42 1363.217896 1700733.125000 1975301.500000 5826446.500000 1702329.500000
43 1394.057739 1700729.500000 2018296.000000 5826446.500000 1700733.125000
44 1428.968750 1699385.125000 1936197.750000 3903098.000000 1700729.500000
45 1463.370117 1698815.500000 1935727.625000 3903098.000000 1699385.125000
46 1491.213501 1697430.500000 1935454.875000 3903098.000000 1698815.500000
47 1521.778564 1696867.125000 1935081.750000 3903098.000000 1697430.500000
48 1550.725342 1696470.000000 1934864.500000 3903098.000000 1696867.125000
49 1583.797119 1696352.500000 1934620.750000 3903098.000000 1696470.000000
50 1617.212769 1695635.875000 1934505.875000 3903098.000000 1696352.500000
51 1651.238403 1693541.375000 1934237.750000 3903098.000000 1695635.875000
52 1685.609375 1693540.375000 1933967.250000 3903098.000000 1693541.375000
53 1713.748779 1693300.875000 1933831.875000 3903098.000000 1693540.375000
54 1743.353271 1692923.500000 1933591.375000 3903098.000000 1693300.875000
55 1776.913818 1692083.875000 1933309.250000 3903098.000000 1692923.500000
56 1803.182373 1692083.500000 1933181.000000 3903098.000000 1692083.875000
57 1836.619263 1691564.375000 1932984.375000 3903098.000000 1692083.500000
58 1866.209717 1691564.375000 1932860.000000 3903098.000000 1691564.375000
59 1898.839355 1691404.625000 1936293.875000 3903098.000000 1691564.375000
60 1928.623657 1691387.375000 1935853.000000 3903098.000000 1691404.625000
61 1959.966309 1690692.500000 1935721.500000 3903098.000000 1691387.375000
62 1995.624390 1690692.500000 1935230.750000 3903098.000000 1690692.500000
63 2029.041626 1689634.500000 1935143.625000 3903098.000000 1690692.500000
64 2057.653076 1689634.500000 1973363.875000 3903098.000000 1689634.500000
65 2084.630371 1689332.000000 1939167.875000 3624059.750000 1689634.500000
66 2117.703369 1688641.750000 1900573.500000 2186107.000000 1689332.000000
67 2146.087891 1688641.750000 1900299.875000 2186107.000000 1688641.750000
68 2175.093750 1688335.125000 1900232.125000 2186107.000000 1688641.750000
69 2208.806396 1688187.750000 1900168.375000 2186107.000000 1688335.125000
70 2244.980713 1688187.750000 1900109.000000 2186107.000000 1688187.750000
71 2277.687256 1688187.750000 1899788.750000 2186107.000000 1688187.750000
72 2305.823975 1688150.625000 1899756.125000 2186107.000000 1688187.750000
73 2337.047607 1687722.125000 1956218.875000 4559700.000000 1688150.625000
74 2372.053223 1687719.250000 1915962.500000 2543578.750000 1687722.125000
75 2404.616699 1687716.750000 1899321.750000 2186107.000000 1687719.250000
76 2438.527588 1687716.500000 1899164.625000 2186107.000000 1687716.750000
77 2471.666748 1687602.750000 1899091.625000 2186107.000000 1687716.500000
78 2504.327393 1687602.750000 1899013.875000 2186107.000000 1687602.750000
79 2540.431885 1687533.875000 1898795.250000 2186107.000000 1687602.750000
80 2563.040771 1687533.875000 1898689.125000 2186107.000000 1687533.875000
81 2593.593506 1687521.000000 1898642.125000 2186107.000000 1687533.875000
82 2624.393311 1687482.250000 1898596.000000 2186107.000000 1687521.000000
83 2657.053711 1687465.500000 1898534.750000 2186107.000000 1687482.250000
84 2687.214600 1687093.625000 1898381.125000 2186107.000000 1687465.500000
85 2723.402344 1686937.750000 1898339.875000 2186107.000000 1687093.625000
86 2753.308594 1686937.750000 1898185.500000 2186107.000000 1686937.750000
87 2784.019287 1686937.250000 1898093.875000 2186107.000000 1686937.750000
88 2818.214600 1686773.125000 1898021.875000 2186107.000000 1686937.250000
89 2849.417236 1686756.375000 1897975.625000 2186107.000000 1686773.125000
90 2883.470215 1686756.375000 1897951.250000 2186107.000000 1686756.375000
91 2914.378418 1686756.375000 1897924.500000 2186107.000000 1686756.375000
92 2945.302490 1686756.375000 1897902.375000 2186107.000000 1686756.375000
93 2972.802979 1686650.375000 1897888.375000 2186107.000000 1686756.375000
94 3004.162598 1686383.625000 1897690.375000 2186107.000000 1686650.375000
95 3036.694336 1686383.625000 1897647.375000 2186107.000000 1686383.625000
96 3070.452637 1686383.625000 1897589.250000 2186107.000000 1686383.625000
97 3095.941895 1686311.875000 1897549.750000 2186107.000000 1686383.625000
98 3124.378418 1686221.750000 1897536.500000 2186107.000000 1686311.875000
99 3156.562744 1686171.875000 1897470.875000 2186107.000000 1686221.750000
100 3188.360107 1686171.875000 1897453.625000 2186107.000000 1686171.875000
101 3218.604004 1686166.875000 1897431.500000 2186107.000000 1686171.875000
102 3252.336426 1686162.250000 1897387.375000 2186107.000000 1686166.875000
103 3281.963623 1686162.250000 1897367.375000 2186107.000000 1686162.250000
104 3313.519775 1686162.250000 1897341.625000 2186107.000000 1686162.250000
105 3344.958496 1686162.250000 1897319.625000 2186107.000000 1686162.250000
106 3375.195068 1686161.000000 1897293.000000 2186107.000000 1686162.250000
107 3407.201904 1686161.000000 1897269.875000 2186107.000000 1686161.000000
108 3437.874756 1686161.000000 1897233.875000 2186107.000000 1686161.000000
109 3473.405518 1686161.000000 1897213.750000 2186107.000000 1686161.000000
110 3510.243896 1686161.000000 1897110.125000 2186107.000000 1686161.000000
