0 0.000017 1920241.250000 1949509.125000 1970358.500000 1920241.250000
1 38.000721 1901276.250000 1949509.125000 1970358.500000 1920241.250000
2 78.066673 1886787.500000 1948728.750000 1970358.500000 1901276.250000
3 121.213058 1875989.375000 1947501.875000 1970358.500000 1886787.500000
4 161.109924 1858242.625000 1944985.125000 1970358.500000 1875989.375000
5 209.152847 1842933.125000 1941567.375000 1968704.375000 1858242.625000
6 255.073273 1831409.250000 1939282.500000 1968704.375000 1842933.125000
7 301.592743 1822700.250000 1937882.500000 1968704.375000 1831409.250000
8 348.667114 1813148.375000 1936178.875000 1968704.375000 1822700.250000
9 395.783875 1802721.125000 1934664.000000 1968704.375000 1813148.375000
10 438.518799 1796716.500000 1933122.500000 1968704.375000 1802721.125000
11 493.663727 1792014.750000 1931751.375000 1968704.375000 1796716.500000
12 533.898315 1789955.125000 1930657.625000 1968704.375000 1792014.750000
13 578.692078 1783799.125000 1929725.750000 1968704.375000 1789955.125000
14 625.586365 1780870.750000 1928755.250000 1968704.375000 1783799.125000
15 668.308044 1776014.000000 1927830.375000 1968704.375000 1780870.750000
16 710.768127 1765205.750000 1927168.000000 1968704.375000 1776014.000000
17 754.774170 1761633.625000 1926177.875000 1968704.375000 1765205.750000
18 795.518616 1757013.125000 1925316.500000 1968704.375000 1761633.625000
19 839.945862 1754039.625000 1924590.750000 1968704.375000 1757013.125000
20 884.721863 1747967.250000 1924041.250000 1968704.375000 1754039.625000
21 931.341248 1743279.125000 1923597.125000 1968704.375000 1747967.250000
22 970.957520 1738018.250000 1966262.125000 4019148.500000 1743279.125000
23 1014.211914 1730550.250000 1962016.000000 4019148.500000 1738018.250000
24 1055.044556 1727633.625000 1961255.625000 4019148.500000 1730550.250000
25 1095.607788 1726760.375000 1975310.750000 4019148.500000 1727633.625000
26 1141.239136 1722671.875000 1929452.125000 2471900.500000 1726760.375000
27 1186.470703 1720086.750000 1928975.625000 2471900.500000 1722671.875000
28 1227.821899 1718545.125000 1928632.375000 2471900.500000 1720086.750000
29 1260.824097 1717872.750000 1928054.750000 2471900.500000 1718545.125000
30 1294.270874 1716256.125000 1927807.000000 2471900.500000 1717872.750000
31 1343.209351 1715601.125000 1927558.125000 2471900.500000 1716256.125000
32 1382.883667 1715048.875000 1927315.875000 2471900.500000 1715601.125000
33 1431.324829 1713562.000000 1927136.375000 2471900.500000 1715048.875000
34 1466.679443 1713336.625000 1926742.125000 2471900.500000 1713562.000000
35 1512.561401 1712824.000000 1926417.000000 2471900.500000 1713336.625000
36 1552.562012 1712328.625000 1926236.500000 2471900.500000 1712824.000000
37 1592.425171 1711389.875000 1925892.750000 2471900.500000 1712328.625000
38 1627.620972 1710824.500000 1925721.875000 2471900.500000 1711389.875000
39 1675.410156 1709162.500000 2001713.000000 5515062.500000 1710824.500000
40 1717.961914 1708711.000000 1935230.750000 2471900.500000 1709162.500000
41 1755.536011 1707668.250000 1967991.500000 4096524.750000 1708711.000000
42 1799.153442 1707256.125000 1920851.000000 2175946.250000 1707668.250000
43 1842.278931 1706180.875000 1934791.250000 2422285.000000 1707256.125000
44 1885.722900 1705427.500000 1920883.375000 2175946.250000 1706180.875000
45 1924.579346 1705155.875000 1920736.750000 2175946.250000 1705427.500000
46 1965.407471 1705045.500000 1920622.750000 2175946.250000 1705155.875000
47 2015.699097 1702471.625000 1920531.875000 2175946.250000 1705045.500000
48 2051.721924 1702456.875000 1920401.625000 2175946.250000 1702471.625000
49 2098.519043 1702190.625000 1923826.250000 2175946.250000 1702456.875000
50 2138.857910 1701338.625000 1922846.375000 2175946.250000 1702190.625000
51 2174.047852 1700462.750000 1922748.125000 2175946.250000 1701338.625000
52 2214.476807 1700345.875000 1922622.125000 2175946.250000 1700462.750000
53 2262.481689 1699864.375000 1922525.750000 2175946.250000 1700345.875000
54 2306.618896 1699118.875000 1922453.875000 2175946.250000 1699864.375000
55 2358.128418 1698147.500000 1922412.375000 2175946.250000 1699118.875000
56 2397.971680 1697781.250000 1979423.250000 4692994.500000 1698147.500000
57 2437.655762 1697507.875000 1920012.000000 2175946.250000 1697781.250000
58 2478.451660 1697507.875000 1919985.125000 2175946.250000 1697507.875000
59 2520.896240 1697470.250000 1919958.125000 2175946.250000 1697507.875000
60 2558.410156 1697422.000000 1939258.375000 2663626.750000 1697470.250000
61 2595.395264 1697422.000000 1942872.500000 2663626.750000 1697422.000000
62 2646.784912 1697304.875000 1924315.250000 2337547.000000 1697422.000000
63 2696.076172 1695562.000000 1924286.375000 2337547.000000 1697304.875000
64 2734.471680 1695562.000000 1924061.875000 2337547.000000 1695562.000000
65 2774.454346 1695357.500000 1923972.375000 2337547.000000 1695562.000000
66 2821.359863 1695310.750000 1923947.500000 2337547.000000 1695357.500000
67 2856.343262 1695310.750000 1923844.125000 2337547.000000 1695310.750000
68 2892.025635 1694779.625000 1923829.750000 2337547.000000 1695310.750000
69 2935.302734 1694779.625000 1923726.375000 2337547.000000 1694779.625000
70 2970.061768 1694559.250000 1923600.375000 2337547.000000 1694779.625000
71 3015.527344 1694241.375000 1923543.000000 2337547.000000 1694559.250000
72 3058.017334 1694230.500000 1923514.250000 2337547.000000 1694241.375000
73 3102.834229 1694160.500000 1923491.875000 2337547.000000 1694230.500000
74 3140.989258 1694035.000000 1923476.000000 2337547.000000 1694160.500000
75 3173.875488 1694035.000000 1923437.250000 2337547.000000 1694035.000000
76 3216.143066 1694035.000000 1923398.875000 2337547.000000 1694035.000000
77 3255.947754 1694035.000000 1923341.000000 2337547.000000 1694035.000000
78 3295.062256 1693982.125000 1923216.375000 2337547.000000 1694035.000000
79 3343.761230 1693982.125000 1922994.125000 2337547.000000 1693982.125000
80 3384.447998 1693982.125000 1922732.625000 2337547.000000 1693982.125000
81 3430.736816 1693982.125000 1922731.500000 2337547.000000 1693982.125000
82 3469.629883 1693982.125000 1922729.500000 2337547.000000 1693982.125000
