0 0.000001 222350.265625 226615.343750 233309.265625 222350.265625
1 3.277844 221072.625000 226615.343750 233309.265625 222350.265625
2 6.546341 219099.078125 226444.093750 233309.265625 221072.625000
3 9.423134 217221.843750 226113.000000 233309.265625 219099.078125
4 13.044016 216166.578125 225835.687500 233309.265625 217221.843750
5 16.075094 215483.781250 225458.734375 233309.265625 216166.578125
6 19.647936 213767.046875 225116.656250 233309.265625 215483.781250
7 23.060328 212816.015625 224722.703125 233309.265625 213767.046875
8 26.335272 210447.250000 224413.546875 233309.265625 212816.015625
9 29.500557 209843.968750 223977.656250 233309.265625 210447.250000
10 32.169823 208968.937500 223645.281250 233309.265625 209843.968750
11 35.649281 208338.703125 223298.640625 233309.265625 208968.937500
12 38.563572 207519.203125 222846.093750 233309.265625 208338.703125
13 41.448818 206889.468750 222420.281250 233309.265625 207519.203125
14 44.714344 205801.609375 222095.734375 226622.468750 206889.468750
15 47.817551 205159.906250 222001.437500 226622.468750 205801.609375
16 51.154785 204787.093750 221864.937500 226622.468750 205159.906250
17 54.513863 204503.171875 221719.203125 226622.468750 204787.093750
18 57.614861 203937.390625 221579.859375 226622.468750 204503.171875
19 60.816280 203570.203125 221480.015625 226622.468750 203937.390625
20 63.908718 203135.734375 221388.703125 226622.468750 203570.203125
21 66.961533 202816.921875 221303.046875 226622.468750 203135.734375
22 70.429810 201598.015625 221219.343750 226622.468750 202816.921875
23 73.433746 201541.406250 221130.078125 226622.468750 201598.015625
24 76.970070 201352.046875 221099.296875 226622.468750 201541.406250
25 80.107140 200951.093750 221026.406250 226622.468750 201352.046875
26 83.276573 200810.734375 220928.921875 226622.468750 200951.093750
27 86.674156 200543.484375 220885.187500 226622.468750 200810.734375
28 90.181274 199576.718750 220845.156250 226622.468750 200543.484375
29 93.484306 199271.937500 220774.562500 226622.468750 199576.718750
30 96.904274 198656.812500 220681.625000 226622.468750 199271.937500
31 99.926125 198193.109375 220628.500000 226622.468750 198656.812500
32 102.988625 198130.156250 220563.078125 226622.468750 198193.109375
33 106.390862 198100.875000 220503.453125 226622.468750 198130.156250
34 109.277939 198068.218750 220486.015625 226622.468750 198100.875000
35 112.624481 197773.062500 220459.859375 226622.468750 198068.218750
36 116.000191 197727.718750 220395.093750 226622.468750 197773.062500
37 119.083267 197169.203125 220361.875000 226622.468750 197727.718750
38 122.618843 197037.843750 220334.359375 226622.468750 197169.203125
39 125.476303 196938.234375 220312.562500 226622.468750 197037.843750
40 128.989670 196871.015625 220296.796875 226622.468750 196938.234375
41 132.160721 196871.015625 220243.859375 226622.468750 196871.015625
42 135.514313 196586.671875 220210.687500 226622.468750 196871.015625
43 138.633591 196540.765625 220177.796875 226622.468750 196586.671875
44 142.015427 196511.593750 220147.203125 226622.468750 196540.765625
45 145.360992 196511.593750 220135.812500 226622.468750 196511.593750
46 148.115692 196356.375000 222237.796875 304491.687500 196511.593750
47 151.168213 196355.500000 220063.703125 226622.468750 196356.375000
48 153.982162 196186.562500 220023.437500 226622.468750 196355.500000
49 156.773666 196153.875000 220014.093750 226622.468750 196186.562500
50 159.467392 196135.296875 219995.218750 226622.468750 196153.875000
51 163.150940 196039.687500 219981.640625 226622.468750 196135.296875
52 166.796921 196038.812500 220511.234375 226622.468750 196039.687500
53 169.558685 196038.812500 220481.500000 226622.468750 196038.812500
54 172.611221 196015.203125 220446.046875 226622.468750 196038.812500
55 175.569260 195989.234375 220389.093750 226622.468750 196015.203125
56 179.415573 195800.593750 220359.906250 226622.468750 195989.234375
57 182.904541 195764.468750 224170.781250 387585.687500 195800.593750
58 186.151932 195764.468750 220345.093750 226622.468750 195764.468750
59 189.275208 195757.750000 220311.843750 226622.468750 195764.468750
60 192.717773 195730.750000 220297.921875 226622.468750 195757.750000
61 195.688293 195730.750000 220292.562500 226622.468750 195730.750000
62 198.675018 195730.750000 220280.875000 226622.468750 195730.750000
63 201.637802 195730.750000 220252.781250 226622.468750 195730.750000
64 205.341995 195684.562500 220231.937500 226622.468750 195730.750000
65 208.492096 195684.562500 220193.500000 226622.468750 195684.562500
66 211.967590 195684.562500 222997.859375 338114.718750 195684.562500
67 215.401199 195669.203125 220341.312500 226622.468750 195684.562500
68 218.721786 195669.203125 220268.343750 226622.468750 195669.203125
69 222.093033 195505.968750 220257.640625 226622.468750 195669.203125
70 224.962189 195505.968750 220185.796875 226622.468750 195505.968750
71 228.274170 195505.968750 220174.812500 226622.468750 195505.968750
72 231.780853 195438.656250 220153.562500 226622.468750 195505.968750
73 234.735748 195438.656250 220140.265625 226622.468750 195438.656250
74 238.012299 195438.656250 220127.093750 226622.468750 195438.656250
75 241.324051 195438.656250 220101.593750 226622.468750 195438.656250
76 244.625412 195438.656250 220094.375000 226622.468750 195438.656250
77 247.788330 195438.656250 220079.734375 226622.468750 195438.656250
78 250.437698 195438.656250 220120.703125 226622.468750 195438.656250
79 253.690323 195438.656250 220076.562500 226622.468750 195438.656250
80 257.214203 195438.656250 220019.718750 226622.468750 195438.656250
81 259.993469 195438.656250 219935.140625 226622.468750 195438.656250
82 262.763885 195298.296875 219784.062500 226622.468750 195438.656250
83 265.801941 195298.296875 219300.906250 226622.468750 195298.296875
84 269.038574 195298.296875 218704.953125 226622.468750 195298.296875
85 272.379852 195298.296875 218700.781250 226622.468750 195298.296875
86 275.611084 195298.296875 218699.343750 226622.468750 195298.296875
87 278.497192 195255.609375 218696.546875 226622.468750 195298.296875
88 281.455841 195255.609375 218692.875000 226622.468750 195255.609375
89 284.586609 195255.609375 218690.078125 226622.468750 195255.609375
90 287.906647 195255.609375 223018.546875 411905.093750 195255.609375
91 291.197357 195255.609375 219284.296875 226622.468750 195255.609375
92 293.916565 195245.562500 219283.437500 226622.468750 195255.609375
93 296.874908 195245.562500 219282.406250 226622.468750 195245.562500
94 299.700989 195245.562500 219281.343750 226622.468750 195245.562500
95 302.729797 195245.562500 219280.937500 226622.468750 195245.562500
96 305.803192 195245.562500 219280.734375 226622.468750 195245.562500
97 308.851105 195245.562500 219280.546875 226622.468750 195245.562500
98 312.195282 195245.562500 219276.687500 226622.468750 195245.562500
99 315.297302 195245.562500 219272.812500 226622.468750 195245.562500
100 318.572357 195245.562500 219268.953125 226622.468750 195245.562500
101 321.348419 195245.562500 219265.078125 226622.468750 195245.562500
102 324.179779 195245.562500 218665.281250 226622.468750 195245.562500
103 327.491364 195245.562500 218065.500000 226622.468750 195245.562500
104 330.952484 195245.562500 217465.703125 226622.468750 195245.562500
105 334.309814 195245.562500 216865.921875 226622.468750 195245.562500
106 337.760376 195245.562500 216266.125000 226622.468750 195245.562500
107 341.151154 195245.562500 215666.312500 226622.468750 195245.562500
108 344.088623 195245.562500 215066.515625 226622.468750 195245.562500
109 347.354889 195245.562500 214466.718750 226622.468750 195245.562500
110 350.638580 195245.562500 213866.937500 226622.468750 195245.562500
111 353.812805 195245.562500 213267.140625 226622.468750 195245.562500
112 357.300354 195245.562500 212667.359375 226622.468750 195245.562500
113 361.002838 195245.562500 212067.562500 226622.468750 195245.562500
114 363.627106 195245.562500 211467.765625 226622.468750 195245.562500
115 366.649017 195245.562500 210867.953125 226622.468750 195245.562500
116 369.823944 195245.562500 210268.156250 226622.468750 195245.562500
117 373.081177 195245.562500 209668.359375 226622.468750 195245.562500
118 376.217102 195245.562500 209068.562500 226622.468750 195245.562500
119 379.771576 195245.562500 208468.765625 226622.468750 195245.562500
120 383.192078 195245.562500 207868.953125 226622.468750 195245.562500
121 386.498810 195245.562500 207269.156250 226622.468750 195245.562500
122 389.065765 195245.562500 206669.359375 226622.468750 195245.562500
123 392.448608 195245.562500 206069.562500 226622.468750 195245.562500
124 395.822479 195245.562500 205469.765625 226622.468750 195245.562500
125 399.119324 195245.562500 204869.953125 226622.468750 195245.562500
126 402.649445 195245.562500 204270.156250 226622.468750 195245.562500
127 405.645996 195245.562500 203670.375000 226622.468750 195245.562500
128 409.078186 195245.562500 203070.578125 226622.468750 195245.562500
129 412.860229 195245.562500 202470.781250 226622.468750 195245.562500
130 416.029785 195245.562500 201870.984375 226622.468750 195245.562500
131 419.003815 195245.562500 201271.187500 226622.468750 195245.562500
132 422.745636 195245.562500 200671.375000 226622.468750 195245.562500
133 426.063782 195245.562500 200071.578125 226622.468750 195245.562500
134 429.025391 195245.562500 199471.781250 226622.468750 195245.562500
135 432.018738 195245.562500 198872.000000 226622.468750 195245.562500
136 434.984222 195245.562500 199376.875000 250478.671875 195245.562500
137 438.433563 195245.562500 199349.140625 250478.671875 195245.562500
138 441.566742 195245.562500 198749.359375 250478.671875 195245.562500
139 445.084564 195245.562500 198149.578125 250478.671875 195245.562500
140 448.307129 195231.546875 197549.796875 250478.671875 195245.562500
141 451.550018 195231.546875 196949.734375 250478.671875 195231.546875
142 454.844635 195231.546875 196349.953125 250478.671875 195231.546875
143 458.063812 195187.843750 196349.687500 250478.671875 195231.546875
144 460.628967 195187.843750 196348.546875 250478.671875 195187.843750
145 464.491547 195187.843750 196348.265625 250478.671875 195187.843750
146 467.272522 195187.843750 196347.375000 250478.671875 195187.843750
147 470.574524 195187.843750 196346.500000 250478.671875 195187.843750
148 473.896454 195187.843750 196345.625000 250478.671875 195187.843750
149 477.277191 195187.843750 196344.484375 250478.671875 195187.843750
150 480.162628 195187.843750 197430.218750 250478.671875 195187.843750
151 483.371948 195187.843750 197087.656250 249532.703125 195187.843750
152 486.727417 195187.843750 197086.484375 249532.703125 195187.843750
153 489.893768 195187.843750 202400.453125 461000.937500 195187.843750
154 493.727539 195187.843750 197683.953125 249532.703125 195187.843750
155 496.948975 195187.843750 197682.812500 249532.703125 195187.843750
156 499.723083 195187.843750 197681.656250 249532.703125 195187.843750
157 502.954163 195187.843750 197680.500000 249532.703125 195187.843750
158 506.079803 195187.843750 197679.343750 249532.703125 195187.843750
159 508.716736 195187.843750 201089.062500 365730.968750 195187.843750
160 511.662506 195187.843750 198277.984375 249532.703125 195187.843750
161 515.365723 195187.843750 198276.812500 249532.703125 195187.843750
162 519.346191 195187.843750 198275.656250 249532.703125 195187.843750
163 522.728699 195187.843750 198641.312500 249532.703125 195187.843750
164 525.866455 195187.843750 198640.156250 249532.703125 195187.843750
165 529.117126 195187.843750 198639.015625 249532.703125 195187.843750
166 532.442261 195187.843750 198637.859375 249532.703125 195187.843750
167 535.735352 195187.843750 198636.703125 249532.703125 195187.843750
168 539.395752 195187.843750 198635.546875 249532.703125 195187.843750
169 542.780579 195187.843750 198634.406250 249532.703125 195187.843750
170 546.466492 195187.843750 198633.234375 249532.703125 195187.843750
171 549.687561 195187.843750 198632.093750 249532.703125 195187.843750
172 552.923523 195187.843750 198630.937500 249532.703125 195187.843750
173 556.559509 195187.843750 198629.796875 249532.703125 195187.843750
174 559.521667 195187.843750 198628.640625 249532.703125 195187.843750
175 563.005249 195187.843750 198627.500000 249532.703125 195187.843750
176 566.205627 195187.843750 198626.343750 249532.703125 195187.843750
177 569.312866 195187.843750 198625.203125 249532.703125 195187.843750
178 572.311340 195187.843750 198624.046875 249532.703125 195187.843750
179 575.194763 195187.843750 198622.906250 249532.703125 195187.843750
180 578.270691 195187.843750 198621.734375 249532.703125 195187.843750
181 581.548279 195187.843750 198620.593750 249532.703125 195187.843750
182 585.208435 195187.843750 198619.437500 249532.703125 195187.843750
183 588.277466 195187.843750 198618.296875 249532.703125 195187.843750
184 591.700439 195187.843750 198617.140625 249532.703125 195187.843750
185 594.702087 195187.843750 198616.000000 249532.703125 195187.843750
186 597.916199 195187.843750 198614.843750 249532.703125 195187.843750
187 601.203064 195187.843750 198613.703125 249532.703125 195187.843750
188 604.031128 195187.843750 198612.546875 249532.703125 195187.843750
189 606.984192 195187.843750 198611.406250 249532.703125 195187.843750
190 610.323853 195187.843750 198610.234375 249532.703125 195187.843750
191 613.192261 195187.843750 198609.078125 249532.703125 195187.843750
192 616.271362 195187.843750 198444.453125 249532.703125 195187.843750
193 619.168396 195187.843750 198077.640625 249532.703125 195187.843750
194 622.571960 195187.843750 197476.703125 249532.703125 195187.843750
195 625.456055 195187.843750 196875.765625 249532.703125 195187.843750
196 628.778137 195187.843750 196274.812500 249532.703125 195187.843750
197 631.635559 195187.843750 195187.921875 195187.843750 195187.843750
198 634.978699 195187.843750 195187.921875 195187.843750 195187.843750
199 637.982605 195187.843750 195187.921875 195187.843750 195187.843750
200 641.486267 195187.843750 195187.921875 195187.843750 195187.843750
201 644.590820 195187.843750 195187.921875 195187.843750 195187.843750
202 647.915405 195187.843750 195187.921875 195187.843750 195187.843750
203 651.499573 195187.843750 195187.921875 195187.843750 195187.843750
204 654.605896 195187.843750 195187.921875 195187.843750 195187.843750
205 657.876221 195187.843750 195187.921875 195187.843750 195187.843750
206 661.590820 195187.843750 195187.921875 195187.843750 195187.843750
207 664.284180 195187.843750 195187.921875 195187.843750 195187.843750
208 667.597229 195187.843750 195187.921875 195187.843750 195187.843750
209 671.539429 195187.843750 195187.921875 195187.843750 195187.843750
210 674.444397 195187.843750 195187.921875 195187.843750 195187.843750
211 677.786743 195187.843750 195187.921875 195187.843750 195187.843750
212 680.933167 195187.843750 195187.921875 195187.843750 195187.843750
213 684.111267 195187.843750 195187.921875 195187.843750 195187.843750
214 687.291565 195187.843750 195187.921875 195187.843750 195187.843750
215 690.601196 195187.843750 195187.921875 195187.843750 195187.843750
216 693.887573 195187.843750 196866.843750 279134.375000 195187.843750
217 697.368835 195187.843750 195187.921875 195187.843750 195187.843750
218 700.346985 195187.843750 195187.921875 195187.843750 195187.843750
219 703.653625 195187.843750 195187.921875 195187.843750 195187.843750
220 706.523499 195187.843750 195187.921875 195187.843750 195187.843750
221 709.572571 195187.843750 195187.921875 195187.843750 195187.843750
222 712.778870 195187.843750 195187.921875 195187.843750 195187.843750
223 715.852112 195187.843750 195187.921875 195187.843750 195187.843750
224 719.420715 195187.843750 195583.421875 214963.109375 195187.843750
225 722.273682 195187.843750 195345.296875 203057.265625 195187.843750
226 725.101440 195187.843750 195187.921875 195187.843750 195187.843750
227 728.183594 195187.843750 195187.921875 195187.843750 195187.843750
228 731.519409 195187.843750 195187.921875 195187.843750 195187.843750
229 735.205200 195187.843750 195187.921875 195187.843750 195187.843750
230 738.683411 195187.843750 195187.921875 195187.843750 195187.843750
231 742.156372 195187.843750 195187.921875 195187.843750 195187.843750
232 744.852356 195187.843750 197324.500000 302016.625000 195187.843750
233 748.263611 195187.843750 195729.453125 222265.765625 195187.843750
234 751.185730 195187.843750 195187.921875 195187.843750 195187.843750
235 754.328491 195187.843750 195187.921875 195187.843750 195187.843750
236 757.428894 195187.843750 195187.921875 195187.843750 195187.843750
237 760.335022 195187.843750 195187.921875 195187.843750 195187.843750
238 763.608582 195187.843750 195187.921875 195187.843750 195187.843750
239 767.098083 195187.843750 195187.921875 195187.843750 195187.843750
240 770.212830 195187.843750 198223.921875 342405.718750 195187.843750
241 772.910828 195187.843750 198260.687500 342405.718750 195187.843750
242 775.929688 195187.843750 198281.015625 342405.718750 195187.843750
243 779.104919 195187.843750 198754.703125 342405.718750 195187.843750
244 782.364197 195187.843750 198194.375000 342405.718750 195187.843750
245 785.504761 195187.843750 198132.281250 342405.718750 195187.843750
246 788.755798 195187.843750 195187.921875 195187.843750 195187.843750
247 791.857361 195187.843750 195187.921875 195187.843750 195187.843750
248 795.080261 195187.843750 195187.921875 195187.843750 195187.843750
249 798.159790 195187.843750 195187.921875 195187.843750 195187.843750
250 801.640442 195187.843750 195187.921875 195187.843750 195187.843750
251 804.520752 195187.843750 195187.921875 195187.843750 195187.843750
252 807.899292 195187.843750 195187.921875 195187.843750 195187.843750
253 810.571045 195187.843750 195187.921875 195187.843750 195187.843750
254 813.967407 195187.843750 195187.921875 195187.843750 195187.843750
255 816.822205 195187.843750 195187.921875 195187.843750 195187.843750
256 820.178406 195187.843750 195187.921875 195187.843750 195187.843750
257 823.047729 195187.843750 195187.921875 195187.843750 195187.843750
258 826.321411 195187.843750 195187.921875 195187.843750 195187.843750
259 829.206543 195187.843750 195187.921875 195187.843750 195187.843750
260 832.173035 195187.843750 195678.625000 219723.640625 195187.843750
261 835.586731 195187.843750 195187.921875 195187.843750 195187.843750
262 838.470398 195187.843750 195187.921875 195187.843750 195187.843750
263 842.106201 195187.843750 199689.812500 420283.562500 195187.843750
264 845.506653 195187.843750 195187.921875 195187.843750 195187.843750
265 848.535034 195187.843750 196860.578125 278821.687500 195187.843750
266 851.786682 195187.843750 195264.312500 199007.859375 195187.843750
267 854.393616 195187.843750 195729.640625 222274.250000 195187.843750
268 858.216187 195187.843750 195424.437500 207014.437500 195187.843750
269 861.511047 195187.843750 195187.921875 195187.843750 195187.843750
270 864.788818 195187.843750 195187.921875 195187.843750 195187.843750
271 867.874146 195187.843750 195187.921875 195187.843750 195187.843750
272 870.912231 195187.843750 195187.921875 195187.843750 195187.843750
273 874.215454 195187.843750 195187.921875 195187.843750 195187.843750
274 877.648499 195187.843750 195187.921875 195187.843750 195187.843750
275 881.505920 195187.843750 195187.921875 195187.843750 195187.843750
276 885.240479 195187.843750 195187.921875 195187.843750 195187.843750
277 888.294617 195187.843750 195187.921875 195187.843750 195187.843750
278 891.283020 195187.843750 197679.484375 319766.218750 195187.843750
279 894.058289 195187.843750 195442.843750 207934.500000 195187.843750
280 896.955383 195187.843750 195754.578125 223520.828125 195187.843750
281 900.325317 195187.843750 195602.812500 215933.812500 195187.843750
282 904.094971 195187.843750 195187.921875 195187.843750 195187.843750
283 907.889832 195187.843750 195187.921875 195187.843750 195187.843750
284 911.452026 195187.843750 195187.921875 195187.843750 195187.843750
285 915.745483 195187.843750 195187.921875 195187.843750 195187.843750
286 919.523621 195187.843750 195187.921875 195187.843750 195187.843750
287 923.415894 195187.843750 195187.921875 195187.843750 195187.843750
288 926.349426 195187.843750 195187.921875 195187.843750 195187.843750
289 930.062500 195187.843750 195187.921875 195187.843750 195187.843750
290 933.837219 195187.843750 195187.921875 195187.843750 195187.843750
291 937.224976 195187.843750 195187.921875 195187.843750 195187.843750
292 940.814697 195187.843750 195187.921875 195187.843750 195187.843750
293 944.780518 195187.843750 195187.921875 195187.843750 195187.843750
294 948.420715 195187.843750 195187.921875 195187.843750 195187.843750
295 952.656006 195187.843750 195187.921875 195187.843750 195187.843750
296 957.085999 195187.843750 195187.921875 195187.843750 195187.843750
297 960.434570 195187.843750 200025.984375 437091.562500 195187.843750
298 964.227356 195187.843750 198978.875000 384736.250000 195187.843750
299 968.225708 195187.843750 196301.421875 250862.828125 195187.843750
300 972.387817 195187.843750 195390.921875 205338.156250 195187.843750
301 976.027100 195187.843750 198648.546875 367478.312500 195187.843750
302 979.360229 195187.843750 198633.718750 367478.312500 195187.843750
303 983.375732 195187.843750 195187.921875 195187.843750 195187.843750
304 987.599609 195187.843750 195187.921875 195187.843750 195187.843750
305 991.109436 195187.843750 195187.921875 195187.843750 195187.843750
306 994.872314 195187.843750 195187.921875 195187.843750 195187.843750
307 997.666687 195187.843750 200402.406250 455912.281250 195187.843750
308 1001.278809 195187.843750 195243.562500 197970.546875 195187.843750
309 1004.834412 195187.843750 195187.921875 195187.843750 195187.843750
310 1008.056885 195187.843750 195187.921875 195187.843750 195187.843750
311 1011.353577 195187.843750 195187.921875 195187.843750 195187.843750
312 1015.028992 195187.843750 197463.234375 308954.187500 195187.843750
313 1018.941772 195187.843750 195460.375000 208810.859375 195187.843750
314 1022.878418 195187.843750 195476.859375 209635.515625 195187.843750
315 1026.842529 195187.843750 195548.375000 213211.750000 195187.843750
316 1030.315796 195187.843750 195414.703125 206527.546875 195187.843750
317 1033.905273 195187.843750 195187.921875 195187.843750 195187.843750
318 1037.642456 195187.843750 195187.921875 195187.843750 195187.843750
319 1041.290527 195187.843750 195187.921875 195187.843750 195187.843750
320 1044.982544 195187.843750 195187.921875 195187.843750 195187.843750
321 1048.208862 195187.843750 195187.921875 195187.843750 195187.843750
322 1051.655396 195187.843750 195187.921875 195187.843750 195187.843750
323 1054.973022 195187.843750 195187.921875 195187.843750 195187.843750
324 1057.815430 195187.843750 195187.921875 195187.843750 195187.843750
325 1061.216187 195187.843750 195187.921875 195187.843750 195187.843750
326 1064.867188 195187.843750 195187.921875 195187.843750 195187.843750
327 1068.085571 195187.843750 195187.921875 195187.843750 195187.843750
328 1072.182007 195187.843750 195187.921875 195187.843750 195187.843750
329 1075.470581 195187.843750 195187.921875 195187.843750 195187.843750
330 1079.202148 195187.843750 195187.921875 195187.843750 195187.843750
331 1082.201294 195187.843750 195187.921875 195187.843750 195187.843750
332 1085.790405 195187.843750 195187.921875 195187.843750 195187.843750
333 1088.700439 195187.843750 195187.921875 195187.843750 195187.843750
334 1091.862305 195187.843750 195187.921875 195187.843750 195187.843750
335 1094.418945 195187.843750 195187.921875 195187.843750 195187.843750
336 1097.541260 195187.843750 195187.921875 195187.843750 195187.843750
337 1100.703735 195187.843750 195187.921875 195187.843750 195187.843750
338 1104.112427 195187.843750 195187.921875 195187.843750 195187.843750
339 1108.163696 195187.843750 195187.921875 195187.843750 195187.843750
340 1111.322388 195187.843750 195187.921875 195187.843750 195187.843750
341 1114.367188 195187.843750 195187.921875 195187.843750 195187.843750
342 1117.339844 195187.843750 195187.921875 195187.843750 195187.843750
343 1120.084106 195187.843750 196390.156250 255300.187500 195187.843750
344 1123.079468 195187.843750 195421.312500 206858.250000 195187.843750
345 1126.456909 195187.843750 195439.312500 207758.484375 195187.843750
346 1129.231445 195187.843750 195197.265625 195655.625000 195187.843750
347 1132.170166 195187.843750 195266.093750 199097.187500 195187.843750
348 1135.781128 195187.843750 195263.640625 198974.562500 195187.843750
349 1138.862549 195187.843750 195272.015625 199392.859375 195187.843750
350 1142.518799 195187.843750 195346.421875 203113.234375 195187.843750
351 1145.412231 195187.843750 196137.234375 242654.328125 195187.843750
352 1149.060913 195187.843750 195973.156250 225235.296875 195187.843750
353 1152.618774 195187.843750 196193.812500 225235.296875 195187.843750
354 1156.272461 195187.843750 195902.000000 225235.296875 195187.843750
355 1159.721680 195187.843750 196211.703125 225235.296875 195187.843750
356 1162.682983 195187.843750 197094.265625 260458.437500 195187.843750
357 1165.777832 195187.843750 197223.375000 260458.437500 195187.843750
358 1169.593018 195187.843750 196493.312500 260458.437500 195187.843750
359 1172.880615 195187.843750 195187.921875 195187.843750 195187.843750
360 1176.296875 195187.843750 195187.921875 195187.843750 195187.843750
361 1179.454712 195187.843750 195187.921875 195187.843750 195187.843750
362 1182.429077 195187.843750 197008.703125 286227.562500 195187.843750
363 1185.792847 195187.843750 195187.921875 195187.843750 195187.843750
364 1188.907959 195187.843750 195187.921875 195187.843750 195187.843750
365 1192.080200 195187.843750 195187.921875 195187.843750 195187.843750
366 1195.437622 195187.843750 195187.921875 195187.843750 195187.843750
367 1198.843506 195187.843750 195187.921875 195187.843750 195187.843750
368 1202.166504 195187.843750 195187.921875 195187.843750 195187.843750
369 1205.108643 195187.843750 195187.921875 195187.843750 195187.843750
370 1208.085327 195187.843750 195187.921875 195187.843750 195187.843750
371 1211.041138 195187.843750 195187.921875 195187.843750 195187.843750
372 1213.526733 195187.843750 195187.921875 195187.843750 195187.843750
373 1216.233643 195187.843750 195187.921875 195187.843750 195187.843750
374 1219.175293 195187.843750 195187.921875 195187.843750 195187.843750
375 1222.312866 195187.843750 195187.921875 195187.843750 195187.843750
376 1224.977417 195187.843750 195187.921875 195187.843750 195187.843750
377 1228.071533 195187.843750 195187.921875 195187.843750 195187.843750
378 1231.458618 195187.843750 195187.921875 195187.843750 195187.843750
379 1234.535278 195187.843750 195187.921875 195187.843750 195187.843750
380 1238.070801 195187.843750 195187.921875 195187.843750 195187.843750
381 1241.188477 195187.843750 195187.921875 195187.843750 195187.843750
382 1244.397461 195187.843750 195187.921875 195187.843750 195187.843750
383 1247.795532 195187.843750 195187.921875 195187.843750 195187.843750
384 1251.581909 195187.843750 195187.921875 195187.843750 195187.843750
385 1254.698730 195187.843750 195508.078125 211196.484375 195187.843750
386 1257.999390 195187.843750 195268.046875 199194.359375 195187.843750
387 1261.184937 195187.843750 195602.343750 215909.250000 195187.843750
388 1264.664185 195187.843750 195246.500000 198117.703125 195187.843750
389 1267.489380 195187.843750 195187.921875 195187.843750 195187.843750
390 1270.932983 195187.843750 195187.921875 195187.843750 195187.843750
391 1273.667236 195187.843750 195187.921875 195187.843750 195187.843750
392 1277.148560 195187.843750 195187.921875 195187.843750 195187.843750
393 1280.913940 195187.843750 195187.921875 195187.843750 195187.843750
394 1283.455444 195187.843750 195187.921875 195187.843750 195187.843750
395 1286.958862 195187.843750 195187.921875 195187.843750 195187.843750
396 1289.854614 195187.843750 195187.921875 195187.843750 195187.843750
397 1293.313477 195187.843750 195187.921875 195187.843750 195187.843750
398 1296.724121 195187.843750 195187.921875 195187.843750 195187.843750
399 1299.979370 195187.843750 195187.921875 195187.843750 195187.843750
400 1303.254639 195187.843750 195187.921875 195187.843750 195187.843750
401 1306.417847 195187.843750 195187.921875 195187.843750 195187.843750
402 1309.554443 195187.843750 195187.921875 195187.843750 195187.843750
403 1313.042725 195187.843750 195187.921875 195187.843750 195187.843750
404 1316.002563 195187.843750 195187.921875 195187.843750 195187.843750
405 1319.171875 195187.843750 195187.921875 195187.843750 195187.843750
406 1321.902100 195187.843750 195187.921875 195187.843750 195187.843750
407 1324.840698 195187.843750 195187.921875 195187.843750 195187.843750
408 1328.558350 195187.843750 195187.921875 195187.843750 195187.843750
409 1331.436523 195187.843750 195187.921875 195187.843750 195187.843750
410 1334.258423 195187.843750 195187.921875 195187.843750 195187.843750
411 1337.476807 195187.843750 195187.921875 195187.843750 195187.843750
412 1340.726196 195187.843750 195187.921875 195187.843750 195187.843750
413 1343.438232 195187.843750 195187.921875 195187.843750 195187.843750
414 1346.818481 195187.843750 195187.921875 195187.843750 195187.843750
415 1350.021973 195187.843750 200545.359375 364582.531250 195187.843750
416 1352.933105 195187.843750 198717.156250 364582.531250 195187.843750
417 1355.899902 195187.843750 198703.062500 364582.531250 195187.843750
418 1359.280518 195187.843750 198659.859375 364582.531250 195187.843750
419 1362.640747 195187.843750 198575.812500 364582.531250 195187.843750
420 1365.881836 195187.843750 195187.921875 195187.843750 195187.843750
421 1369.241943 195187.843750 195187.921875 195187.843750 195187.843750
422 1371.801270 195187.843750 195187.921875 195187.843750 195187.843750
423 1374.842407 195187.843750 195187.921875 195187.843750 195187.843750
424 1378.131958 195187.843750 196992.781250 285431.343750 195187.843750
425 1381.373047 195187.843750 195187.921875 195187.843750 195187.843750
426 1384.338745 195187.843750 195187.921875 195187.843750 195187.843750
427 1387.815308 195187.843750 195187.921875 195187.843750 195187.843750
428 1390.569336 195187.843750 195187.921875 195187.843750 195187.843750
429 1393.810059 195187.843750 195615.437500 216564.765625 195187.843750
430 1396.898315 195187.843750 195187.921875 195187.843750 195187.843750
431 1399.749756 195187.843750 195187.921875 195187.843750 195187.843750
432 1402.865112 195187.843750 195187.921875 195187.843750 195187.843750
433 1405.745239 195187.843750 195187.921875 195187.843750 195187.843750
434 1409.205811 195187.843750 195187.921875 195187.843750 195187.843750
435 1412.736694 195187.843750 195187.921875 195187.843750 195187.843750
436 1416.245728 195187.843750 195187.921875 195187.843750 195187.843750
437 1419.008423 195187.843750 195187.921875 195187.843750 195187.843750
438 1422.156250 195187.843750 195187.921875 195187.843750 195187.843750
439 1425.573242 195187.843750 195187.921875 195187.843750 195187.843750
440 1429.134644 195187.843750 195187.921875 195187.843750 195187.843750
441 1432.275146 195187.843750 195187.921875 195187.843750 195187.843750
442 1435.253906 195187.843750 195187.921875 195187.843750 195187.843750
443 1438.109863 195187.843750 195187.921875 195187.843750 195187.843750
444 1441.194824 195187.843750 195187.921875 195187.843750 195187.843750
445 1444.180298 195187.843750 195187.921875 195187.843750 195187.843750
446 1447.140259 195187.843750 195187.921875 195187.843750 195187.843750
447 1450.478516 195187.843750 195187.921875 195187.843750 195187.843750
448 1454.245483 195187.843750 195187.921875 195187.843750 195187.843750
449 1457.387573 195187.843750 195187.921875 195187.843750 195187.843750
450 1460.600098 195187.843750 195187.921875 195187.843750 195187.843750
451 1464.119019 195187.843750 198338.406250 352712.656250 195187.843750
452 1466.908691 195187.843750 195187.921875 195187.843750 195187.843750
453 1469.902100 195187.843750 195187.921875 195187.843750 195187.843750
454 1473.105713 195187.843750 195187.921875 195187.843750 195187.843750
455 1476.432495 195187.843750 195187.921875 195187.843750 195187.843750
456 1479.895630 195187.843750 195187.921875 195187.843750 195187.843750
457 1483.298706 195187.843750 195187.921875 195187.843750 195187.843750
458 1486.851685 195187.843750 195187.921875 195187.843750 195187.843750
459 1490.154297 195187.843750 195187.921875 195187.843750 195187.843750
460 1494.202271 195187.843750 195187.921875 195187.843750 195187.843750
461 1496.873413 195187.843750 196476.265625 259605.328125 195187.843750
462 1499.491089 195187.843750 195826.687500 225235.296875 195187.843750
463 1503.205444 195187.843750 196126.843750 225235.296875 195187.843750
464 1506.760742 195187.843750 195788.859375 225235.296875 195187.843750
465 1510.155884 195187.843750 195187.921875 195187.843750 195187.843750
466 1513.347168 195187.843750 195187.921875 195187.843750 195187.843750
467 1516.546997 195187.843750 195187.921875 195187.843750 195187.843750
468 1519.514160 195187.843750 195187.921875 195187.843750 195187.843750
469 1522.478882 195187.843750 195187.921875 195187.843750 195187.843750
470 1525.605225 195187.843750 195187.921875 195187.843750 195187.843750
471 1528.982178 195187.843750 195187.921875 195187.843750 195187.843750
472 1531.957031 195187.843750 195187.921875 195187.843750 195187.843750
473 1535.332764 195187.843750 195187.921875 195187.843750 195187.843750
474 1537.627808 195187.843750 197040.765625 262931.593750 195187.843750
475 1540.976807 195187.843750 197474.578125 262931.593750 195187.843750
476 1544.502319 195187.843750 196613.453125 262931.593750 195187.843750
477 1547.830688 195187.843750 196694.015625 262931.593750 195187.843750
478 1550.520630 195187.843750 197051.000000 262931.593750 195187.843750
479 1553.637451 195187.843750 196576.375000 262931.593750 195187.843750
480 1556.871582 195187.843750 198471.843750 291639.906250 195187.843750
481 1559.877686 195187.843750 197693.093750 291639.906250 195187.843750
482 1563.152466 195187.843750 199869.906250 332834.812500 195187.843750
483 1566.556641 195187.843750 198024.921875 332834.812500 195187.843750
484 1569.392334 195187.843750 197940.859375 332834.812500 195187.843750
485 1573.103027 195187.843750 195187.921875 195187.843750 195187.843750
486 1576.601196 195187.843750 195187.921875 195187.843750 195187.843750
487 1580.001221 195187.843750 195187.921875 195187.843750 195187.843750
488 1582.802612 195187.843750 195187.921875 195187.843750 195187.843750
489 1585.751221 195187.843750 195187.921875 195187.843750 195187.843750
490 1588.832275 195187.843750 195187.921875 195187.843750 195187.843750
491 1592.275879 195187.843750 195187.921875 195187.843750 195187.843750
492 1595.898438 195187.843750 195187.921875 195187.843750 195187.843750
493 1598.761719 195187.843750 195187.921875 195187.843750 195187.843750
494 1602.189941 195187.843750 195187.921875 195187.843750 195187.843750
495 1605.428589 195187.843750 195187.921875 195187.843750 195187.843750
496 1608.533936 195187.843750 195187.921875 195187.843750 195187.843750
497 1611.714478 195187.843750 195187.921875 195187.843750 195187.843750
498 1615.366943 195187.843750 195187.921875 195187.843750 195187.843750
499 1618.720825 195187.843750 195187.921875 195187.843750 195187.843750
500 1621.713379 195187.843750 195187.921875 195187.843750 195187.843750
501 1625.466919 195187.843750 195187.921875 195187.843750 195187.843750
502 1628.825806 195187.843750 195187.921875 195187.843750 195187.843750
503 1631.809082 195187.843750 195187.921875 195187.843750 195187.843750
504 1633.931763 195187.843750 195187.921875 195187.843750 195187.843750
505 1637.408569 195187.843750 195187.921875 195187.843750 195187.843750
506 1640.700439 195187.843750 195187.921875 195187.843750 195187.843750
507 1643.918213 195187.843750 196138.000000 242692.234375 195187.843750
508 1647.247925 195187.843750 195378.562500 204720.125000 195187.843750
509 1650.559082 195187.843750 195423.953125 206989.984375 195187.843750
510 1653.878540 195187.843750 195319.281250 201755.828125 195187.843750
511 1657.748047 195187.843750 195187.921875 195187.843750 195187.843750
512 1660.692261 195187.843750 195187.921875 195187.843750 195187.843750
513 1663.764771 195187.843750 195187.921875 195187.843750 195187.843750
514 1666.899048 195187.843750 195187.921875 195187.843750 195187.843750
515 1669.986328 195187.843750 195187.921875 195187.843750 195187.843750
516 1673.486450 195187.843750 195187.921875 195187.843750 195187.843750
517 1676.463135 195187.843750 195743.625000 222973.500000 195187.843750
518 1679.791748 195187.843750 195495.359375 210560.500000 195187.843750
519 1683.054321 195187.843750 195385.812500 205082.906250 195187.843750
520 1686.437744 195187.843750 195293.437500 200464.203125 195187.843750
521 1689.010132 195187.843750 195649.937500 218289.812500 195187.843750
522 1692.412720 195187.843750 195622.937500 216939.359375 195187.843750
523 1695.299683 195187.843750 195834.500000 227516.937500 195187.843750
524 1698.917480 195187.843750 195187.921875 195187.843750 195187.843750
525 1702.392822 195187.843750 195187.921875 195187.843750 195187.843750
526 1705.797974 195187.843750 195187.921875 195187.843750 195187.843750
527 1708.463501 195187.843750 195187.921875 195187.843750 195187.843750
528 1711.602783 195187.843750 195997.453125 235665.500000 195187.843750
529 1714.484253 195187.843750 195257.406250 198661.843750 195187.843750
530 1718.021118 195187.843750 195607.546875 216169.562500 195187.843750
531 1721.218140 195187.843750 195908.265625 231205.296875 195187.843750
532 1724.655640 195187.843750 195187.921875 195187.843750 195187.843750
533 1727.388306 195187.843750 195187.921875 195187.843750 195187.843750
534 1730.937988 195187.843750 195187.921875 195187.843750 195187.843750
535 1734.356079 195187.843750 195187.921875 195187.843750 195187.843750
536 1737.757080 195187.843750 195187.921875 195187.843750 195187.843750
537 1740.535034 195187.843750 195187.921875 195187.843750 195187.843750
538 1743.659424 195187.843750 195187.921875 195187.843750 195187.843750
539 1747.229492 195187.843750 195187.921875 195187.843750 195187.843750
540 1750.485718 195187.843750 195187.921875 195187.843750 195187.843750
541 1754.094604 195187.843750 195187.921875 195187.843750 195187.843750
542 1756.698242 195187.843750 195187.921875 195187.843750 195187.843750
543 1759.831299 195187.843750 195187.921875 195187.843750 195187.843750
544 1763.080444 195187.843750 195187.921875 195187.843750 195187.843750
545 1765.812866 195187.843750 195187.921875 195187.843750 195187.843750
546 1768.384644 195187.843750 195187.921875 195187.843750 195187.843750
547 1771.933960 195187.843750 195187.921875 195187.843750 195187.843750
548 1775.459717 195187.843750 195187.921875 195187.843750 195187.843750
549 1778.591064 195187.843750 195187.921875 195187.843750 195187.843750
550 1781.758423 195187.843750 195187.921875 195187.843750 195187.843750
551 1785.811523 195187.843750 197721.734375 321878.906250 195187.843750
552 1788.777710 195187.843750 195187.921875 195187.843750 195187.843750
553 1791.871704 195187.843750 195187.921875 195187.843750 195187.843750
554 1795.714233 195187.843750 195187.921875 195187.843750 195187.843750
555 1798.891479 195187.843750 195187.921875 195187.843750 195187.843750
556 1801.773804 195187.843750 195187.921875 195187.843750 195187.843750
557 1805.033691 195187.843750 195187.921875 195187.843750 195187.843750
558 1808.412476 195187.843750 195187.921875 195187.843750 195187.843750
559 1811.608276 195187.843750 195187.921875 195187.843750 195187.843750
560 1815.069336 195187.843750 195187.921875 195187.843750 195187.843750
561 1818.059814 195187.843750 195187.921875 195187.843750 195187.843750
562 1820.973511 195187.843750 195187.921875 195187.843750 195187.843750
563 1823.830688 195187.843750 195187.921875 195187.843750 195187.843750
564 1826.630737 195187.843750 195187.921875 195187.843750 195187.843750
565 1829.963501 195187.843750 195187.921875 195187.843750 195187.843750
566 1833.272583 195187.843750 195187.921875 195187.843750 195187.843750
567 1836.528931 195187.843750 195187.921875 195187.843750 195187.843750
568 1839.401611 195187.843750 195187.921875 195187.843750 195187.843750
569 1842.827026 195187.843750 195187.921875 195187.843750 195187.843750
570 1846.423218 195187.843750 195187.921875 195187.843750 195187.843750
571 1849.082153 195187.843750 195187.921875 195187.843750 195187.843750
572 1852.160889 195187.843750 195187.921875 195187.843750 195187.843750
573 1855.708618 195187.843750 195187.921875 195187.843750 195187.843750
574 1858.565796 195187.843750 198018.640625 336723.718750 195187.843750
575 1861.674316 195187.843750 195187.921875 195187.843750 195187.843750
576 1864.587036 195187.843750 195187.921875 195187.843750 195187.843750
577 1867.776611 195187.843750 195187.921875 195187.843750 195187.843750
578 1870.840576 195187.843750 199372.937500 404439.406250 195187.843750
579 1874.324951 195187.843750 195332.515625 202418.125000 195187.843750
580 1877.711670 195187.843750 195245.140625 198049.515625 195187.843750
581 1881.317261 195187.843750 195187.921875 195187.843750 195187.843750
582 1885.143555 195187.843750 195187.921875 195187.843750 195187.843750
583 1888.458496 195187.843750 195187.921875 195187.843750 195187.843750
584 1891.441406 195187.843750 195187.921875 195187.843750 195187.843750
585 1894.596680 195187.843750 195187.921875 195187.843750 195187.843750
586 1898.044189 195187.843750 199752.578125 423421.593750 195187.843750
587 1901.032471 195187.843750 195187.921875 195187.843750 195187.843750
588 1904.127319 195187.843750 195187.921875 195187.843750 195187.843750
589 1907.093262 195187.843750 195187.921875 195187.843750 195187.843750
590 1910.342773 195187.843750 195187.921875 195187.843750 195187.843750
591 1913.527344 195187.843750 195187.921875 195187.843750 195187.843750
592 1916.993896 195187.843750 195187.921875 195187.843750 195187.843750
593 1920.027588 195187.843750 195187.921875 195187.843750 195187.843750
594 1923.049561 195187.843750 195187.921875 195187.843750 195187.843750
595 1926.738525 195187.843750 195269.812500 199282.984375 195187.843750
596 1930.188477 195187.843750 195390.437500 205314.093750 195187.843750
597 1933.579224 195187.843750 195324.062500 201995.234375 195187.843750
598 1936.544800 195187.843750 196091.734375 240379.125000 195187.843750
599 1939.982422 195187.843750 195591.453125 215364.828125 195187.843750
600 1943.421387 195187.843750 195347.875000 203186.734375 195187.843750
601 1946.118286 195187.843750 195302.546875 200919.640625 195187.843750
602 1949.465210 195187.843750 195187.921875 195187.843750 195187.843750
603 1953.131836 195187.843750 195187.921875 195187.843750 195187.843750
604 1956.467163 195187.843750 195187.921875 195187.843750 195187.843750
605 1959.965820 195187.843750 195187.921875 195187.843750 195187.843750
606 1963.194458 195187.843750 195187.921875 195187.843750 195187.843750
607 1966.336548 195187.843750 195187.921875 195187.843750 195187.843750
608 1969.733398 195187.843750 195187.921875 195187.843750 195187.843750
609 1972.826904 195187.843750 195187.921875 195187.843750 195187.843750
610 1976.250610 195187.843750 195187.921875 195187.843750 195187.843750
611 1979.475708 195187.843750 195187.921875 195187.843750 195187.843750
612 1982.340210 195187.843750 198109.218750 341253.218750 195187.843750
613 1985.613525 195187.843750 195519.234375 211754.750000 195187.843750
614 1989.146729 195187.843750 195187.921875 195187.843750 195187.843750
615 1992.239502 195187.843750 195187.921875 195187.843750 195187.843750
616 1995.497070 195187.843750 195353.203125 203451.812500 195187.843750
617 1998.539062 195187.843750 196273.140625 249449.046875 195187.843750
618 2001.896240 195187.843750 195279.921875 199787.968750 195187.843750
619 2005.020508 195187.843750 195701.281250 220856.703125 195187.843750
620 2008.253662 195187.843750 195187.921875 195187.843750 195187.843750
621 2011.649414 195187.843750 195187.921875 195187.843750 195187.843750
622 2014.668091 195187.843750 195187.921875 195187.843750 195187.843750
623 2017.980103 195187.843750 195187.921875 195187.843750 195187.843750
624 2020.827148 195187.843750 195187.921875 195187.843750 195187.843750
625 2023.980957 195187.843750 195187.921875 195187.843750 195187.843750
626 2027.232544 195187.843750 195187.921875 195187.843750 195187.843750
627 2030.413452 195187.843750 195187.921875 195187.843750 195187.843750
628 2033.579468 195187.843750 195187.921875 195187.843750 195187.843750
629 2037.088257 195187.843750 195187.921875 195187.843750 195187.843750
630 2040.330322 195187.843750 195187.921875 195187.843750 195187.843750
631 2043.511841 195187.843750 195187.921875 195187.843750 195187.843750
632 2046.647827 195187.843750 195187.921875 195187.843750 195187.843750
633 2049.401855 195187.843750 201185.859375 495085.281250 195187.843750
634 2052.948975 195187.843750 195362.453125 203915.218750 195187.843750
635 2056.319824 195187.843750 195187.921875 195187.843750 195187.843750
636 2059.493896 195187.843750 195187.921875 195187.843750 195187.843750
637 2062.602051 195187.843750 195187.921875 195187.843750 195187.843750
638 2066.061768 195187.843750 195187.921875 195187.843750 195187.843750
639 2069.409180 195187.843750 195187.921875 195187.843750 195187.843750
640 2071.860596 195187.843750 196862.046875 278893.937500 195187.843750
641 2075.032471 195187.843750 195470.343750 209309.734375 195187.843750
642 2077.534424 195187.843750 195464.046875 208994.015625 195187.843750
643 2080.954346 195187.843750 195187.921875 195187.843750 195187.843750
