0 0.000001 224301.031250 227300.140625 231255.781250 224301.031250
1 2.263248 219613.828125 227300.140625 231255.781250 224301.031250
2 4.152161 218128.062500 223755.046875 227490.453125 219613.828125
3 6.205015 215945.906250 223641.156250 327818.281250 218128.062500
4 8.353736 215197.312500 220129.796875 236041.890625 215945.906250
5 10.673870 213607.984375 218312.906250 228318.812500 215197.312500
6 12.673234 211277.765625 216813.734375 223846.375000 213607.984375
7 14.966096 210357.328125 215355.000000 222564.546875 211277.765625
8 16.855556 209255.906250 213942.718750 220529.468750 210357.328125
9 19.018585 207609.484375 212850.187500 220418.359375 209255.906250
10 21.267635 206127.468750 211949.640625 218606.015625 207609.484375
11 23.318621 205610.437500 211101.796875 216827.859375 206127.468750
12 25.546719 205078.406250 210196.218750 215641.859375 205610.437500
13 27.622416 204615.687500 209430.984375 215249.187500 205078.406250
14 29.692059 204555.546875 208676.937500 214750.953125 204615.687500
15 32.088936 203863.859375 208013.515625 214029.640625 204555.546875
16 34.252895 203549.109375 207268.546875 213464.093750 203863.859375
17 36.284595 203077.671875 206692.578125 213375.187500 203549.109375
18 38.848537 202469.890625 210026.593750 403125.343750 203077.671875
19 41.014725 202377.625000 207262.187500 294061.968750 202469.890625
20 43.366241 201441.296875 206699.796875 288295.187500 202377.625000
21 45.760395 201022.687500 204568.718750 212364.781250 201441.296875
22 48.011250 200302.984375 203993.921875 210978.000000 201022.687500
23 50.413895 200120.890625 203647.046875 210245.921875 200302.984375
24 52.573185 199783.296875 203226.906250 209825.781250 200120.890625
25 54.663494 199351.734375 202873.656250 209778.140625 199783.296875
26 57.287273 199060.656250 202459.796875 209302.234375 199351.734375
27 59.396187 198323.406250 203624.187500 281551.625000 199060.656250
28 61.374828 197763.093750 204030.156250 312988.250000 198323.406250
29 63.493645 197670.296875 203662.062500 308793.093750 197763.093750
30 65.753075 197550.578125 201837.625000 228336.421875 197670.296875
31 67.862221 197471.359375 201256.093750 219469.531250 197550.578125
32 70.162491 197314.703125 201445.515625 229443.062500 197471.359375
33 72.335899 197314.703125 200803.187500 210536.187500 197314.703125
34 74.592239 197206.875000 200443.546875 208469.875000 197314.703125
35 76.700668 196948.843750 200201.875000 207279.281250 197206.875000
36 78.729370 196767.812500 199991.843750 207259.687500 196948.843750
37 80.767754 196663.515625 202268.015625 322839.312500 196767.812500
38 82.839691 196398.328125 202960.000000 341015.812500 196663.515625
39 84.943520 196324.265625 201651.062500 294473.062500 196398.328125
40 87.452446 196247.703125 203508.234375 310276.437500 196324.265625
41 89.740776 196247.703125 201400.046875 288083.593750 196247.703125
42 91.815979 196061.312500 201063.796875 282512.500000 196247.703125
43 94.022491 196044.234375 199390.859375 206388.531250 196061.312500
44 96.157997 195800.359375 199181.703125 205523.187500 196044.234375
45 98.317368 195776.109375 199003.656250 205503.296875 195800.359375
46 100.467834 195726.406250 199220.781250 217249.406250 195776.109375
47 102.727066 195726.406250 199141.593750 217249.406250 195726.406250
48 105.113785 195726.406250 198848.125000 207055.234375 195726.406250
49 107.466576 195629.609375 205515.656250 446651.406250 195726.406250
50 109.661598 195629.609375 200582.593750 288375.937500 195629.609375
51 111.935463 195629.609375 199564.781250 246661.890625 195629.609375
52 114.393585 195612.515625 199163.546875 231240.828125 195629.609375
53 116.498283 195612.515625 198668.359375 209262.484375 195612.515625
54 118.540787 195612.515625 198546.296875 208951.859375 195612.515625
55 120.649300 195612.515625 198346.921875 204053.265625 195612.515625
56 122.830132 195592.171875 198273.281250 204053.265625 195612.515625
57 125.154442 195592.171875 198234.875000 204049.640625 195592.171875
58 127.219398 195592.171875 198116.796875 202496.234375 195592.171875
59 129.116379 195586.578125 198083.375000 202496.234375 195592.171875
60 131.168106 195586.578125 198023.296875 202235.968750 195586.578125
61 133.405518 195586.578125 198308.593750 216417.062500 195586.578125
62 135.504471 195586.578125 197976.625000 203346.984375 195586.578125
63 137.774124 195586.578125 197899.312500 202462.718750 195586.578125
64 140.225800 195586.578125 199681.140625 287151.218750 195586.578125
65 142.197784 195586.578125 197940.484375 203282.500000 195586.578125
66 144.312317 195586.578125 203277.218750 471820.781250 195586.578125
67 146.503952 195586.578125 197867.000000 204004.875000 195586.578125
68 148.724121 195586.578125 198013.984375 210169.015625 195586.578125
69 151.351349 195586.578125 201444.593750 371823.187500 195586.578125
70 153.462723 195586.578125 199542.359375 276698.593750 195586.578125
71 155.700409 195586.578125 199478.187500 276376.312500 195586.578125
72 157.977219 195586.578125 197889.062500 205688.343750 195586.578125
73 159.896286 195586.578125 200618.578125 334822.125000 195586.578125
74 162.047958 195586.578125 197963.687500 205647.390625 195586.578125
75 164.334625 195586.578125 197881.718750 205647.390625 195586.578125
76 166.539413 195586.578125 197826.187500 204992.093750 195586.578125
77 168.858749 195586.578125 202721.234375 354112.312500 195586.578125
78 171.058807 195586.578125 201012.093750 353169.375000 195586.578125
79 173.192581 195586.578125 203114.625000 454500.812500 195586.578125
80 175.397507 195586.578125 205197.265625 453855.250000 195586.578125
81 177.165649 195586.578125 200218.921875 299296.062500 195586.578125
82 179.455948 195586.578125 199712.343750 283315.437500 195586.578125
83 181.762741 195586.578125 199522.406250 278859.250000 195586.578125
84 183.843109 195586.578125 198028.421875 205965.093750 195586.578125
85 185.949753 195586.578125 200188.140625 311503.968750 195586.578125
86 188.075867 195586.578125 201772.875000 388706.000000 195586.578125
87 190.351227 195586.578125 199886.656250 297786.656250 195586.578125
88 192.588058 195586.578125 199774.859375 294122.531250 195586.578125
89 194.442017 195586.578125 199628.593750 287837.937500 195586.578125
90 196.475433 195586.578125 197822.078125 203495.046875 195586.578125
91 198.477310 195586.578125 200752.906250 350901.375000 195586.578125
92 200.495819 195586.578125 200923.046875 342529.437500 195586.578125
93 202.774933 195490.203125 198169.312500 217640.375000 195586.578125
94 205.303619 195490.203125 197882.937500 207180.765625 195490.203125
95 207.657700 195490.203125 200225.296875 318602.187500 195490.203125
96 209.733521 195490.203125 201002.000000 315997.437500 195490.203125
97 212.127747 195490.203125 199333.578125 270161.750000 195490.203125
98 214.286346 195490.203125 201299.218750 300531.812500 195490.203125
99 216.694321 195490.203125 210480.046875 408946.500000 195490.203125
100 218.924179 195490.203125 205438.796875 362910.125000 195490.203125
101 221.210556 195490.171875 205516.984375 409643.156250 195490.203125
102 223.250961 195490.171875 205467.515625 327541.468750 195490.171875
103 225.228836 195490.171875 201083.625000 286193.968750 195490.171875
104 227.302322 195490.171875 201606.265625 308476.312500 195490.171875
105 229.623657 195490.171875 199959.843750 226254.984375 195490.171875
106 231.776337 195490.171875 199486.875000 219429.093750 195490.171875
107 234.048859 195490.171875 204533.578125 376332.937500 195490.171875
108 236.027039 195490.171875 201202.281250 274246.187500 195490.171875
109 238.187851 195490.171875 200886.343750 273320.312500 195490.171875
110 240.507172 195490.171875 199581.593750 212465.718750 195490.171875
111 242.842758 195490.171875 201861.921875 317835.968750 195490.171875
112 244.855530 195490.171875 201195.406250 304201.031250 195490.171875
113 247.448395 195490.171875 201095.781250 303049.562500 195490.171875
114 249.944702 195490.171875 201640.078125 297908.093750 195490.171875
115 252.269241 195490.171875 201985.625000 297466.531250 195490.171875
116 254.397751 195490.171875 201055.343750 296619.781250 195490.171875
117 256.390625 195490.171875 205150.046875 444043.593750 195490.171875
118 258.674072 195490.171875 203166.781250 357831.281250 195490.171875
119 260.797943 195490.171875 202267.203125 290157.656250 195490.171875
120 263.244629 195490.171875 200489.593750 274605.656250 195490.171875
121 265.540375 195490.171875 199799.359375 248373.046875 195490.171875
122 267.706940 195490.171875 202553.484375 384433.062500 195490.171875
123 269.877960 195490.171875 198967.656250 209559.265625 195490.171875
124 272.124573 195490.171875 198876.640625 209559.265625 195490.171875
125 274.342743 195490.171875 198723.437500 206585.640625 195490.171875
126 276.501251 195490.171875 198560.500000 205995.125000 195490.171875
127 278.661133 195490.171875 198476.640625 205884.656250 195490.171875
128 280.875946 195490.171875 200450.546875 301116.718750 195490.171875
129 283.157410 195490.171875 200367.656250 301116.718750 195490.171875
130 285.023224 195490.171875 199734.578125 274544.906250 195490.171875
131 287.420319 195490.171875 198298.593750 205790.687500 195490.171875
132 289.807678 195490.171875 198764.640625 226069.000000 195490.171875
133 291.680908 195490.171875 198357.984375 208478.828125 195490.171875
134 294.138184 195490.171875 200362.375000 299422.375000 195490.171875
135 296.476318 195490.171875 198469.984375 208820.203125 195490.171875
136 298.716980 195490.171875 198265.703125 208692.546875 195490.171875
137 301.085602 195490.171875 198165.515625 207628.843750 195490.171875
138 303.094513 195490.171875 198128.906250 207628.843750 195490.171875
139 305.466156 195490.171875 198042.125000 206768.578125 195490.171875
140 307.755951 195490.171875 197948.906250 205876.718750 195490.171875
141 309.828491 195490.171875 201372.000000 374815.875000 195490.171875
142 312.142792 195490.171875 202516.906250 332649.156250 195490.171875
143 314.070129 195490.171875 202622.984375 339787.343750 195490.171875
144 316.319702 195490.171875 198944.625000 231737.125000 195490.171875
145 318.582947 195490.171875 198330.281250 208113.750000 195490.171875
146 320.877625 195490.171875 198228.140625 208069.109375 195490.171875
147 323.126068 195490.171875 198091.578125 207847.421875 195490.171875
148 325.318420 195490.171875 198063.000000 207746.109375 195490.171875
149 327.486908 195490.171875 198016.718750 207168.734375 195490.171875
150 329.844604 195490.171875 197979.406250 207069.859375 195490.171875
151 331.987396 195490.171875 198591.265625 236498.453125 195490.171875
152 334.341827 195490.171875 198361.296875 227023.718750 195490.171875
153 336.775543 195490.171875 197832.734375 202357.453125 195490.171875
154 339.315399 195490.171875 199873.453125 300585.312500 195490.171875
155 341.433228 195490.171875 197840.218750 202267.187500 195490.171875
156 343.642944 195489.203125 197812.656250 202267.187500 195490.171875
157 346.139862 195489.203125 198871.265625 255603.437500 195489.203125
158 348.602814 195489.203125 198675.234375 243427.031250 195489.203125
159 350.795349 195489.203125 197834.421875 208553.703125 195489.203125
160 353.034637 195447.140625 197635.796875 203818.968750 195489.203125
161 355.140717 195447.140625 197539.640625 201611.718750 195447.140625
162 357.343140 195447.140625 197478.078125 201560.968750 195447.140625
163 359.172455 195447.140625 197456.421875 201216.531250 195447.140625
164 361.476837 195447.140625 197405.859375 201216.531250 195447.140625
165 363.852661 195447.140625 197352.578125 201216.531250 195447.140625
166 366.045319 195447.140625 197325.578125 201216.531250 195447.140625
167 368.263397 195447.140625 199232.796875 284590.187500 195447.140625
168 370.491699 195447.140625 199098.765625 282758.281250 195447.140625
169 372.708954 195447.140625 200015.687500 323458.437500 195447.140625
170 375.256195 195447.140625 197641.375000 205708.171875 195447.140625
171 377.674561 195447.140625 197573.562500 205708.171875 195447.140625
172 380.168152 195447.140625 197530.984375 203999.640625 195447.140625
173 382.195862 195447.140625 197500.578125 203192.031250 195447.140625
174 384.608521 195447.140625 197439.453125 203192.031250 195447.140625
175 386.605682 195447.140625 197348.421875 202737.421875 195447.140625
176 389.174408 195447.140625 197271.046875 202277.281250 195447.140625
177 391.281067 195447.140625 197248.312500 202277.281250 195447.140625
178 393.569977 195447.140625 203121.343750 425651.656250 195447.140625
179 395.848907 195447.140625 201853.562500 424350.500000 195447.140625
180 397.916565 195447.140625 202286.000000 439944.250000 195447.140625
181 400.158905 195447.140625 203491.781250 403192.750000 195447.140625
182 402.507935 195447.140625 209603.281250 420257.125000 195447.140625
183 404.613739 195447.140625 202214.015625 303831.375000 195447.140625
184 406.844513 195447.140625 200342.218750 303805.406250 195447.140625
185 409.151306 195447.140625 199941.140625 290224.625000 195447.140625
186 411.272888 195447.140625 203818.265625 415450.281250 195447.140625
187 413.438385 195447.140625 203977.312500 361186.781250 195447.140625
188 415.553162 195447.140625 200729.921875 314957.812500 195447.140625
189 418.183044 195447.140625 198320.781250 209795.140625 195447.140625
190 420.337830 195447.140625 198218.781250 209770.734375 195447.140625
191 422.565857 195447.140625 198112.156250 209588.937500 195447.140625
192 424.485413 195447.140625 198020.375000 207935.625000 195447.140625
193 427.237946 195447.140625 202115.921875 305262.437500 195447.140625
194 429.529785 195447.140625 199624.312500 245412.406250 195447.140625
195 431.843842 195447.140625 204590.203125 382874.812500 195447.140625
196 434.097382 195447.140625 200715.500000 307362.937500 195447.140625
197 436.344788 195447.140625 198636.578125 208332.625000 195447.140625
198 438.033234 195447.140625 200293.437500 283995.906250 195447.140625
199 440.193207 195447.140625 198631.281250 207826.265625 195447.140625
200 442.254059 195447.140625 198533.062500 206770.218750 195447.140625
201 444.523987 195447.140625 202816.562500 339646.375000 195447.140625
202 446.642914 195447.140625 202495.000000 329847.843750 195447.140625
203 449.135742 195447.140625 205135.656250 392672.093750 195447.140625
204 451.441193 195447.140625 201021.984375 306912.062500 195447.140625
205 453.752441 195447.140625 198962.921875 208781.187500 195447.140625
206 455.879456 195447.140625 199401.812500 225187.359375 195447.140625
207 458.419342 195447.140625 198935.781250 208552.578125 195447.140625
208 460.934601 195447.140625 200164.578125 266406.031250 195447.140625
209 462.898621 195447.140625 199833.625000 253322.703125 195447.140625
210 465.176849 195447.140625 199713.187500 253266.828125 195447.140625
211 466.992340 195447.140625 200011.906250 245734.031250 195447.140625
212 469.106110 195447.140625 198967.375000 220785.281250 195447.140625
213 471.342102 195447.140625 198687.437500 211240.328125 195447.140625
214 473.464172 195447.140625 200038.812500 276901.531250 195447.140625
215 475.625336 195447.140625 198554.703125 208362.656250 195447.140625
216 477.792877 195447.140625 198452.562500 208362.656250 195447.140625
217 480.058075 195447.140625 198305.062500 206808.718750 195447.140625
218 482.260406 195447.140625 200420.437500 308447.312500 196018.656250
219 484.748291 195447.140625 203141.046875 341892.156250 196018.656250
220 486.646698 195447.140625 204332.640625 373519.843750 196018.656250
221 488.588013 195447.140625 201493.640625 370146.750000 196018.656250
222 491.022308 195447.140625 201329.406250 366329.906250 196018.656250
223 493.493896 195447.140625 198834.687500 233994.468750 196018.656250
224 495.859619 195447.140625 201212.046875 357998.093750 196018.656250
225 498.411743 195447.140625 200194.562500 310021.375000 196018.656250
226 500.424438 195447.140625 198083.640625 206412.187500 196018.656250
227 502.535828 195447.140625 198533.203125 227512.703125 196018.656250
228 504.561523 195447.140625 198810.359375 223834.515625 196018.656250
229 506.688812 195447.140625 199196.718750 242365.968750 196018.656250
230 508.852081 195447.140625 201959.500000 284908.687500 196018.656250
231 510.924042 195447.140625 204956.218750 402251.343750 196018.656250
232 512.809937 195447.140625 199659.437500 255419.140625 196018.656250
233 514.954956 195447.140625 201951.765625 318441.750000 196018.656250
234 517.009583 195447.140625 198660.234375 210617.515625 196018.656250
235 519.245544 195447.140625 198496.375000 209364.843750 196018.656250
236 521.353943 195447.140625 198397.046875 207708.828125 196018.656250
237 523.359924 195447.140625 198419.281250 207708.828125 196018.656250
238 525.705566 195447.140625 202352.859375 316211.218750 196018.656250
239 527.857361 195447.140625 200443.562500 301299.625000 196018.656250
240 530.113708 195447.140625 200120.812500 288883.000000 196018.656250
241 532.288818 195447.140625 202906.875000 356148.156250 196018.656250
242 534.420776 195447.140625 201302.187500 302405.437500 196018.656250
243 536.300293 195447.140625 203267.703125 290363.875000 196018.656250
244 538.421204 195447.140625 201058.078125 276151.125000 196018.656250
245 540.466309 195447.140625 201498.093750 268846.750000 196018.656250
246 542.587708 195447.140625 200272.312500 259345.625000 196018.656250
247 544.947205 195447.140625 199945.578125 252048.953125 196018.656250
248 547.172729 195447.140625 199665.359375 246233.000000 196018.656250
249 549.330811 195447.140625 203419.687500 398706.906250 196018.656250
250 551.375488 195447.140625 202220.140625 339651.437500 196018.656250
251 553.643066 195447.140625 199508.953125 236316.406250 196018.656250
252 556.132324 195447.140625 198808.703125 208263.718750 196018.656250
253 558.222595 195447.140625 200370.500000 277105.625000 196018.656250
254 560.439270 195447.140625 204625.500000 424241.906250 196018.656250
255 562.690186 195447.140625 199824.796875 248315.234375 196018.656250
256 565.043152 195447.140625 199525.312500 240968.078125 196018.656250
257 566.921753 195447.140625 201580.937500 313759.875000 196018.656250
258 569.162903 195447.140625 201562.484375 300040.750000 196018.656250
259 571.168335 195447.140625 199426.875000 237933.531250 196018.656250
260 573.222961 195447.140625 199297.859375 237807.203125 196018.656250
261 575.351562 195447.140625 198542.687500 206181.515625 196018.656250
262 577.302917 195447.140625 198401.218750 205912.171875 196018.656250
263 579.520935 195447.140625 198308.265625 205204.984375 196018.656250
264 581.785828 195447.140625 198286.078125 205200.359375 196018.656250
265 584.011780 195447.140625 198213.734375 205129.375000 196018.656250
266 586.041443 195447.140625 198183.125000 205025.843750 196018.656250
267 588.177246 195447.140625 203083.406250 444785.562500 196018.656250
268 590.266724 195447.140625 201174.703125 352720.156250 196018.656250
269 592.447388 195447.140625 200720.406250 334402.125000 196018.656250
270 594.704590 195447.140625 200432.265625 325469.875000 196018.656250
271 597.011841 195447.140625 197950.546875 206177.296875 196018.656250
272 599.099915 195447.140625 200544.500000 331478.812500 196018.656250
273 601.164490 195447.140625 199877.843750 281943.875000 196018.656250
274 603.297668 195447.140625 198307.640625 205740.109375 196018.656250
275 605.806335 195447.140625 200413.781250 312534.125000 196018.656250
276 607.934814 195447.140625 202111.312500 306754.468750 196018.656250
277 610.581116 195447.140625 202760.453125 366233.343750 196018.656250
278 613.051147 195447.140625 198931.875000 230068.609375 196018.656250
279 615.265442 195447.140625 200811.640625 304447.375000 196018.656250
280 617.520630 195447.140625 199600.718750 271766.687500 196018.656250
281 619.553589 195447.140625 207590.406250 445617.812500 196018.656250
282 621.745117 195447.140625 201141.234375 314865.312500 196018.656250
283 623.742004 195447.140625 201601.843750 312234.312500 196018.656250
284 625.802124 195447.140625 199955.640625 275073.187500 196018.656250
285 628.224915 195447.140625 198494.234375 210534.625000 196018.656250
286 630.354980 195447.140625 198382.062500 210165.781250 196018.656250
287 632.812317 195447.140625 202301.781250 339978.656250 196018.656250
288 635.280640 195447.140625 204675.578125 390535.093750 196018.656250
289 637.425110 195447.140625 199100.218750 236509.203125 196018.656250
290 639.306580 195447.140625 198441.343750 210159.546875 196018.656250
291 641.848938 195447.140625 201602.218750 363641.375000 196018.656250
292 643.684937 195447.140625 198278.687500 206893.296875 196018.656250
293 645.885803 195447.140625 198213.734375 206786.890625 196018.656250
294 648.387817 195447.140625 198127.000000 206133.187500 196018.656250
295 650.712769 195447.140625 198075.015625 206133.187500 196018.656250
296 653.273804 195447.140625 203112.046875 450760.093750 196018.656250
297 655.571045 195447.140625 198025.203125 204585.250000 196018.656250
298 658.099060 195447.140625 197932.640625 204344.593750 196018.656250
299 660.581482 195447.140625 200447.406250 328770.062500 196018.656250
300 662.737122 195447.140625 202883.578125 446153.562500 196018.656250
301 664.780884 195447.140625 203648.625000 355323.937500 196018.656250
302 667.115234 195447.140625 207839.140625 480440.343750 196018.656250
303 669.404846 195447.140625 199777.046875 262147.593750 196018.656250
304 671.489502 195447.140625 199528.812500 260415.203125 196018.656250
305 673.865417 195447.140625 199105.156250 245222.796875 196018.656250
306 676.042786 195447.140625 198944.437500 241382.984375 196018.656250
307 678.007202 195447.140625 202480.640625 321552.875000 196018.656250
308 680.340271 195447.140625 200543.312500 313603.531250 196018.656250
309 682.602478 195447.140625 199029.296875 242739.296875 196018.656250
310 684.565613 195447.140625 202847.921875 353546.218750 196018.656250
311 686.591614 195447.140625 199067.640625 229515.468750 196018.656250
312 688.968872 195447.140625 198424.218750 210196.187500 196018.656250
313 690.873047 195447.140625 198247.734375 207992.031250 196018.656250
314 693.079956 195447.140625 198211.593750 207992.031250 196018.656250
315 695.275024 195447.140625 198153.687500 207992.031250 196018.656250
316 697.437744 195447.140625 198509.875000 214308.484375 196018.656250
317 699.511963 195447.140625 198256.312500 206527.453125 196018.656250
318 701.864075 195447.140625 198144.781250 206223.125000 196018.656250
319 703.932434 195447.140625 198592.234375 223249.515625 196018.656250
320 706.210388 195447.140625 198419.625000 216580.265625 196018.656250
321 708.172424 195447.140625 198388.296875 216580.265625 196018.656250
322 710.304626 195447.140625 198352.453125 216580.265625 196018.656250
323 712.457153 195447.140625 198001.218750 204757.468750 196018.656250
324 714.678284 195447.140625 197932.265625 204600.296875 196018.656250
325 716.757812 195447.140625 197841.734375 203702.609375 196018.656250
326 718.687439 195447.140625 201235.593750 370266.437500 196018.656250
327 720.866943 195447.140625 197892.265625 205771.703125 196018.656250
328 722.609619 195447.140625 197825.140625 204926.828125 196018.656250
329 724.672485 195447.140625 197795.140625 204926.828125 196018.656250
330 726.790833 195447.140625 197735.203125 203991.828125 196018.656250
331 729.120422 195447.140625 197699.765625 203991.828125 196018.656250
332 731.377563 195447.140625 197666.484375 203775.062500 196018.656250
333 733.660889 195447.140625 199062.687500 271379.187500 196018.656250
334 735.634033 195447.140625 200406.812500 277043.062500 196018.656250
335 737.825012 195447.140625 198765.687500 255884.265625 196018.656250
336 739.512146 195447.140625 197658.140625 203385.468750 196018.656250
337 741.832214 195447.140625 200977.734375 370395.406250 195974.531250
338 744.138794 195447.140625 201843.203125 410967.812500 195974.531250
339 746.465515 195447.140625 204105.078125 362100.000000 195956.500000
340 748.762085 195447.140625 200906.734375 359473.937500 195956.500000
341 750.911316 195447.140625 200395.375000 337319.750000 195956.500000
342 753.122070 195447.140625 199430.343750 295051.875000 195956.500000
343 755.450256 195447.140625 197646.687500 206624.093750 195956.500000
344 757.541199 195447.140625 197588.515625 205514.984375 195956.500000
345 759.800354 195447.140625 197480.765625 204053.109375 195943.875000
346 761.843262 195447.140625 197447.562500 203064.359375 195943.875000
347 763.986389 195447.140625 197338.625000 201933.671875 195943.875000
348 766.248840 195447.140625 201720.312500 347278.968750 195943.875000
349 768.241882 195447.140625 202963.718750 305682.125000 195943.875000
350 770.509033 195447.140625 199224.375000 281846.218750 195943.875000
351 772.740173 195447.140625 199122.734375 280445.125000 195943.875000
352 774.874695 195447.140625 198371.625000 243348.593750 195943.875000
353 777.219604 195447.140625 198064.859375 233104.609375 195943.875000
354 779.184509 195447.140625 197344.875000 201047.328125 195943.875000
355 781.526184 195447.140625 197328.703125 200865.781250 195943.875000
356 783.675903 195447.140625 198060.953125 235385.546875 195943.875000
357 785.820312 195447.140625 197925.718750 230473.109375 195943.875000
358 787.558960 195447.140625 198755.359375 243800.093750 195943.875000
359 789.757202 195447.140625 202157.734375 411916.906250 195943.875000
360 792.072388 195447.140625 198946.640625 282309.812500 195943.875000
361 794.201172 195447.140625 199661.718750 271493.250000 195943.875000
362 796.393005 195447.140625 202016.921875 370602.000000 195943.875000
363 798.461853 195447.140625 200246.015625 287029.125000 195943.875000
364 800.242798 195447.140625 198313.281250 232687.625000 195943.875000
365 802.567505 195447.140625 197667.578125 207366.468750 195943.875000
366 804.584167 195447.140625 197544.406250 206109.406250 195943.875000
367 806.723816 195447.140625 197405.078125 206026.234375 195943.875000
368 808.935425 195447.140625 197316.546875 203377.109375 195943.875000
369 811.077637 195447.140625 197291.906250 203377.109375 195943.875000
370 813.217468 195447.140625 197270.953125 203377.109375 195943.875000
371 815.236328 195447.140625 197222.078125 203034.656250 195943.875000
372 817.289246 195447.140625 197182.953125 201948.437500 195943.875000
373 819.619690 195447.140625 197760.656250 229271.218750 195943.875000
374 821.865662 195447.140625 198660.593750 271478.968750 195943.875000
375 824.255798 195447.140625 198393.078125 259642.312500 195943.875000
376 826.307251 195447.140625 200563.640625 285459.343750 195943.875000
377 828.191650 195447.140625 201110.546875 281329.500000 195943.875000
378 830.616516 195447.140625 198556.015625 247458.468750 195943.875000
379 833.042236 195447.140625 199766.093750 307465.781250 195943.875000
380 835.485596 195447.140625 202749.921875 365052.687500 195943.875000
381 837.572266 195447.140625 200943.703125 355974.156250 195943.875000
382 839.617065 195447.140625 208879.437500 466634.031250 195943.875000
383 841.824036 195447.140625 203130.546875 460110.031250 195943.875000
384 843.755066 195447.140625 209828.046875 392934.781250 195943.875000
385 845.882202 195447.140625 199189.140625 229920.843750 195943.875000
386 848.013245 195447.140625 198723.437500 222991.453125 195943.875000
387 849.911377 195447.140625 198255.234375 207764.468750 195943.875000
388 852.204773 195447.140625 199794.312500 287533.937500 195943.875000
389 854.637329 195447.140625 199066.656250 258516.750000 195943.875000
390 857.111145 195447.140625 198754.656250 247202.578125 195943.875000
391 859.469238 195447.140625 198645.156250 237918.718750 195943.875000
392 861.941589 195447.140625 203991.156250 475555.343750 195943.875000
393 864.111267 195447.140625 202096.421875 384515.531250 195943.875000
394 866.489868 195447.140625 200127.140625 322388.718750 195943.875000
395 868.765686 195447.140625 199718.765625 304639.406250 195943.875000
396 871.570740 195447.140625 198746.953125 264773.937500 195943.875000
397 873.747314 195447.140625 198528.015625 258074.578125 195943.875000
398 876.005676 195447.140625 201330.265625 396410.312500 195943.875000
399 878.269348 195447.140625 201268.937500 395852.781250 195943.875000
400 880.580505 195447.140625 199616.046875 317708.625000 195943.875000
401 882.929932 195447.140625 199553.843750 317008.218750 195943.875000
402 884.734314 195447.140625 198529.734375 256698.921875 195943.875000
403 886.871765 195447.140625 197307.984375 207873.937500 195943.875000
404 888.985657 195447.140625 197243.796875 207025.843750 195943.875000
405 891.140137 195447.140625 197203.500000 207025.843750 195943.875000
406 893.284668 195447.140625 197299.546875 206093.109375 195943.875000
407 895.505920 195447.140625 197212.484375 206093.109375 195943.875000
408 897.950256 195447.140625 197136.781250 204837.531250 195943.875000
409 900.174133 195447.140625 197125.125000 204837.531250 195943.875000
410 902.532104 195447.140625 197088.000000 204077.578125 195943.875000
411 904.489502 195447.140625 202465.953125 439513.000000 195943.875000
412 906.670410 195447.140625 199883.359375 308243.281250 195943.875000
413 909.084290 195447.140625 197741.359375 228452.468750 195943.875000
414 911.318726 195447.140625 197597.656250 225919.343750 195943.875000
415 913.502014 195447.140625 197517.562500 225919.343750 195943.875000
416 915.845032 195447.140625 197506.906250 225919.343750 195943.875000
417 918.520264 195447.140625 197031.203125 203307.078125 195943.875000
418 920.678955 195447.140625 196987.312500 203307.078125 195943.875000
419 922.970947 195447.140625 201840.453125 440893.531250 195943.875000
420 925.220215 195447.140625 204139.921875 394223.031250 195943.875000
421 927.767090 195447.140625 200545.984375 381393.218750 195943.875000
422 929.898254 195447.140625 200279.796875 368541.750000 195943.875000
423 931.769836 195447.140625 200254.281250 367571.500000 195942.343750
424 933.915100 195447.140625 198595.687500 286015.625000 195942.343750
425 936.306580 195447.140625 201700.593750 440405.718750 195942.343750
426 938.756348 195447.140625 200803.312500 397271.031250 195887.078125
427 940.655396 195447.140625 200313.921875 374030.312500 195887.078125
428 942.903381 195447.140625 200232.453125 371049.656250 195811.968750
429 944.974670 195447.140625 200243.765625 368817.843750 195811.968750
430 947.012451 195447.140625 196867.921875 202612.812500 195811.968750
431 949.087036 195447.140625 196833.984375 201309.343750 195811.968750
432 951.289246 195447.140625 196809.921875 201309.343750 195811.968750
433 953.640015 195447.140625 197781.703125 246406.515625 195811.968750
434 955.903198 195447.140625 197455.156250 231636.500000 195798.750000
435 957.706177 195447.140625 197402.421875 230896.562500 195798.750000
436 959.686340 195447.140625 197366.343750 229961.437500 195798.750000
437 961.889160 195447.140625 201199.796875 388770.437500 195798.750000
438 964.164734 195447.140625 203482.562500 373540.625000 195798.750000
439 966.073914 195447.140625 201972.312500 357155.218750 195798.750000
440 968.129211 195447.140625 197923.578125 251967.421875 195798.750000
441 970.074829 195447.140625 197666.421875 241841.000000 195798.750000
442 972.188660 195447.140625 197609.906250 239581.640625 195798.750000
443 974.274414 195447.140625 197342.640625 226486.750000 195798.750000
444 976.553467 195447.140625 200023.625000 333119.406250 195798.750000
445 978.678284 195447.140625 199322.203125 325806.906250 195798.750000
446 980.827271 195447.140625 199267.593750 323598.531250 195798.750000
447 983.153442 195447.140625 198018.859375 261936.796875 195798.750000
448 985.395142 195447.140625 199470.078125 271904.218750 195798.750000
449 987.507141 195447.140625 197872.203125 253620.093750 195798.750000
450 989.874390 195447.140625 197869.375000 251014.578125 195798.750000
451 992.179199 195447.140625 197678.984375 241825.609375 195798.750000
452 994.517944 195447.140625 197642.265625 241348.046875 195798.750000
453 996.565186 195447.140625 197624.796875 241135.390625 195798.750000
454 998.606995 195447.140625 200984.781250 409949.343750 195798.750000
455 1001.212891 195447.140625 201676.500000 382602.781250 195798.750000
456 1003.361206 195447.140625 199633.812500 254766.187500 195798.750000
457 1005.603210 195447.140625 198282.234375 240387.156250 195798.750000
458 1007.701355 195447.140625 198165.437500 238090.750000 195798.750000
459 1009.816162 195447.140625 197345.281250 225948.750000 195798.750000
460 1012.274841 195447.140625 197306.906250 224700.515625 195798.750000
461 1014.142090 195447.140625 196752.578125 198689.062500 195798.750000
462 1016.572571 195447.140625 196729.562500 198689.062500 195798.750000
463 1018.727417 195447.140625 201117.453125 343978.000000 195798.750000
464 1020.931580 195447.140625 200853.953125 342361.593750 195798.750000
465 1023.415527 195447.140625 198573.906250 255433.640625 195798.750000
466 1025.612183 195447.140625 198255.656250 248621.281250 195798.750000
467 1027.710327 195447.140625 199181.625000 296134.125000 195798.750000
468 1029.842163 195447.140625 198433.875000 260054.906250 195798.750000
469 1032.155762 195447.140625 198353.093750 258319.937500 195798.750000
470 1034.201050 195447.140625 197835.734375 254295.593750 195798.750000
471 1036.353027 195447.140625 197495.953125 237616.921875 195798.750000
472 1038.623169 195447.140625 197428.140625 234351.093750 195798.750000
473 1040.651367 195447.140625 196928.343750 207870.234375 195798.750000
474 1042.432007 195447.140625 196707.015625 198424.453125 195798.750000
475 1044.597534 195447.140625 196918.046875 207152.156250 195798.750000
476 1046.572754 195447.140625 196870.421875 205947.687500 195798.750000
477 1048.702148 195447.140625 196772.796875 201401.937500 195798.750000
478 1050.671143 195447.140625 197833.500000 249491.609375 195798.750000
479 1053.012695 195447.140625 199516.281250 290336.562500 195798.750000
480 1055.487061 195447.140625 199342.703125 281894.625000 195798.750000
481 1058.026001 195447.140625 196818.937500 200090.171875 195798.750000
482 1060.456421 195447.140625 196770.515625 199133.796875 195798.750000
483 1062.933960 195447.140625 200348.312500 377283.875000 195798.750000
484 1065.027954 195447.140625 199158.718750 318370.500000 195798.750000
485 1067.330200 195447.140625 200293.687500 311613.156250 195798.750000
486 1069.300659 195447.140625 199571.796875 283070.781250 195798.750000
487 1071.244019 195447.140625 200249.437500 290581.562500 195798.750000
488 1073.660767 195447.140625 201223.953125 270815.906250 195798.750000
489 1076.014771 195447.140625 198437.875000 252518.968750 195798.750000
490 1078.432739 195447.140625 197652.406250 241021.703125 195798.750000
491 1080.785034 195447.140625 196771.812500 201316.906250 195798.750000
492 1082.780151 195447.140625 196701.703125 199317.812500 195798.750000
493 1084.929077 195447.140625 196674.781250 198080.937500 195798.750000
494 1087.302124 195447.140625 196665.234375 198080.937500 195798.750000
495 1089.613525 195447.140625 196662.812500 198080.937500 195798.750000
496 1092.049805 195447.140625 196647.812500 198004.843750 195798.750000
497 1094.272217 195447.140625 196619.218750 198004.843750 195798.750000
498 1096.589722 195447.140625 196608.640625 198004.843750 195798.750000
499 1098.663818 195447.140625 196593.640625 197806.265625 195798.750000
500 1100.834473 195447.140625 196574.625000 197596.375000 195798.750000
501 1103.283691 195447.140625 198161.140625 276417.500000 195798.750000
502 1105.179077 195447.140625 197942.343750 265492.593750 195798.750000
503 1107.204590 195447.140625 197900.203125 263538.000000 195798.750000
504 1109.187866 195447.140625 197804.718750 259838.906250 195798.750000
505 1111.594360 195447.140625 197693.984375 254394.296875 195798.750000
506 1113.991577 195447.140625 201424.312500 316614.656250 195798.750000
507 1115.757690 195447.140625 201012.562500 314290.843750 195798.750000
508 1118.049561 195447.140625 198613.781250 249823.781250 195798.750000
509 1120.363403 195447.140625 197561.234375 243733.078125 195798.750000
510 1122.369019 195447.140625 197212.359375 228487.703125 195798.750000
511 1124.194336 195447.140625 197119.734375 224482.796875 195798.750000
512 1126.001709 195447.140625 202912.046875 487681.031250 195798.750000
513 1128.150635 195447.140625 200121.687500 366256.500000 195798.750000
514 1129.951172 195447.140625 199246.703125 323338.562500 195798.750000
515 1131.894287 195447.140625 199064.062500 314557.625000 195798.750000
516 1133.833496 195447.140625 198582.718750 290523.625000 195798.750000
517 1135.950928 195447.140625 198599.812500 287680.156250 195798.750000
518 1138.118652 195447.140625 198481.734375 283686.218750 195798.750000
519 1140.313354 195447.140625 198535.765625 279213.906250 195798.750000
520 1142.571533 195447.140625 198708.453125 291139.937500 195798.750000
521 1144.905396 195447.140625 202094.000000 302628.281250 195798.750000
522 1147.060425 195447.140625 204433.078125 316755.937500 195798.750000
523 1149.464844 195447.140625 202098.296875 300267.656250 195798.750000
524 1151.649902 195447.140625 200095.734375 283428.531250 195798.750000
525 1153.893066 195447.140625 203738.078125 388936.500000 195798.750000
526 1156.217285 195447.140625 202439.578125 346226.562500 195798.750000
527 1158.354614 195447.140625 198456.734375 283061.406250 195798.750000
528 1160.877319 195447.140625 198153.734375 272459.187500 195798.750000
529 1163.263428 195447.140625 198033.375000 268240.281250 195798.750000
530 1165.684692 195447.140625 197953.921875 264526.468750 195798.750000
531 1168.011353 195447.140625 198497.406250 250427.171875 195798.750000
532 1170.682373 195447.140625 197977.953125 241344.406250 195798.750000
533 1173.040649 195447.140625 201032.296875 305254.687500 195798.750000
534 1175.111572 195447.140625 199012.562500 244485.718750 195798.750000
535 1177.026245 195447.140625 199653.562500 286838.156250 195798.750000
536 1179.247070 195447.140625 206628.796875 453692.000000 195798.750000
537 1181.350342 195447.140625 200520.812500 283883.062500 195798.750000
538 1183.633423 195447.140625 198930.578125 259117.906250 195798.750000
539 1185.808594 195447.140625 198283.015625 258513.281250 195798.750000
540 1188.290771 195447.140625 197878.015625 255029.765625 195798.750000
541 1190.500854 195447.140625 198495.734375 285352.781250 195798.750000
542 1192.948975 195447.140625 196802.078125 200229.328125 195798.750000
543 1195.083618 195447.140625 196775.046875 200229.328125 195798.750000
544 1197.266724 195447.140625 197852.734375 251249.437500 195798.750000
545 1199.375977 195447.140625 197806.578125 250160.296875 195798.750000
546 1201.767456 195447.140625 202480.578125 439219.093750 195798.750000
547 1204.115356 195447.140625 196750.062500 199541.015625 195798.750000
548 1205.828003 195447.140625 196725.359375 199541.015625 195798.750000
549 1208.067261 195447.140625 196690.265625 199541.015625 195798.750000
550 1210.135132 195447.140625 197724.093750 250526.875000 195798.750000
551 1212.390503 195447.140625 200298.953125 341746.562500 195798.750000
552 1214.413818 195447.140625 199923.625000 326624.062500 195798.750000
553 1216.548462 195447.140625 197387.265625 233427.406250 195798.750000
554 1218.657959 195447.140625 197341.078125 232933.109375 195798.750000
555 1220.965332 195447.140625 196571.812500 198428.734375 195798.750000
556 1223.293823 195447.140625 196539.375000 198428.734375 195798.750000
557 1225.425903 195447.140625 198777.546875 309649.187500 195798.750000
558 1227.560669 195447.140625 203889.406250 453108.812500 195798.750000
559 1230.096558 195447.140625 202941.640625 407356.000000 195798.750000
560 1232.815063 195447.140625 199910.765625 304047.843750 195798.750000
561 1235.026001 195447.140625 197641.765625 252908.312500 195798.750000
562 1237.181274 195447.140625 197366.781250 239324.953125 195798.750000
563 1239.352905 195447.140625 197120.656250 227766.625000 195798.750000
564 1241.545044 195447.140625 197093.937500 227431.000000 195798.750000
565 1243.771484 195447.140625 197008.156250 223924.921875 195798.750000
566 1245.955688 195447.140625 196973.687500 222267.203125 195798.750000
567 1247.786499 195447.140625 196825.843750 215965.468750 195798.750000
568 1249.925537 195447.140625 200593.687500 384515.437500 195927.640625
569 1251.709229 195447.140625 200383.921875 295207.093750 195927.640625
570 1254.318726 195447.140625 198455.406250 277189.156250 195927.640625
571 1256.775024 195447.140625 198115.078125 261486.328125 195927.640625
572 1258.970459 195447.140625 197935.046875 253269.953125 195927.640625
573 1261.112671 195447.140625 196588.375000 201190.750000 195927.640625
574 1263.023315 195447.140625 196583.187500 201190.750000 195927.640625
575 1265.240723 195447.140625 199253.140625 333522.218750 195927.640625
576 1267.253784 195447.140625 197937.515625 268906.156250 195927.640625
577 1269.506104 195447.140625 197624.484375 254675.000000 195927.640625
578 1271.626587 195447.140625 196494.265625 199977.640625 195927.640625
579 1273.933838 195447.140625 196464.812500 199977.640625 195927.640625
580 1276.164185 195447.140625 196461.515625 199977.640625 195927.640625
581 1278.451538 195447.140625 196396.453125 198129.359375 195927.640625
582 1280.714600 195447.140625 196378.515625 198129.359375 195927.640625
583 1283.037231 195447.140625 196707.687500 212758.656250 195927.640625
584 1285.392090 195447.140625 196695.515625 212354.109375 195927.640625
585 1287.687622 195447.140625 196671.421875 212007.453125 195927.640625
586 1289.963379 195447.140625 199207.640625 324881.750000 195927.640625
587 1292.107300 195447.140625 196638.078125 211204.625000 195927.640625
588 1294.442993 195447.140625 196619.078125 210815.640625 195927.640625
589 1296.693726 195447.140625 201683.937500 325550.750000 195927.640625
590 1298.726929 195447.140625 198625.437500 311636.937500 195927.640625
591 1301.182739 195447.140625 198040.093750 283318.531250 195927.640625
592 1303.511841 195447.140625 197980.093750 282147.062500 195927.640625
593 1305.635498 195447.140625 200647.562500 329628.968750 195927.640625
594 1307.834351 195447.140625 197965.484375 282569.437500 195927.640625
595 1310.108521 195447.140625 197934.546875 281227.625000 195927.640625
596 1312.159790 195447.140625 200593.984375 414098.937500 195927.640625
597 1314.264160 195447.140625 200410.546875 341865.156250 195927.640625
598 1316.027954 195447.140625 199133.296875 341165.968750 195927.640625
599 1318.297729 195447.140625 199748.625000 281378.843750 195927.640625
600 1320.849121 195447.140625 197516.843750 260106.718750 195927.640625
601 1323.065186 195447.140625 197488.187500 258839.562500 195927.640625
602 1325.602051 195447.140625 197422.406250 255654.203125 195927.640625
603 1327.772583 195447.140625 197344.343750 252051.578125 195927.640625
604 1330.084717 195447.140625 197309.562500 250457.796875 195927.640625
605 1332.235229 195447.140625 198344.312500 250074.312500 195927.640625
606 1334.171387 195447.140625 197012.234375 235601.078125 195927.640625
607 1336.126831 195447.140625 197523.015625 234346.015625 195927.640625
608 1338.283081 195447.140625 196633.921875 216994.093750 195927.640625
609 1340.556885 195447.140625 198436.515625 250980.937500 195927.640625
610 1343.036377 195447.140625 196518.187500 210581.046875 195927.640625
611 1345.406006 195447.140625 196217.125000 196454.390625 195927.640625
612 1347.392822 195447.140625 196216.296875 196454.390625 195927.640625
613 1349.888184 195447.140625 196214.234375 196454.390625 195927.640625
614 1352.239868 195447.140625 196210.125000 196454.390625 195927.640625
615 1354.415161 195447.140625 196203.937500 196454.390625 195927.640625
616 1356.611328 195447.140625 196199.812500 196454.390625 195927.640625
617 1358.523315 195447.140625 197033.093750 238106.437500 195927.640625
618 1360.731567 195447.140625 196863.296875 229862.578125 195927.640625
619 1362.939087 195447.140625 196671.812500 220749.953125 195927.640625
620 1365.077148 195447.140625 197482.187500 240347.281250 195927.640625
621 1367.274780 195447.140625 197021.343750 229812.984375 195927.640625
622 1369.390503 195447.140625 199774.078125 342501.875000 195927.640625
623 1371.454956 195447.140625 200373.546875 372683.875000 195927.640625
624 1373.667725 195447.140625 196821.125000 228400.125000 195927.640625
625 1376.025391 195447.140625 196177.062500 196196.687500 195927.640625
626 1377.905029 195447.140625 196177.062500 196196.687500 195927.640625
627 1380.312012 195447.140625 197771.546875 275920.875000 195927.640625
628 1382.433228 195447.140625 196177.062500 196196.687500 195927.640625
629 1384.821411 195447.140625 196176.218750 196196.687500 195927.640625
630 1386.823608 195447.140625 205294.656250 466913.531250 195927.640625
631 1389.038574 195447.140625 202056.406250 366069.187500 195927.640625
632 1390.692871 195447.140625 201481.187500 355943.468750 195927.640625
633 1393.176636 195447.140625 198147.562500 294520.656250 195927.640625
634 1395.220825 195447.140625 196181.078125 196196.687500 195927.640625
635 1397.187866 195447.140625 198353.125000 304824.562500 195927.640625
636 1399.572388 195447.140625 196180.562500 196196.687500 195927.640625
637 1401.861450 195447.140625 196180.015625 196196.687500 195927.640625
638 1404.359131 195447.140625 196179.718750 196196.687500 195927.640625
639 1406.575928 195447.140625 199680.359375 371254.500000 195927.640625
640 1408.858154 195447.140625 199634.125000 368970.406250 195927.640625
641 1411.029785 195447.140625 199364.265625 355492.031250 195927.640625
642 1413.068970 195447.140625 196178.046875 196196.687500 195927.640625
643 1415.195435 195447.140625 196177.734375 196196.687500 195927.640625
644 1417.183228 195447.140625 196762.578125 225481.000000 195927.640625
645 1419.298706 195447.140625 196759.406250 225481.000000 195927.640625
646 1421.401611 195447.140625 200704.984375 422717.593750 195927.640625
647 1423.508423 195447.140625 196174.562500 196196.687500 195927.640625
648 1426.037354 195447.140625 196173.718750 196196.687500 195927.640625
649 1428.667358 195447.140625 196172.578125 196196.687500 195927.640625
650 1430.978394 195447.140625 196166.656250 196196.687500 195927.640625
651 1433.164307 195447.140625 200561.484375 415910.687500 195927.640625
652 1435.534302 195447.140625 198456.875000 310639.593750 195927.640625
653 1437.716919 195447.140625 197916.812500 283721.968750 195927.640625
654 1440.382080 195447.140625 201543.593750 382716.218750 195927.640625
655 1442.769409 195447.140625 199815.078125 378635.500000 195927.640625
656 1445.167969 195447.140625 199788.406250 377368.625000 195927.640625
657 1447.083862 195447.140625 197840.156250 279981.156250 195927.640625
658 1449.391602 195447.140625 197833.281250 279720.437500 195927.640625
659 1451.454590 195447.140625 202603.562500 442806.781250 195927.640625
660 1453.791992 195447.140625 200917.218750 366405.625000 195927.640625
