0 0.000001 222888.062500 226760.937500 232826.140625 222888.062500
1 1.976502 220140.125000 226760.937500 232826.140625 222888.062500
2 3.911619 217805.328125 223663.375000 228299.515625 220140.125000
3 6.152980 215815.140625 221575.734375 227746.015625 217805.328125
4 8.225534 213411.250000 219680.218750 226359.062500 215815.140625
5 10.321669 211859.125000 218178.734375 226359.062500 213411.250000
6 12.056100 210683.328125 220637.453125 415448.218750 211859.125000
7 14.182975 210276.843750 219226.203125 410402.281250 210683.328125
8 16.260990 209110.437500 218172.218750 410402.281250 210276.843750
9 18.355108 207987.296875 217126.796875 410402.281250 209110.437500
10 20.383144 207437.031250 216060.687500 410402.281250 207987.296875
11 22.007233 207048.343750 215162.781250 410402.281250 207437.031250
12 23.613953 206253.921875 214341.218750 410402.281250 207048.343750
13 25.623520 204959.640625 213950.375000 410402.281250 206253.921875
14 27.589716 204147.843750 216596.046875 410402.281250 204959.640625
15 29.823452 204147.796875 215846.687500 410402.281250 204147.843750
16 31.603184 203493.468750 214255.921875 410402.281250 204147.796875
17 33.695114 202991.265625 213412.578125 410402.281250 203493.468750
18 35.425995 202479.562500 214499.375000 410402.281250 202991.265625
19 37.477898 202230.109375 216955.593750 410402.281250 202479.562500
20 39.450951 201906.093750 214374.125000 410402.281250 202230.109375
21 41.452934 201563.875000 213198.015625 410402.281250 201906.093750
22 43.270252 200988.859375 211558.187500 410402.281250 201563.875000
23 45.258190 200309.390625 210863.640625 410402.281250 200988.859375
24 47.272636 200309.265625 210133.375000 410402.281250 200309.390625
25 48.718418 199730.859375 209627.062500 410402.281250 200309.265625
26 50.600216 199202.656250 211428.500000 410402.281250 199730.859375
27 52.492172 199202.250000 210778.859375 410402.281250 199202.656250
28 54.359566 198870.203125 210220.640625 410402.281250 199202.250000
29 55.957600 198459.640625 211365.640625 410402.281250 198870.203125
30 57.773331 198175.000000 212607.140625 410402.281250 198459.640625
31 59.764156 197816.890625 216141.281250 410402.281250 198175.000000
32 61.791344 197644.625000 214886.859375 410402.281250 197816.890625
33 63.771801 197576.390625 213193.421875 410402.281250 197644.625000
34 65.241814 197255.437500 212001.937500 410402.281250 197576.390625
35 67.184929 197164.062500 211236.656250 410402.281250 197255.437500
36 69.077309 197163.906250 212615.406250 410402.281250 197164.062500
37 70.806763 196866.140625 212010.562500 410402.281250 197163.906250
38 72.514381 196806.203125 211955.812500 410402.281250 196866.140625
39 74.526894 196806.062500 211183.062500 410402.281250 196806.203125
40 76.726776 196732.375000 213436.046875 410402.281250 196806.062500
41 78.608528 196657.812500 211418.375000 410402.281250 196732.375000
42 80.582588 196588.171875 210221.234375 410402.281250 196657.812500
43 82.438225 196588.171875 211446.046875 410402.281250 196588.171875
44 84.404594 196493.343750 210201.796875 410402.281250 196588.171875
45 86.296288 196411.000000 209444.187500 410402.281250 196493.343750
46 87.950844 196411.000000 210332.078125 410402.281250 196411.000000
47 89.740524 196330.281250 209710.578125 410402.281250 196411.000000
48 91.350906 196250.718750 210267.046875 410402.281250 196330.281250
49 93.401672 196222.562500 209447.234375 410402.281250 196250.718750
50 95.261269 196114.343750 209176.406250 410402.281250 196222.562500
51 97.222191 196089.093750 208793.984375 410402.281250 196114.343750
52 99.281265 196022.312500 210679.515625 410402.281250 196089.093750
53 101.449257 196022.312500 211578.812500 410402.281250 196022.312500
54 103.358414 195955.671875 210616.437500 410402.281250 196022.312500
55 104.970161 195936.750000 209992.421875 410402.281250 195955.671875
56 107.065971 195930.437500 209956.000000 410402.281250 195936.750000
57 108.802834 195888.890625 209572.859375 410402.281250 195930.437500
58 110.677086 195794.062500 209318.265625 410402.281250 195888.890625
59 112.573807 195773.656250 209349.015625 410402.281250 195794.062500
60 114.537422 195773.656250 212040.500000 410402.281250 195773.656250
61 116.356194 195773.656250 210561.265625 410402.281250 195773.656250
62 118.015091 195768.531250 209524.093750 410402.281250 195773.656250
63 119.953140 195744.906250 209132.343750 410402.281250 195768.531250
64 121.730362 195744.906250 210376.859375 410402.281250 195744.906250
65 123.866142 195737.203125 209852.000000 410402.281250 195744.906250
66 125.931549 195736.593750 209074.156250 410402.281250 195737.203125
67 127.763283 195694.578125 207378.406250 410402.281250 195736.593750
68 129.753036 195669.718750 208913.843750 410402.281250 195694.578125
69 132.807541 195669.718750 208622.359375 410402.281250 195669.718750
70 134.957779 195669.250000 207537.421875 410402.281250 195669.718750
71 136.970642 195662.953125 207280.765625 410402.281250 195669.250000
72 138.668777 195657.281250 206926.046875 410402.281250 195662.953125
73 140.222229 195657.281250 206716.875000 410402.281250 195657.281250
74 142.040405 195656.812500 206561.578125 410402.281250 195657.281250
75 144.050171 195656.812500 206430.578125 410402.281250 195656.812500
76 146.108597 195656.812500 206240.859375 410402.281250 195656.812500
77 147.863190 195656.812500 206254.515625 410402.281250 195656.812500
78 150.045120 195656.812500 206080.859375 410402.281250 195656.812500
79 151.509048 195656.812500 207441.843750 410402.281250 195656.812500
80 153.385056 195656.812500 206840.843750 410402.281250 195656.812500
81 155.179642 195656.812500 206617.500000 410402.281250 195656.812500
82 157.088654 195656.812500 206317.812500 410402.281250 195656.812500
83 159.073700 195656.812500 206065.640625 410402.281250 195656.812500
84 161.197403 195656.812500 205788.812500 410402.281250 195656.812500
85 164.385590 195656.812500 205612.062500 410402.281250 195656.812500
86 166.403625 195656.812500 207769.796875 410402.281250 195656.812500
87 168.484619 195656.812500 206504.437500 410402.281250 195656.812500
88 170.437958 195656.812500 205995.062500 410402.281250 195656.812500
89 172.384674 195656.812500 205852.281250 410402.281250 195656.812500
90 174.416550 195656.812500 205589.812500 410402.281250 195656.812500
91 176.245728 195656.812500 205470.734375 410402.281250 195656.812500
92 178.040924 195656.812500 205205.375000 410402.281250 195656.812500
93 179.835907 195656.812500 204913.281250 410402.281250 195656.812500
94 181.545685 195656.812500 204822.703125 410402.281250 195656.812500
95 183.440598 195656.812500 204679.812500 410402.281250 195656.812500
96 185.270233 195656.812500 206638.656250 410402.281250 195656.812500
97 187.211090 195656.812500 206293.125000 410402.281250 195656.812500
98 189.134491 195656.812500 210549.187500 410402.281250 195656.812500
99 190.981918 195656.812500 209566.218750 410402.281250 195656.812500
100 194.375381 195656.812500 209068.421875 410402.281250 195656.812500
101 196.246582 195656.812500 208517.781250 410402.281250 195656.812500
102 197.953201 195656.812500 207283.281250 410402.281250 195656.812500
103 199.887299 195656.812500 206923.078125 410402.281250 195656.812500
104 201.904572 195656.812500 206491.125000 410402.281250 195656.812500
105 203.685654 195656.812500 206150.000000 410402.281250 195656.812500
106 205.319717 195656.812500 206025.906250 410402.281250 195656.812500
107 207.223511 195656.812500 205697.125000 410402.281250 195656.812500
108 209.084961 195656.812500 214069.015625 471389.562500 195656.812500
109 210.587585 195656.812500 209208.687500 410402.281250 195656.812500
110 212.460983 195656.812500 208882.734375 408465.750000 195656.812500
111 214.261887 195656.812500 209970.218750 408465.750000 195656.812500
112 216.302734 195656.812500 212851.375000 408465.750000 195656.812500
113 218.138458 195656.812500 214788.015625 415870.968750 195656.812500
114 219.840393 195656.812500 211706.812500 408465.750000 195656.812500
115 221.674240 195656.812500 213830.796875 394497.375000 195656.812500
116 223.617447 195656.812500 215517.375000 394497.375000 195656.812500
117 225.431915 195656.812500 214937.265625 394497.375000 195656.812500
118 227.385605 195656.812500 213784.125000 394497.375000 195656.812500
119 229.186508 195656.812500 213395.703125 394497.375000 195656.812500
120 231.249374 195656.812500 211558.078125 394497.375000 195656.812500
121 234.449142 195656.812500 211103.078125 394497.375000 195656.812500
122 236.136993 195656.812500 210825.312500 394497.375000 195656.812500
123 238.142029 195656.812500 210502.859375 394497.375000 195656.812500
124 239.948685 195656.812500 212671.578125 394497.375000 195656.828125
125 241.966049 195656.812500 212280.000000 394497.375000 195656.828125
126 243.728638 195656.812500 211518.343750 394497.375000 195656.828125
127 245.499893 195656.812500 211140.718750 394497.375000 195656.828125
128 247.067505 195656.812500 213917.296875 394497.375000 195656.828125
129 248.954361 195656.812500 217245.265625 396383.968750 195656.828125
130 251.024078 195656.812500 220349.296875 586582.500000 195656.828125
131 253.048676 195656.812500 213267.484375 376504.968750 195656.828125
132 254.639877 195656.812500 211616.734375 376504.968750 195656.828125
133 256.476440 195656.812500 211224.156250 376504.968750 195656.828125
134 258.307465 195656.812500 215239.625000 429847.312500 195656.828125
135 260.174957 195656.812500 214566.000000 395839.031250 195656.828125
136 261.708282 195656.812500 216397.203125 395839.031250 195656.828125
137 263.660950 195656.812500 215002.281250 395839.031250 195656.828125
138 265.456299 195656.812500 213639.656250 395839.031250 195656.828125
139 267.686737 195656.812500 211823.078125 395839.031250 195656.828125
140 269.557373 195656.812500 211330.687500 395839.031250 195656.828125
141 271.208252 195656.812500 211739.156250 395839.031250 195656.828125
142 272.868317 195656.812500 210944.796875 395839.031250 195656.828125
143 274.790009 195656.812500 209869.046875 395839.031250 195656.828125
144 276.618439 195656.812500 209126.937500 395839.031250 195656.828125
145 278.583160 195656.812500 208784.906250 395839.031250 195656.828125
146 280.587921 195656.812500 207789.437500 395839.031250 195656.828125
147 282.230438 195656.812500 207439.812500 395839.031250 195656.828125
148 285.471558 195656.812500 207162.187500 395839.031250 195656.828125
149 287.369629 195656.812500 206840.515625 395839.031250 195656.828125
150 289.123230 195656.812500 206719.000000 395839.031250 195656.828125
151 291.085388 195656.812500 206160.984375 395839.031250 195656.812500
152 292.764221 195656.812500 208530.515625 395839.031250 195656.812500
153 294.711945 195656.812500 214693.437500 439026.500000 195656.812500
154 296.778748 195656.812500 217261.500000 429765.500000 195656.812500
155 298.837891 195656.812500 216551.015625 423884.156250 195656.812500
156 300.664673 195656.812500 215053.859375 394364.593750 195656.812500
157 302.482147 195656.812500 214682.359375 391755.812500 195656.812500
158 304.150330 195656.812500 216333.187500 383211.625000 195656.812500
159 305.989258 195656.812500 215688.953125 381240.531250 195656.812500
160 307.624634 195656.812500 213801.359375 360644.625000 195656.812500
161 309.769196 195656.812500 214810.781250 360644.625000 195656.812500
162 313.075317 195656.812500 213420.984375 360644.625000 195656.812500
163 314.991699 195656.812500 212093.265625 360644.625000 195656.812500
164 317.076813 195656.812500 213665.781250 360644.625000 195656.812500
165 319.047668 195656.812500 211952.359375 360644.625000 195656.812500
166 321.033813 195656.812500 211595.656250 360644.625000 195656.812500
167 323.020996 195656.812500 210363.265625 360644.625000 195656.812500
168 324.472961 195656.812500 211256.578125 360644.625000 195656.812500
169 326.279694 195656.812500 215493.796875 483180.875000 195656.812500
170 328.101959 195656.812500 213877.406250 454172.281250 195656.812500
171 329.858551 195656.812500 212444.859375 454172.281250 195656.812500
172 331.688019 195656.812500 215946.515625 454172.281250 195656.812500
173 333.665100 195656.812500 217219.703125 597064.750000 195656.812500
174 335.505920 195656.812500 215719.875000 597064.750000 195656.812500
175 337.194397 195656.812500 214717.187500 597064.750000 195656.812500
176 339.219421 195656.812500 217267.156250 597064.750000 195656.812500
177 341.276489 195656.812500 216086.000000 597064.750000 195656.812500
178 343.583130 195656.812500 213954.953125 597064.750000 195656.812500
179 345.438324 195656.812500 212926.093750 597064.750000 195656.812500
180 347.268066 195656.812500 211432.312500 597064.750000 195656.812500
181 349.706635 195656.812500 210945.500000 597064.750000 195656.812500
182 352.448517 195656.812500 216114.578125 597064.750000 195656.812500
183 354.038727 195656.812500 214762.593750 597064.750000 195656.812500
184 355.821228 195656.812500 212027.515625 597064.750000 195656.812500
185 357.409271 195656.796875 211087.953125 597064.750000 195656.812500
186 359.193573 195656.796875 210136.765625 597064.750000 195656.796875
187 360.997223 195656.796875 209137.562500 597064.750000 195656.796875
188 362.914368 195656.796875 208722.859375 597064.750000 195656.796875
189 364.747833 195656.796875 208342.421875 597064.750000 195656.796875
190 366.841949 195656.796875 207241.500000 597064.750000 195656.796875
191 370.088287 195656.796875 206851.078125 597064.750000 195656.796875
192 372.072052 195656.796875 205976.640625 597064.750000 195656.796875
193 373.982697 195656.796875 213889.296875 597064.750000 195656.796875
194 375.888947 195656.796875 215888.046875 597064.750000 195656.796875
195 377.827271 195656.796875 214716.734375 597064.750000 195656.796875
196 379.915161 195656.796875 213359.656250 597064.750000 195656.796875
197 381.677887 195656.796875 212250.218750 597064.750000 195656.796875
198 383.544739 195656.796875 212806.062500 597064.750000 195656.796875
199 385.489410 195656.796875 214746.000000 597064.750000 195656.796875
200 387.315765 195656.796875 217329.640625 597064.750000 195656.796875
201 389.225433 195656.796875 215538.984375 597064.750000 195656.796875
202 392.678772 195656.796875 214612.640625 597064.750000 195656.796875
203 394.606232 195656.796875 213129.703125 597064.750000 195656.796875
204 396.226135 195656.796875 212831.093750 597064.750000 195656.796875
205 397.929199 195656.796875 212446.812500 597064.750000 195656.796875
206 399.609222 195656.796875 211144.625000 597064.750000 195656.796875
207 401.396210 195656.796875 208477.703125 597064.750000 195656.796875
208 403.409515 195656.796875 200289.937500 322340.093750 195656.796875
209 405.316986 195656.796875 200197.062500 320965.906250 195656.796875
210 407.479492 195656.796875 197657.937500 282959.062500 195656.796875
211 409.427582 195656.796875 197164.906250 258520.000000 195656.796875
212 411.265442 195656.796875 200195.187500 347906.343750 195656.796875
213 413.156372 195656.796875 199773.265625 326923.218750 195656.796875
214 415.061890 195656.796875 199729.140625 326923.218750 195656.796875
215 417.089386 195656.796875 200984.734375 326923.218750 195656.796875
216 419.100555 195656.796875 207985.484375 377765.750000 195656.796875
217 421.320892 195656.796875 207283.875000 377578.093750 195656.796875
218 423.427124 195656.796875 206443.562500 377578.093750 195656.796875
219 425.426178 195656.796875 208046.765625 377578.093750 195656.796875
220 427.966003 195656.796875 207774.187500 377578.093750 195656.796875
221 430.683258 195656.796875 209824.812500 377578.093750 195656.796875
222 432.760651 195656.796875 210122.812500 377578.093750 195656.796875
223 434.567505 195656.796875 208726.906250 377578.093750 195656.796875
224 436.413391 195656.796875 207307.359375 377578.093750 195656.796875
225 438.293121 195656.796875 208077.296875 377578.093750 195656.796875
226 440.318909 195656.796875 207799.093750 377578.093750 195656.796875
227 442.326660 195656.796875 206202.218750 377578.093750 195656.796875
228 444.259918 195656.796875 206068.062500 377578.093750 195656.796875
229 446.267517 195656.796875 205806.187500 377578.093750 195656.796875
230 448.258240 195656.796875 205295.062500 377578.093750 195656.796875
231 450.236603 195656.796875 207203.812500 377578.093750 195656.796875
232 451.796631 195656.796875 210561.125000 395372.343750 195656.796875
233 453.686646 195656.796875 211453.421875 381611.156250 195656.796875
234 455.744873 195656.796875 208228.562500 373429.156250 195656.796875
235 457.443573 195656.796875 207167.421875 369680.187500 195656.796875
236 459.466980 195656.796875 206778.562500 369680.187500 195656.796875
237 461.135437 195656.796875 207009.734375 369680.187500 195656.796875
238 463.016327 195656.796875 206802.718750 369680.187500 195656.796875
239 465.066345 195656.796875 209065.484375 369680.187500 195656.796875
240 466.962830 195656.796875 205758.421875 369680.187500 195656.796875
241 469.863281 195656.796875 203821.781250 369680.187500 195656.796875
242 472.395874 195656.796875 203433.343750 369680.187500 195656.796875
243 474.017792 195656.796875 205872.640625 369680.187500 195656.796875
244 476.910492 195656.796875 205213.000000 369680.187500 195656.796875
245 479.344727 195656.796875 204433.656250 369680.187500 195656.796875
246 481.292328 195656.796875 202803.515625 369680.187500 195656.796875
247 483.021881 195656.796875 202629.984375 370128.843750 195656.796875
248 484.963226 195656.796875 200202.156250 366992.093750 195656.796875
249 487.010468 195656.796875 200124.140625 366992.093750 195656.796875
250 489.091339 195656.796875 200049.296875 366992.093750 195656.796875
251 491.438629 195656.796875 200346.593750 366992.093750 195656.796875
252 493.099701 195656.796875 196862.937500 231320.125000 195656.796875
253 495.209442 195656.796875 196791.546875 228923.312500 195656.796875
254 497.202667 195656.796875 196791.515625 228923.312500 195656.796875
255 498.883606 195656.796875 196616.406250 228923.312500 195656.796875
256 502.276611 195656.796875 197525.125000 275606.593750 195656.796875
257 503.996155 195656.796875 197444.359375 272045.500000 195656.796875
258 505.984802 195656.796875 205677.515625 398273.031250 195656.796875
259 507.754669 195656.796875 211279.562500 482682.375000 195656.796875
260 509.523224 195656.796875 210919.078125 422485.687500 195656.796875
261 511.505829 195656.796875 214423.000000 422485.687500 195656.796875
262 514.524109 195656.796875 210548.015625 422485.687500 195656.796875
263 517.076904 195656.796875 209074.375000 422485.687500 195656.796875
264 518.889465 195656.796875 207299.296875 422485.687500 195656.796875
265 520.890442 195656.796875 204765.234375 422485.687500 195656.796875
266 522.534607 195656.796875 202688.546875 422485.687500 195656.796875
267 524.756592 195656.796875 202609.843750 422485.687500 195656.796875
268 528.057617 195656.796875 197993.359375 260263.640625 195656.796875
269 529.849304 195656.796875 201128.812500 361757.187500 195656.796875
270 531.820190 195656.796875 199738.484375 336157.750000 195656.796875
271 533.635315 195656.796875 205471.453125 423467.125000 195656.796875
272 535.679138 195656.796875 204600.562500 392684.031250 195656.796875
273 537.827698 195656.796875 203329.718750 392684.031250 195656.796875
274 540.833984 195656.796875 205061.640625 392684.031250 195656.796875
275 542.644775 195656.796875 206290.359375 392684.031250 195656.796875
276 544.590698 195656.796875 206732.921875 392684.031250 195656.796875
277 546.729858 195656.796875 208477.421875 392684.031250 195656.796875
278 548.765320 195656.796875 207847.718750 392684.031250 195656.796875
279 550.661987 195656.796875 208810.796875 392684.031250 195656.796875
280 552.538940 195656.796875 206831.765625 392684.031250 195656.796875
281 554.304810 195656.796875 205486.125000 392684.031250 195656.796875
282 556.128967 195656.796875 204502.812500 392684.031250 195656.796875
283 558.366577 195656.796875 204329.875000 392684.031250 195656.796875
284 560.787598 195656.796875 209524.375000 411193.218750 195656.796875
285 562.647339 195656.796875 207709.843750 392684.031250 195656.796875
286 564.564880 195656.796875 211198.812500 380289.406250 195656.796875
287 566.437317 195656.796875 209495.859375 380289.406250 195656.796875
288 568.345459 195656.796875 207880.359375 380289.406250 195656.796875
289 570.180176 195656.796875 205928.656250 380289.406250 195656.796875
290 572.135681 195656.796875 205752.812500 380289.406250 195656.796875
291 573.869263 195656.796875 205667.218750 380289.406250 195656.796875
292 575.600281 195656.796875 207194.015625 380289.406250 195656.796875
293 577.304077 195656.796875 206085.406250 380289.406250 195656.796875
294 579.073547 195656.796875 209075.765625 380289.406250 195656.796875
295 581.045166 195656.796875 207844.187500 380289.406250 195656.796875
296 583.009155 195656.796875 209361.640625 380289.406250 195656.796875
297 585.113220 195656.796875 206779.921875 380289.406250 195656.796875
298 587.137329 195656.796875 203782.859375 380289.406250 195656.796875
299 589.275940 195656.796875 203493.812500 380289.406250 195656.796875
300 591.082031 195656.796875 207303.156250 390258.625000 195656.796875
301 592.974182 195656.796875 206897.500000 380289.406250 195656.796875
302 594.797485 195656.796875 205296.046875 378804.750000 195656.796875
303 596.858704 195656.796875 204335.656250 378804.750000 195656.796875
304 598.591187 195656.796875 201792.046875 378804.750000 195656.796875
305 600.319458 195656.796875 201557.656250 378804.750000 195656.796875
306 602.176819 195656.796875 198636.906250 305542.625000 195656.796875
307 604.113098 195656.796875 198264.937500 300905.312500 195656.796875
308 605.806274 195656.796875 198254.593750 300905.312500 195656.796875
309 607.545837 195656.796875 198172.640625 300905.312500 195656.796875
310 609.621521 195656.796875 203325.046875 453416.187500 195656.796875
311 611.705444 195656.796875 204667.875000 453415.531250 195656.796875
312 613.485779 195656.796875 203739.312500 453415.531250 195656.796875
313 615.313782 195656.796875 202634.484375 453415.531250 195656.796875
314 617.557434 195656.796875 202787.953125 453415.531250 195656.796875
315 619.820862 195656.796875 202755.937500 453415.531250 195656.796875
316 623.130249 195656.796875 202231.437500 453415.531250 195656.796875
317 625.286987 195656.796875 201892.359375 453415.531250 195656.796875
318 627.193359 195656.796875 202908.062500 453415.531250 195656.796875
319 628.993774 195656.796875 201705.359375 453415.531250 195656.796875
320 632.385742 195656.796875 201507.734375 453415.531250 195656.796875
321 634.593201 195656.796875 200812.156250 453415.531250 195656.796875
322 636.723694 195656.796875 200127.640625 419189.687500 195656.796875
323 640.351013 195656.796875 195656.984375 195657.343750 195656.796875
324 642.099121 195656.796875 195656.984375 195657.343750 195656.796875
325 644.107910 195656.796875 197203.625000 272989.218750 195656.796875
326 646.547119 195656.796875 197876.281250 261721.062500 195656.796875
327 648.625488 195656.796875 196978.281250 261721.062500 195656.796875
328 650.781250 195656.796875 196978.281250 261721.062500 195656.796875
329 652.433960 195656.796875 196978.281250 261721.062500 195656.796875
330 654.362122 195656.796875 201823.343750 437910.656250 195656.796875
331 656.608643 195656.796875 201808.843750 437184.937500 195656.796875
332 660.029724 195656.796875 196747.875000 250200.781250 195656.796875
333 661.965759 195656.796875 196724.937500 249053.656250 195656.796875
334 665.081604 195656.796875 196724.937500 249053.656250 195656.796875
335 667.446716 195656.796875 196724.921875 249053.656250 195656.796875
336 669.440186 195656.796875 196724.921875 249053.656250 195656.796875
337 671.318298 195656.796875 196724.921875 249053.656250 195656.796875
338 673.264099 195656.796875 198888.125000 303817.593750 195656.796875
339 675.278931 195656.796875 198410.734375 279947.781250 195656.796875
340 676.991333 195656.796875 198370.906250 279947.781250 195656.796875
341 678.851440 195656.796875 199117.187500 279947.781250 195656.828125
342 681.021057 195656.796875 197878.984375 243676.093750 195656.828125
343 684.086121 195656.796875 197803.500000 243230.531250 195656.828125
344 686.194824 195656.796875 196346.796875 220557.265625 195656.828125
345 688.487610 195656.796875 195848.781250 205246.609375 195656.828125
346 690.544678 195656.796875 195848.781250 205246.609375 195656.828125
347 692.381958 195656.796875 195848.781250 205246.609375 195656.828125
348 694.196228 195656.796875 195848.781250 205246.609375 195656.828125
349 696.226074 195656.796875 195974.062500 205246.609375 195656.828125
350 698.135559 195656.796875 196402.062500 226647.375000 195656.828125
351 700.036133 195656.796875 196336.765625 224307.421875 195656.828125
352 703.112000 195656.796875 195753.421875 200478.921875 195656.828125
353 705.316406 195656.796875 195750.000000 200307.671875 195656.828125
354 707.507446 195656.796875 195750.000000 200307.671875 195656.796875
355 709.548340 195656.796875 195749.984375 200307.671875 195656.796875
356 711.651428 195656.796875 195749.984375 200307.671875 195656.796875
357 713.377075 195656.796875 195749.984375 200307.671875 195656.796875
358 715.236145 195656.796875 195749.984375 200307.671875 195656.796875
359 717.367859 195656.796875 198537.546875 335034.875000 195656.796875
360 719.312805 195656.796875 200450.921875 326997.718750 195656.796875
361 721.282288 195656.796875 200619.015625 326997.718750 195656.796875
362 723.616089 195656.796875 200724.843750 359737.937500 195656.796875
363 725.516174 195656.796875 201246.203125 337710.031250 195656.796875
364 727.426086 195656.796875 202644.421875 333788.187500 195656.796875
365 729.287354 195656.796875 197063.140625 263359.812500 195656.796875
366 731.697876 195656.796875 197046.593750 262532.718750 195656.796875
367 734.775940 195656.796875 197024.718750 262532.718750 195656.796875
368 736.832458 195656.796875 199156.562500 369126.281250 195656.796875
369 740.169861 195656.796875 197755.812500 299087.937500 195656.796875
370 742.016907 195656.796875 197744.000000 299087.937500 195656.796875
371 744.074890 195656.796875 197744.000000 299087.937500 195656.796875
372 746.141968 195656.796875 195675.375000 196576.000000 195656.796875
373 748.337280 195656.796875 198263.000000 325038.500000 195656.796875
374 750.748718 195656.796875 198111.015625 314504.843750 195656.828125
375 753.495422 195656.796875 199239.500000 368335.843750 195656.828125
376 755.545227 195656.796875 197566.234375 284720.093750 195656.828125
377 759.133362 195656.796875 198661.765625 284720.093750 195656.828125
378 760.982788 195656.796875 200649.187500 296633.906250 195656.828125
379 763.223022 195656.796875 201976.687500 295808.906250 195656.828125
380 765.247070 195656.796875 202916.281250 366155.375000 195656.828125
381 767.330322 195656.796875 204680.546875 387006.625000 195656.828125
382 769.530579 195656.796875 203566.437500 387006.625000 195656.828125
383 771.678040 195656.796875 200121.796875 387006.625000 195656.828125
384 773.647705 195656.796875 205354.515625 458158.875000 195656.828125
385 775.288391 195656.796875 205162.406250 449436.187500 195656.828125
386 777.258118 195656.796875 204945.796875 449436.187500 195656.828125
387 779.213501 195656.796875 203239.593750 449436.187500 195656.828125
388 781.156433 195656.796875 202659.906250 449436.187500 195656.828125
389 783.391174 195656.796875 202478.875000 449436.187500 195656.828125
390 785.340027 195656.796875 204126.656250 449436.187500 195656.828125
391 788.571472 195656.796875 198184.421875 249406.984375 195656.828125
392 790.787476 195656.796875 197046.218750 243958.000000 195656.828125
393 792.661194 195656.796875 196941.734375 239092.906250 195656.828125
394 794.944824 195656.796875 196931.078125 239092.906250 195656.828125
395 796.690369 195656.796875 196852.046875 239092.906250 195656.828125
396 798.763855 195656.796875 196845.859375 239092.906250 195656.828125
397 800.886169 195656.796875 200854.859375 397090.312500 195656.828125
398 802.876648 195656.796875 200006.421875 369693.156250 195656.828125
399 805.294006 195656.796875 199966.187500 369693.156250 195656.828125
400 808.501648 195656.796875 196471.718750 236394.687500 195656.812500
401 810.688477 195656.796875 200606.078125 443112.500000 195656.812500
402 813.374451 195656.796875 200062.296875 415923.531250 195656.812500
403 816.419678 195656.796875 202901.921875 415923.531250 195656.812500
404 818.530212 195656.796875 202245.015625 415923.531250 195656.812500
405 821.929321 195656.796875 202587.312500 415923.531250 195656.812500
406 823.763306 195656.796875 205918.593750 415923.531250 195656.812500
407 825.784424 195656.796875 197915.796875 286907.968750 195656.812500
408 827.637939 195656.796875 202473.562500 427176.687500 195656.812500
409 829.754150 195656.796875 202107.578125 409830.343750 195656.812500
410 833.014526 195656.796875 201709.078125 409830.343750 195656.812500
411 835.089233 195656.796875 201194.156250 409830.343750 195656.812500
412 837.271179 195656.796875 201173.312500 409830.343750 195656.812500
413 840.107178 195656.796875 201891.562500 409830.343750 195656.812500
414 842.153687 195656.796875 201845.359375 409830.343750 195656.812500
415 844.127319 195656.796875 200618.921875 409830.343750 195656.812500
416 846.284119 195656.796875 200599.765625 409830.343750 195656.812500
417 848.770813 195656.796875 196266.453125 226131.109375 195656.812500
418 850.990295 195656.796875 196262.140625 225914.781250 195656.812500
419 853.061462 195656.796875 195656.984375 195657.359375 195656.812500
420 855.104065 195656.796875 196384.218750 232019.312500 195656.812500
421 857.047791 195656.796875 195656.984375 195657.359375 195656.812500
422 858.949524 195656.796875 195656.984375 195657.359375 195656.812500
423 861.075562 195656.796875 195656.984375 195657.359375 195656.812500
424 862.908569 195656.796875 199697.812500 397699.156250 195656.812500
425 864.801575 195656.796875 199455.234375 385570.375000 195656.812500
426 866.557129 195656.796875 199455.234375 385570.375000 195656.812500
427 868.204529 195656.796875 199455.234375 385570.375000 195656.812500
428 871.198975 195656.796875 200151.578125 385570.375000 195656.812500
429 873.173828 195656.796875 199455.234375 385570.375000 195656.812500
430 875.093750 195656.796875 203502.796875 398035.218750 195656.812500
431 877.103027 195656.796875 201826.500000 385570.375000 195656.812500
432 878.828003 195656.796875 200694.093750 328949.968750 195656.812500
433 880.774597 195656.796875 198322.812500 328949.968750 195656.812500
434 882.624084 195656.796875 198322.812500 328949.968750 195656.812500
435 884.464722 195656.796875 198322.812500 328949.968750 195656.812500
436 887.268982 195656.796875 198322.812500 328949.968750 195656.812500
437 889.443604 195656.796875 198322.812500 328949.968750 195656.812500
438 891.210022 195656.796875 198322.812500 328949.968750 195656.812500
439 894.824402 195656.796875 198322.812500 328949.968750 195656.812500
440 896.918518 195656.796875 198322.812500 328949.968750 195656.812500
441 898.804443 195656.796875 198322.812500 328949.968750 195656.812500
442 900.961914 195656.796875 202445.859375 535102.437500 195656.812500
443 903.381958 195656.796875 199016.687500 363642.718750 195656.812500
444 905.302429 195656.796875 196839.546875 254786.250000 195656.812500
445 907.357056 195656.796875 196814.078125 253512.515625 195656.812500
446 909.363586 195656.796875 196814.078125 253512.515625 195656.812500
447 911.742126 195656.796875 196814.078125 253512.515625 195656.812500
448 914.934204 195656.796875 198309.125000 270409.000000 195656.812500
449 916.780884 195656.796875 198259.875000 267946.906250 195656.812500
450 918.820496 195656.796875 200229.234375 294547.437500 195656.812500
451 920.709961 195656.796875 200052.781250 287951.468750 195656.812500
452 923.235535 195656.796875 200472.906250 287951.468750 195656.812500
453 925.101440 195656.796875 199278.515625 256557.687500 195656.812500
454 927.068604 195656.796875 197719.046875 240613.890625 195656.796875
455 928.946167 195656.796875 196556.093750 240613.890625 195656.796875
456 932.288025 195656.796875 195656.953125 195657.421875 195656.796875
457 934.464722 195656.796875 200048.187500 341197.937500 195656.828125
458 936.827637 195656.796875 199874.578125 341197.593750 195656.828125
459 938.558899 195656.796875 196348.859375 230251.578125 195656.828125
460 940.870850 195656.796875 196279.265625 226771.562500 195656.828125
461 942.740479 195656.796875 196279.265625 226771.562500 195656.828125
462 944.459595 195656.796875 196279.265625 226771.562500 195656.828125
463 946.160339 195656.796875 196279.265625 226771.562500 195656.828125
464 948.137634 195656.796875 196546.781250 226771.562500 195656.828125
465 950.157959 195656.796875 196546.781250 226771.562500 195656.828125
466 952.025208 195656.796875 196414.265625 226771.562500 195656.828125
467 954.097107 195656.796875 199681.953125 368440.187500 195656.828125
468 956.049500 195656.796875 199178.906250 347881.125000 195656.828125
469 959.709900 195656.796875 200311.312500 347881.125000 195656.828125
470 961.690613 195656.796875 197396.187500 245044.796875 195656.828125
471 963.687256 195656.796875 196051.640625 210713.406250 195656.828125
472 965.988953 195656.796875 198789.843750 276865.562500 195656.828125
473 967.940002 195656.796875 202766.375000 323999.875000 195656.828125
474 969.990967 195656.796875 201161.296875 320224.125000 195656.828125
475 972.222839 195656.796875 202625.234375 447991.093750 195656.828125
476 975.126587 195656.796875 201665.515625 430942.437500 195656.828125
477 977.260559 195656.796875 201616.312500 430942.437500 195656.828125
478 979.328491 195656.796875 196886.656250 233928.828125 195656.828125
479 981.139709 195656.796875 196121.218750 218869.812500 195656.828125
480 983.352966 195656.796875 199166.593750 371138.250000 195656.828125
481 985.466675 195656.796875 195657.000000 195657.328125 195656.828125
482 987.462402 195656.796875 196913.218750 258469.578125 195656.828125
483 989.588501 195656.796875 197082.921875 266952.500000 195656.828125
484 992.301453 195656.796875 198048.281250 266952.500000 195656.828125
485 995.327942 195656.796875 200690.796875 334766.062500 195656.828125
486 997.199158 195656.796875 199252.734375 277454.531250 195656.828125
487 999.292603 195656.796875 199083.718750 277454.531250 195656.828125
488 1001.493347 195656.796875 199016.093750 277454.531250 195656.828125
489 1003.671997 195656.796875 197292.937500 277454.531250 195656.828125
490 1005.684326 195656.796875 198166.218750 277454.531250 195656.828125
491 1007.405396 195656.796875 196948.718750 235898.640625 195656.828125
492 1009.047180 195656.796875 196710.312500 232136.796875 195656.828125
493 1011.133057 195656.796875 198110.453125 266690.125000 195656.828125
494 1012.826172 195656.796875 198638.406250 294567.312500 195656.796875
495 1014.592285 195656.796875 198066.921875 270772.437500 195656.796875
496 1016.656982 195656.796875 200742.625000 281187.781250 195656.796875
497 1018.650696 195656.796875 198644.937500 280882.937500 195656.796875
498 1020.600952 195656.796875 199885.718750 280882.937500 195656.796875
499 1022.463257 195656.796875 196587.484375 221835.687500 195656.796875
500 1024.186279 195656.796875 195982.796875 211947.109375 195656.796875
501 1025.824707 195656.796875 195953.234375 210469.234375 195656.796875
502 1027.697876 195656.796875 195953.234375 210469.234375 195656.796875
503 1029.648315 195656.796875 195953.218750 210469.234375 195656.796875
504 1031.668457 195656.796875 201612.484375 370816.500000 195656.796875
505 1033.471313 195656.796875 198090.562500 302522.562500 195656.796875
506 1035.619873 195656.796875 197234.984375 260046.890625 195656.796875
507 1037.552490 195656.796875 202462.734375 458309.062500 195656.796875
508 1039.218140 195656.796875 200153.718750 356103.156250 195656.796875
509 1041.288574 195656.796875 196929.375000 259276.468750 195656.796875
510 1043.469604 195656.796875 200949.187500 375884.781250 195656.796875
511 1045.404175 195656.796875 200134.875000 338906.468750 195656.796875
512 1047.394897 195656.796875 200101.000000 338906.468750 195656.796875
513 1049.311035 195656.796875 203059.875000 407817.281250 195656.796875
514 1051.139038 195656.796875 202093.796875 359517.968750 195656.796875
515 1053.749512 195656.796875 201505.500000 359517.968750 195656.796875
516 1056.403198 195656.796875 201137.062500 359517.968750 195656.796875
517 1058.124756 195656.796875 197643.187500 294967.187500 195656.796875
518 1060.071655 195656.796875 195656.984375 195657.390625 195656.796875
519 1062.037842 195656.796875 195656.984375 195657.390625 195656.796875
520 1064.138672 195656.796875 200659.937500 369232.187500 195656.796875
521 1066.099121 195656.796875 198730.562500 282792.562500 195656.796875
522 1068.006104 195656.796875 198730.234375 282792.562500 195656.796875
523 1069.681396 195656.796875 204834.953125 440643.250000 195656.796875
524 1071.386353 195656.796875 202373.218750 337191.375000 195656.796875
525 1073.477783 195656.796875 201656.046875 337191.375000 195656.796875
526 1075.127686 195656.796875 198426.453125 252412.031250 195656.796875
527 1076.992310 195656.796875 198332.281250 252412.031250 195656.796875
528 1078.725220 195656.796875 204223.046875 401937.250000 195656.796875
529 1080.695923 195656.796875 203221.125000 357307.250000 195656.796875
530 1082.824219 195656.796875 201096.203125 357307.250000 195656.796875
531 1084.625244 195656.796875 201027.312500 357307.250000 195656.796875
532 1086.597900 195656.796875 201067.421875 357307.250000 195656.796875
533 1088.433594 195656.796875 197501.796875 250127.093750 195656.796875
534 1090.272217 195656.796875 196390.000000 226259.140625 195656.796875
535 1092.146851 195656.796875 196341.984375 224642.234375 195656.796875
536 1094.162476 195656.796875 196341.406250 224642.234375 195656.796875
537 1096.092651 195656.796875 195760.625000 200839.312500 195656.796875
538 1098.026001 195656.796875 195928.656250 204059.593750 195656.796875
539 1100.010010 195656.796875 195928.703125 204059.593750 195656.796875
540 1101.537476 195656.796875 195915.703125 204059.593750 195656.796875
541 1103.337769 195656.796875 195889.718750 204059.593750 195656.796875
542 1105.020386 195656.796875 203547.640625 455217.343750 195656.796875
543 1106.692017 195656.796875 198954.015625 310815.250000 195656.796875
544 1108.472656 195656.796875 205982.062500 440391.968750 195656.796875
545 1110.414307 195656.796875 200613.765625 432236.125000 195656.796875
546 1112.276367 195656.796875 200613.062500 432236.125000 195656.796875
547 1114.239380 195656.796875 200613.062500 432236.125000 195656.796875
548 1116.279785 195656.796875 197620.921875 282809.281250 195656.796875
549 1118.265259 195656.796875 197295.703125 269507.562500 195656.796875
550 1120.420898 195656.796875 197597.625000 269507.562500 195656.796875
551 1122.255249 195656.796875 197565.546875 269507.562500 195656.796875
552 1124.300293 195656.796875 198284.515625 269507.562500 195656.796875
553 1126.226562 195656.796875 200913.546875 401046.968750 195656.796875
554 1128.175903 195656.796875 200530.046875 395062.281250 195656.796875
555 1130.084473 195656.796875 200577.640625 395062.281250 195656.796875
556 1132.035278 195656.796875 200755.312500 395062.281250 195656.796875
557 1133.917480 195656.796875 201038.562500 395062.281250 195656.796875
558 1135.465088 195656.796875 200601.203125 395062.281250 195656.796875
559 1137.512329 195656.796875 200420.453125 395062.281250 195656.796875
560 1139.384888 195656.796875 200029.984375 395062.281250 195656.796875
561 1141.477051 195656.796875 199948.593750 395062.281250 195656.796875
562 1143.383545 195656.796875 204875.281250 395062.281250 195656.796875
563 1145.358154 195656.796875 211721.937500 668029.437500 195656.796875
564 1147.319824 195656.796875 216212.343750 668029.437500 195656.796875
565 1149.541138 195656.796875 213455.734375 668029.437500 195656.796875
566 1151.242798 195656.796875 209619.937500 668029.437500 195656.796875
567 1153.185913 195656.796875 209369.156250 668029.437500 195656.796875
568 1155.180054 195656.796875 211032.796875 668029.437500 195656.796875
569 1157.260742 195656.796875 209889.234375 668029.437500 195656.796875
570 1159.217773 195656.796875 209457.937500 668029.437500 195656.796875
571 1161.000610 195656.796875 208236.359375 668029.437500 195656.796875
572 1164.406372 195656.796875 208159.265625 668029.437500 195656.796875
573 1166.213867 195656.796875 211907.515625 668029.437500 195656.796875
574 1168.342651 195656.796875 215499.359375 668029.437500 195656.796875
575 1170.377197 195656.796875 212712.375000 668029.437500 195656.796875
576 1172.214355 195656.796875 214093.343750 668029.437500 195656.796875
577 1174.185303 195656.796875 213393.703125 668029.437500 195656.796875
578 1176.403198 195656.796875 211047.421875 668029.437500 195656.796875
579 1178.411255 195656.796875 209333.359375 668029.437500 195656.796875
580 1180.282349 195656.796875 209139.843750 668029.437500 195656.796875
581 1182.287109 195656.796875 209112.156250 668029.437500 195656.796875
582 1184.310547 195656.796875 210505.515625 668029.437500 195656.796875
583 1186.030396 195656.796875 198516.343750 338621.843750 195656.796875
584 1187.435547 195656.796875 198472.687500 336438.500000 195656.796875
585 1189.359619 195656.796875 198472.687500 336438.500000 195656.796875
586 1191.137939 195656.796875 198472.687500 336438.500000 195656.796875
587 1193.016113 195656.796875 201258.234375 336438.500000 195656.796875
588 1194.778076 195656.796875 203572.156250 343117.906250 195656.796875
589 1197.058716 195656.796875 199319.046875 314253.656250 195656.796875
590 1199.111572 195656.796875 201856.296875 324684.468750 195656.796875
591 1200.925903 195656.796875 206201.921875 326904.062500 195656.796875
592 1202.900269 195656.796875 203526.218750 325304.593750 195656.796875
593 1204.635132 195656.796875 203545.343750 325304.593750 195656.796875
594 1206.344360 195656.796875 202988.203125 325304.593750 195656.796875
595 1208.255371 195656.796875 202917.984375 325304.593750 195656.796875
596 1210.310181 195656.796875 205351.453125 343990.062500 195656.796875
597 1212.141479 195656.796875 204847.093750 340878.375000 195656.796875
598 1214.300537 195656.796875 204384.765625 340878.375000 195656.796875
599 1216.102661 195656.796875 203890.703125 340878.375000 195656.796875
600 1217.701172 195656.796875 202422.703125 340878.375000 195656.796875
601 1219.599731 195656.796875 202149.812500 340878.375000 195656.796875
602 1221.838379 195656.796875 200953.281250 340878.375000 195656.796875
603 1223.706299 195656.796875 200807.546875 340878.375000 195656.796875
604 1225.367310 195656.796875 200747.375000 340878.375000 195656.796875
605 1227.294678 195656.796875 204443.640625 385674.125000 195656.796875
606 1229.353394 195656.796875 203823.312500 340878.375000 195656.796875
607 1231.205200 195656.796875 202633.578125 339757.687500 195656.796875
608 1233.012329 195656.796875 201983.781250 339757.687500 195656.796875
609 1234.811157 195656.796875 206552.234375 340283.750000 195656.796875
610 1236.666016 195656.796875 206115.796875 339757.687500 195656.796875
611 1238.445801 195656.796875 204839.953125 326863.437500 195656.796875
612 1240.433594 195656.796875 203837.546875 314543.468750 195656.796875
613 1242.129028 195656.796875 205045.640625 342790.312500 195656.796875
614 1243.849487 195656.796875 206027.484375 375474.937500 195656.796875
615 1245.848389 195656.796875 205422.781250 364315.281250 195656.796875
616 1247.898315 195656.796875 207986.984375 473746.937500 195656.796875
617 1249.631958 195656.796875 208798.406250 473279.312500 195656.796875
618 1251.275513 195656.796875 205782.437500 473279.312500 195656.796875
619 1252.923706 195656.796875 205202.015625 473279.312500 195656.796875
620 1254.830811 195656.796875 204504.093750 473279.312500 195656.796875
621 1256.514404 195656.796875 203434.859375 473279.312500 195656.796875
622 1258.277100 195656.796875 203277.937500 473279.312500 195656.796875
623 1260.320557 195656.796875 203229.234375 473279.312500 195656.796875
624 1262.231201 195656.796875 203159.296875 473279.312500 195656.796875
625 1263.923706 195656.796875 206559.875000 473279.312500 195656.796875
626 1265.640381 195656.796875 202465.125000 473279.312500 195656.796875
627 1267.681885 195656.796875 203896.765625 473279.312500 195656.796875
628 1269.500244 195656.796875 205662.546875 566483.687500 195656.796875
629 1271.532837 195656.796875 203047.937500 341249.562500 195656.796875
630 1273.752319 195656.796875 202319.000000 337883.625000 195656.796875
631 1275.466064 195656.796875 201486.187500 337883.625000 195656.796875
632 1277.732178 195656.796875 198577.406250 264630.625000 195656.796875
633 1279.300903 195656.796875 200118.312500 288952.125000 195656.796875
634 1281.392212 195656.796875 204700.687500 438055.687500 195656.796875
635 1283.220703 195656.796875 202523.734375 347557.218750 195656.796875
636 1285.234863 195656.796875 202391.703125 347557.218750 195656.796875
637 1287.598877 195656.796875 200395.921875 347557.218750 195656.796875
638 1289.358154 195656.796875 201335.046875 347557.218750 195656.796875
639 1291.153442 195656.796875 198258.265625 274231.031250 195656.796875
640 1293.072021 195656.796875 202514.578125 416895.093750 195656.796875
641 1295.010254 195656.796875 197963.640625 274213.343750 195656.796875
642 1296.762085 195656.796875 197629.281250 276681.656250 195656.796875
643 1298.540894 195656.796875 197566.015625 274912.562500 195656.796875
644 1300.332153 195656.796875 195657.000000 195657.343750 195656.796875
645 1302.312622 195656.796875 195657.000000 195657.343750 195656.796875
646 1304.144165 195656.796875 195657.000000 195657.343750 195656.796875
647 1306.039429 195656.796875 199413.218750 383467.906250 195656.796875
648 1308.146362 195656.796875 197858.375000 305726.531250 195656.796875
649 1310.167969 195656.796875 201998.234375 402650.000000 195656.796875
650 1311.759399 195656.796875 199782.125000 305726.531250 195656.796875
651 1313.710205 195656.796875 202182.281250 325370.781250 195656.796875
652 1315.699097 195656.796875 199508.937500 296020.906250 195656.796875
653 1317.463867 195656.796875 199234.937500 294537.343750 195656.796875
654 1319.241211 195656.796875 199208.937500 294537.343750 195656.796875
655 1321.398804 195656.796875 199462.640625 294537.343750 195656.796875
656 1323.075073 195656.796875 199457.921875 294537.343750 195656.796875
657 1324.997925 195656.796875 199417.687500 294537.343750 195656.796875
658 1326.883911 195656.796875 199465.640625 294537.343750 195656.796875
659 1328.647461 195656.796875 199384.859375 294537.343750 195656.796875
660 1330.544556 195656.796875 204646.703125 473619.625000 195656.796875
661 1332.607056 195656.796875 202814.203125 327465.500000 195656.796875
662 1334.455444 195656.796875 199482.640625 327465.500000 195656.796875
663 1336.318726 195656.796875 199283.046875 327465.500000 195656.796875
664 1338.098389 195656.796875 199262.843750 327465.500000 195656.796875
665 1339.954834 195656.796875 202449.796875 357163.843750 195656.796875
666 1341.790894 195656.796875 201880.593750 330666.312500 195656.796875
667 1343.462769 195656.796875 199106.046875 324731.687500 195656.796875
668 1345.136353 195656.796875 197102.875000 234121.750000 195656.796875
669 1346.981445 195656.796875 201833.156250 441804.062500 195656.796875
670 1348.834961 195656.796875 200829.734375 393155.031250 195656.796875
671 1350.858887 195656.796875 198934.312500 332016.968750 195656.796875
672 1352.941650 195656.796875 196197.046875 222659.734375 195656.796875
673 1354.706177 195656.796875 195656.984375 195657.421875 195656.796875
674 1356.796875 195656.796875 195656.984375 195657.421875 195656.796875
675 1358.461304 195656.796875 195769.578125 201286.156250 195656.796875
676 1360.274048 195656.796875 200072.640625 410808.781250 195656.796875
677 1361.737671 195656.796875 196879.906250 251171.921875 195656.796875
678 1363.911865 195656.796875 196856.062500 249980.343750 195656.796875
679 1365.494751 195656.796875 196813.546875 249980.343750 195656.796875
680 1367.552124 195656.796875 195727.078125 199159.890625 195656.796875
681 1369.082275 195656.796875 195727.078125 199159.890625 195656.796875
682 1370.969360 195656.796875 199898.203125 404214.281250 195656.796875
683 1372.511841 195656.796875 198994.046875 359005.937500 195656.796875
684 1374.650757 195656.796875 195727.062500 199159.890625 195656.796875
685 1376.669434 195656.796875 195727.062500 199159.890625 195656.796875
