0 0.000001 222791.546875 227139.765625 233807.328125 222791.546875
1 4.311009 219499.156250 227139.765625 233807.328125 222791.546875
2 8.297615 219244.640625 227342.281250 233807.328125 219499.156250
3 12.980131 217599.109375 227320.640625 233807.328125 219244.640625
4 17.232882 214820.046875 227148.406250 233807.328125 217599.109375
5 21.137783 214331.578125 226709.359375 230349.937500 214820.046875
6 25.004416 213336.843750 226568.875000 230349.937500 214331.578125
7 28.624084 211453.109375 226444.375000 230349.937500 213336.843750
8 33.444344 210477.625000 226295.296875 230349.937500 211453.109375
9 37.324627 209989.406250 226179.984375 230349.937500 210477.625000
10 41.142426 208751.859375 226092.406250 230349.937500 209989.406250
11 46.108944 208154.812500 225984.218750 230349.937500 208751.859375
12 50.440708 206722.125000 225865.937500 230349.937500 208154.812500
13 54.986961 206575.562500 225758.187500 230349.937500 206722.125000
14 59.071209 206178.812500 225683.375000 230349.937500 206575.562500
15 63.043362 205974.562500 225632.203125 230349.937500 206178.812500
16 67.175919 205348.921875 225584.734375 230349.937500 205974.562500
17 70.851746 204843.031250 225522.656250 230349.937500 205348.921875
18 75.774063 204164.703125 225465.281250 230349.937500 204843.031250
19 79.879410 203892.609375 225348.843750 230349.937500 204164.703125
20 84.786247 203465.000000 225318.187500 230349.937500 203892.609375
21 89.204178 203169.890625 225258.265625 230349.937500 203465.000000
22 93.541985 203097.671875 225198.265625 230349.937500 203169.890625
23 98.495621 202899.437500 225175.265625 230349.937500 203097.671875
24 102.159798 202326.328125 225133.046875 230349.937500 202899.437500
25 105.844414 202127.265625 225080.234375 230349.937500 202326.328125
26 109.770973 201094.500000 225020.453125 230349.937500 202127.265625
27 113.359047 200733.953125 224958.640625 230349.937500 201094.500000
28 117.880760 200694.515625 224926.796875 230349.937500 200733.953125
29 121.728500 199899.328125 224883.687500 230349.937500 200694.515625
30 126.022820 199839.671875 224850.921875 230349.937500 199899.328125
31 130.286621 199739.750000 224799.875000 230349.937500 199839.671875
32 134.782394 199361.781250 224785.406250 230349.937500 199739.750000
33 138.864151 198868.312500 224763.500000 230349.937500 199361.781250
34 142.612961 198673.046875 224723.406250 230349.937500 198868.312500
35 146.845459 198605.687500 224694.140625 230349.937500 198673.046875
36 150.746429 198522.656250 224675.578125 230349.937500 198605.687500
37 155.727386 198487.062500 224664.375000 230349.937500 198522.656250
38 160.326767 198232.718750 224660.843750 230349.937500 198487.062500
39 164.222580 198232.718750 224648.281250 230349.937500 198232.718750
40 168.493210 197711.125000 228357.875000 386244.562500 198232.718750
41 172.779831 197608.140625 229040.484375 386244.562500 197711.125000
42 176.797699 197594.515625 227805.234375 386244.562500 197608.140625
43 181.304672 197594.515625 227779.843750 386244.562500 197594.515625
44 185.349060 197360.000000 227755.453125 386244.562500 197594.515625
45 188.281921 197360.000000 227738.718750 386244.562500 197360.000000
46 192.038986 197240.578125 227733.234375 386244.562500 197360.000000
47 196.315369 197084.687500 227718.187500 386244.562500 197240.578125
48 200.612595 197084.687500 227710.296875 386244.562500 197084.687500
49 204.673721 197069.046875 227695.000000 386244.562500 197084.687500
50 208.658463 197023.718750 227681.562500 386244.562500 197069.046875
51 212.857803 196983.062500 227664.906250 386244.562500 197023.718750
52 217.202286 196835.390625 227659.125000 386244.562500 196983.062500
53 221.232635 196807.718750 227618.578125 386244.562500 196835.390625
54 225.043030 196759.718750 227616.921875 386244.562500 196807.718750
55 228.746704 196692.015625 227601.453125 386244.562500 196759.718750
56 232.140762 196537.859375 227594.140625 386244.562500 196692.015625
57 237.461380 196521.609375 227587.015625 386244.562500 196537.859375
58 241.769318 196390.265625 227583.734375 386244.562500 196521.609375
59 245.941193 196379.781250 227577.718750 386244.562500 196390.265625
60 250.615433 196280.140625 227567.406250 386244.562500 196379.781250
61 254.709671 196256.828125 227564.625000 386244.562500 196280.140625
62 259.151733 196118.656250 227553.140625 386244.562500 196256.828125
63 262.468811 196065.296875 227540.406250 386244.562500 196118.656250
64 266.576385 196025.921875 227537.593750 386244.562500 196065.296875
65 270.926361 196010.375000 227526.343750 386244.562500 196025.921875
66 275.375366 195883.703125 227519.125000 386244.562500 196010.375000
67 280.507538 195883.703125 227511.546875 386244.562500 195883.703125
68 285.288391 195883.703125 227501.140625 386244.562500 195883.703125
69 289.493774 195865.546875 227496.062500 386244.562500 195883.703125
70 294.176636 195843.234375 227493.937500 386244.562500 195865.546875
71 298.227539 195843.234375 227492.062500 386244.562500 195843.234375
72 302.371613 195843.234375 227491.234375 386244.562500 195843.234375
73 306.534729 195843.234375 227490.437500 386244.562500 195843.234375
74 310.638153 195843.234375 227489.625000 386244.562500 195843.234375
75 315.544708 195843.234375 227472.062500 386244.562500 195843.234375
76 319.656738 195760.468750 227431.593750 386244.562500 195843.234375
77 324.192657 195760.468750 227011.734375 386244.562500 195760.468750
78 328.876617 195760.468750 227008.437500 386244.562500 195760.468750
79 333.028778 195760.468750 227005.765625 386244.562500 195760.468750
80 336.911713 195729.078125 227004.093750 386244.562500 195760.468750
81 341.164703 195723.515625 227001.812500 386244.562500 195729.078125
82 345.036835 195723.515625 226396.578125 386244.562500 195723.515625
83 350.203949 195723.515625 226395.953125 386244.562500 195723.515625
84 355.160736 195692.125000 226395.859375 386244.562500 195723.515625
85 360.157166 195692.125000 226394.484375 386244.562500 195692.125000
86 364.796844 195692.125000 226394.375000 386244.562500 195692.125000
87 369.213593 195692.125000 226393.734375 386244.562500 195692.125000
88 373.603180 195692.125000 226393.125000 386244.562500 195692.125000
89 377.569458 195692.125000 226392.484375 386244.562500 195692.125000
90 381.491364 195692.125000 231657.140625 459061.375000 195692.125000
91 386.250305 195692.125000 227080.921875 386244.562500 195692.125000
92 390.425354 195692.125000 227080.187500 386244.562500 195692.125000
93 394.508728 195692.125000 226473.281250 386244.562500 195692.125000
94 398.958954 195692.125000 225865.593750 386244.562500 195692.125000
95 402.264343 195692.125000 225252.765625 386244.562500 195692.125000
96 406.571899 195692.125000 224638.875000 386244.562500 195692.125000
97 410.855438 195692.125000 224017.875000 386244.562500 195692.125000
98 415.315155 195692.125000 223395.796875 386244.562500 195692.125000
99 418.963715 195692.125000 222772.921875 386244.562500 195692.125000
100 423.385376 195692.125000 222149.593750 386244.562500 195692.125000
101 427.772461 195692.125000 221524.203125 386244.562500 195692.125000
102 431.916901 195692.125000 220895.187500 386244.562500 195692.125000
103 436.446198 195692.125000 220264.875000 386244.562500 195692.125000
104 440.447235 195692.125000 219632.906250 386244.562500 195692.125000
105 444.680267 195692.125000 219000.625000 386244.562500 195692.125000
106 448.866394 195692.125000 218366.718750 386244.562500 195692.125000
107 453.946289 195692.125000 217730.515625 386244.562500 195692.125000
108 458.255737 195692.125000 217093.640625 386244.562500 195692.125000
109 462.108612 195692.125000 216448.265625 386244.562500 195692.125000
110 466.410004 195692.125000 215802.140625 386244.562500 195692.125000
111 470.764862 195692.125000 215155.375000 386244.562500 195692.125000
112 475.102936 195692.125000 217484.515625 386244.562500 195692.125000
113 478.863037 195692.125000 213713.281250 344651.781250 195692.125000
114 482.828522 195692.125000 213058.265625 344651.781250 195692.125000
115 487.967590 195692.125000 212393.843750 344651.781250 195692.125000
116 491.773804 195692.125000 211728.140625 344651.781250 195692.125000
117 495.420868 195692.125000 211057.921875 344651.781250 195692.125000
118 499.887848 195692.125000 210385.859375 344651.781250 195692.125000
119 504.367218 195692.125000 209712.984375 344651.781250 195692.125000
120 508.900116 195692.125000 209039.687500 344651.781250 195692.125000
121 512.970154 195692.125000 208360.234375 344651.781250 195692.125000
122 516.908203 195692.125000 207676.703125 344651.781250 195692.125000
123 520.739563 195692.125000 208519.046875 344651.781250 195692.125000
124 524.496948 195692.125000 205542.203125 272305.250000 195692.125000
125 528.502808 195692.125000 204849.046875 272305.250000 195692.125000
126 533.455566 195633.953125 204950.734375 272305.250000 195692.125000
127 538.177979 195633.953125 203417.312500 235434.906250 195633.953125
128 542.452026 195633.953125 202724.156250 235434.906250 195633.953125
129 546.157410 195633.953125 202723.000000 235434.906250 195633.953125
130 550.661804 195633.953125 202721.843750 235434.906250 195633.953125
131 554.669617 195633.953125 202720.656250 235434.906250 195633.953125
132 558.352905 195633.953125 202719.500000 235434.906250 195633.953125
133 562.800598 195633.953125 202718.343750 235434.906250 195633.953125
134 566.411072 195633.953125 202717.187500 235434.906250 195633.953125
135 570.285522 195633.953125 202716.015625 235434.906250 195633.953125
136 574.742065 195633.953125 202714.859375 235434.906250 195633.953125
137 579.032898 195633.953125 202713.703125 235434.906250 195633.953125
138 583.387390 195633.953125 202712.546875 235434.906250 195633.953125
139 587.387939 195633.953125 202711.375000 235434.906250 195633.953125
140 591.668579 195633.953125 202710.218750 235434.906250 195633.953125
141 596.015015 195633.953125 202709.062500 235434.906250 195633.953125
142 600.260681 195633.953125 204741.781250 297328.250000 195633.953125
143 604.722351 195633.953125 204640.078125 297328.250000 195633.953125
144 609.058044 195633.953125 204638.921875 297328.250000 195633.953125
145 612.985657 195633.953125 204637.765625 297328.250000 195633.953125
146 617.836975 195633.953125 204636.593750 297328.250000 195633.953125
147 622.721252 195633.953125 206425.640625 297328.250000 195633.953125
148 627.489380 195633.953125 206082.796875 297328.250000 195633.953125
149 630.840210 195633.953125 204802.000000 233286.921875 195633.953125
150 634.475342 195633.953125 204800.843750 233286.921875 195633.953125
151 638.553467 195633.953125 204799.687500 233286.921875 195633.953125
152 642.618469 195633.953125 204798.515625 233286.921875 195633.953125
153 646.533142 195633.953125 204797.359375 233286.921875 195633.953125
154 650.528320 195633.953125 204796.203125 233286.921875 195633.953125
155 655.756958 195633.953125 204795.015625 233286.921875 195633.953125
156 660.357666 195633.953125 210027.125000 457297.000000 195633.953125
157 664.752502 195633.953125 210025.953125 457297.000000 195633.953125
158 669.815735 195633.953125 210024.796875 457297.000000 195633.953125
159 674.408447 195633.953125 210023.640625 457297.000000 195633.953125
160 678.817017 195633.953125 210022.484375 457297.000000 195633.953125
161 683.705750 195633.953125 210021.312500 457297.000000 195633.953125
162 688.041748 195633.953125 210020.156250 457297.000000 195633.953125
163 692.392639 195633.953125 210019.000000 457297.000000 195633.953125
164 697.038391 195633.953125 210017.843750 457297.000000 195633.953125
165 700.797363 195633.953125 210016.687500 457297.000000 195633.953125
166 704.710510 195633.953125 214716.687500 457297.000000 195633.953125
167 708.312012 195633.953125 210797.546875 430691.312500 195633.953125
168 712.512024 195633.953125 210796.375000 430691.312500 195633.953125
169 716.170837 195633.953125 210795.218750 430691.312500 195633.953125
170 720.434753 195633.953125 210794.062500 430691.312500 195633.953125
171 723.881592 195633.953125 210099.734375 430691.312500 195633.953125
172 727.882507 195633.953125 209405.421875 430691.312500 195633.953125
173 731.958984 195633.953125 208711.093750 430691.312500 195633.953125
174 736.504395 195633.953125 208016.781250 430691.312500 195633.953125
175 740.879150 195633.953125 207322.453125 430691.312500 195633.953125
176 744.804138 195633.953125 206628.140625 430691.312500 195633.953125
177 748.761047 195633.953125 205933.812500 430691.312500 195633.953125
178 753.374084 195633.953125 205239.500000 430691.312500 195633.953125
179 758.062744 195633.953125 204545.187500 430691.312500 195633.953125
180 762.367065 195633.953125 203850.859375 430691.312500 195633.953125
181 766.171021 195633.953125 203156.546875 430691.312500 195633.953125
182 770.466553 195633.953125 202403.484375 430691.312500 195633.953125
183 774.601318 195633.953125 201650.421875 430691.312500 195633.953125
184 779.223511 195633.953125 200335.125000 430691.312500 195633.953125
185 783.402283 195633.953125 195633.984375 195633.953125 195633.953125
186 787.081177 195633.953125 196608.046875 244336.453125 195633.953125
187 790.427612 195633.953125 195633.984375 195633.953125 195633.953125
188 795.534912 195633.953125 195633.984375 195633.953125 195633.953125
189 798.858826 195633.953125 195633.984375 195633.953125 195633.953125
190 802.893860 195633.953125 195633.984375 195633.953125 195633.953125
191 807.550110 195633.953125 195633.984375 195633.953125 195633.953125
192 813.085938 195633.953125 195633.984375 195633.953125 195633.953125
193 818.112793 195633.953125 195633.984375 195633.953125 195633.953125
194 823.128967 195633.953125 195633.984375 195633.953125 195633.953125
195 827.649963 195633.953125 195633.984375 195633.953125 195633.953125
196 832.394165 195633.953125 195633.984375 195633.953125 195633.953125
197 836.767395 195633.953125 195633.984375 195633.953125 195633.953125
198 841.275330 195633.953125 195633.984375 195633.953125 195633.953125
199 845.571777 195633.953125 195633.984375 195633.953125 195633.953125
200 848.699951 195633.953125 195633.984375 195633.953125 195633.953125
201 852.931580 195633.953125 195633.984375 195633.953125 195633.953125
202 857.363525 195633.953125 195633.984375 195633.953125 195633.953125
203 860.857361 195633.953125 197718.593750 299865.031250 195633.953125
204 865.587769 195633.953125 195633.984375 195633.953125 195633.953125
205 869.874695 195633.953125 195633.984375 195633.953125 195633.953125
206 874.750061 195633.953125 195633.984375 195633.953125 195633.953125
207 878.931152 195633.953125 195633.984375 195633.953125 195633.953125
208 883.505798 195633.953125 195633.984375 195633.953125 195633.953125
209 886.908325 195633.953125 195633.984375 195633.953125 195633.953125
210 892.178406 195633.953125 195633.984375 195633.953125 195633.953125
211 896.948730 195633.953125 195633.984375 195633.953125 195633.953125
212 901.001831 195633.953125 195633.984375 195633.953125 195633.953125
213 905.078064 195633.953125 195633.984375 195633.953125 195633.953125
214 910.160278 195633.953125 195633.984375 195633.953125 195633.953125
215 914.796387 195633.953125 195633.984375 195633.953125 195633.953125
216 919.129883 195633.953125 195633.984375 195633.953125 195633.953125
217 923.075928 195633.953125 196420.656250 234967.484375 195633.953125
218 926.146057 195633.953125 195633.984375 195633.953125 195633.953125
219 930.517578 195633.953125 197547.046875 291286.375000 195633.953125
220 934.958252 195633.953125 196019.015625 214885.296875 195633.953125
221 939.444580 195633.953125 195633.984375 195633.953125 195633.953125
222 943.844543 195633.953125 195633.984375 195633.953125 195633.953125
223 947.287781 195633.953125 195633.984375 195633.953125 195633.953125
224 951.736938 195633.953125 195633.984375 195633.953125 195633.953125
225 956.062256 195633.953125 195633.984375 195633.953125 195633.953125
226 959.838684 195633.953125 195633.984375 195633.953125 195633.953125
227 964.180176 195633.953125 195633.984375 195633.953125 195633.953125
228 968.675659 195633.953125 195633.984375 195633.953125 195633.953125
229 973.226990 195633.953125 195633.984375 195633.953125 195633.953125
230 978.087036 195633.953125 195633.984375 195633.953125 195633.953125
231 982.017273 195633.953125 195633.984375 195633.953125 195633.953125
232 985.864746 195633.953125 195633.984375 195633.953125 195633.953125
233 990.830383 195633.953125 195633.984375 195633.953125 195633.953125
234 995.628967 195633.953125 195633.984375 195633.953125 195633.953125
235 1000.193420 195633.953125 195633.984375 195633.953125 195633.953125
236 1004.765564 195633.953125 195633.984375 195633.953125 195633.953125
237 1009.354126 195633.953125 195633.984375 195633.953125 195633.953125
238 1013.080078 195633.953125 195633.984375 195633.953125 195633.953125
239 1017.802979 195633.953125 195633.984375 195633.953125 195633.953125
240 1022.630127 195633.953125 195633.984375 195633.953125 195633.953125
241 1027.125000 195633.953125 195633.984375 195633.953125 195633.953125
242 1031.357910 195633.953125 195633.984375 195633.953125 195633.953125
243 1036.202759 195633.953125 195633.984375 195633.953125 195633.953125
244 1040.529663 195633.953125 195633.984375 195633.953125 195633.953125
245 1045.352051 195633.953125 195633.984375 195633.953125 195633.953125
246 1049.394043 195633.953125 195633.984375 195633.953125 195633.953125
247 1053.468140 195633.953125 198486.812500 338275.406250 195633.953125
248 1058.157227 195633.953125 195800.265625 203947.218750 195633.953125
249 1062.149536 195633.953125 196163.234375 222096.406250 195633.953125
250 1066.327393 195633.953125 196446.046875 236236.625000 195633.953125
251 1070.842163 195633.953125 195633.984375 195633.953125 195633.953125
252 1075.030640 195633.953125 195633.984375 195633.953125 195633.953125
253 1079.693237 195633.953125 195633.984375 195633.953125 195633.953125
254 1083.450317 195633.953125 195633.984375 195633.953125 195633.953125
255 1087.523315 195633.953125 195633.984375 195633.953125 195633.953125
256 1092.313110 195633.953125 195633.984375 195633.953125 195633.953125
257 1096.505981 195633.953125 195633.984375 195633.953125 195633.953125
258 1101.014648 195633.953125 195633.984375 195633.953125 195633.953125
259 1104.338135 195633.953125 195633.984375 195633.953125 195633.953125
260 1109.219971 195633.953125 195633.984375 195633.953125 195633.953125
261 1113.208862 195633.953125 195633.984375 195633.953125 195633.953125
262 1118.089355 195633.953125 195633.984375 195633.953125 195633.953125
263 1121.880371 195633.953125 195633.984375 195633.953125 195633.953125
264 1126.628540 195633.953125 195633.984375 195633.953125 195633.953125
265 1131.066650 195633.953125 195633.984375 195633.953125 195633.953125
266 1135.893555 195633.953125 195633.984375 195633.953125 195633.953125
267 1139.656860 195633.953125 195633.984375 195633.953125 195633.953125
268 1143.921021 195633.953125 195633.984375 195633.953125 195633.953125
269 1147.894409 195633.953125 195633.984375 195633.953125 195633.953125
270 1151.927124 195633.953125 197152.687500 271568.531250 195633.953125
271 1155.717407 195633.953125 195633.984375 195633.953125 195633.953125
272 1159.126953 195633.953125 198085.953125 318232.468750 195633.953125
273 1163.155029 195633.953125 195823.546875 205111.843750 195633.953125
274 1168.017212 195633.953125 197496.046875 288736.375000 195633.953125
275 1173.771240 195633.953125 195633.984375 195633.953125 195633.953125
276 1178.047974 195633.953125 195633.984375 195633.953125 195633.953125
277 1181.352051 195633.953125 195633.984375 195633.953125 195633.953125
278 1185.712524 195633.953125 195633.984375 195633.953125 195633.953125
279 1190.120483 195633.953125 195633.984375 195633.953125 195633.953125
280 1194.324463 195633.953125 195633.984375 195633.953125 195633.953125
281 1198.286011 195633.953125 195633.984375 195633.953125 195633.953125
282 1202.846558 195633.953125 195633.984375 195633.953125 195633.953125
283 1206.501221 195633.953125 195633.984375 195633.953125 195633.953125
284 1210.982178 195633.953125 195633.984375 195633.953125 195633.953125
285 1215.196899 195633.953125 195633.984375 195633.953125 195633.953125
286 1220.273071 195633.953125 195633.984375 195633.953125 195633.953125
287 1224.810791 195633.953125 195633.984375 195633.953125 195633.953125
288 1229.622437 195633.953125 195633.984375 195633.953125 195633.953125
289 1234.337769 195633.953125 195633.984375 195633.953125 195633.953125
290 1239.145874 195633.953125 195633.984375 195633.953125 195633.953125
291 1243.206421 195633.953125 195633.984375 195633.953125 195633.953125
292 1247.075806 195633.953125 195633.984375 195633.953125 195633.953125
293 1251.430054 195633.953125 195633.984375 195633.953125 195633.953125
294 1255.185181 195633.953125 195633.984375 195633.953125 195633.953125
295 1260.187134 195633.953125 198081.140625 317991.593750 195633.953125
296 1264.582642 195633.953125 197522.593750 261399.000000 195633.953125
297 1269.070435 195633.953125 197265.703125 261399.000000 195633.953125
298 1274.123291 195633.953125 196949.281250 261399.000000 195633.953125
299 1278.546021 195633.953125 195633.984375 195633.953125 195633.953125
300 1283.286987 195633.953125 195633.984375 195633.953125 195633.953125
301 1286.717896 195633.953125 195633.984375 195633.953125 195633.953125
302 1291.275757 195633.953125 195633.984375 195633.953125 195633.953125
303 1295.951172 195633.953125 195633.984375 195633.953125 195633.953125
304 1300.808716 195633.953125 195633.984375 195633.953125 195633.953125
305 1304.846069 195633.953125 195633.984375 195633.953125 195633.953125
306 1309.402588 195633.953125 195633.984375 195633.953125 195633.953125
307 1313.691772 195633.953125 195633.984375 195633.953125 195633.953125
308 1318.000488 195633.953125 195633.984375 195633.953125 195633.953125
309 1323.030762 195633.953125 195633.984375 195633.953125 195633.953125
310 1327.714233 195633.953125 195633.984375 195633.953125 195633.953125
311 1331.759521 195633.953125 195633.984375 195633.953125 195633.953125
312 1335.747314 195633.953125 195633.984375 195633.953125 195633.953125
313 1339.769043 195633.953125 195633.984375 195633.953125 195633.953125
314 1343.589600 195633.953125 195633.984375 195633.953125 195633.953125
315 1348.539551 195633.953125 195633.984375 195633.953125 195633.953125
316 1353.347656 195633.953125 195633.984375 195633.953125 195633.953125
317 1357.667358 195633.953125 195633.984375 195633.953125 195633.953125
318 1362.981323 195633.953125 195633.984375 195633.953125 195633.953125
319 1368.339844 195633.953125 195633.984375 195633.953125 195633.953125
320 1372.825195 195633.953125 195633.984375 195633.953125 195633.953125
321 1377.845947 195633.953125 195633.984375 195633.953125 195633.953125
322 1382.166016 195633.953125 195633.984375 195633.953125 195633.953125
323 1386.912720 195633.953125 195633.984375 195633.953125 195633.953125
324 1392.111328 195633.953125 195633.984375 195633.953125 195633.953125
325 1396.565552 195633.953125 195633.984375 195633.953125 195633.953125
326 1400.489746 195633.953125 195633.984375 195633.953125 195633.953125
327 1404.497437 195633.953125 195633.984375 195633.953125 195633.953125
328 1408.812988 195633.953125 195633.984375 195633.953125 195633.953125
329 1413.258789 195633.953125 195633.984375 195633.953125 195633.953125
330 1417.337891 195633.953125 195633.984375 195633.953125 195633.953125
331 1421.860718 195633.953125 195633.984375 195633.953125 195633.953125
332 1425.210205 195633.953125 195633.984375 195633.953125 195633.953125
333 1429.058228 195633.953125 195633.984375 195633.953125 195633.953125
334 1433.235596 195633.953125 195633.984375 195633.953125 195633.953125
335 1437.613037 195633.953125 195633.984375 195633.953125 195633.953125
336 1441.674194 195633.953125 195633.984375 195633.953125 195633.953125
337 1446.039062 195633.953125 195633.984375 195633.953125 195633.953125
338 1450.890259 195633.953125 195633.984375 195633.953125 195633.953125
339 1455.536865 195633.953125 195633.984375 195633.953125 195633.953125
340 1459.576904 195633.953125 195633.984375 195633.953125 195633.953125
341 1463.557129 195633.953125 195633.984375 195633.953125 195633.953125
342 1467.501709 195633.953125 195633.984375 195633.953125 195633.953125
343 1471.861206 195633.953125 195633.984375 195633.953125 195633.953125
344 1476.238770 195633.953125 195633.984375 195633.953125 195633.953125
345 1480.074219 195633.953125 195633.984375 195633.953125 195633.953125
346 1484.901001 195633.953125 195633.984375 195633.953125 195633.953125
347 1488.846436 195633.953125 195633.984375 195633.953125 195633.953125
348 1493.403442 195633.953125 195633.984375 195633.953125 195633.953125
349 1498.044434 195633.953125 195633.984375 195633.953125 195633.953125
350 1502.652710 195633.953125 195633.984375 195633.953125 195633.953125
351 1507.053345 195633.953125 195633.984375 195633.953125 195633.953125
352 1512.323242 195633.953125 195633.984375 195633.953125 195633.953125
353 1516.499146 195633.953125 195633.984375 195633.953125 195633.953125
354 1521.328247 195633.953125 199615.265625 394698.125000 195633.953125
355 1525.184814 195633.953125 195731.640625 200516.421875 195633.953125
356 1529.686646 195633.953125 196589.046875 243386.968750 195633.953125
357 1533.557129 195633.953125 196390.000000 233434.953125 195633.953125
358 1538.144653 195633.953125 196426.312500 235250.640625 195633.953125
359 1543.025513 195633.953125 195772.843750 202576.875000 195633.953125
360 1547.053101 195633.953125 195877.375000 207803.875000 195633.953125
361 1551.452148 195633.953125 197412.234375 284547.062500 195633.953125
362 1556.373169 195633.953125 196416.359375 234752.703125 195633.953125
363 1559.804443 195633.953125 195779.984375 202933.859375 195633.953125
364 1564.787598 195633.953125 195870.859375 207477.328125 195633.953125
365 1568.634644 195633.953125 195678.656250 197867.375000 195633.953125
366 1573.192993 195633.953125 195763.546875 202111.734375 195633.953125
367 1578.356323 195633.953125 196218.640625 224866.812500 195633.953125
368 1582.039185 195633.953125 198107.546875 319311.187500 195633.953125
369 1587.227539 195633.953125 195725.593750 200214.312500 195633.953125
370 1591.717651 195633.953125 195750.546875 201461.796875 195633.953125
371 1595.772583 195633.953125 195899.046875 208886.640625 195633.953125
372 1599.972656 195633.953125 196161.062500 221987.390625 195633.953125
373 1603.852661 195633.953125 195638.656250 195867.593750 195633.953125
374 1608.830200 195633.953125 195806.781250 204273.218750 195633.953125
375 1612.493652 195633.953125 195776.343750 202751.468750 195633.953125
376 1615.673584 195633.953125 195853.015625 206586.093750 195633.953125
377 1618.666748 195633.953125 195633.984375 195633.953125 195633.953125
378 1622.857056 195633.953125 195633.984375 195633.953125 195633.953125
379 1626.695679 195633.953125 195633.984375 195633.953125 195633.953125
380 1631.610107 195633.953125 195633.984375 195633.953125 195633.953125
381 1635.539062 195633.953125 195633.984375 195633.953125 195633.953125
382 1639.876465 195633.953125 195633.984375 195633.953125 195633.953125
383 1644.356201 195633.953125 195633.984375 195633.953125 195633.953125
384 1648.701416 195633.953125 195633.984375 195633.953125 195633.953125
385 1652.647827 195633.953125 197251.000000 276484.468750 195633.953125
386 1657.447876 195633.953125 195808.984375 204383.515625 195633.953125
387 1661.783325 195633.953125 198210.453125 307587.687500 195633.953125
388 1665.922852 195633.953125 199061.640625 307587.687500 195633.953125
389 1670.023682 195633.953125 200145.218750 307587.687500 195633.953125
390 1674.720459 195633.953125 200901.125000 307587.687500 195633.953125
391 1678.780273 195633.953125 201805.578125 307587.687500 195633.953125
392 1683.249756 195633.953125 202034.296875 307587.687500 195633.953125
393 1687.316528 195633.953125 203123.859375 307587.687500 195633.953125
394 1691.830688 195633.953125 202905.703125 307587.687500 195633.953125
395 1695.882568 195633.953125 202560.015625 307587.687500 195633.953125
396 1700.844727 195633.953125 202107.015625 307587.687500 195633.953125
397 1705.221558 195633.953125 201213.265625 307587.687500 195633.953125
398 1709.208740 195633.953125 200291.187500 307587.687500 195633.953125
399 1714.211426 195633.953125 199187.406250 307587.687500 195633.953125
400 1718.559814 195633.953125 197873.062500 307587.687500 195633.953125
401 1723.164307 195633.953125 195633.984375 195633.953125 195633.953125
402 1727.312500 195633.953125 195633.984375 195633.953125 195633.953125
403 1732.167847 195633.953125 195633.984375 195633.953125 195633.953125
404 1736.540283 195633.953125 195633.984375 195633.953125 195633.953125
405 1740.766479 195633.953125 195633.984375 195633.953125 195633.953125
406 1745.240479 195633.953125 195633.984375 195633.953125 195633.953125
407 1749.298584 195633.953125 195633.984375 195633.953125 195633.953125
408 1753.745850 195633.953125 195633.984375 195633.953125 195633.953125
409 1757.873535 195633.953125 195633.984375 195633.953125 195633.953125
410 1761.736328 195633.953125 195633.984375 195633.953125 195633.953125
411 1766.111206 195633.953125 200060.265625 416947.718750 195633.953125
412 1771.019775 195633.953125 195633.984375 195633.953125 195633.953125
413 1774.558105 195633.953125 195633.984375 195633.953125 195633.953125
414 1778.875488 195633.953125 195633.984375 195633.953125 195633.953125
415 1782.954590 195633.953125 195633.984375 195633.953125 195633.953125
416 1787.068237 195633.953125 195633.984375 195633.953125 195633.953125
417 1791.580078 195633.953125 195633.984375 195633.953125 195633.953125
418 1796.520752 195633.953125 195633.984375 195633.953125 195633.953125
419 1800.633301 195633.953125 195633.984375 195633.953125 195633.953125
420 1805.361816 195633.953125 195633.984375 195633.953125 195633.953125
421 1809.086060 195633.953125 195633.984375 195633.953125 195633.953125
422 1813.271606 195633.953125 195633.984375 195633.953125 195633.953125
423 1817.779053 195633.953125 195633.984375 195633.953125 195633.953125
424 1822.049438 195633.953125 195633.984375 195633.953125 195633.953125
425 1825.926025 195633.953125 195633.984375 195633.953125 195633.953125
426 1830.352051 195633.953125 195633.984375 195633.953125 195633.953125
427 1834.992676 195633.953125 195633.984375 195633.953125 195633.953125
428 1839.322144 195633.953125 195633.984375 195633.953125 195633.953125
429 1844.445312 195633.953125 199124.781250 370173.531250 195633.953125
430 1848.714233 195633.953125 195689.218750 198395.281250 195633.953125
431 1853.519043 195633.953125 195633.984375 195633.953125 195633.953125
432 1857.932495 195633.953125 195633.984375 195633.953125 195633.953125
433 1862.234497 195633.953125 195633.984375 195633.953125 195633.953125
434 1866.414062 195633.953125 195633.984375 195633.953125 195633.953125
435 1871.222778 195633.953125 195633.984375 195633.953125 195633.953125
436 1875.052490 195633.953125 195633.984375 195633.953125 195633.953125
437 1879.395020 195633.953125 195633.984375 195633.953125 195633.953125
438 1883.660034 195633.953125 195633.984375 195633.953125 195633.953125
439 1888.506592 195633.953125 201692.640625 498566.656250 195633.953125
440 1892.786987 195633.953125 195633.984375 195633.953125 195633.953125
441 1896.842773 195633.953125 195633.984375 195633.953125 195633.953125
442 1901.380005 195633.953125 195633.984375 195633.953125 195633.953125
443 1905.408081 195633.953125 195633.984375 195633.953125 195633.953125
444 1910.542114 195633.953125 195633.984375 195633.953125 195633.953125
445 1915.182739 195633.953125 195633.984375 195633.953125 195633.953125
446 1918.818848 195633.953125 195633.984375 195633.953125 195633.953125
447 1922.845093 195633.953125 195633.984375 195633.953125 195633.953125
448 1927.483643 195633.953125 195633.984375 195633.953125 195633.953125
449 1931.828613 195633.953125 195633.984375 195633.953125 195633.953125
450 1936.084229 195633.953125 195633.984375 195633.953125 195633.953125
451 1939.200562 195633.953125 195633.984375 195633.953125 195633.953125
452 1943.568481 195633.953125 195633.984375 195633.953125 195633.953125
453 1947.261108 195633.953125 195633.984375 195633.953125 195633.953125
454 1951.213501 195633.953125 195633.984375 195633.953125 195633.953125
455 1955.062744 195633.953125 195633.984375 195633.953125 195633.953125
456 1959.979736 195633.953125 195633.984375 195633.953125 195633.953125
457 1964.081177 195633.953125 195633.984375 195633.953125 195633.953125
458 1968.663940 195633.953125 195633.984375 195633.953125 195633.953125
459 1972.146973 195633.953125 195633.984375 195633.953125 195633.953125
460 1976.509277 195633.953125 195633.984375 195633.953125 195633.953125
461 1980.538574 195633.953125 195633.984375 195633.953125 195633.953125
462 1985.298706 195633.953125 195633.984375 195633.953125 195633.953125
463 1989.527954 195633.953125 195633.984375 195633.953125 195633.953125
464 1993.700195 195633.953125 195633.984375 195633.953125 195633.953125
465 1998.100220 195633.953125 195633.984375 195633.953125 195633.953125
466 2002.974487 195633.953125 195633.984375 195633.953125 195633.953125
467 2007.316040 195633.953125 195633.984375 195633.953125 195633.953125
468 2010.640991 195633.953125 195633.984375 195633.953125 195633.953125
469 2015.054321 195633.953125 195633.984375 195633.953125 195633.953125
470 2019.540527 195633.953125 195633.984375 195633.953125 195633.953125
471 2023.074463 195633.953125 195633.984375 195633.953125 195633.953125
472 2027.539307 195633.953125 195633.984375 195633.953125 195633.953125
473 2031.643433 195633.953125 195633.984375 195633.953125 195633.953125
474 2035.199707 195633.953125 195633.984375 195633.953125 195633.953125
475 2039.554443 195633.953125 195633.984375 195633.953125 195633.953125
476 2043.420654 195633.953125 195633.984375 195633.953125 195633.953125
477 2047.969482 195633.953125 197488.578125 288363.625000 195633.953125
478 2052.017090 195633.953125 195837.734375 205821.531250 195633.953125
479 2056.347656 195633.953125 195723.812500 200126.093750 195633.953125
480 2060.855957 195633.953125 195633.984375 195633.953125 195633.953125
481 2065.386719 195633.953125 195633.984375 195633.953125 195633.953125
482 2069.105469 195633.953125 195633.984375 195633.953125 195633.953125
483 2073.650391 195633.953125 195633.984375 195633.953125 195633.953125
484 2077.569824 195633.953125 197831.281250 305498.906250 195633.953125
485 2081.757080 195633.953125 200830.515625 442332.062500 195633.953125
486 2085.381592 195633.953125 200859.234375 442332.062500 195633.953125
487 2089.703125 195633.953125 202302.000000 442332.062500 195633.953125
488 2094.430176 195633.953125 202032.437500 442332.062500 195633.953125
489 2098.923340 195633.953125 202097.515625 442332.062500 195633.953125
490 2103.716064 195633.953125 202137.187500 442332.062500 195633.953125
491 2108.118896 195633.953125 202022.015625 442332.062500 195633.953125
492 2112.514160 195633.953125 201453.343750 442332.062500 195633.953125
493 2117.296875 195633.953125 200567.937500 442332.062500 195633.953125
494 2121.736816 195633.953125 195633.984375 195633.953125 195633.953125
495 2125.936279 195633.953125 195633.984375 195633.953125 195633.953125
496 2130.925049 195633.953125 195633.984375 195633.953125 195633.953125
497 2135.229492 195633.953125 195633.984375 195633.953125 195633.953125
498 2138.857666 195633.953125 195633.984375 195633.953125 195633.953125
499 2143.488525 195633.953125 195633.984375 195633.953125 195633.953125
500 2147.686279 195633.953125 195633.984375 195633.953125 195633.953125
501 2151.690674 195633.953125 195633.984375 195633.953125 195633.953125
502 2155.151611 195633.953125 195633.984375 195633.953125 195633.953125
503 2159.064697 195633.953125 195633.984375 195633.953125 195633.953125
504 2163.016846 195633.953125 195633.984375 195633.953125 195633.953125
505 2166.409180 195633.953125 195633.984375 195633.953125 195633.953125
506 2170.462646 195633.953125 195633.984375 195633.953125 195633.953125
507 2174.672119 195633.953125 195893.046875 208586.187500 195633.953125
508 2178.249512 195633.953125 197389.125000 283390.343750 195633.953125
509 2183.010986 195633.953125 195705.734375 199221.312500 195633.953125
510 2187.288574 195633.953125 195710.093750 199439.953125 195633.953125
511 2191.201416 195633.953125 196240.359375 225952.734375 195633.953125
512 2195.105957 195633.953125 197103.640625 269116.843750 195633.953125
513 2198.796875 195633.953125 197815.625000 304716.062500 195633.953125
514 2203.498047 195633.953125 195797.765625 203822.875000 195633.953125
515 2207.381104 195633.953125 195633.984375 195633.953125 195633.953125
516 2212.260254 195633.953125 195633.984375 195633.953125 195633.953125
517 2216.453613 195633.953125 195633.984375 195633.953125 195633.953125
518 2220.704590 195633.953125 195633.984375 195633.953125 195633.953125
519 2224.604736 195633.953125 195633.984375 195633.953125 195633.953125
520 2229.864746 195633.953125 195633.984375 195633.953125 195633.953125
521 2234.007080 195633.953125 195633.984375 195633.953125 195633.953125
522 2237.856934 195633.953125 195633.984375 195633.953125 195633.953125
523 2241.480225 195633.953125 195633.984375 195633.953125 195633.953125
524 2246.206055 195633.953125 195633.984375 195633.953125 195633.953125
525 2250.443604 195633.953125 195633.984375 195633.953125 195633.953125
526 2254.240967 195633.953125 200788.656250 453367.875000 195633.953125
527 2258.662109 195633.953125 195831.125000 205490.578125 195633.953125
528 2262.508301 195633.953125 195700.875000 198978.546875 195633.953125
529 2266.782959 195633.953125 195759.812500 201925.578125 195633.953125
530 2270.955811 195633.953125 195958.093750 211839.609375 195633.953125
531 2274.964844 195633.953125 196558.843750 235324.843750 195633.953125
532 2279.834229 195633.953125 196588.984375 235324.843750 195633.953125
533 2284.211914 195633.953125 197960.437500 272265.687500 195633.953125
534 2288.665527 195633.953125 197458.437500 272265.687500 195633.953125
535 2293.114014 195633.953125 197166.625000 272265.687500 195633.953125
536 2297.514893 195633.953125 195633.984375 195633.953125 195633.953125
537 2301.962402 195633.953125 195633.984375 195633.953125 195633.953125
538 2306.674072 195633.953125 195633.984375 195633.953125 195633.953125
539 2311.030029 195633.953125 195633.984375 195633.953125 195633.953125
540 2315.155273 195633.953125 195633.984375 195633.953125 195633.953125
541 2319.159180 195633.953125 195633.984375 195633.953125 195633.953125
542 2323.785400 195633.953125 195633.984375 195633.953125 195633.953125
543 2328.105713 195633.953125 195633.984375 195633.953125 195633.953125
544 2332.397217 195633.953125 195633.984375 195633.953125 195633.953125
545 2336.866699 195633.953125 195633.984375 195633.953125 195633.953125
546 2340.608154 195633.953125 195633.984375 195633.953125 195633.953125
547 2345.175293 195633.953125 195633.984375 195633.953125 195633.953125
548 2349.551758 195633.953125 195633.984375 195633.953125 195633.953125
549 2353.588379 195633.953125 195633.984375 195633.953125 195633.953125
550 2357.262695 195633.953125 195633.984375 195633.953125 195633.953125
551 2361.034180 195633.953125 195633.984375 195633.953125 195633.953125
552 2365.751953 195633.953125 195633.984375 195633.953125 195633.953125
553 2370.675049 195633.953125 195633.984375 195633.953125 195633.953125
554 2374.722168 195633.953125 195633.984375 195633.953125 195633.953125
555 2379.469727 195633.953125 195633.984375 195633.953125 195633.953125
556 2383.770996 195633.953125 195633.984375 195633.953125 195633.953125
557 2388.491699 195633.953125 195633.984375 195633.953125 195633.953125
558 2392.765625 195633.953125 195633.984375 195633.953125 195633.953125
559 2397.325195 195633.953125 195633.984375 195633.953125 195633.953125
560 2401.082031 195633.953125 195633.984375 195633.953125 195633.953125
561 2405.775879 195633.953125 195633.984375 195633.953125 195633.953125
562 2409.623047 195633.953125 197293.906250 278630.156250 195633.953125
563 2413.913330 195633.953125 195633.984375 195633.953125 195633.953125
564 2418.007080 195633.953125 195633.984375 195633.953125 195633.953125
565 2422.468506 195633.953125 195633.984375 195633.953125 195633.953125
566 2425.606934 195633.953125 195633.984375 195633.953125 195633.953125
567 2430.408447 195633.953125 195633.984375 195633.953125 195633.953125
568 2435.229980 195633.953125 195633.984375 195633.953125 195633.953125
569 2439.265137 195633.953125 195633.984375 195633.953125 195633.953125
570 2442.716309 195633.953125 195633.984375 195633.953125 195633.953125
571 2446.864502 195633.953125 195633.984375 195633.953125 195633.953125
572 2450.866943 195633.953125 195633.984375 195633.953125 195633.953125
573 2454.754150 195633.953125 195633.984375 195633.953125 195633.953125
574 2459.391846 195633.953125 195633.984375 195633.953125 195633.953125
575 2463.782715 195633.953125 195633.984375 195633.953125 195633.953125
576 2467.840820 195633.953125 195633.984375 195633.953125 195633.953125
577 2471.898438 195633.953125 195633.984375 195633.953125 195633.953125
578 2477.302979 195633.953125 195633.984375 195633.953125 195633.953125
579 2481.835938 195633.953125 195633.984375 195633.953125 195633.953125
580 2485.923584 195633.953125 195633.984375 195633.953125 195633.953125
581 2490.359375 195633.953125 195633.984375 195633.953125 195633.953125
582 2494.361084 195633.953125 195633.984375 195633.953125 195633.953125
583 2498.765625 195633.953125 195633.984375 195633.953125 195633.953125
584 2502.557373 195633.953125 195633.984375 195633.953125 195633.953125
585 2507.015381 195633.953125 195633.984375 195633.953125 195633.953125
586 2511.410889 195633.953125 195633.984375 195633.953125 195633.953125
587 2516.564941 195633.953125 195633.984375 195633.953125 195633.953125
588 2520.158203 195633.953125 195633.984375 195633.953125 195633.953125
589 2524.492432 195633.953125 195633.984375 195633.953125 195633.953125
590 2528.889893 195633.953125 195633.984375 195633.953125 195633.953125
591 2533.144287 195633.953125 195633.984375 195633.953125 195633.953125
592 2537.623779 195633.953125 195633.984375 195633.953125 195633.953125
593 2541.596436 195633.953125 195633.984375 195633.953125 195633.953125
594 2545.877197 195633.953125 201305.656250 479217.468750 195633.953125
595 2550.037109 195633.953125 195909.515625 209410.421875 195633.953125
596 2554.410645 195633.953125 195984.437500 210335.687500 195633.953125
597 2558.797363 195633.953125 196697.781250 218808.359375 195633.953125
598 2562.987549 195633.953125 197457.375000 235204.125000 195633.953125
599 2567.073975 195633.953125 197666.812500 235204.125000 195633.953125
600 2571.515625 195633.953125 197400.687500 235204.125000 195633.953125
601 2575.641846 195633.953125 198130.125000 235204.125000 195633.953125
602 2580.020508 195633.953125 199282.734375 276439.031250 195633.953125
603 2584.399658 195633.953125 199067.140625 276439.031250 195633.953125
604 2589.421631 195633.953125 198903.046875 276439.031250 195633.953125
605 2592.932373 195633.953125 202283.453125 349924.375000 195633.953125
606 2597.239258 195633.953125 203282.703125 349924.375000 195633.953125
607 2602.133057 195633.953125 203148.734375 349924.375000 195633.953125
608 2606.289307 195633.953125 203600.218750 349924.375000 195633.953125
609 2610.602783 195633.953125 203133.500000 349924.375000 195633.953125
610 2615.346191 195633.953125 202363.921875 349924.375000 195633.953125
611 2619.404297 195633.953125 201572.515625 349924.375000 195633.953125
612 2623.548584 195633.953125 200335.875000 349924.375000 195633.953125
613 2627.843750 195633.953125 198719.781250 349924.375000 195633.953125
614 2631.810303 195633.953125 195633.984375 195633.953125 195633.953125
615 2636.368164 195633.953125 195633.984375 195633.953125 195633.953125
616 2640.863037 195633.953125 195633.984375 195633.953125 195633.953125
617 2645.919678 195633.953125 195633.984375 195633.953125 195633.953125
618 2650.703369 195633.953125 195633.984375 195633.953125 195633.953125
619 2655.130859 195633.953125 195633.984375 195633.953125 195633.953125
620 2659.516357 195633.953125 195633.984375 195633.953125 195633.953125
621 2663.112305 195633.953125 195633.984375 195633.953125 195633.953125
622 2667.394531 195633.953125 195633.984375 195633.953125 195633.953125
623 2671.311768 195633.953125 195633.984375 195633.953125 195633.953125
624 2675.803467 195633.953125 195633.984375 195633.953125 195633.953125
625 2680.126709 195633.953125 195633.984375 195633.953125 195633.953125
626 2684.429688 195633.953125 195633.984375 195633.953125 195633.953125
