0 0.000000 222854.656250 226632.515625 230913.640625 222854.656250
1 3.725343 220833.593750 226632.515625 230913.640625 222854.656250
2 7.550460 219596.015625 230038.984375 382576.062500 220833.593750
3 11.909154 217639.687500 226943.203125 230913.640625 219596.015625
4 16.057554 216873.656250 226731.593750 230913.640625 217639.687500
5 19.657681 215031.812500 227134.765625 254915.578125 216873.656250
6 23.229813 213679.031250 226254.593750 230913.640625 215031.812500
7 27.075392 212283.734375 226078.312500 230913.640625 213679.031250
8 30.353138 210551.562500 225889.406250 230913.640625 212283.734375
9 34.616673 210551.437500 225727.015625 230913.640625 210551.562500
10 37.795261 209432.468750 225613.156250 230913.640625 210551.437500
11 41.441387 209043.859375 225462.796875 230090.390625 209432.468750
12 44.652817 208637.453125 225348.921875 230090.390625 209043.859375
13 48.146030 208306.187500 225294.015625 230090.390625 208637.453125
14 51.358639 207542.515625 225158.734375 230090.390625 208306.187500
15 55.164013 207088.265625 225081.578125 230090.390625 207542.515625
16 59.104084 206201.968750 224989.906250 230090.390625 207088.265625
17 62.679386 205472.656250 224924.437500 230090.390625 206201.968750
18 66.864418 205472.421875 224836.078125 230090.390625 205472.656250
19 70.662575 204628.562500 224776.625000 230090.390625 205472.421875
20 74.119568 204270.390625 224704.562500 230090.390625 204628.562500
21 77.952995 203924.187500 224659.718750 230090.390625 204270.390625
22 81.211441 203688.562500 224601.718750 230090.390625 203924.187500
23 84.540512 203194.375000 224544.921875 230090.390625 203688.562500
24 88.006035 202709.500000 224464.921875 230090.390625 203194.375000
25 91.438194 202525.265625 224397.984375 230090.390625 202709.500000
26 95.818726 202301.203125 224353.812500 230090.390625 202525.265625
27 98.997437 201856.093750 224323.656250 230090.390625 202301.203125
28 102.156853 201613.312500 224274.718750 230090.390625 201856.093750
29 105.239922 201150.812500 224205.140625 230090.390625 201613.312500
30 108.660110 200828.062500 224147.781250 230090.390625 201150.812500
31 111.782021 200731.015625 224104.296875 230090.390625 200828.062500
32 115.190208 199624.265625 224083.046875 230090.390625 200731.015625
33 118.542618 199223.921875 224028.953125 230090.390625 199624.265625
34 122.541603 198990.562500 223983.343750 230090.390625 199223.921875
35 125.987175 198894.359375 223940.406250 230090.390625 198990.562500
36 129.918320 198514.109375 223913.625000 230090.390625 198894.359375
37 133.003387 198447.281250 223855.187500 230090.390625 198514.109375
38 137.307968 198424.343750 223800.281250 230090.390625 198447.281250
39 141.186661 198423.187500 223759.562500 230090.390625 198424.343750
40 144.513733 198354.671875 223731.734375 230090.390625 198423.187500
41 148.342087 198354.671875 223704.625000 230090.390625 198354.671875
42 152.373581 198323.843750 223693.765625 230090.390625 198354.671875
43 156.440765 198126.390625 223681.015625 230090.390625 198323.843750
44 160.278748 197922.796875 223667.375000 230090.390625 198126.390625
45 163.564209 197922.750000 223654.656250 230090.390625 197922.796875
46 167.321777 197898.750000 223650.359375 230090.390625 197922.750000
47 171.358994 197898.750000 223645.156250 230090.390625 197898.750000
48 175.702484 197666.343750 226808.593750 357034.531250 197898.750000
49 179.921860 197666.343750 223935.687500 230090.390625 197666.343750
50 185.469376 197469.968750 223915.796875 230090.390625 197666.343750
51 188.892563 197388.109375 223875.765625 230090.390625 197469.968750
52 192.600281 197368.125000 223857.796875 230090.390625 197388.109375
53 196.005066 197356.531250 223840.625000 230090.390625 197368.125000
54 199.464844 197282.562500 223828.765625 230090.390625 197356.531250
55 202.744095 197282.562500 223819.593750 230090.390625 197282.562500
56 207.402847 197282.468750 223786.453125 230090.390625 197282.562500
57 211.020782 197227.125000 223773.562500 230090.390625 197282.468750
58 214.447220 197207.109375 223762.062500 230090.390625 197227.125000
59 218.390549 197148.062500 223744.343750 230090.390625 197207.109375
60 221.810654 197128.046875 223737.312500 230090.390625 197148.062500
61 225.751587 197128.046875 223729.921875 230090.390625 197128.046875
62 228.591827 197127.937500 226244.187500 324127.000000 197128.046875
63 231.722916 197108.140625 223799.937500 230090.390625 197127.937500
64 235.571899 197108.140625 223748.187500 230090.390625 197108.140625
65 239.691452 197107.906250 223736.015625 230090.390625 197108.140625
66 243.150101 197107.906250 223732.203125 230090.390625 197107.906250
67 247.139053 197107.906250 223728.984375 230090.390625 197107.906250
68 250.053055 197107.906250 223727.187500 230090.390625 197107.906250
69 253.778015 197107.906250 223712.000000 230090.390625 197107.906250
70 257.547943 197057.875000 223711.812500 230090.390625 197107.906250
71 261.341339 197057.875000 223689.937500 230090.390625 197057.875000
72 264.983063 197057.875000 223685.500000 230090.390625 197057.875000
73 268.676422 197057.875000 223682.984375 230090.390625 197057.875000
74 273.285339 197057.875000 223677.437500 230090.390625 197057.875000
75 276.075928 197057.875000 223674.921875 230090.390625 197057.875000
76 279.377441 197057.875000 223672.203125 230090.390625 197057.875000
77 283.133820 197057.875000 223671.906250 230090.390625 197057.875000
78 286.811646 197042.859375 223668.265625 230090.390625 197057.875000
79 290.635010 197042.859375 225513.812500 290341.812500 197042.859375
80 295.046661 197042.859375 224204.546875 230090.390625 197042.859375
81 299.016968 197042.859375 224166.218750 230090.390625 197042.859375
82 302.952698 197042.859375 224158.953125 230090.390625 197042.859375
83 307.142517 197042.859375 224132.421875 230090.390625 197042.859375
84 310.543274 197042.859375 224106.953125 230090.390625 197042.859375
85 313.705231 197042.859375 224086.125000 230090.390625 197042.859375
86 316.687805 197042.859375 224073.296875 230090.390625 197042.859375
87 320.274200 197042.859375 224045.375000 230090.390625 197042.859375
88 323.445343 197042.859375 224042.046875 230090.390625 197042.859375
89 327.822510 197042.859375 224024.687500 230090.390625 197042.859375
90 331.940979 197042.859375 224015.140625 230090.390625 197042.859375
91 335.813324 197042.859375 223967.312500 230090.390625 197042.859375
92 338.598785 197042.859375 223942.875000 230090.390625 197042.859375
93 342.473236 197042.859375 223932.562500 230090.390625 197042.859375
94 346.414093 197042.718750 223923.578125 230090.390625 197042.859375
95 350.417908 197042.718750 223918.546875 230090.390625 197042.718750
96 354.056244 197042.718750 223790.500000 230090.390625 197042.718750
97 358.033356 197042.718750 223790.500000 230090.390625 197042.718750
98 362.539337 197042.718750 223790.500000 230090.390625 197042.718750
99 366.436646 197042.718750 223790.500000 230090.390625 197042.718750
100 371.431610 197042.718750 223790.500000 230090.390625 197042.718750
101 375.505920 197042.718750 223790.500000 230090.390625 197042.718750
102 379.326782 197042.718750 223790.500000 230090.390625 197042.718750
103 383.178741 197042.718750 225104.406250 262737.687500 197042.718750
104 387.689819 197042.718750 224483.921875 230090.390625 197042.718750
105 391.373383 197042.718750 224359.875000 230090.390625 197042.718750
106 394.636993 197042.718750 223925.281250 230090.390625 197042.718750
107 399.096039 197042.718750 223429.875000 230090.390625 197042.718750
108 402.677887 197042.718750 223429.875000 230090.390625 197042.718750
109 406.286804 197042.718750 223429.875000 230090.390625 197042.718750
110 409.907471 197042.718750 223429.875000 230090.390625 197042.718750
111 413.918701 197042.718750 223429.875000 230090.390625 197042.718750
112 416.825012 197042.718750 222850.187500 230090.390625 197042.718750
113 419.788116 197042.718750 222270.093750 230090.390625 197042.718750
114 423.212555 197042.718750 222270.093750 230090.390625 197042.718750
115 426.795227 197042.718750 222270.093750 230090.390625 197042.718750
116 430.721039 197042.718750 224511.546875 309115.125000 197042.718750
117 434.684174 197042.718750 222931.046875 230090.390625 197042.718750
118 439.415955 197042.718750 222965.593750 230090.390625 197042.843750
119 443.323395 197042.718750 222417.265625 230090.390625 197042.843750
120 446.767548 197042.718750 222417.265625 230090.390625 197042.843750
121 450.318237 197042.718750 222382.718750 230090.390625 197042.843750
122 454.022034 197042.718750 222382.718750 230090.390625 197042.843750
123 456.311462 197042.718750 222382.718750 230090.390625 197042.843750
124 460.467072 197042.718750 222382.703125 230090.390625 197042.843750
125 463.659912 197042.718750 223619.437500 258880.359375 197042.843750
126 467.666687 197042.718750 223043.656250 230090.390625 197042.843750
127 471.802856 197042.718750 223043.656250 230090.390625 197042.843750
128 475.045044 197042.718750 223009.093750 230090.390625 197042.843750
129 478.644623 197042.718750 223009.093750 230090.390625 197042.734375
130 482.530273 197042.718750 223009.093750 230090.390625 197042.734375
131 485.570526 197042.718750 223009.093750 230090.390625 197042.734375
132 489.202484 197042.718750 223009.093750 230090.390625 197042.734375
133 493.032166 197042.718750 223009.093750 230090.390625 197042.734375
134 496.420044 197042.718750 223009.093750 230090.390625 197042.734375
135 500.098572 197042.718750 223009.093750 230090.390625 197042.734375
136 504.676941 197042.718750 223009.093750 230090.390625 197042.734375
137 507.900238 197042.718750 223009.093750 230090.390625 197042.734375
138 511.679749 197042.718750 223009.093750 230090.390625 197042.734375
139 516.746521 197042.718750 223009.093750 230090.390625 197042.734375
140 520.081909 197042.718750 223009.093750 230090.390625 197042.734375
141 523.962891 197042.718750 223009.093750 230090.390625 197042.734375
142 528.211304 197042.718750 223009.093750 230090.390625 197042.734375
143 531.636108 197042.718750 223009.093750 230090.390625 197042.734375
144 535.291382 197042.718750 223009.093750 230090.390625 197042.734375
145 538.828613 197042.718750 223009.093750 230090.390625 197042.734375
146 543.266479 197042.718750 223009.093750 230090.390625 197042.734375
147 547.061646 197042.718750 223009.093750 230090.390625 197042.734375
148 550.820312 197042.718750 228341.375000 454382.656250 197042.750000
149 554.337708 197042.718750 228341.421875 454382.656250 197042.750000
150 558.661011 197042.718750 228155.906250 454382.656250 197042.750000
151 562.664185 197042.718750 227570.453125 454382.656250 197042.750000
152 566.385315 197042.718750 227570.453125 454382.656250 197042.750000
153 569.768372 197042.718750 227570.453125 454382.656250 197042.750000
154 573.398071 197042.718750 227570.453125 454382.656250 197042.750000
155 576.449768 197042.718750 227570.453125 454382.656250 197042.750000
156 580.549683 197042.718750 226983.187500 454382.656250 197042.750000
157 584.648010 197042.718750 226983.187500 454382.656250 197042.750000
158 588.655396 197042.718750 226393.953125 454382.656250 197042.750000
159 592.682861 197042.718750 226393.953125 454382.656250 197042.750000
160 595.920410 197042.718750 225803.000000 454382.656250 197042.750000
161 599.693909 197042.718750 225803.000000 454382.656250 197042.750000
162 603.400696 197042.718750 225803.000000 454382.656250 197042.750000
163 606.960815 197042.718750 225803.000000 454382.656250 197042.750000
164 610.176758 197042.718750 225210.656250 454382.656250 197042.750000
165 613.881531 197042.718750 225210.656250 454382.656250 197042.750000
166 617.155640 197042.718750 225210.656250 454382.656250 197042.750000
167 620.565613 197042.718750 225339.593750 454382.656250 197042.875000
168 623.591736 197042.718750 224872.718750 454382.656250 197042.875000
169 626.657532 197042.718750 224872.718750 454382.656250 197042.875000
170 629.920410 197042.718750 224872.718750 454382.656250 197042.875000
171 633.465820 197042.718750 224872.718750 454382.656250 197042.875000
172 636.153076 197042.718750 224872.718750 454382.656250 197042.875000
173 639.695312 197042.718750 224872.718750 454382.656250 197042.875000
174 643.702026 197042.718750 224872.718750 454382.656250 197042.875000
175 647.015808 197042.718750 224872.718750 454382.656250 197042.875000
176 650.962830 197042.718750 224872.718750 454382.656250 197042.875000
177 654.425232 197042.718750 224872.718750 454382.656250 197042.875000
178 657.369263 197042.718750 224872.718750 454382.656250 197042.875000
179 662.066223 197042.718750 224872.718750 454382.656250 197042.875000
180 666.207642 197042.718750 224872.718750 454382.656250 197042.875000
181 670.062988 197042.718750 224872.718750 454382.656250 197042.875000
182 673.845642 197042.718750 224872.718750 454382.656250 197042.875000
183 677.728577 197042.718750 224872.718750 454382.656250 197042.875000
184 681.113098 197042.718750 224872.718750 454382.656250 197042.875000
185 685.337830 197042.718750 224872.718750 454382.656250 197042.875000
186 688.859253 197042.718750 224872.718750 454382.656250 197042.875000
187 691.815491 197042.718750 224872.718750 454382.656250 197042.875000
188 695.593628 197042.718750 224743.781250 454382.656250 197042.875000
189 699.266663 197042.718750 224743.781250 454382.656250 197042.875000
190 702.866150 197042.718750 224743.781250 454382.656250 197042.875000
191 706.782593 197042.718750 229394.500000 454382.656250 197042.875000
192 710.053650 197042.718750 224908.656250 436025.281250 197042.875000
193 713.532654 197042.718750 224311.859375 436025.281250 197042.875000
194 717.101135 197042.718750 228520.343750 436025.281250 197042.875000
195 720.828491 197042.718750 224401.656250 407467.437500 197042.875000
196 724.154968 197042.718750 224401.656250 407467.437500 197042.875000
197 727.942200 197042.718750 224401.656250 407467.437500 197042.875000
198 730.947693 197042.718750 224401.656250 407467.437500 197042.875000
199 734.496216 197042.718750 224401.656250 407467.437500 197042.843750
200 737.767029 197042.718750 224401.656250 407467.437500 197042.843750
201 742.232910 197042.718750 224401.656250 407467.437500 197042.843750
202 745.034424 197042.718750 224401.656250 407467.437500 197042.843750
203 748.148376 197042.718750 224401.656250 407467.437500 197042.843750
204 751.645447 197042.718750 224401.656250 407467.437500 197042.843750
205 755.373840 197042.718750 224401.656250 407467.437500 197042.828125
206 759.634583 197042.718750 224401.656250 407467.437500 197042.828125
207 763.818970 197042.718750 224401.656250 407467.437500 197042.828125
208 768.351379 197042.718750 223803.765625 407467.437500 197042.828125
209 771.944214 197042.718750 226654.187500 407467.437500 197042.843750
210 775.711426 197042.718750 223863.484375 407467.437500 197042.843750
211 779.685486 197042.718750 223261.687500 407467.437500 197042.843750
212 783.070984 197042.718750 223261.687500 407467.437500 197042.843750
213 786.937561 197042.718750 223261.687500 407467.437500 197042.843750
214 791.430603 197042.718750 227338.718750 407467.437500 197042.843750
215 794.949097 197042.718750 223791.234375 400896.031250 197042.812500
216 799.010742 197042.718750 223791.234375 400896.031250 197042.812500
217 802.778992 197042.718750 223791.218750 400896.031250 197042.812500
218 807.242554 197042.718750 223791.218750 400896.031250 197042.812500
219 810.964111 197042.718750 223791.218750 400896.031250 197042.812500
220 815.297546 197042.718750 223187.140625 400896.031250 197042.812500
221 819.656372 197042.718750 223187.140625 400896.031250 197042.812500
222 823.128052 197042.718750 222582.375000 400896.031250 197042.812500
223 827.352966 197042.718750 222582.375000 400896.031250 197042.812500
224 830.900940 197042.718750 222582.375000 400896.031250 197042.812500
225 833.761841 197042.718750 222582.375000 400896.031250 197042.812500
226 837.697021 197042.718750 223848.312500 400896.031250 197042.812500
227 841.146240 197042.718750 223243.343750 400896.031250 197042.812500
228 844.727417 197042.718750 223243.343750 400896.031250 197042.812500
229 847.729675 197042.718750 223243.343750 400896.031250 197042.812500
230 851.252991 197042.718750 222637.578125 400896.031250 197042.812500
231 855.358521 197042.718750 224413.437500 400896.031250 197042.812500
232 859.516602 197042.718750 221602.312500 316271.968750 197042.812500
233 863.031860 197042.718750 220991.921875 316271.968750 197042.812500
234 866.636108 197042.718750 220991.921875 316271.968750 197042.812500
235 870.367371 197042.718750 220991.921875 316271.968750 197042.812500
236 873.963379 197042.718750 220376.078125 316271.968750 197042.812500
237 877.902161 197042.718750 220376.078125 316271.968750 197042.812500
238 881.087341 197042.718750 219754.656250 316271.968750 197042.812500
239 884.303894 197042.718750 219754.656250 316271.968750 197042.812500
240 887.929565 197042.718750 219754.656250 316271.968750 197042.812500
241 891.869324 197042.718750 219754.656250 316271.968750 197042.812500
242 895.132141 197042.718750 219754.656250 316271.968750 197042.812500
243 899.155701 197042.718750 219754.656250 316271.968750 197042.812500
244 902.530640 197042.718750 219754.656250 316271.968750 197042.812500
245 905.423828 197042.718750 219754.656250 316271.968750 197042.812500
246 909.417542 197042.718750 219754.656250 316271.968750 197042.812500
247 913.596252 197042.718750 219754.656250 316271.968750 197042.812500
248 917.042297 197042.718750 219754.656250 316271.968750 197042.812500
249 920.924133 197042.718750 219754.656250 316271.968750 197042.812500
250 924.886475 197042.718750 219754.656250 316271.968750 197042.812500
251 928.559509 197042.718750 219754.656250 316271.968750 197042.812500
252 932.267578 197042.718750 219115.500000 316271.968750 197042.812500
253 936.082275 197042.718750 219115.500000 316271.968750 197042.812500
254 939.973999 197042.718750 219115.500000 316271.968750 197042.812500
255 944.450562 197042.718750 221742.375000 328386.593750 197042.812500
256 948.474915 197042.718750 220381.453125 316271.968750 197042.812500
257 952.035095 197042.718750 220381.453125 316271.968750 197042.812500
258 955.199280 197042.718750 220381.453125 316271.968750 197042.812500
259 959.968933 197042.718750 220381.453125 316271.968750 197042.812500
260 964.305481 197042.718750 220381.453125 316271.968750 197042.812500
261 968.383362 197042.718750 220381.453125 316271.968750 197042.812500
262 972.181030 197042.718750 220381.453125 316271.968750 197042.812500
263 976.687317 197042.718750 220381.453125 316271.968750 197042.812500
264 980.947205 197042.718750 220381.453125 316271.968750 197042.812500
265 984.317932 197042.718750 220381.453125 316271.968750 197042.812500
266 988.469971 197042.718750 220381.453125 316271.968750 197042.812500
267 991.590759 197042.718750 220381.453125 316271.968750 197042.812500
268 995.403137 197042.718750 220381.453125 316271.968750 197042.812500
269 999.439148 197042.718750 220381.453125 316271.968750 197042.812500
270 1003.873291 197042.718750 223114.843750 333712.468750 197042.812500
271 1007.458313 197042.718750 221647.421875 316271.968750 197042.812500
272 1010.388123 197042.718750 221647.421875 316271.968750 197042.812500
273 1013.851013 197042.718750 221647.421875 316271.968750 197042.812500
274 1018.369080 197042.718750 221647.421875 316271.968750 197042.812500
275 1022.212280 197042.718750 221647.421875 316271.968750 197042.812500
276 1025.504639 197042.718750 221007.593750 316271.968750 197042.812500
277 1029.703735 197042.718750 221007.593750 316271.968750 197042.812500
278 1033.931396 197042.718750 220365.296875 316271.968750 197042.812500
279 1037.194214 197042.718750 220365.296875 316271.968750 197042.812500
280 1041.158936 197042.718750 219719.437500 316271.968750 197042.812500
281 1045.210693 197042.718750 219719.437500 316271.968750 197042.812500
282 1048.631592 197042.718750 219719.437500 316271.968750 197042.812500
283 1052.233398 197042.718750 219070.000000 316271.968750 197042.812500
284 1056.421997 197042.718750 219070.000000 316271.968750 197042.812500
285 1060.245972 197042.718750 218420.562500 316271.968750 197042.812500
286 1064.291382 197042.718750 217766.296875 316271.968750 197042.812500
287 1068.349487 197042.718750 217766.296875 316271.968750 197042.812500
288 1072.518677 197042.718750 217766.296875 316271.968750 197042.812500
289 1076.181519 197042.718750 217766.296875 316271.968750 197042.812500
290 1079.776978 197042.718750 217766.296875 316271.968750 197042.812500
291 1083.474487 197042.718750 217766.296875 316271.968750 197042.812500
292 1086.892700 197042.718750 217766.296875 316271.968750 197042.812500
293 1090.887817 197042.718750 217766.296875 316271.968750 197042.812500
294 1094.689453 197042.718750 217766.296875 316271.968750 197042.812500
295 1097.027466 197042.718750 217766.296875 316271.968750 197042.812500
296 1099.987061 197042.718750 217766.296875 316271.968750 197042.812500
297 1103.514771 197042.718750 217105.359375 316271.968750 197042.812500
298 1106.774414 197042.718750 217105.359375 316271.968750 197042.781250
299 1110.469604 197042.718750 216444.421875 316271.968750 197042.781250
300 1114.116211 197042.718750 216444.421875 316271.968750 197042.781250
301 1118.052246 197042.718750 216444.421875 316271.968750 197042.781250
302 1122.125977 197042.718750 216444.421875 316271.968750 197042.734375
303 1125.983398 197042.718750 216444.421875 316271.968750 197042.734375
304 1130.082886 197042.718750 216444.421875 316271.968750 197042.734375
305 1134.022705 197042.718750 216444.421875 316271.968750 197042.734375
306 1137.754395 197042.718750 216444.421875 316271.968750 197042.734375
307 1141.583374 197042.718750 216444.421875 316271.968750 197042.734375
308 1145.593384 197042.718750 216444.421875 316271.968750 197042.734375
309 1149.125122 197042.718750 216444.421875 316271.968750 197042.734375
310 1152.430298 197042.718750 215783.453125 316271.968750 197042.734375
311 1156.379517 197042.718750 215783.453125 316271.968750 197042.734375
312 1160.144409 197042.718750 215783.453125 316271.968750 197042.734375
313 1163.238892 197042.718750 215783.453125 316271.968750 197042.734375
314 1166.981079 197042.718750 215783.453125 316271.968750 197042.734375
315 1170.100586 197042.718750 215783.453125 316271.968750 197042.734375
316 1174.147705 197042.718750 215783.453125 316271.968750 197042.734375
317 1177.901367 197042.718750 215783.453125 316271.968750 197042.734375
318 1181.220093 197042.718750 215783.453125 316271.968750 197042.734375
319 1184.560791 197042.718750 215783.453125 316271.968750 197042.734375
320 1188.157471 197042.718750 219294.906250 372615.062500 197042.734375
321 1191.992554 197042.718750 219233.343750 339287.656250 197042.734375
322 1195.296387 197042.718750 217654.375000 316271.968750 197042.734375
323 1199.025269 197042.718750 217654.375000 316271.968750 197042.734375
324 1203.066772 197042.718750 217654.375000 316271.968750 197042.734375
325 1207.212769 197042.718750 217654.375000 316271.968750 197042.734375
326 1210.825317 197042.718750 219386.015625 316271.968750 197042.734375
327 1214.892944 197042.718750 218267.359375 283624.343750 197042.734375
328 1219.321777 197042.718750 218267.359375 283624.343750 197042.734375
329 1223.309570 197042.718750 218267.359375 283624.343750 197042.734375
330 1227.695557 197042.718750 217606.406250 283624.343750 197042.734375
331 1231.309937 197042.718750 216945.453125 283624.343750 197042.734375
332 1235.006714 197042.718750 216945.453125 283624.343750 197042.734375
333 1238.600220 197042.718750 219073.718750 283624.343750 197042.828125
334 1242.551758 197042.718750 219512.921875 283624.343750 197042.828125
335 1245.440308 197042.718750 219512.921875 283624.343750 197042.828125
336 1249.215454 197042.718750 219512.921875 283624.343750 197042.828125
337 1252.594604 197042.718750 219512.921875 283624.343750 197042.828125
338 1256.535767 197042.718750 219512.921875 283624.343750 197042.828125
339 1260.459351 197042.718750 219512.921875 283624.343750 197042.828125
340 1263.869751 197042.718750 219512.921875 283624.343750 197042.828125
341 1267.881104 197042.718750 219512.921875 283624.343750 197042.828125
342 1272.311279 197042.718750 219512.921875 283624.343750 197042.828125
343 1276.204590 197042.718750 219512.921875 283624.343750 197042.828125
344 1280.112671 197042.718750 218968.359375 283624.343750 197042.828125
345 1284.095825 197042.718750 218968.359375 283624.343750 197042.828125
346 1288.344971 197042.718750 218968.359375 283624.343750 197042.828125
347 1292.233887 197042.718750 218968.359375 283624.343750 197042.828125
348 1295.567505 197042.718750 218307.406250 283624.343750 197042.828125
349 1298.588501 197042.718750 218307.406250 283624.343750 197042.828125
350 1301.771484 197042.718750 218904.984375 283624.343750 197042.750000
351 1306.203247 197042.718750 218904.984375 283624.343750 197042.750000
352 1310.525146 197042.718750 218307.406250 283624.343750 197042.750000
353 1314.476562 197042.718750 217646.453125 283624.343750 197042.750000
354 1318.353882 197042.718750 221056.718750 367555.906250 197042.750000
355 1321.712891 197042.718750 218912.375000 283624.343750 197042.750000
356 1324.947388 197042.718750 218912.375000 283624.343750 197042.750000
357 1328.304443 197042.718750 218912.375000 283624.343750 197042.750000
358 1332.351196 197042.718750 218251.437500 283624.343750 197042.750000
359 1336.239746 197042.718750 218251.437500 283624.343750 197042.750000
360 1339.994385 197042.718750 218251.437500 283624.343750 197042.750000
361 1343.953735 197042.718750 218251.437500 283624.343750 197042.750000
362 1347.599365 197042.718750 217590.484375 283624.343750 197042.750000
363 1351.319092 197042.718750 217590.484375 283624.343750 197042.750000
364 1355.608398 197042.718750 217590.484375 283624.343750 197042.750000
365 1358.787109 197042.718750 217590.484375 283624.343750 197042.750000
366 1362.869507 197042.718750 217590.484375 283624.343750 197042.750000
367 1366.325073 197042.718750 217590.484375 283624.343750 197042.750000
368 1369.670166 197042.718750 217590.484375 283624.343750 197042.750000
369 1373.543091 197042.718750 217590.484375 283624.343750 197042.750000
370 1377.523926 197042.718750 217590.484375 283624.343750 197042.750000
371 1381.490479 197042.718750 217590.484375 283624.343750 197042.750000
372 1385.408325 197042.718750 217590.484375 283624.343750 197042.750000
373 1389.081543 197042.718750 217590.484375 283624.343750 197042.750000
374 1392.655518 197042.718750 217590.484375 283624.343750 197042.750000
375 1396.840820 197042.718750 216929.546875 283624.343750 197042.750000
376 1400.927612 197042.718750 216929.546875 283624.343750 197042.750000
377 1404.901611 197042.718750 221775.359375 439334.062500 197042.750000
378 1408.417114 197042.718750 218195.484375 283624.343750 197042.750000
379 1412.709961 197042.718750 218195.484375 283624.343750 197042.750000
380 1416.885498 197042.718750 218195.484375 283624.343750 197042.750000
381 1420.693848 197042.718750 218195.484375 283624.343750 197042.750000
382 1425.310425 197042.718750 218195.484375 283624.343750 197042.750000
383 1429.402710 197042.718750 218195.484375 283624.343750 197042.750000
384 1433.311890 197042.718750 218195.484375 283624.343750 197042.750000
385 1436.918945 197042.718750 218195.484375 283624.343750 197042.750000
386 1440.548462 197042.718750 218195.484375 283624.343750 197042.750000
387 1444.081299 197042.718750 220577.937500 316166.531250 197042.750000
388 1447.566895 197042.718750 219461.421875 283624.343750 197042.750000
389 1451.144043 197042.718750 219461.421875 283624.343750 197042.750000
390 1454.942871 197042.718750 219461.421875 283624.343750 197042.750000
391 1458.560425 197042.718750 219461.421875 283624.343750 197042.750000
392 1462.794922 197042.718750 219461.421875 283624.343750 197042.750000
393 1466.467651 197042.718750 219461.421875 283624.343750 197042.750000
394 1470.019165 197042.718750 219461.421875 283624.343750 197042.750000
395 1473.894165 197042.718750 218800.484375 283624.343750 197042.750000
396 1477.162964 197042.718750 218800.484375 283624.343750 197042.750000
397 1481.062988 197042.718750 218800.484375 283624.343750 197042.750000
398 1484.462769 197042.718750 218800.484375 283624.343750 197042.750000
399 1489.338013 197042.718750 218800.484375 283624.343750 197042.750000
400 1493.505127 197042.718750 218800.484375 283624.343750 197042.750000
401 1497.311768 197042.718750 218800.484375 283624.343750 197042.750000
402 1500.700317 197042.718750 218139.515625 283624.343750 197042.750000
403 1504.519531 197042.718750 218139.515625 283624.343750 197042.750000
404 1508.709106 197042.718750 220021.718750 291153.093750 197042.750000
405 1512.758301 197042.718750 219405.484375 283624.343750 197042.750000
406 1516.801025 197042.718750 219405.484375 283624.343750 197042.750000
407 1520.755737 197042.718750 219405.484375 283624.343750 197042.750000
408 1524.731079 197042.718750 219405.484375 283624.343750 197042.750000
409 1528.109619 197042.718750 219405.484375 283624.343750 197042.750000
410 1531.606323 197042.718750 219405.484375 283624.343750 197042.750000
411 1534.724365 197042.718750 219405.484375 283624.343750 197042.750000
412 1538.968262 197042.718750 219405.484375 283624.343750 197042.750000
413 1543.173096 197042.718750 219405.484375 283624.343750 197042.750000
414 1547.056519 197042.718750 219405.484375 283624.343750 197042.750000
415 1551.557739 197042.718750 219405.484375 283624.343750 197042.750000
416 1556.161743 197042.718750 219405.484375 283624.343750 197042.750000
417 1560.423096 197042.718750 219405.484375 283624.343750 197042.750000
418 1564.366577 197042.718750 221072.343750 283624.343750 197042.750000
419 1567.950073 197042.718750 219945.734375 280387.281250 197042.750000
420 1571.540405 197042.718750 219945.734375 280387.281250 197042.750000
421 1575.464722 197042.718750 219945.734375 280387.281250 197042.750000
422 1578.888306 197042.718750 219945.734375 280387.281250 197042.750000
423 1582.768677 197042.718750 219945.734375 280387.281250 197042.750000
424 1585.754639 197042.718750 219945.734375 280387.281250 197042.750000
425 1588.251099 197042.718750 219945.734375 280387.281250 197042.750000
426 1592.369019 197042.718750 219945.734375 280387.281250 197042.750000
427 1596.121460 197042.718750 219945.734375 280387.281250 197042.750000
428 1599.069580 197042.718750 219945.734375 280387.281250 197042.750000
429 1602.943115 197042.718750 222215.234375 310519.125000 197042.750000
430 1606.710938 197042.718750 221211.687500 280387.281250 197042.750000
431 1610.274658 197042.718750 221211.687500 280387.281250 197042.750000
432 1613.958252 197042.718750 222068.343750 280387.281250 197042.750000
433 1617.395142 197042.718750 222413.078125 280387.281250 197042.750000
434 1621.842651 197042.718750 222413.078125 280387.281250 197042.750000
435 1626.020142 197042.718750 222413.078125 280387.281250 197042.750000
436 1629.632080 197042.718750 222068.343750 280387.281250 197042.750000
437 1633.075562 197042.718750 222068.343750 280387.281250 197042.750000
438 1636.927002 197042.718750 222068.343750 280387.281250 197042.750000
439 1640.610718 197042.718750 222068.343750 280387.281250 197042.718750
440 1644.468140 197042.718750 222068.343750 280387.281250 197042.718750
441 1647.987427 197042.718750 222068.343750 280387.281250 197042.718750
442 1651.863403 197042.718750 222068.343750 280387.281250 197042.718750
443 1655.593872 197042.718750 224511.875000 319219.968750 197042.718750
444 1659.486938 197042.718750 222673.343750 280387.281250 197042.718750
445 1663.761597 197042.718750 225556.875000 341219.906250 197042.718750
446 1667.330566 197042.718750 223939.296875 280387.281250 197042.718750
447 1671.048096 197042.718750 226861.687500 343162.593750 197042.750000
448 1674.450073 197042.718750 226460.765625 343162.593750 197042.750000
449 1678.401001 197042.718750 225799.812500 343162.593750 197042.750000
450 1682.386963 197042.718750 225799.812500 343162.593750 197042.750000
451 1684.615723 197042.718750 225799.812500 343162.593750 197042.750000
452 1688.347168 197042.718750 228256.296875 343162.593750 197042.750000
453 1692.105591 197042.718750 228256.296875 343162.593750 197042.750000
454 1696.043823 197042.718750 228256.296875 343162.593750 197042.750000
455 1698.849487 197042.718750 227595.359375 343162.593750 197042.750000
456 1703.009644 197042.718750 227595.359375 343162.593750 197042.750000
457 1706.436646 197042.718750 227595.359375 343162.593750 197042.750000
458 1710.079956 197042.718750 227595.359375 343162.593750 197042.750000
459 1712.918213 197042.718750 227595.359375 343162.593750 197042.750000
460 1715.752075 197042.718750 227595.359375 343162.593750 197042.750000
461 1719.177124 197042.718750 227595.359375 343162.593750 197042.750000
462 1722.871216 197042.718750 227595.359375 343162.593750 197042.750000
463 1727.157837 197042.718750 227595.359375 343162.593750 197042.750000
464 1731.381226 197042.718750 227595.359375 343162.593750 197042.750000
465 1735.778198 197042.718750 226934.406250 343162.593750 197042.750000
466 1739.515015 197042.718750 226934.406250 343162.593750 197042.750000
467 1743.402710 197042.718750 226934.406250 343162.593750 197042.750000
468 1746.817993 197042.718750 226273.453125 343162.593750 197042.750000
469 1750.797607 197042.718750 226273.453125 343162.593750 197042.750000
470 1754.106323 197042.718750 226273.453125 343162.593750 197042.750000
471 1757.814697 197042.718750 226273.453125 343162.593750 197042.750000
472 1760.909180 197042.718750 226273.453125 343162.593750 197042.750000
473 1763.675171 197042.718750 226273.453125 343162.593750 197042.750000
474 1767.903442 197042.718750 226273.453125 343162.593750 197042.750000
475 1771.495605 197042.718750 226273.453125 343162.593750 197042.750000
476 1775.704834 197042.718750 226273.453125 343162.593750 197042.750000
477 1778.893921 197042.718750 226273.453125 343162.593750 197042.750000
478 1782.538696 197042.718750 225612.500000 343162.593750 197042.750000
479 1786.302246 197042.718750 225612.500000 343162.593750 197042.750000
480 1789.929321 197042.718750 225612.500000 343162.593750 197042.750000
481 1793.427368 197042.718750 225612.500000 343162.593750 197042.750000
482 1797.069946 197042.718750 225612.500000 343162.593750 197042.750000
483 1800.304077 197042.718750 225612.500000 343162.593750 197042.750000
484 1803.850708 197042.718750 225612.500000 343162.593750 197042.750000
485 1807.553101 197042.718750 225612.500000 343162.593750 197042.750000
486 1811.169922 197042.718750 225612.500000 343162.593750 197042.750000
487 1814.673096 197042.718750 225612.500000 343162.593750 197042.750000
488 1819.307007 197042.718750 228190.515625 343162.593750 197042.750000
489 1823.220703 197042.718750 228190.546875 343162.593750 197042.750000
490 1827.462646 197042.718750 228190.546875 343162.593750 197042.750000
491 1831.234741 197042.718750 228190.546875 343162.593750 197042.750000
492 1835.217041 197042.718750 229454.484375 343162.593750 197042.750000
493 1838.847656 197042.718750 229454.500000 343162.593750 197042.750000
494 1842.825317 197042.718750 229454.500000 343162.593750 197042.750000
495 1846.655518 197042.718750 229454.500000 343162.593750 197042.750000
496 1850.422729 197042.718750 229454.500000 343162.593750 197042.750000
497 1854.242065 197042.718750 229454.500000 343162.593750 197042.750000
498 1858.484375 197042.718750 229454.500000 343162.593750 197042.750000
499 1862.876953 197042.718750 228793.546875 343162.593750 197042.750000
500 1866.631348 197042.718750 228793.546875 343162.593750 197042.750000
501 1870.631714 197042.718750 228793.546875 343162.593750 197042.750000
502 1873.920532 197042.718750 228793.546875 343162.593750 197042.750000
503 1877.090698 197042.718750 227936.875000 343162.593750 197042.750000
504 1881.240234 197042.718750 227936.875000 343162.593750 197042.750000
505 1884.461792 197042.718750 227936.875000 343162.593750 197042.750000
506 1888.794067 197042.718750 227936.875000 343162.593750 197042.750000
507 1892.487549 197042.718750 227936.859375 343162.593750 197042.750000
508 1895.904053 197042.718750 227936.859375 343162.593750 197042.750000
509 1898.986450 197042.718750 227936.859375 343162.593750 197042.750000
510 1903.220825 197042.718750 227936.859375 343162.593750 197042.750000
511 1906.597900 197042.718750 227936.859375 343162.593750 197042.750000
512 1910.315918 197042.718750 227936.859375 343162.593750 197042.750000
513 1914.782227 197042.718750 227936.859375 343162.593750 197042.750000
514 1918.710571 197042.718750 227936.859375 343162.593750 197042.750000
515 1922.489868 197042.718750 227936.859375 343162.593750 197042.750000
516 1926.096313 197042.718750 227936.859375 343162.593750 197042.750000
517 1930.616211 197042.718750 227936.859375 343162.593750 197042.750000
518 1934.571899 197042.718750 227936.859375 343162.593750 197042.750000
519 1938.756470 197042.718750 227936.859375 343162.593750 197042.750000
520 1942.615845 197042.718750 227936.859375 343162.593750 197042.750000
521 1946.785767 197042.718750 227936.859375 343162.593750 197042.750000
522 1950.793945 197042.718750 227936.859375 343162.593750 197042.750000
523 1954.477051 197042.718750 227936.859375 343162.593750 197042.750000
524 1958.095703 197042.718750 227936.859375 343162.593750 197042.750000
525 1962.216187 197042.718750 227936.859375 343162.593750 197042.750000
526 1965.651001 197042.718750 227936.859375 343162.593750 197042.750000
527 1969.006470 197042.718750 228586.156250 343162.593750 197042.750000
528 1972.839600 197042.718750 228586.156250 343162.593750 197042.750000
529 1976.674683 197042.718750 228586.156250 343162.593750 197042.750000
530 1980.504150 197042.718750 228586.156250 343162.593750 197042.750000
531 1984.725342 197042.718750 227936.875000 343162.593750 197042.750000
532 1988.949585 197042.718750 227936.875000 343162.593750 197042.750000
533 1993.119141 197042.718750 226969.234375 343162.593750 197042.750000
534 1997.162964 197042.718750 226969.234375 343162.593750 197042.750000
535 2000.781494 197042.718750 226969.234375 343162.593750 197042.750000
536 2004.175415 197042.718750 226969.234375 343162.593750 197042.750000
537 2007.969116 197042.718750 226969.234375 343162.593750 197042.750000
538 2011.917480 197042.718750 226969.234375 343162.593750 197042.750000
539 2015.282837 197042.718750 226969.234375 343162.593750 197042.750000
540 2018.703613 197042.718750 226969.234375 343162.593750 197042.750000
541 2021.639526 197042.718750 226969.234375 343162.593750 197042.750000
542 2024.559204 197042.718750 226969.234375 343162.593750 197042.750000
543 2028.269653 197042.718750 226969.234375 343162.593750 197042.750000
544 2031.854736 197042.718750 226969.234375 343162.593750 197042.750000
545 2035.340698 197042.718750 226969.234375 343162.593750 197042.750000
546 2038.506714 197042.718750 226969.234375 343162.593750 197042.750000
547 2042.472778 197042.718750 226969.234375 343162.593750 197042.750000
548 2046.743774 197042.718750 226969.234375 343162.593750 197042.750000
549 2051.192871 197042.718750 226969.234375 343162.593750 197042.750000
550 2054.671631 197042.718750 225808.640625 343162.593750 197042.750000
551 2058.764404 197042.718750 224648.046875 343162.593750 197042.750000
552 2062.579834 197042.718750 224648.046875 343162.593750 197042.750000
553 2066.343506 197042.718750 224648.046875 343162.593750 197042.750000
554 2069.962158 197042.718750 224648.046875 343162.593750 197042.750000
555 2073.724609 197042.718750 224648.046875 343162.593750 197042.750000
556 2077.298584 197042.718750 224648.046875 343162.593750 197042.750000
557 2081.382080 197042.718750 224648.046875 343162.593750 197042.750000
558 2085.258057 197042.718750 224648.046875 343162.593750 197042.750000
559 2088.877930 197042.718750 224648.046875 343162.593750 197042.750000
560 2091.958252 197042.718750 224648.046875 343162.593750 197042.750000
561 2095.718750 197042.718750 224648.046875 343162.593750 197042.750000
562 2099.558350 197042.718750 223382.078125 343162.593750 197042.750000
563 2103.719727 197042.718750 223382.078125 343162.593750 197042.750000
564 2107.430176 197042.718750 223382.078125 343162.593750 197042.750000
565 2110.717041 197042.718750 223382.078125 343162.593750 197042.750000
566 2114.557129 197042.718750 222116.140625 343162.593750 197042.750000
567 2117.639893 197042.718750 222116.140625 343162.593750 197042.718750
568 2120.980713 197042.718750 222116.140625 343162.593750 197042.718750
569 2124.310059 197042.718750 222116.140625 343162.593750 197042.718750
570 2128.206055 197042.718750 222116.140625 343162.593750 197042.718750
571 2132.235840 197042.718750 222116.140625 343162.593750 197042.718750
572 2135.634766 197042.718750 222116.140625 343162.593750 197042.718750
573 2140.143311 197042.718750 222116.140625 343162.593750 197042.718750
574 2143.985107 197042.718750 222116.140625 343162.593750 197042.718750
575 2147.230957 197042.718750 222116.140625 343162.593750 197042.718750
576 2151.437988 197042.718750 222116.140625 343162.593750 197042.718750
577 2154.869873 197042.718750 220850.187500 343162.593750 197042.718750
578 2158.139404 197042.718750 220850.187500 343162.593750 197042.718750
579 2161.502930 197042.718750 220850.187500 343162.593750 197042.718750
580 2164.845703 197042.718750 220850.187500 343162.593750 197042.718750
581 2168.423828 197042.718750 220850.187500 343162.593750 197042.718750
582 2172.565918 197042.718750 220850.187500 343162.593750 197042.718750
583 2176.372314 197042.718750 220850.187500 343162.593750 197042.718750
584 2179.906250 197042.718750 220850.187500 343162.593750 197042.718750
585 2184.471924 197042.718750 220850.187500 343162.593750 197042.718750
586 2187.959229 197042.718750 220850.187500 343162.593750 197042.718750
587 2192.089111 197042.718750 220850.187500 343162.593750 197042.718750
588 2196.741699 197042.718750 220850.187500 343162.593750 197042.718750
589 2201.036133 197042.718750 220850.187500 343162.593750 197042.718750
590 2204.864014 197042.718750 220850.187500 343162.593750 197042.718750
591 2208.812256 197042.718750 220850.187500 343162.593750 197042.718750
592 2212.032959 197042.718750 220850.187500 343162.593750 197042.718750
593 2215.442139 197042.718750 220850.187500 343162.593750 197042.718750
594 2219.272949 197042.718750 220850.187500 343162.593750 197042.718750
