0 0.000001 222415.000000 227368.921875 232681.906250 222415.000000
1 4.111024 219329.562500 227368.921875 232681.906250 222415.000000
2 6.818554 218055.093750 227445.640625 295060.781250 219329.562500
3 8.756804 216151.062500 226517.578125 295060.781250 218055.093750
4 10.936615 215549.703125 225506.765625 295060.781250 216151.062500
5 12.766633 213988.187500 224528.843750 295060.781250 215549.703125
6 14.789487 211404.546875 223758.265625 295060.781250 213988.187500
7 16.873549 210629.500000 230710.078125 438829.093750 211404.546875
8 19.525787 210365.093750 229711.546875 438829.093750 210629.500000
9 21.667700 208690.218750 228972.140625 438829.093750 210365.093750
10 24.108917 207782.812500 228387.062500 438829.093750 208690.218750
11 26.212473 206793.687500 227811.265625 438829.093750 207782.812500
12 28.273188 206182.218750 227248.093750 438829.093750 206793.687500
13 30.579510 206012.687500 226815.265625 438829.093750 206182.218750
14 32.616581 204973.187500 226415.046875 438829.093750 206012.687500
15 34.918182 203987.062500 225955.718750 438829.093750 204973.187500
16 37.266014 203457.718750 225481.515625 438829.093750 203987.062500
17 39.434628 202754.859375 224890.734375 438829.093750 203457.718750
18 41.426327 202754.750000 224387.906250 438829.093750 202754.859375
19 43.708305 201848.156250 223956.546875 438829.093750 202754.750000
20 45.650646 201345.109375 226178.015625 438829.093750 201848.156250
21 47.975204 201220.453125 225473.703125 438829.093750 201345.109375
22 50.141621 200981.812500 225019.234375 438829.093750 201220.453125
23 52.558960 199740.375000 227897.562500 438829.093750 200981.812500
24 54.861729 199384.359375 226995.843750 438829.093750 199740.375000
25 57.085880 199384.328125 224641.843750 438829.093750 199384.359375
26 59.106556 199083.343750 221192.687500 438829.093750 199384.328125
27 61.318813 199034.484375 217967.000000 438829.093750 199083.343750
28 63.157539 198592.421875 217257.359375 438829.093750 199034.484375
29 65.320564 198335.812500 216635.593750 438829.093750 198592.421875
30 67.364372 198064.093750 212219.015625 227672.640625 198335.812500
31 69.611282 197840.203125 212128.437500 227672.640625 198064.093750
32 71.627151 197728.562500 211913.562500 227672.640625 197840.203125
33 74.201187 197728.562500 211665.265625 227672.640625 197728.562500
34 76.169411 197674.125000 212441.546875 245818.250000 197742.640625
35 78.305481 197500.593750 211874.203125 245818.250000 197674.125000
36 80.475517 197302.437500 211789.484375 245818.250000 197500.593750
37 82.253113 197195.921875 211718.765625 245818.250000 197302.437500
38 84.510124 197195.812500 211666.015625 245818.250000 197195.921875
39 86.944244 196967.843750 211608.296875 245818.250000 197195.812500
40 89.021935 196954.359375 211529.000000 245818.250000 196967.843750
41 91.170227 196954.046875 211480.125000 245818.250000 196954.359375
42 93.540611 196934.859375 211422.859375 245818.250000 196954.046875
43 96.021843 196927.625000 211387.625000 245818.250000 196934.859375
44 98.576874 196739.906250 212468.687500 257685.515625 196927.625000
45 100.184860 196739.671875 212736.000000 257685.515625 196739.906250
46 102.205055 196719.390625 212197.843750 257685.515625 196739.671875
47 104.144997 196573.718750 212144.578125 257685.515625 196719.390625
48 106.235443 196573.656250 212112.484375 257685.515625 196573.718750
49 108.661629 196573.265625 212093.015625 257685.515625 196573.656250
50 110.936714 196457.187500 212047.859375 257685.515625 196573.265625
51 112.924591 196437.484375 212026.437500 257685.515625 196457.187500
52 114.643250 196296.312500 216654.984375 430780.562500 196437.484375
53 116.951385 196227.875000 216174.812500 430780.562500 196296.312500
54 119.345093 196222.296875 218756.546875 430780.562500 196227.875000
55 121.581085 196221.890625 214524.796875 331192.968750 196222.296875
56 123.496864 196219.390625 214508.546875 331192.968750 196221.890625
57 125.450920 196192.671875 214484.812500 331192.968750 196219.390625
58 127.879684 196192.671875 216870.625000 331192.968750 196192.671875
59 129.927963 196160.890625 214664.515625 318227.968750 196192.671875
60 132.095200 196160.703125 214636.593750 318227.968750 196160.890625
61 134.483444 196151.125000 214613.687500 318227.968750 196160.703125
62 136.757507 196151.125000 218471.515625 392136.375000 196151.125000
63 139.232452 196151.125000 216008.562500 318227.968750 196151.125000
64 141.565018 196151.125000 213959.234375 257685.515625 196151.125000
65 143.499420 196090.062500 213937.421875 257685.515625 196151.125000
66 145.553467 196090.062500 216190.625000 312161.343750 196090.062500
67 147.606003 196090.062500 214336.437500 257685.515625 196090.062500
68 150.020248 196090.031250 214310.375000 257685.515625 196090.062500
69 151.646225 196087.750000 214299.187500 257685.515625 196090.031250
70 154.083969 196087.750000 214283.218750 257685.515625 196087.750000
71 155.878769 196087.500000 214272.343750 257685.515625 196087.750000
72 157.781021 196087.500000 215891.578125 280314.187500 196087.500000
73 160.132431 196087.500000 215364.953125 257685.515625 196087.500000
74 162.247055 196087.500000 214832.343750 257685.515625 196087.500000
75 164.427155 196087.484375 214830.781250 257685.515625 196087.500000
76 166.968811 196087.484375 214830.187500 257685.515625 196087.484375
77 169.570557 196087.484375 214824.546875 257685.515625 196087.484375
78 171.937546 196087.484375 215301.937500 257685.515625 196087.484375
79 174.045425 196087.484375 215268.093750 257685.515625 196087.484375
80 176.587875 196087.484375 215257.625000 257685.515625 196087.484375
81 178.626450 196087.484375 218323.140625 351219.562500 196087.484375
82 180.723495 196087.484375 215761.562500 257685.515625 196087.484375
83 182.728745 196087.484375 215720.859375 257685.515625 196087.484375
84 185.072754 196087.484375 215678.546875 257685.515625 196087.484375
85 187.159729 196087.484375 215659.296875 257685.515625 196087.484375
86 189.231323 196087.453125 218173.015625 322291.656250 196087.484375
87 191.286301 196087.453125 216125.156250 257685.515625 196087.453125
88 193.069504 196087.453125 216114.578125 257685.515625 196087.453125
89 195.667725 196087.453125 216092.375000 257685.515625 196087.453125
90 198.050995 196087.453125 216067.906250 257685.515625 196087.453125
91 200.501633 196087.453125 216063.453125 257685.515625 196087.453125
92 202.813828 196087.453125 216526.578125 257685.515625 196087.453125
93 204.576416 196087.453125 216442.781250 257685.515625 196087.453125
94 206.458160 196087.453125 216435.296875 257685.515625 196087.453125
95 208.611984 196087.453125 216340.500000 257685.515625 196087.453125
96 210.996902 196087.453125 216295.656250 257685.515625 196087.453125
97 213.283386 196087.453125 216267.937500 257685.515625 196087.453125
98 215.602905 196087.453125 216265.656250 257685.515625 196087.453125
99 217.523117 196087.453125 218115.906250 314545.593750 196087.453125
100 219.874619 196087.453125 216198.796875 257685.515625 196087.453125
101 222.140961 196087.453125 216160.015625 257685.515625 196087.453125
102 224.248871 196087.453125 216156.375000 257685.515625 196087.453125
103 226.550415 196087.453125 216134.937500 257685.515625 196087.453125
104 228.649521 196087.453125 216128.984375 257685.515625 196087.453125
105 230.825836 196087.453125 216105.859375 257685.515625 196087.453125
106 232.527512 196087.453125 219139.453125 347770.250000 196087.453125
107 234.717377 196087.453125 218049.000000 272196.500000 196087.453125
108 236.809494 196087.453125 216981.515625 257685.515625 196087.453125
109 238.779022 196087.453125 216980.546875 257685.515625 196087.453125
110 240.778580 196087.453125 216976.140625 257685.515625 196087.453125
111 243.222595 196087.453125 216973.140625 257685.515625 196087.453125
112 245.587830 196087.453125 216965.375000 257685.515625 196087.453125
113 247.693634 196087.453125 216939.906250 257685.515625 196087.453125
114 249.913361 196050.921875 219312.781250 314766.500000 196087.453125
115 251.601913 196050.921875 217403.437500 257685.515625 196050.921875
116 253.465591 196050.734375 217390.656250 257685.515625 196050.921875
117 255.214432 196050.734375 217386.265625 257685.515625 196050.734375
118 257.511688 196050.484375 217384.546875 257685.515625 196050.734375
119 259.877777 196050.453125 217377.500000 257685.515625 196050.484375
120 261.986420 196050.453125 217377.453125 257685.515625 196050.453125
121 264.463593 196050.437500 219116.625000 283258.031250 196050.453125
122 266.736511 196042.765625 218043.875000 257685.515625 196050.437500
123 268.840820 196042.765625 218042.140625 257685.515625 196042.765625
124 270.803284 196042.765625 218038.218750 257685.515625 196042.765625
125 272.646698 196042.703125 218021.812500 257685.515625 196042.765625
126 274.957581 196042.625000 218012.265625 257685.515625 196042.703125
127 277.018982 196042.625000 218000.062500 257685.515625 196042.625000
128 279.035065 196042.625000 217994.703125 257685.515625 196042.625000
129 281.108093 196023.765625 217992.906250 257685.515625 196042.625000
130 283.187927 196023.421875 217988.656250 257685.515625 196023.765625
131 285.142303 196023.421875 217986.781250 257685.515625 196023.421875
132 287.208649 196023.421875 220960.187500 346362.906250 196023.421875
133 289.159119 196023.421875 220804.515625 312169.062500 196023.421875
134 292.032593 196023.421875 219034.515625 257685.515625 196023.421875
135 294.264069 196023.421875 219027.859375 257685.515625 196023.421875
136 296.416168 196023.421875 219024.375000 257685.515625 196023.421875
137 298.555389 196023.421875 219009.421875 257685.515625 196023.421875
138 300.872131 196023.421875 219004.015625 257685.515625 196023.421875
139 302.816132 196023.421875 219002.453125 257685.515625 196023.421875
140 305.436615 196023.421875 218994.734375 257685.515625 196023.421875
141 307.489044 196023.421875 218978.343750 257685.515625 196023.421875
142 309.695435 196023.421875 218972.578125 257685.515625 196023.421875
143 311.716644 196023.421875 218966.187500 257685.515625 196023.421875
144 313.823761 196023.421875 218964.656250 257685.515625 196023.421875
145 315.941101 196023.421875 218961.375000 257685.515625 196023.421875
146 318.122467 196023.421875 218960.187500 257685.515625 196023.421875
147 319.701630 196023.421875 218956.656250 257685.515625 196023.421875
148 321.788971 196023.421875 222290.375000 290491.531250 196023.421875
149 323.737183 196023.421875 221772.453125 257685.515625 196023.421875
150 326.007355 196023.421875 222125.234375 257685.515625 196023.421875
151 328.085938 196023.421875 221452.765625 257685.515625 196023.421875
152 330.105835 196023.421875 221207.843750 246116.734375 196023.421875
153 331.998474 196023.421875 221928.484375 246116.734375 196023.453125
154 333.918121 196023.421875 221354.796875 246116.734375 196023.453125
155 336.125824 196023.421875 221335.281250 246116.734375 196023.453125
156 338.177704 196023.421875 221305.203125 246116.734375 196023.453125
157 340.357239 196023.421875 221301.843750 246116.734375 196023.453125
158 342.568878 196023.421875 221242.953125 246116.734375 196023.453125
159 344.793732 196023.421875 226698.281250 400468.687500 196023.453125
160 346.943207 196023.421875 225415.218750 400468.687500 196023.453125
161 349.273102 196023.421875 222300.125000 246116.734375 196023.453125
162 351.576813 196023.421875 222241.953125 246116.734375 196023.453125
163 353.952118 196023.421875 222158.203125 246116.734375 196023.453125
164 356.092804 196023.421875 222109.203125 246116.734375 196023.453125
165 357.993256 196023.421875 222100.718750 246116.734375 196023.453125
166 359.869598 196023.421875 222027.046875 246116.734375 196023.453125
167 362.272980 196023.421875 222018.484375 246116.734375 196023.453125
168 364.164490 196023.421875 222005.562500 246116.734375 196023.453125
169 366.018433 196023.421875 221943.406250 246116.734375 196023.453125
170 368.160217 196023.421875 221909.953125 246116.734375 196023.453125
171 370.645203 196023.421875 221880.953125 246116.734375 196023.453125
172 372.798859 196023.421875 221756.203125 246116.734375 196023.453125
173 374.831238 196023.421875 221674.515625 246116.734375 196023.453125
174 376.692596 196023.421875 221629.406250 246116.734375 196023.453125
175 378.882324 196023.421875 221624.437500 246116.734375 196023.453125
176 381.019958 196023.421875 221488.234375 246116.734375 196023.453125
177 382.830750 196023.421875 223512.359375 304175.468750 196023.453125
178 384.705688 196023.421875 221880.875000 246116.734375 196023.453125
179 386.851013 196023.421875 221870.640625 246116.734375 196023.453125
180 388.818604 196023.421875 221721.203125 246116.734375 196023.453125
181 390.698944 196023.421875 221706.046875 246116.734375 196023.453125
182 392.905121 196023.421875 221456.437500 246116.734375 196023.453125
183 394.770782 196023.421875 221452.234375 246116.734375 196023.453125
184 397.160675 196023.421875 221447.156250 246116.734375 196023.453125
185 399.168762 196023.421875 221175.437500 246116.734375 196023.453125
186 401.130951 196023.421875 221175.437500 246116.734375 196023.453125
187 403.609161 196023.421875 222504.046875 262452.406250 196023.453125
188 405.993195 196023.421875 224134.406250 325553.218750 196023.468750
189 408.229553 196023.421875 221560.359375 246116.734375 196023.468750
190 410.135468 196023.421875 221528.687500 246116.734375 196023.468750
191 412.662445 196023.421875 221512.281250 246116.734375 196023.468750
192 414.812073 196023.421875 221512.281250 246116.734375 196023.468750
193 416.788055 196023.421875 221512.281250 246116.734375 196023.468750
194 419.203583 196023.421875 221511.203125 246116.734375 196023.468750
195 421.282410 196023.421875 221491.203125 246116.734375 196023.468750
196 423.347717 196023.421875 221484.203125 246116.734375 196023.468750
197 425.260681 196023.421875 224040.046875 323869.093750 196023.468750
198 427.478149 196023.421875 223039.812500 323869.093750 196023.468750
199 429.323090 196023.421875 223019.296875 323869.093750 196023.468750
200 431.648163 196023.421875 223017.296875 323869.093750 196023.468750
201 433.573883 196023.421875 223017.296875 323869.093750 196023.468750
202 435.821442 196023.421875 222961.296875 323869.093750 196023.468750
203 438.088898 196023.421875 222961.296875 323869.093750 196023.468750
204 440.566956 196023.421875 222958.578125 323869.093750 196023.437500
205 442.571533 196023.421875 225340.187500 323869.093750 196023.437500
206 444.366547 196023.421875 233089.359375 502377.125000 196023.437500
207 446.619476 196023.421875 231250.484375 502377.125000 196023.437500
208 448.818420 196023.421875 231134.046875 502377.125000 196023.437500
209 451.025330 196023.421875 230079.203125 502377.125000 196023.437500
210 452.975830 196023.421875 230079.203125 502377.125000 196023.437500
211 455.203064 196023.421875 230079.203125 502377.125000 196023.437500
212 457.353546 196023.421875 229083.312500 502377.125000 196023.437500
213 459.678711 196023.421875 229083.312500 502377.125000 196023.437500
214 462.016754 196023.421875 229083.312500 502377.125000 196023.437500
215 464.101166 196023.421875 229083.281250 502377.125000 196023.437500
216 466.267517 196023.421875 229083.281250 502377.125000 196023.437500
217 468.210724 196023.421875 229083.281250 502377.125000 196023.437500
218 470.287994 196023.421875 228087.406250 502377.125000 196023.437500
219 472.559784 196023.421875 229383.562500 502377.125000 196023.437500
220 474.838959 196023.421875 229383.515625 502377.125000 196023.437500
221 477.240479 196023.421875 229383.515625 502377.125000 196023.437500
222 479.112122 196023.421875 228387.640625 502377.125000 196023.437500
223 481.130554 196023.421875 228387.640625 502377.125000 196023.437500
224 483.262207 196023.421875 227391.765625 502377.125000 196023.437500
225 485.569427 196023.421875 227391.765625 502377.125000 196023.437500
226 487.787354 196023.421875 227391.765625 502377.125000 196023.437500
227 490.009338 196023.421875 226395.875000 502377.125000 196023.437500
228 492.030853 196023.421875 226395.843750 502377.125000 196023.437500
229 494.244171 196023.421875 225399.953125 502377.125000 196023.437500
230 496.443939 196023.421875 224404.078125 502377.125000 196023.437500
231 498.825287 196023.421875 227128.484375 502377.125000 196023.437500
232 501.306549 196023.421875 227128.484375 502377.125000 196023.437500
233 503.422150 196023.421875 227128.484375 502377.125000 196023.421875
234 505.653564 196023.421875 226132.593750 502377.125000 196023.421875
235 507.849213 196023.421875 226132.593750 502377.125000 196023.421875
236 510.032166 196023.421875 226132.593750 502377.125000 196023.421875
237 512.158997 196023.421875 226132.593750 502377.125000 196023.421875
238 514.321777 196023.421875 226981.312500 502377.125000 196023.421875
239 516.588318 196023.421875 226132.593750 502377.125000 196023.421875
240 518.543457 196023.421875 226132.593750 502377.125000 196023.421875
241 520.167786 196023.421875 229300.281250 502377.125000 196023.421875
242 522.138672 196023.421875 225763.812500 354408.906250 196023.421875
243 524.543579 196023.421875 225763.812500 354408.906250 196023.421875
244 526.646729 196023.421875 225763.812500 354408.906250 196023.421875
245 528.803101 196023.421875 228237.453125 354408.906250 196023.421875
246 530.882141 196023.421875 228237.437500 354408.906250 196023.421875
247 533.070801 196023.421875 228237.437500 354408.906250 196023.421875
248 535.045593 196023.421875 229428.234375 354408.906250 196023.421875
249 536.981140 196023.421875 233705.562500 409890.593750 196023.421875
250 539.527039 196023.421875 232018.781250 354408.906250 196023.421875
251 541.768066 196023.421875 231357.625000 354408.906250 196023.421875
252 544.010376 196023.421875 233590.578125 354408.906250 196023.421875
253 546.400879 196023.421875 233590.578125 354408.906250 196023.421875
254 548.690125 196023.421875 233590.578125 354408.906250 196023.421875
255 550.902771 196023.421875 234402.218750 354408.906250 196023.421875
256 552.733337 196023.421875 234402.218750 354408.906250 196023.421875
257 555.070068 196023.421875 237820.093750 366919.031250 196023.421875
258 557.236938 196023.421875 236992.796875 354408.906250 196023.421875
259 559.596008 196023.421875 236992.796875 354408.906250 196023.421875
260 562.014404 196023.421875 236992.796875 354408.906250 196023.421875
261 564.507263 196023.421875 237850.562500 354408.906250 196023.421875
262 566.432312 196023.421875 237701.562500 354408.906250 196023.421875
263 568.634583 196023.421875 237521.203125 354408.906250 196023.421875
264 570.744568 196023.421875 245523.078125 448330.406250 196023.421875
265 573.092773 196023.421875 241007.921875 343811.656250 196023.421875
266 575.066895 196023.421875 241294.625000 332244.187500 196023.421875
267 577.249268 196023.421875 241142.093750 332244.187500 196023.421875
268 579.208984 196023.421875 241137.453125 332244.187500 196023.421875
269 581.444702 196023.421875 240631.703125 332244.187500 196023.421875
270 583.380066 196023.421875 240611.187500 332244.187500 196023.421875
271 585.496216 196023.421875 240590.375000 332244.187500 196023.421875
272 587.816772 196023.421875 243117.859375 332244.187500 196023.421875
273 589.967957 196023.421875 242414.796875 332244.187500 196023.421875
274 592.374390 196023.421875 242406.796875 332244.187500 196023.421875
275 594.664124 196023.421875 245594.203125 371426.187500 196023.421875
276 596.927307 196023.421875 243678.859375 332244.187500 196023.421875
277 598.820312 196023.421875 243586.734375 332244.187500 196023.421875
278 600.831055 196023.421875 243583.765625 332244.187500 196023.421875
279 602.896851 196023.421875 243581.546875 332244.187500 196023.421875
280 604.805054 196023.421875 243581.546875 332244.187500 196023.421875
281 606.968750 196023.421875 243576.296875 332244.187500 196023.421875
282 609.237610 196023.421875 243452.218750 332244.187500 196023.421875
283 611.421448 196023.421875 243452.218750 332244.187500 196023.421875
284 613.443298 196023.421875 242927.656250 332244.187500 196023.421875
285 615.496460 196023.421875 242927.656250 332244.187500 196023.421875
286 617.583374 196023.421875 241931.781250 332244.187500 196023.421875
287 619.745422 196023.421875 243983.140625 332244.187500 196023.421875
288 621.838013 196023.421875 247500.140625 332244.187500 196023.421875
289 623.925781 196023.421875 245508.359375 332244.187500 196023.421875
290 625.877136 196023.421875 244512.484375 332244.187500 196023.421875
291 628.167175 196023.421875 244512.484375 332244.187500 196023.421875
292 630.230896 196023.421875 243516.578125 332244.187500 196023.421875
293 632.448364 196023.421875 245358.406250 332244.187500 196023.421875
294 634.692810 196023.421875 245358.421875 332244.187500 196023.421875
295 636.949585 196023.421875 245358.421875 332244.187500 196023.421875
296 639.533875 196023.421875 244362.515625 332244.187500 196023.421875
297 641.624268 196023.421875 244362.500000 332244.187500 196023.421875
298 643.527222 196023.421875 243366.625000 332244.187500 196023.421875
299 645.782837 196023.421875 243366.593750 332244.187500 196023.421875
300 647.829712 196023.421875 242364.765625 332244.187500 196023.421875
301 649.895142 196023.421875 241272.015625 332244.187500 196023.421875
302 651.944153 196023.421875 243261.218750 332244.187500 196023.421875
303 654.189575 196023.421875 243261.218750 332244.187500 196023.421875
304 656.220886 196023.421875 243261.218750 332244.187500 196023.421875
305 658.179504 196023.421875 243261.218750 332244.187500 196023.421875
306 660.417969 196023.421875 243261.218750 332244.187500 196023.421875
307 662.559448 196023.421875 243261.203125 332244.187500 196023.421875
308 664.733765 196023.421875 242070.437500 332244.187500 196023.421875
309 666.872559 196023.421875 240774.296875 332244.187500 196023.421875
310 669.194092 196023.421875 240774.281250 332244.187500 196023.421875
311 671.454468 196023.421875 239778.406250 332244.187500 196023.421875
312 673.708618 196023.421875 240497.562500 332244.187500 196023.421875
313 675.902344 196023.421875 241589.078125 332244.187500 196023.421875
314 678.330322 196023.421875 241589.078125 332244.187500 196023.421875
315 680.022034 196023.421875 241589.078125 332244.187500 196023.421875
316 682.270569 196023.421875 241589.078125 332244.187500 196023.421875
317 684.187378 196023.421875 241589.078125 332244.187500 196023.421875
318 686.311035 196023.421875 241589.078125 332244.187500 196023.421875
319 688.754700 196023.421875 244701.234375 351631.593750 196023.421875
320 690.900696 196023.421875 244179.656250 332244.187500 196023.421875
321 692.631653 196023.421875 247064.156250 340248.968750 196023.421875
322 694.765747 196023.421875 248175.875000 332244.187500 196023.421875
323 696.742188 196023.421875 248175.875000 332244.187500 196023.421875
324 699.085754 196023.421875 249076.953125 332244.187500 196023.421875
325 701.443298 196023.421875 248175.906250 332244.187500 196023.421875
326 703.794189 196023.406250 248175.906250 332244.187500 196023.421875
327 706.020569 196023.406250 248175.906250 332244.187500 196023.406250
328 708.359375 196023.406250 248175.875000 332244.187500 196023.406250
329 710.583740 196023.406250 248175.875000 332244.187500 196023.406250
330 712.699707 196023.406250 248175.875000 332244.187500 196023.406250
331 714.907166 196023.406250 252763.140625 425385.968750 196023.406250
332 717.215271 196023.406250 250766.453125 332244.187500 196023.406250
333 719.395264 196023.406250 250766.453125 332244.187500 196023.406250
334 721.521606 196023.406250 250047.296875 332244.187500 196023.406250
335 723.846069 196023.406250 250047.296875 332244.187500 196023.406250
336 726.101074 196023.406250 248955.781250 332244.187500 196023.406250
337 728.193054 196023.406250 249122.000000 332244.187500 196023.406250
338 730.503296 196023.406250 249122.000000 332244.187500 196023.406250
339 733.037354 196023.406250 248955.781250 332244.187500 196023.406250
340 735.173462 196023.406250 251759.046875 336186.187500 196023.406250
341 737.410034 196023.406250 251546.375000 332244.187500 196023.406250
342 739.674683 196023.406250 251546.375000 332244.187500 196023.406250
343 741.821655 196023.406250 249704.546875 332244.187500 196023.406250
344 744.090881 196023.406250 247715.312500 332244.187500 196023.406250
345 745.938477 196023.406250 247715.312500 332244.187500 196023.406250
346 748.203430 196023.406250 247715.312500 332244.187500 196023.406250
347 750.172546 196023.406250 245663.953125 332244.187500 196023.406250
348 752.607971 196023.406250 249992.843750 412467.843750 196023.406250
349 754.900452 196023.406250 246848.906250 332244.187500 196023.406250
350 757.164612 196023.406250 246848.906250 332244.187500 196023.406250
351 759.444763 196023.406250 251834.484375 390075.468750 196023.406250
352 761.831787 196023.406250 252108.859375 332244.187500 196023.406250
353 763.876099 196023.406250 251004.296875 332244.187500 196023.406250
354 765.996277 196023.406250 248771.343750 332244.187500 196023.406250
355 767.809265 196023.406250 248771.343750 332244.187500 196023.406250
356 770.001892 196023.406250 248771.343750 332244.187500 196023.406250
357 772.190430 196023.406250 250558.656250 332244.187500 196023.453125
358 774.504517 196023.406250 250743.687500 332244.187500 196023.453125
359 776.444824 196023.406250 250743.656250 332244.187500 196023.453125
360 778.349304 196023.406250 251323.921875 332244.187500 196023.453125
361 780.591309 196023.406250 251323.921875 332244.187500 196023.453125
362 782.859619 196023.406250 251323.921875 332244.187500 196023.453125
363 785.222534 196023.406250 251323.921875 332244.187500 196023.453125
364 787.441895 196023.406250 251337.296875 332244.187500 196023.453125
365 789.729492 196023.406250 254002.203125 332244.187500 196023.453125
366 791.733459 196023.406250 256856.765625 345443.156250 196023.453125
367 793.887695 196023.406250 256276.546875 329269.218750 196023.453125
368 796.240479 196023.406250 257428.656250 329269.218750 196023.468750
369 798.342468 196023.406250 258496.765625 329269.218750 196023.468750
370 800.503845 196023.406250 258233.187500 329269.218750 196023.468750
371 803.078613 196023.406250 259665.812500 329269.218750 196023.468750
372 805.469177 196023.406250 258216.156250 329269.218750 196023.468750
373 807.854736 196023.406250 260233.921875 329269.218750 196023.468750
374 810.108459 196023.406250 259217.593750 329269.218750 196023.468750
375 812.588196 196023.406250 259174.187500 329269.218750 196023.468750
376 814.699402 196023.406250 259058.921875 329269.218750 196023.468750
377 816.727295 196023.406250 259014.421875 329269.218750 196023.468750
378 818.921875 196023.406250 258996.484375 329269.218750 196023.468750
379 821.021606 196023.406250 258496.796875 329269.218750 196023.468750
380 823.235596 196023.406250 258491.687500 329269.218750 196023.468750
381 825.660217 196023.406250 257838.937500 329269.218750 196023.468750
382 827.997009 196023.406250 257838.937500 329269.218750 196023.468750
383 830.703552 196023.406250 260790.625000 385314.687500 196023.468750
384 833.043274 196023.406250 259806.921875 329269.218750 196023.468750
385 835.104980 196023.406250 258443.515625 329269.218750 196023.421875
386 837.357788 196023.406250 258443.515625 329269.218750 196023.421875
387 839.661438 196023.406250 258443.281250 329269.218750 196023.421875
388 842.244324 196023.406250 258984.062500 329269.218750 196023.421875
389 844.403137 196023.406250 258970.734375 329269.218750 196023.421875
390 846.812988 196023.406250 264904.343750 370237.750000 196023.421875
391 848.851562 196023.406250 262448.656250 370237.750000 196023.421875
392 850.994812 196023.406250 261552.296875 329269.218750 196023.421875
393 853.244507 196023.406250 261544.093750 329269.218750 196023.421875
394 855.609863 196023.406250 261228.781250 329269.218750 196023.421875
395 858.143066 196023.406250 261228.046875 329269.218750 196023.421875
396 860.435303 196023.406250 259551.281250 329269.218750 196023.421875
397 862.655762 196023.406250 257530.875000 329269.218750 196023.421875
398 865.060791 196023.406250 257530.875000 329269.218750 196023.421875
399 867.059387 196023.406250 255425.234375 329269.218750 196023.421875
400 869.399414 196023.406250 255425.234375 329269.218750 196023.421875
401 871.418030 196023.406250 257242.484375 329269.218750 196023.421875
402 874.054016 196023.406250 260484.734375 358137.218750 196023.421875
403 876.397095 196023.406250 259813.765625 329269.218750 196023.421875
404 878.864319 196023.406250 259813.765625 329269.218750 196023.421875
405 880.962524 196023.406250 259813.765625 329269.218750 196023.421875
406 883.291626 196023.406250 263687.906250 389730.375000 196023.421875
407 885.422546 196023.406250 261230.812500 329269.218750 196023.421875
408 887.671753 196023.406250 261228.093750 329269.218750 196023.421875
409 890.039185 196023.406250 261209.906250 329269.218750 196023.421875
410 892.481384 196023.406250 261209.906250 329269.218750 196023.421875
411 894.670593 196023.406250 261114.921875 329269.218750 196023.421875
412 896.927612 196023.406250 260471.218750 329269.218750 196023.421875
413 899.537659 196023.406250 258070.500000 329269.218750 196023.421875
414 901.624939 196023.406250 258070.500000 329269.218750 196023.421875
415 903.834045 196023.406250 260752.265625 330112.750000 196023.421875
416 906.352112 196023.406250 262327.093750 329269.218750 196023.421875
417 908.869263 196023.406250 260661.078125 329269.218750 196023.421875
418 911.166504 196023.406250 260661.078125 329269.218750 196023.421875
419 913.155029 196023.406250 258121.562500 329269.218750 196023.421875
420 915.184814 196023.406250 258121.546875 329269.218750 196023.421875
421 917.942078 196023.406250 261046.546875 342273.875000 196023.421875
422 920.132080 196023.390625 260712.140625 329269.218750 196023.421875
423 922.463928 196023.390625 260712.140625 329269.218750 196023.390625
424 924.908203 196023.390625 258238.546875 329269.218750 196023.390625
425 927.197815 196023.390625 258238.515625 329269.218750 196023.390625
426 929.323975 196023.390625 258238.515625 329269.218750 196023.390625
427 931.450256 196023.390625 253091.046875 329269.218750 196023.390625
428 933.764404 196023.390625 256072.515625 345098.093750 196023.390625
429 936.124146 196023.390625 255681.625000 329269.218750 196023.390625
430 938.436523 196023.390625 255681.625000 329269.218750 196023.390625
431 941.001221 196023.390625 255681.625000 329269.218750 196023.390625
432 943.039612 196023.390625 253091.046875 329269.218750 196023.390625
433 945.326660 196023.390625 256771.453125 380045.062500 196023.390625
434 947.494263 196023.390625 257492.437500 329269.218750 196023.390625
435 949.834106 196023.390625 258438.765625 372869.125000 196023.390625
436 952.286316 196023.390625 258565.187500 329269.218750 196023.390625
437 954.340271 196023.390625 258975.343750 329269.218750 196023.390625
438 956.514404 196023.390625 258975.343750 329269.218750 196023.390625
439 958.909424 196023.390625 263688.125000 431664.687500 196023.390625
440 960.856445 196023.390625 261090.937500 329269.218750 196023.390625
441 962.865417 196023.390625 261090.921875 329269.218750 196023.390625
442 965.331787 196023.390625 261090.921875 329269.218750 196023.390625
443 967.446289 196023.390625 261090.921875 329269.218750 196023.390625
444 969.808960 196023.390625 260866.187500 329269.218750 196023.390625
445 971.952637 196023.390625 260812.656250 329269.218750 196023.390625
446 974.295105 196023.390625 260812.656250 329269.218750 196023.390625
447 976.339172 196023.390625 264267.437500 368786.187500 196023.390625
448 978.597412 196023.390625 261924.406250 329269.218750 196023.390625
449 980.889587 196023.390625 261881.859375 329269.218750 196023.390625
450 983.199036 196023.390625 261854.218750 329269.218750 196023.390625
451 985.261658 196023.390625 262276.781250 329269.218750 196023.390625
452 987.541626 196023.390625 265864.187500 397864.218750 196023.390625
453 990.005737 196023.390625 261868.578125 329269.218750 196023.390625
454 992.233826 196023.390625 261841.343750 329269.218750 196023.390625
455 994.260864 196023.390625 261783.687500 329269.218750 196023.390625
456 996.599060 196023.390625 261772.437500 329269.218750 196023.390625
457 998.772522 196023.390625 261400.343750 329269.218750 196023.390625
458 1000.928772 196023.390625 261400.343750 329269.218750 196023.390625
459 1002.872986 196023.390625 266061.500000 429082.468750 196023.390625
460 1005.141052 196023.390625 260946.500000 329269.218750 196023.390625
461 1007.165039 196023.390625 260946.500000 329269.218750 196023.390625
462 1009.356262 196023.390625 263381.375000 329269.218750 196023.390625
463 1011.604004 196023.390625 260946.500000 329269.218750 196023.390625
464 1013.833618 196023.390625 260946.500000 329269.218750 196023.390625
465 1015.922791 196023.390625 260946.500000 329269.218750 196023.390625
466 1018.175720 196023.390625 260946.500000 329269.218750 196023.390625
467 1020.076538 196023.390625 260946.484375 329269.218750 196023.390625
468 1022.593079 196023.390625 260946.453125 329269.218750 196023.390625
469 1024.512939 196023.390625 260946.453125 329269.218750 196023.390625
470 1026.645386 196023.390625 260946.453125 329269.218750 196023.390625
471 1028.946899 196023.390625 258355.875000 329269.218750 196023.390625
472 1031.065063 196023.390625 262890.937500 426962.093750 196023.390625
473 1033.132812 196023.390625 259659.406250 329269.218750 196023.390625
474 1035.370117 196023.390625 259659.406250 329269.218750 196023.390625
475 1037.499512 196023.390625 259659.406250 329269.218750 196023.390625
476 1039.826294 196023.390625 262336.937500 329901.125000 196023.390625
477 1042.048828 196023.390625 261428.781250 329269.218750 196023.390625
478 1044.506104 196023.390625 261428.765625 329269.218750 196023.390625
479 1046.776611 196023.390625 261428.765625 329269.218750 196023.390625
480 1048.912598 196023.390625 261428.765625 329269.218750 196023.390625
481 1051.010620 196023.390625 261428.765625 329269.218750 196023.390625
482 1053.145996 196023.390625 265292.968750 389234.875000 196023.390625
483 1055.552612 196023.390625 261428.765625 329269.218750 196023.390625
484 1057.640869 196023.390625 258789.625000 329269.218750 196023.390625
485 1059.971558 196023.390625 258789.625000 329269.218750 196023.390625
486 1062.019409 196023.390625 258789.625000 329269.218750 196023.390625
487 1064.027466 196023.390625 258789.625000 329269.218750 196023.390625
488 1066.539429 196023.390625 258789.625000 329269.218750 196023.390625
489 1068.742798 196023.390625 258272.187500 329269.218750 196023.390625
490 1070.789795 196023.390625 258272.187500 329269.218750 196023.390625
491 1072.996704 196023.390625 258272.187500 329269.218750 196023.390625
492 1075.084473 196023.390625 258272.156250 329269.218750 196023.390625
493 1077.354248 196023.390625 261674.343750 366133.000000 196023.390625
494 1079.404907 196023.390625 260862.765625 329269.218750 196023.390625
495 1081.822266 196023.390625 262003.265625 329269.218750 196023.390625
496 1083.952393 196023.390625 259212.703125 329269.218750 196023.390625
497 1086.220093 196023.390625 256622.125000 329269.218750 196023.390625
498 1088.162598 196023.390625 256622.125000 329269.218750 196023.390625
499 1090.725098 196023.390625 256622.125000 329269.218750 196023.390625
500 1092.978149 196023.390625 254711.562500 329269.218750 196023.390625
501 1095.037598 196023.390625 254711.562500 329269.218750 196023.390625
502 1097.528931 196023.390625 255299.203125 329269.218750 196023.390625
503 1099.688843 196023.390625 257133.062500 329269.218750 196023.390625
504 1102.230957 196023.390625 260447.546875 406195.468750 196023.390625
505 1104.767944 196023.390625 259213.078125 329269.218750 196023.390625
506 1107.141968 196023.390625 259195.718750 329269.218750 196023.390625
507 1109.400024 196023.390625 258834.703125 329269.218750 196023.390625
508 1111.443970 196023.390625 258241.406250 329269.218750 196023.390625
509 1113.643677 196023.390625 257858.078125 329269.218750 196023.390625
510 1116.297485 196023.390625 259311.765625 329269.218750 196023.390625
511 1118.307251 196023.390625 257840.640625 329269.218750 196023.390625
512 1120.660767 196023.390625 259309.703125 329269.218750 196023.390625
513 1122.885132 196023.390625 259223.562500 329269.218750 196023.390625
514 1125.106201 196023.390625 259223.562500 329269.218750 196023.390625
515 1127.403076 196023.390625 259223.562500 329269.218750 196023.390625
516 1129.796387 196023.390625 257389.718750 329269.218750 196023.390625
517 1132.152344 196023.390625 257389.718750 329269.218750 196023.390625
518 1134.618042 196023.390625 257389.718750 329269.218750 196023.390625
519 1136.932495 196023.390625 257389.718750 329269.218750 196023.390625
520 1139.332397 196023.390625 257389.718750 329269.218750 196023.390625
521 1141.580933 196023.390625 258324.843750 329269.218750 196023.390625
522 1144.094116 196023.390625 258324.843750 329269.218750 196023.390625
523 1146.329590 196023.390625 260832.953125 329269.218750 196023.390625
524 1148.730469 196023.390625 259897.843750 329269.218750 196023.390625
525 1150.956909 196023.390625 257389.718750 329269.218750 196023.390625
526 1153.280029 196023.390625 257389.718750 329269.218750 196023.390625
527 1155.465454 196023.390625 257389.718750 329269.218750 196023.390625
528 1157.684448 196023.390625 257599.078125 329269.218750 196023.390625
529 1160.073975 196023.390625 257599.078125 329269.218750 196023.390625
530 1162.211914 196023.390625 257599.078125 329269.218750 196023.390625
531 1164.476807 196023.390625 257389.703125 329269.218750 196023.390625
532 1166.443481 196023.390625 257796.546875 329269.218750 196023.390625
533 1168.934570 196023.390625 256088.437500 329269.218750 196023.390625
534 1171.203491 196023.390625 259134.859375 348345.156250 196023.390625
535 1173.485352 196023.390625 258679.046875 329269.218750 196023.390625
536 1175.779053 196023.390625 256088.437500 329269.218750 196023.390625
537 1177.707520 196023.390625 256088.437500 329269.218750 196023.390625
538 1180.076660 196023.390625 256088.437500 329269.218750 196023.390625
539 1182.291748 196023.390625 256088.437500 329269.218750 196023.390625
540 1184.500000 196023.390625 256088.437500 329269.218750 196023.390625
541 1186.691895 196023.390625 256088.437500 329269.218750 196023.390625
542 1188.788330 196023.390625 257514.906250 329269.218750 196023.390625
543 1190.966553 196023.390625 256088.437500 329269.218750 196023.390625
544 1193.518188 196023.390625 253497.859375 329269.218750 196023.390625
545 1195.808472 196023.390625 250500.437500 329269.218750 196023.390625
546 1197.802490 196023.390625 250500.437500 329269.218750 196023.390625
547 1200.159668 196023.390625 247909.843750 329269.218750 196023.390625
548 1202.505127 196023.390625 247909.843750 329269.218750 196023.390625
549 1204.754028 196023.390625 245319.265625 329269.218750 196023.390625
550 1207.049683 196023.390625 245319.265625 329269.218750 196023.390625
551 1209.139282 196023.390625 245319.265625 329269.218750 196023.390625
552 1211.249756 196023.390625 252177.546875 442427.531250 196023.390625
553 1213.285522 196023.390625 249919.718750 329269.218750 196023.390625
554 1215.646729 196023.390625 249919.718750 329269.218750 196023.390625
555 1217.871460 196023.390625 249919.718750 329269.218750 196023.390625
556 1219.965698 196023.390625 249919.718750 329269.218750 196023.390625
557 1222.108154 196023.390625 255322.359375 466156.718750 196023.390625
558 1224.199707 196023.390625 252510.296875 329269.218750 196023.390625
559 1226.390259 196023.390625 252510.296875 329269.218750 196023.390625
560 1228.636475 196023.390625 256736.515625 407334.625000 196023.390625
561 1230.951294 196023.390625 255100.906250 329269.218750 196023.390625
562 1233.427612 196023.390625 255100.906250 329269.218750 196023.390625
563 1235.740234 196023.390625 255100.906250 329269.218750 196023.390625
564 1237.825317 196023.390625 255100.906250 329269.218750 196023.390625
565 1240.070679 196023.390625 255100.906250 329269.218750 196023.390625
566 1242.244507 196023.390625 259346.093750 408284.531250 196023.390625
567 1244.531494 196023.390625 257611.812500 329269.218750 196023.390625
568 1246.630859 196023.390625 256201.359375 329269.218750 196023.390625
569 1249.028198 196023.390625 253610.781250 329269.218750 196023.390625
570 1251.220459 196023.390625 255039.718750 329269.218750 196023.390625
571 1253.725098 196023.390625 258871.843750 329269.218750 196023.390625
572 1255.949829 196023.390625 258871.812500 329269.218750 196023.390625
573 1258.107300 196023.390625 258871.812500 329269.218750 196023.390625
574 1260.133545 196023.390625 257323.703125 329269.218750 196023.390625
575 1262.516479 196023.390625 257323.703125 329269.218750 196023.390625
576 1264.418701 196023.390625 255039.718750 329269.218750 196023.390625
577 1266.396362 196023.390625 255039.718750 329269.218750 196023.390625
578 1268.824341 196023.390625 255039.718750 329269.218750 196023.390625
579 1270.836182 196023.390625 255039.718750 329269.218750 196023.390625
580 1273.061768 196023.390625 259708.203125 429448.062500 196023.390625
581 1275.189819 196023.390625 259354.484375 329269.218750 196023.390625
582 1277.661987 196023.390625 259354.484375 329269.218750 196023.390625
583 1279.863159 196023.390625 259354.484375 329269.218750 196023.390625
584 1282.127441 196023.390625 259354.484375 329269.218750 196023.390625
585 1284.029419 196023.390625 259354.484375 329269.218750 196023.390625
586 1286.231934 196023.390625 259237.640625 329269.218750 196023.390625
587 1288.559082 196023.390625 259237.625000 329269.218750 196023.390625
588 1290.641113 196023.390625 259237.625000 329269.218750 196023.390625
589 1292.999756 196023.390625 259237.625000 329269.218750 196023.390625
590 1295.049927 196023.390625 257513.453125 329269.218750 196023.390625
591 1297.369873 196023.390625 257513.453125 329269.218750 196023.390625
592 1299.496338 196023.390625 254922.859375 329269.218750 196023.390625
593 1301.895630 196023.390625 253091.015625 329269.218750 196023.390625
594 1304.372925 196023.390625 253091.015625 329269.218750 196023.390625
595 1306.867432 196023.390625 253091.015625 329269.218750 196023.390625
596 1309.106567 196023.390625 253091.015625 329269.218750 196023.390625
597 1311.271240 196023.390625 253091.015625 329269.218750 196023.390625
598 1313.703003 196023.390625 253091.015625 329269.218750 196023.390625
599 1316.093140 196023.390625 253091.015625 329269.218750 196023.390625
600 1318.561035 196023.390625 255118.203125 329269.218750 196023.390625
601 1320.852051 196023.390625 254554.765625 329269.218750 196023.390625
602 1322.971802 196023.390625 254554.765625 329269.218750 196023.390625
603 1325.293457 196023.390625 254554.765625 329269.218750 196023.390625
604 1327.248413 196023.390625 254554.765625 329269.218750 196023.390625
605 1329.510132 196023.390625 252527.593750 329269.218750 196023.390625
606 1331.826660 196023.390625 250500.437500 329269.218750 196023.390625
607 1334.501709 196023.390625 250500.437500 329269.218750 196023.390625
608 1336.609741 196023.390625 250500.437500 329269.218750 196023.390625
609 1338.910767 196023.390625 247909.859375 329269.218750 196023.390625
610 1341.203491 196023.390625 247909.859375 329269.218750 196023.390625
611 1343.821167 196023.390625 247909.843750 329269.218750 196023.390625
612 1345.978027 196023.390625 253360.921875 390888.906250 196023.390625
613 1348.374512 196023.390625 252054.218750 329269.218750 196023.390625
614 1350.489258 196023.390625 252054.218750 329269.218750 196023.390625
615 1352.745850 196023.390625 252054.203125 329269.218750 196023.390625
616 1355.081177 196023.390625 252054.203125 329269.218750 196023.390625
617 1357.225098 196023.390625 252054.203125 329269.218750 196023.390625
618 1359.419434 196023.390625 253784.812500 329269.218750 196023.421875
619 1361.732910 196023.390625 252924.843750 329269.218750 196023.421875
620 1363.967285 196023.390625 253035.953125 329269.218750 196023.421875
621 1366.494995 196023.390625 252924.859375 329269.218750 196023.421875
622 1368.622559 196023.390625 251371.093750 329269.218750 196023.406250
623 1370.724609 196023.390625 255033.015625 379120.312500 196023.421875
624 1373.196655 196023.390625 253961.687500 329269.218750 196023.421875
625 1375.664551 196023.390625 252231.078125 329269.218750 196023.421875
626 1377.932983 196023.390625 257650.484375 434807.968750 196023.421875
627 1380.241455 196023.390625 257650.484375 434807.968750 196023.421875
628 1382.741943 196023.390625 257650.484375 434807.968750 196023.421875
629 1384.561157 196023.390625 260283.203125 434807.968750 196023.421875
630 1386.829346 196023.390625 261437.843750 434807.968750 196023.421875
631 1389.180054 196023.390625 261241.062500 434807.968750 196023.421875
632 1391.173096 196023.390625 260086.421875 434807.968750 196023.421875
633 1393.128296 196023.390625 258355.796875 434807.968750 196023.421875
634 1395.679688 196023.390625 255765.218750 434807.968750 196023.421875
635 1398.157959 196023.390625 255765.218750 434807.968750 196023.421875
636 1400.697388 196023.390625 253174.640625 434807.968750 196023.421875
637 1402.743286 196023.390625 253174.640625 434807.968750 196023.421875
638 1404.793335 196023.390625 254214.687500 434807.968750 196023.421875
639 1407.075195 196023.390625 254214.687500 434807.968750 196023.421875
640 1409.294678 196023.390625 253767.734375 434807.968750 196023.421875
641 1411.612305 196023.390625 253767.734375 434807.968750 196023.421875
642 1413.736206 196023.390625 253767.734375 434807.968750 196023.421875
643 1415.605957 196023.390625 253767.734375 434807.968750 196023.421875
644 1417.915649 196023.390625 253767.734375 434807.968750 196023.421875
645 1420.255127 196023.390625 253767.734375 434807.968750 196023.421875
646 1422.314575 196023.390625 251177.140625 434807.968750 196023.421875
647 1424.769165 196023.390625 251177.140625 434807.968750 196023.421875
648 1427.169067 196023.390625 251177.140625 434807.968750 196023.421875
649 1429.109009 196023.390625 251177.140625 434807.968750 196023.421875
650 1431.415039 196023.390625 254074.781250 434807.968750 196023.421875
651 1433.679932 196023.390625 252842.500000 434807.968750 196023.421875
652 1436.060547 196023.390625 251423.859375 434807.968750 196023.421875
653 1438.303467 196023.390625 251423.859375 434807.968750 196023.421875
654 1440.387939 196023.390625 251423.859375 434807.968750 196023.421875
655 1442.896606 196023.390625 251423.859375 434807.968750 196023.421875
656 1444.843628 196023.390625 252444.843750 434807.968750 196023.421875
657 1447.031860 196023.390625 251404.796875 434807.968750 196023.421875
658 1449.131348 196023.390625 249986.156250 434807.968750 196023.421875
659 1451.370972 196023.390625 249986.156250 434807.968750 196023.421875
660 1453.607300 196023.390625 249986.156250 434807.968750 196023.421875
661 1455.546265 196023.390625 249986.156250 434807.968750 196023.421875
662 1458.369141 196023.390625 249986.140625 434807.968750 196023.421875
663 1460.684082 196023.390625 249986.140625 434807.968750 196023.421875
664 1462.942627 196023.390625 249986.140625 434807.968750 196023.421875
665 1465.526489 196023.390625 249986.140625 434807.968750 196023.421875
666 1467.467285 196023.390625 248965.156250 434807.968750 196023.421875
667 1469.731934 196023.390625 250022.812500 434807.968750 196023.421875
668 1472.253540 196023.390625 249736.953125 434807.968750 196023.421875
669 1474.214233 196023.390625 249736.953125 434807.968750 196023.421875
670 1476.176270 196023.390625 249736.953125 434807.968750 196023.421875
671 1478.463257 196023.390625 249180.343750 434807.968750 196023.421875
672 1481.035522 196023.390625 249180.343750 434807.968750 196023.421875
673 1483.626099 196023.390625 249180.343750 434807.968750 196023.421875
674 1486.024048 196023.390625 249180.343750 434807.968750 196023.421875
675 1488.135864 196023.390625 249180.343750 434807.968750 196023.421875
676 1490.486938 196023.390625 249180.343750 434807.968750 196023.421875
677 1492.801514 196023.390625 249180.343750 434807.968750 196023.421875
678 1495.195435 196023.390625 249180.312500 434807.968750 196023.421875
679 1497.124512 196023.390625 249594.218750 434807.968750 196023.421875
680 1499.427490 196023.390625 249594.218750 434807.968750 196023.421875
681 1501.735596 196023.390625 249594.218750 434807.968750 196023.421875
682 1504.205933 196023.390625 249594.203125 434807.968750 196023.421875
683 1506.437012 196023.390625 249594.203125 434807.968750 196023.421875
684 1508.269897 196023.390625 256533.703125 513691.062500 196023.421875
685 1510.308472 196023.390625 257146.656250 513691.062500 196023.421875
686 1512.950928 196023.390625 257146.656250 513691.062500 196023.421875
687 1515.367920 196023.390625 257146.656250 513691.062500 196023.421875
688 1517.260376 196023.390625 257146.656250 513691.062500 196023.421875
689 1519.749756 196023.390625 256560.500000 513691.062500 196023.421875
690 1521.849609 196023.390625 256560.500000 513691.062500 196023.421875
691 1523.950806 196023.390625 259258.921875 513691.062500 196023.421875
692 1526.284546 196023.390625 261592.093750 434807.968750 196023.421875
693 1528.494141 196023.390625 258426.687500 404694.187500 196023.421875
694 1530.630737 196023.390625 255836.093750 404694.187500 196023.421875
695 1532.755127 196023.390625 255836.093750 404694.187500 196023.421875
696 1535.012817 196023.390625 250654.937500 404694.187500 196023.421875
697 1537.265381 196023.390625 250654.937500 404694.187500 196023.421875
698 1539.691650 196023.390625 251218.437500 404694.187500 196023.421875
699 1541.929688 196023.390625 248627.859375 404694.187500 196023.421875
700 1544.561401 196023.390625 248627.859375 404694.187500 196023.421875
701 1546.846436 196023.390625 248064.359375 404694.187500 196023.421875
702 1549.348267 196023.390625 248300.593750 404694.187500 196023.421875
703 1551.615479 196023.390625 248300.578125 404694.187500 196023.421875
704 1553.693970 196023.390625 248300.578125 404694.187500 196023.421875
705 1555.769287 196023.390625 248300.578125 404694.187500 196023.421875
706 1557.734497 196023.390625 248300.562500 404694.187500 196023.421875
707 1559.741577 196023.390625 248300.562500 404694.187500 196023.421875
708 1562.219238 196023.390625 248064.343750 404694.187500 196023.421875
709 1564.567505 196023.390625 248064.343750 404694.187500 196023.421875
710 1566.880493 196023.390625 248064.343750 404694.187500 196023.421875
711 1569.340820 196023.390625 256783.515625 438987.031250 196023.421875
712 1571.545898 196023.390625 255074.781250 403951.875000 196023.421875
713 1574.121094 196023.390625 255553.906250 389019.062500 196023.421875
714 1576.461060 196023.390625 257659.515625 389019.062500 196023.421875
715 1578.458618 196023.390625 257659.500000 389019.062500 196023.421875
716 1580.671387 196023.390625 255553.875000 389019.062500 196023.421875
717 1582.815674 196023.390625 252963.281250 389019.062500 196023.421875
718 1585.012939 196023.390625 252963.281250 389019.062500 196023.421875
719 1587.278931 196023.390625 252963.281250 389019.062500 196023.406250
720 1589.672729 196023.390625 252963.281250 389019.062500 196023.406250
721 1591.879395 196023.390625 252963.265625 389019.062500 196023.406250
722 1593.851929 196023.390625 252963.265625 389019.062500 196023.406250
723 1595.888916 196023.390625 255286.765625 389019.062500 196023.406250
724 1598.153687 196023.390625 255286.765625 389019.062500 196023.406250
725 1600.457031 196023.390625 255286.765625 389019.062500 196023.406250
726 1602.588379 196023.390625 255286.765625 389019.062500 196023.406250
727 1605.148193 196023.390625 255697.265625 389019.062500 196023.406250
728 1607.449585 196023.390625 257749.796875 389019.062500 196023.406250
729 1609.752686 196023.390625 262081.421875 412605.406250 196023.406250
730 1612.093628 196023.390625 260436.015625 389019.062500 196023.406250
731 1613.903320 196023.390625 260436.015625 389019.062500 196023.406250
732 1616.109497 196023.390625 259614.734375 389019.062500 196023.406250
733 1618.447021 196023.390625 259614.734375 389019.062500 196023.406250
734 1620.794678 196023.390625 259614.734375 389019.062500 196023.406250
735 1623.255981 196023.390625 258383.453125 389019.062500 196023.406250
736 1625.799805 196023.390625 258383.453125 389019.062500 196023.406250
737 1627.863159 196023.390625 258383.453125 389019.062500 196023.406250
738 1630.172852 196023.390625 258383.453125 389019.062500 196023.406250
739 1632.536133 196023.390625 258383.453125 389019.062500 196023.406250
740 1634.468872 196023.390625 257972.953125 389019.062500 196023.406250
741 1636.887695 196023.390625 255382.375000 389019.062500 196023.406250
742 1639.012207 196023.390625 252791.796875 389019.062500 196023.406250
743 1641.548584 196023.390625 252791.796875 389019.062500 196023.406250
744 1643.519775 196023.390625 252791.796875 389019.062500 196023.406250
745 1645.513306 196023.390625 252791.796875 389019.062500 196023.406250
746 1647.687134 196023.390625 255385.234375 389019.062500 196023.406250
747 1650.142334 196023.390625 255385.234375 389019.062500 196023.406250
748 1652.281250 196023.390625 255385.234375 389019.062500 196023.406250
749 1654.498901 196023.390625 255308.218750 389019.062500 196023.406250
750 1656.998901 196023.390625 256713.265625 389019.062500 196023.406250
751 1659.344727 196023.390625 256713.265625 389019.062500 196023.406250
752 1661.581909 196023.390625 256713.265625 389019.062500 196023.406250
753 1663.648438 196023.390625 256713.265625 389019.062500 196023.406250
754 1665.759155 196023.390625 256713.265625 389019.062500 196023.406250
755 1668.162842 196023.390625 256713.265625 389019.062500 196023.406250
756 1670.665161 196023.390625 256713.265625 389019.062500 196023.406250
757 1673.175293 196023.390625 256713.265625 389019.062500 196023.406250
758 1675.634277 196023.390625 256713.265625 389019.062500 196023.406250
759 1677.594116 196023.390625 256713.265625 389019.062500 196023.406250
760 1679.914551 196023.390625 255308.203125 389019.062500 196023.406250
761 1682.260132 196023.390625 255308.203125 389019.062500 196023.406250
762 1684.373779 196023.390625 255308.203125 389019.062500 196023.406250
763 1686.500488 196023.390625 255308.203125 389019.062500 196023.406250
764 1688.552246 196023.390625 255308.203125 389019.062500 196023.406250
765 1690.728882 196023.390625 253061.765625 389019.062500 196023.406250
766 1692.951416 196023.390625 256319.062500 389019.062500 196023.406250
767 1695.159546 196023.390625 256319.078125 389019.062500 196023.406250
768 1697.717163 196023.390625 256319.078125 389019.062500 196023.406250
769 1699.450073 196023.390625 259277.265625 389019.062500 196023.406250
770 1701.741211 196023.390625 259277.281250 389019.062500 196023.406250
771 1703.859863 196023.390625 259277.281250 389019.062500 196023.406250
772 1705.645508 196023.390625 259277.281250 389019.062500 196023.406250
773 1707.884277 196023.390625 259277.265625 389019.062500 196023.406250
774 1710.334961 196023.390625 260772.078125 389019.062500 196023.406250
775 1712.585938 196023.390625 260772.078125 389019.062500 196023.406250
776 1714.635254 196023.390625 261232.656250 389019.062500 196023.406250
777 1716.708130 196023.390625 270042.031250 426245.281250 196023.406250
778 1718.626221 196023.390625 268929.750000 389019.062500 196023.406250
779 1720.731445 196023.390625 268929.750000 389019.062500 196023.406250
780 1722.733521 196023.390625 268929.750000 389019.062500 196023.406250
781 1724.593872 196023.390625 272677.031250 389019.062500 196023.406250
782 1726.752808 196023.390625 274695.906250 383388.656250 196023.406250
783 1728.622437 196023.390625 275698.281250 383388.656250 196023.406250
784 1730.464966 196023.390625 274485.468750 383388.656250 196023.406250
785 1732.377197 196023.390625 274485.218750 383388.656250 196023.406250
786 1734.540771 196023.390625 274478.281250 383388.656250 196023.406250
787 1737.232910 196023.390625 274475.000000 383388.656250 196023.406250
788 1739.371216 196023.390625 274471.593750 383388.656250 196023.406250
789 1741.253906 196023.390625 274458.468750 383388.656250 196023.406250
790 1743.740601 196023.390625 279927.031250 383388.656250 196023.406250
791 1746.092896 196023.390625 278419.906250 383388.656250 196023.406250
792 1748.077148 196023.390625 277399.750000 383388.656250 196023.406250
793 1750.063477 196023.390625 275768.812500 383388.656250 196023.406250
794 1752.391602 196023.390625 273763.968750 383388.656250 196023.406250
795 1754.777588 196023.390625 273745.406250 383388.656250 196023.406250
796 1757.315674 196023.390625 271154.812500 383388.656250 196023.406250
797 1759.852905 196023.390625 271154.812500 383388.656250 196023.406250
798 1762.278687 196023.390625 271154.812500 383388.656250 196023.406250
799 1764.621460 196023.390625 271154.812500 383388.656250 196023.406250
800 1766.966553 196023.390625 271154.812500 383388.656250 196023.406250
801 1769.441650 196023.390625 271154.812500 383388.656250 196023.406250
802 1771.243774 196023.390625 271154.812500 383388.656250 196023.406250
803 1773.417725 196023.390625 270039.687500 383388.656250 196023.406250
804 1775.520874 196023.390625 270039.687500 383388.656250 196023.406250
805 1777.863403 196023.390625 271888.718750 383388.656250 196023.406250
806 1780.448608 196023.390625 271888.718750 383388.656250 196023.406250
807 1782.703369 196023.390625 271888.718750 383388.656250 196023.406250
808 1785.167969 196023.390625 269298.125000 383388.656250 196023.406250
809 1787.995972 196023.390625 271468.250000 383388.656250 196023.406250
810 1790.394165 196023.390625 272801.468750 383388.656250 196023.406250
811 1792.607666 196023.390625 275493.750000 383388.656250 196023.406250
812 1794.329468 196023.390625 279487.156250 463266.437500 196023.406250
813 1796.247192 196023.390625 275417.906250 383388.656250 196023.406250
814 1798.366333 196023.390625 275370.125000 383388.656250 196023.406250
815 1800.610962 196023.390625 275365.687500 383388.656250 196023.406250
816 1802.731689 196023.390625 275363.000000 383388.656250 196023.406250
817 1804.674683 196023.390625 275360.937500 383388.656250 196023.406250
818 1807.163452 196023.390625 275352.875000 383388.656250 196023.406250
819 1809.356323 196023.390625 275618.500000 383388.656250 196023.406250
820 1811.489258 196023.390625 275608.406250 383388.656250 196023.406250
821 1813.609619 196023.390625 274837.406250 383388.656250 196023.406250
822 1815.931030 196023.390625 274134.250000 383388.656250 196023.406250
823 1817.802612 196023.390625 276285.250000 383388.656250 196023.406250
824 1819.670044 196023.390625 275972.031250 383388.656250 196023.406250
825 1821.917847 196023.390625 279315.593750 383388.656250 196023.406250
826 1824.290649 196023.390625 278633.843750 383388.656250 196023.406250
827 1826.388916 196023.390625 278792.031250 383388.656250 196023.406250
828 1828.633179 196023.390625 278617.750000 383388.656250 196023.406250
829 1830.774414 196023.390625 277993.500000 383388.656250 196023.406250
830 1833.105713 196023.390625 276505.093750 383388.656250 196023.406250
831 1835.383179 196023.390625 276461.031250 383388.656250 196023.406250
832 1837.693726 196023.390625 275364.875000 383388.656250 196023.406250
833 1839.782959 196023.390625 275344.218750 383388.656250 196023.406250
834 1842.234741 196023.390625 275344.218750 383388.656250 196023.406250
835 1844.097290 196023.390625 275150.031250 383388.656250 196023.406250
836 1846.398193 196023.390625 275150.031250 383388.656250 196023.406250
837 1848.405396 196023.390625 275150.031250 383388.656250 196023.406250
838 1850.641479 196023.390625 275150.031250 383388.656250 196023.406250
839 1852.558472 196023.390625 278949.031250 385973.812500 196023.406250
840 1854.352905 196023.390625 273746.656250 383388.656250 196023.406250
841 1856.758789 196023.390625 273630.812500 383388.656250 196023.406250
842 1858.604370 196023.390625 274030.343750 383388.656250 196023.406250
843 1860.717163 196023.390625 273630.812500 383388.656250 196023.406250
844 1862.890625 196023.390625 273630.812500 383388.656250 196023.406250
845 1864.660400 196023.390625 273630.812500 383388.656250 196023.406250
846 1867.046997 196023.390625 273630.812500 383388.656250 196023.406250
847 1869.324219 196023.390625 273630.812500 383388.656250 196023.406250
848 1871.531372 196023.390625 273630.781250 383388.656250 196023.406250
849 1873.936035 196023.390625 271040.187500 383388.656250 196023.406250
850 1876.084473 196023.390625 268449.593750 383388.656250 196023.406250
851 1878.335449 196023.390625 268449.593750 383388.656250 196023.406250
852 1880.568848 196023.390625 268449.593750 383388.656250 196023.406250
853 1882.909790 196023.390625 268449.593750 383388.656250 196023.406250
854 1885.266235 196023.390625 268449.593750 383388.656250 196023.406250
855 1887.234863 196023.390625 267986.187500 383388.656250 196023.406250
856 1889.568237 196023.390625 270937.625000 383388.656250 196023.406250
857 1891.963745 196023.390625 271081.062500 383388.656250 196023.406250
858 1893.863403 196023.390625 271081.031250 383388.656250 196023.406250
859 1895.892578 196023.390625 271081.031250 383388.656250 196023.406250
860 1897.828613 196023.390625 268951.000000 383388.656250 196023.406250
861 1900.178955 196023.390625 266318.281250 383388.656250 196023.406250
862 1902.334595 196023.390625 266318.281250 383388.656250 196023.406250
863 1904.322266 196023.390625 266318.281250 383388.656250 196023.406250
864 1906.367798 196023.390625 267930.687500 411258.687500 196023.406250
865 1908.803955 196023.390625 267287.968750 383388.656250 196023.406250
866 1910.988403 196023.390625 264553.937500 383388.656250 196023.406250
867 1913.275269 196023.390625 265138.593750 383388.656250 196023.406250
868 1915.543579 196023.390625 264662.812500 383388.656250 196023.406250
869 1917.419312 196023.390625 267101.375000 383388.656250 196023.406250
870 1919.514648 196023.390625 267101.375000 383388.656250 196023.406250
871 1921.540405 196023.390625 267101.375000 383388.656250 196023.406250
872 1923.415161 196023.390625 264912.218750 383388.656250 196023.406250
873 1925.537354 196023.390625 264912.218750 383388.656250 196023.406250
874 1927.979126 196023.390625 264327.593750 383388.656250 196023.406250
875 1929.936401 196023.390625 271903.375000 434951.718750 196023.406250
876 1932.153442 196023.390625 270786.750000 383388.656250 196023.406250
877 1934.428955 196023.390625 270786.750000 383388.656250 196023.406250
878 1936.707275 196023.390625 270786.750000 383388.656250 196023.406250
879 1938.876587 196023.390625 270786.750000 383388.656250 196023.406250
880 1941.085938 196023.390625 270786.750000 383388.656250 196023.406250
881 1943.349121 196023.390625 270786.750000 383388.656250 196023.406250
882 1945.708618 196023.390625 270786.750000 383388.656250 196023.406250
883 1948.169189 196023.390625 270786.750000 383388.656250 196023.406250
884 1950.331665 196023.390625 270786.750000 383388.656250 196023.406250
885 1952.618652 196023.390625 270786.750000 383388.656250 196023.406250
886 1954.659180 196023.390625 267989.531250 383388.656250 196023.406250
887 1957.112549 196023.390625 267989.531250 383388.656250 196023.406250
888 1958.883789 196023.390625 267989.500000 383388.656250 196023.406250
889 1960.850220 196023.390625 267989.500000 383388.656250 196023.406250
890 1963.175903 196023.390625 270102.156250 423582.875000 196023.406250
891 1965.235229 196023.390625 266254.750000 383388.656250 196023.406250
892 1967.564941 196023.390625 263198.625000 383388.656250 196023.406250
893 1969.640381 196023.390625 260112.984375 383388.656250 196023.406250
894 1971.781006 196023.390625 260112.984375 383388.656250 196023.406250
895 1974.009888 196023.390625 260112.984375 383388.656250 196023.406250
896 1975.814941 196023.390625 260112.984375 383388.656250 196023.406250
897 1977.981934 196023.390625 256930.734375 383388.656250 196023.406250
898 1980.113159 196023.390625 256930.734375 383388.656250 196023.406250
899 1982.576416 196023.390625 256930.734375 383388.656250 196023.406250
900 1984.744263 196023.390625 256930.718750 383388.656250 196023.406250
901 1986.809692 196023.390625 253979.281250 383388.656250 196023.406250
902 1988.868042 196023.390625 250633.640625 383388.656250 196023.406250
903 1990.916016 196023.390625 250633.640625 383388.656250 196023.406250
904 1992.950684 196023.390625 249812.203125 383388.656250 196023.406250
905 1994.886963 196023.390625 249631.640625 383388.656250 196023.406250
906 1996.832520 196023.390625 249631.640625 383388.656250 196023.406250
907 1999.015503 196023.390625 249631.640625 383388.656250 196023.406250
908 2000.957153 196023.390625 249631.640625 383388.656250 196023.406250
909 2003.268311 196023.390625 249631.640625 383388.656250 196023.406250
910 2005.177124 196023.390625 246554.875000 383388.656250 196023.406250
911 2007.156006 196023.390625 246554.875000 383388.656250 196023.406250
912 2008.836548 196023.390625 246554.875000 383388.656250 196023.406250
913 2011.127441 196023.390625 246554.875000 383388.656250 196023.406250
914 2012.805298 196023.390625 246641.937500 383388.656250 196023.406250
915 2015.252075 196023.390625 246641.937500 383388.656250 196023.406250
916 2017.381714 196023.390625 246641.937500 383388.656250 196023.406250
917 2019.555298 196023.390625 246641.937500 383388.656250 196023.406250
918 2021.580566 196023.390625 246641.937500 383388.656250 196023.406250
919 2023.960327 196023.390625 249963.187500 383388.656250 196023.406250
920 2026.406128 196023.390625 249963.187500 383388.656250 196023.406250
921 2028.413696 196023.390625 249963.156250 383388.656250 196023.406250
922 2030.546021 196023.390625 249963.156250 383388.656250 196023.406250
