0 0.000002 223465.265625 226538.734375 232830.640625 223465.265625
1 4.045042 220243.750000 226538.734375 232830.640625 223465.265625
2 7.785367 220157.156250 226473.406250 232830.640625 220243.750000
3 11.194571 218602.796875 226257.953125 232830.640625 220157.156250
4 15.409497 216198.953125 226166.312500 232830.640625 218602.796875
5 19.879160 213576.671875 225864.843750 232830.640625 216198.953125
6 23.478928 212917.546875 225643.234375 232830.640625 213576.671875
7 28.340776 212081.234375 225480.640625 232830.640625 212917.546875
8 32.320087 211462.734375 225310.921875 232830.640625 212081.234375
9 35.843479 210868.531250 225093.078125 232830.640625 211462.734375
10 40.373608 209129.140625 224962.843750 232830.640625 210868.531250
11 44.814255 208192.500000 229281.156250 450384.031250 209129.140625
12 48.850899 206758.812500 229029.875000 450384.031250 208192.500000
13 53.258411 205831.765625 228865.875000 450384.031250 206758.812500
14 57.467487 204731.484375 228733.156250 450384.031250 205831.765625
15 61.364857 204329.640625 228561.078125 450384.031250 204731.484375
16 65.197289 204167.515625 228485.796875 450384.031250 204329.640625
17 69.743889 203397.796875 228405.875000 450384.031250 204167.515625
18 73.605370 203298.937500 228309.953125 450384.031250 203397.796875
19 77.157669 202774.515625 228216.203125 450384.031250 203298.937500
20 81.800232 202408.453125 229777.312500 450384.031250 202774.515625
21 85.762756 201832.843750 229345.359375 450384.031250 202408.453125
22 89.787231 201832.765625 229257.687500 450384.031250 201832.843750
23 93.653290 201624.015625 229158.281250 450384.031250 201832.765625
24 97.055710 201443.843750 229089.515625 450384.031250 201624.015625
25 101.118896 201312.109375 228992.156250 450384.031250 201443.843750
26 105.692406 201007.703125 228935.000000 450384.031250 201312.109375
27 110.086945 201007.703125 228827.265625 450384.031250 201007.703125
28 114.315002 200785.031250 233941.953125 450384.031250 201008.187500
29 117.947968 200123.140625 233063.718750 450384.031250 200785.031250
30 122.577660 200122.843750 232927.500000 450384.031250 200123.140625
31 126.536964 200122.828125 232833.265625 450384.031250 200122.843750
32 130.819427 199886.359375 232746.218750 450384.031250 200122.828125
33 135.346939 199853.609375 232638.859375 450384.031250 199886.359375
34 138.947647 199780.218750 232527.812500 450384.031250 199853.609375
35 142.346405 199714.718750 232379.984375 450384.031250 199780.218750
36 146.947769 199064.718750 235250.281250 450384.031250 199714.718750
37 151.401199 199013.718750 232407.046875 354086.843750 199064.718750
38 155.956528 198962.468750 232600.656250 354086.843750 199013.718750
39 160.347214 198962.468750 231770.281250 354086.843750 198962.468750
40 164.548965 198864.500000 230518.796875 354086.843750 198962.468750
41 168.989059 198864.406250 228721.921875 354086.843750 198864.500000
42 173.108093 198289.671875 226928.640625 354086.843750 198864.406250
43 176.948288 198289.671875 224458.421875 354086.843750 198289.671875
44 181.101593 197618.171875 221850.859375 225948.375000 198289.671875
45 185.447845 197382.984375 221803.640625 225948.375000 197618.171875
46 189.475662 197172.859375 221774.515625 225948.375000 197382.984375
47 193.307022 197172.734375 221743.687500 225948.375000 197172.859375
48 197.388260 197172.734375 221720.562500 225186.171875 197172.734375
49 200.971786 197132.562500 221709.359375 225186.171875 197172.734375
50 204.567673 197100.937500 221696.046875 225186.171875 197132.562500
51 208.799286 197097.484375 221692.656250 225186.171875 197100.937500
52 212.301575 197054.906250 221688.937500 225186.171875 197097.484375
53 216.511856 197045.859375 221685.000000 225186.171875 197054.906250
54 220.344772 197024.125000 221675.140625 225186.171875 197045.859375
55 224.757294 197024.125000 221657.093750 225186.171875 197024.125000
56 229.563309 196981.328125 221641.312500 225186.171875 197024.125000
57 234.313171 196798.609375 221638.500000 225186.171875 196981.328125
58 238.407074 196798.609375 221634.453125 225186.171875 196798.609375
59 242.507034 196758.484375 222570.625000 244987.375000 196798.671875
60 246.375763 196753.421875 222032.437500 244987.375000 196758.484375
61 251.582428 196753.265625 222009.546875 244987.375000 196753.421875
62 256.223541 196753.265625 222007.921875 244987.375000 196753.265625
63 260.293976 196753.265625 222007.812500 244987.375000 196753.265625
64 264.700806 196753.265625 222005.906250 244987.375000 196753.265625
65 268.839996 196753.265625 223369.265625 281587.343750 196753.265625
66 272.909607 196374.500000 222536.343750 244987.375000 196753.265625
67 276.885010 196374.500000 221555.312500 240169.734375 196374.500000
68 281.805725 196374.500000 221547.859375 240169.734375 196374.500000
69 285.966339 196374.250000 221534.312500 240169.734375 196374.500000
70 289.849670 196374.250000 221532.937500 240169.734375 196374.250000
71 294.679749 196374.250000 221532.000000 240169.734375 196374.250000
72 298.254181 196374.250000 221531.906250 240169.734375 196374.250000
73 302.481476 196361.875000 221524.562500 240169.734375 196374.250000
74 307.218567 196361.875000 221522.484375 240169.734375 196361.875000
75 311.574219 196361.875000 223501.921875 295345.531250 196362.109375
76 315.854614 196361.875000 222681.187500 295345.531250 196362.109375
77 320.030334 196361.875000 222679.406250 295345.531250 196361.937500
78 324.412262 196201.687500 222678.421875 295345.531250 196361.937500
79 328.413666 196201.640625 222672.640625 295345.531250 196201.687500
80 333.011505 196201.531250 222661.718750 295345.531250 196201.640625
81 337.309113 196201.531250 222657.906250 295345.531250 196201.531250
82 341.493988 196067.265625 222654.703125 295345.531250 196201.531250
83 345.523956 196034.390625 222645.875000 295345.531250 196067.265625
84 349.474304 195930.343750 222638.078125 295345.531250 196034.390625
85 354.870239 195930.343750 222631.156250 295345.531250 195930.343750
86 358.471008 195930.031250 222628.015625 295345.531250 195930.343750
87 361.751709 195899.718750 222628.000000 295345.531250 195930.031250
88 364.770630 195899.640625 222624.593750 295345.531250 195899.718750
89 368.276367 195899.640625 222618.406250 295345.531250 195899.640625
90 372.731476 195899.640625 222617.796875 295345.531250 195899.640625
91 376.440704 195899.640625 222612.906250 295345.531250 195899.640625
92 380.160248 195849.906250 222611.984375 295345.531250 195899.640625
93 384.797607 195849.906250 222611.000000 295345.531250 195849.906250
94 388.562836 195849.906250 222603.375000 295345.531250 195849.906250
95 392.288849 195849.906250 222602.656250 295345.531250 195849.906250
96 396.277039 195849.906250 222601.203125 295345.531250 195849.906250
97 400.830017 195849.906250 222601.140625 295345.531250 195849.906250
98 404.848633 195849.906250 222601.125000 295345.531250 195849.906250
99 409.242188 195849.843750 222601.125000 295345.531250 195849.906250
100 412.877350 195849.843750 222596.593750 295345.531250 195849.843750
101 416.261444 195849.843750 222581.078125 295345.531250 195849.843750
102 419.669403 195849.843750 222581.078125 295345.531250 195849.843750
103 423.879608 195849.843750 222581.078125 295345.531250 195849.843750
104 427.707642 195817.718750 222581.078125 295345.531250 195849.843750
105 432.554657 195817.718750 222580.421875 295345.531250 195817.718750
106 436.169586 195817.453125 222550.062500 295345.531250 195817.718750
107 440.175079 195817.281250 222549.406250 295345.531250 195817.453125
108 444.880157 195817.281250 222548.734375 295345.531250 195817.281250
109 448.402039 195817.281250 222548.093750 295345.531250 195817.281250
110 452.845215 195817.281250 222548.093750 295345.531250 195817.281250
111 456.820862 195817.281250 222547.437500 295345.531250 195817.281250
112 460.383118 195817.281250 222546.796875 295345.531250 195817.281250
113 465.295593 195817.281250 222477.312500 295345.531250 195817.281250
114 469.160034 195817.281250 222477.312500 295345.531250 195817.281250
115 472.484589 195817.265625 226467.187500 395310.625000 195817.281250
116 477.207916 195817.265625 224301.000000 295345.531250 195817.265625
117 480.695221 195817.265625 223344.218750 255937.171875 195817.265625
118 484.770386 195817.265625 222757.781250 255937.171875 195817.265625
119 489.220642 195817.265625 222757.781250 255937.171875 195817.265625
120 493.618195 195817.265625 222531.593750 255937.171875 195817.265625
121 497.844513 195817.265625 222531.593750 255937.171875 195817.265625
122 501.959015 195817.265625 222531.593750 255937.171875 195817.265625
123 506.086212 195817.265625 221944.234375 255937.171875 195817.265625
124 509.619202 195817.265625 221356.875000 255937.171875 195817.265625
125 513.892700 195817.265625 221356.875000 255937.171875 195817.265625
126 518.565796 195817.265625 221356.875000 255937.171875 195817.265625
127 523.555664 195817.265625 221356.875000 255937.171875 195817.265625
128 528.578064 195817.265625 221356.875000 255937.171875 195817.265625
129 532.518982 195817.265625 221356.875000 255937.171875 195817.265625
130 536.947510 195817.265625 221356.875000 255937.171875 195817.265625
131 540.996216 195817.265625 221356.859375 255937.171875 195817.265625
132 545.027588 195817.265625 221356.859375 255937.171875 195817.265625
133 548.588501 195817.265625 221356.859375 255937.171875 195817.265625
134 553.156921 195817.265625 221356.859375 255937.171875 195817.265625
135 557.620911 195817.265625 221356.859375 255937.171875 195817.265625
136 561.899292 195817.265625 221356.859375 255937.171875 195817.265625
137 565.057983 195817.265625 221356.859375 255937.171875 195817.265625
138 569.248596 195817.171875 221356.859375 255937.171875 195817.265625
139 573.524048 195817.171875 221356.859375 255937.171875 195817.171875
140 577.825623 195817.171875 221356.859375 255937.171875 195817.171875
141 581.849487 195817.171875 223031.812500 279565.718750 195817.171875
142 586.238464 195817.171875 222340.234375 255937.171875 195817.171875
143 590.577515 195817.171875 222340.234375 255937.171875 195817.171875
144 593.729614 195817.171875 222340.218750 255937.171875 195817.171875
145 597.474609 195817.171875 222340.218750 255937.171875 195817.171875
146 600.696411 195817.171875 221752.859375 255937.171875 195817.171875
147 604.385437 195817.171875 221752.859375 255937.171875 195817.171875
148 608.445923 195817.171875 221752.859375 255937.171875 195817.171875
149 612.758728 195817.171875 221165.500000 255937.171875 195817.171875
150 616.644958 195817.171875 221165.500000 255937.171875 195817.171875
151 620.880859 195817.109375 223499.203125 312502.218750 195817.171875
152 624.780884 195817.109375 222148.906250 255937.171875 195817.109375
153 628.366699 195817.109375 222531.078125 255937.171875 195817.109375
154 633.108826 195817.109375 222531.078125 255937.171875 195817.109375
155 637.119995 195817.109375 222148.906250 255937.171875 195817.109375
156 641.185730 195817.109375 221561.546875 255937.171875 195817.109375
157 645.008362 195817.109375 220974.187500 255937.171875 195817.109375
158 648.830139 195817.109375 220974.187500 255937.171875 195817.109375
159 652.732788 195817.109375 220974.187500 255937.171875 195817.109375
160 656.654053 195817.109375 220974.187500 255937.171875 195817.109375
161 660.668823 195817.109375 222706.375000 282428.093750 195817.109375
162 664.906921 195817.109375 221957.562500 255937.171875 195817.109375
163 669.377991 195817.109375 221957.562500 255937.171875 195817.109375
164 672.717651 195817.109375 221957.562500 255937.171875 195817.109375
165 676.801392 195817.109375 221957.562500 255937.171875 195817.109375
166 680.259888 195817.109375 221957.562500 255937.171875 195817.109375
167 683.641052 195817.109375 222002.656250 255937.171875 195817.109375
168 687.755981 195817.109375 222002.656250 255937.171875 195817.109375
169 691.497131 195817.109375 222002.656250 255937.171875 195817.109375
170 695.554382 195817.109375 222002.656250 255937.171875 195817.109375
171 700.144409 195817.109375 222002.656250 255937.171875 195817.109375
172 704.632263 195817.109375 221957.562500 255937.171875 195817.109375
173 709.066040 195817.109375 221957.562500 255937.171875 195817.109375
174 713.122375 195817.109375 221957.562500 255937.171875 195817.109375
175 717.037170 195817.109375 221957.546875 255937.171875 195817.109375
176 720.677307 195817.109375 221957.546875 255937.171875 195817.109375
177 724.697327 195817.109375 221957.546875 255937.171875 195817.109375
178 728.588562 195817.109375 221957.546875 255937.171875 195817.109375
179 732.375793 195817.109375 221370.187500 255937.171875 195817.109375
180 736.551819 195817.109375 220782.843750 255937.171875 195817.109375
181 740.044312 195817.109375 220782.812500 255937.171875 195817.109375
182 743.907715 195817.109375 220782.812500 255937.171875 195817.109375
183 748.238037 195817.109375 220782.812500 255937.171875 195817.109375
184 752.822510 195817.109375 220195.453125 255937.171875 195817.109375
185 756.304138 195817.109375 220195.453125 255937.171875 195817.109375
186 759.134949 195817.109375 220195.453125 255937.171875 195817.109375
187 763.324524 195817.109375 220195.453125 255937.171875 195817.109375
188 767.107422 195817.109375 220195.453125 255937.171875 195817.109375
189 772.375305 195817.109375 220195.453125 255937.171875 195817.109375
190 775.859192 195817.109375 220195.453125 255937.171875 195817.109375
191 779.642517 195817.109375 220195.453125 255937.171875 195817.109375
192 784.064026 195817.109375 220195.453125 255937.171875 195817.109375
193 788.659668 195817.109375 220195.437500 255937.171875 195817.109375
194 792.667908 195817.109375 220195.437500 255937.171875 195817.109375
195 796.623535 195817.109375 220195.437500 255937.171875 195817.109375
196 800.329895 195817.109375 219608.078125 255937.171875 195817.109375
197 805.057373 195817.109375 219608.078125 255937.171875 195817.109375
198 809.545471 195817.109375 219608.078125 255937.171875 195817.109375
199 814.031372 195817.109375 219608.078125 255937.171875 195817.109375
200 818.367188 195817.109375 219020.718750 255937.171875 195817.109375
201 823.098083 195817.109375 219304.406250 255937.171875 195817.109375
202 826.832336 195817.109375 219304.406250 255937.171875 195817.109375
203 830.516968 195817.109375 219304.406250 255937.171875 195817.109375
204 834.632080 195817.109375 219304.406250 255937.171875 195817.109375
205 838.500305 195817.109375 219020.734375 255937.171875 195817.109375
206 842.310242 195817.109375 219020.734375 255937.171875 195817.109375
207 846.081787 195817.109375 219020.734375 255937.171875 195817.109375
208 849.341492 195817.109375 219020.734375 255937.171875 195817.109375
209 853.706726 195817.109375 219020.734375 255937.171875 195817.109375
210 857.824829 195817.109375 218433.375000 255937.171875 195817.109375
211 861.358032 195817.109375 218433.375000 255937.171875 195817.109375
212 865.545654 195817.109375 218433.375000 255937.171875 195817.109375
213 868.511719 195817.109375 218433.375000 255937.171875 195817.109375
214 872.460632 195817.109375 218433.375000 255937.171875 195817.109375
215 876.008057 195817.109375 217846.015625 255937.171875 195817.109375
216 880.146851 195817.109375 217258.656250 255937.171875 195817.109375
217 883.208984 195817.109375 216671.312500 255937.171875 195817.109375
218 886.342285 195817.109375 216671.312500 255937.171875 195817.109375
219 890.281982 195817.109375 216671.296875 255937.171875 195817.109375
220 894.373413 195817.109375 216671.296875 255937.171875 195817.109375
221 898.389160 195817.109375 216083.953125 255937.171875 195817.109375
222 902.754089 195817.109375 219280.265625 355632.937500 195817.109375
223 907.166443 195817.109375 217067.359375 255937.171875 195817.109375
224 911.433411 195817.109375 217067.343750 255937.171875 195817.109375
225 915.408875 195817.109375 217067.343750 255937.171875 195817.109375
226 920.001465 195817.109375 217067.343750 255937.171875 195817.109375
227 924.445190 195817.109375 217067.343750 255937.171875 195817.109375
228 928.557434 195817.109375 217067.343750 255937.171875 195817.109375
229 932.630676 195817.109375 217067.343750 255937.171875 195817.109375
230 936.956238 195817.109375 217067.343750 255937.171875 195817.109375
231 941.227905 195817.109375 217067.343750 255937.171875 195817.109375
232 945.202087 195817.109375 217067.343750 255937.171875 195817.109375
233 948.872559 195817.109375 217067.343750 255937.171875 195817.109375
234 953.062805 195817.109375 217067.343750 255937.171875 195817.109375
235 956.266602 195817.109375 217067.343750 255937.171875 195817.109375
236 960.072815 195817.109375 217067.343750 255937.171875 195817.109375
237 963.978821 195817.109375 222959.937500 439125.750000 195817.109375
238 968.199036 195817.109375 227719.921875 439125.750000 195817.109375
239 973.248169 195817.109375 224960.921875 439125.750000 195817.109375
240 977.647095 195817.109375 221078.140625 247139.593750 195817.109375
241 980.940979 195817.109375 221078.140625 247139.593750 195817.109375
242 984.407410 195817.109375 221078.140625 247139.593750 195817.109375
243 988.485168 195817.109375 221078.140625 247139.593750 195817.109375
244 992.961975 195817.109375 221078.140625 247139.593750 195817.109375
245 996.998535 195817.109375 221078.140625 247139.593750 195817.109375
246 1001.628662 195817.109375 221078.140625 247139.593750 195817.109375
247 1005.910156 195817.109375 221078.140625 247139.593750 195817.109375
248 1010.495483 195817.109375 221078.140625 247139.593750 195817.109375
249 1013.952637 195817.109375 221078.140625 247139.593750 195817.109375
250 1017.156982 195817.109375 221078.140625 247139.593750 195817.109375
251 1021.412903 195817.109375 221078.140625 247139.593750 195817.109375
252 1025.774048 195817.109375 221078.140625 247139.593750 195817.109375
253 1030.402344 195817.109375 221078.140625 247139.593750 195817.109375
254 1035.134277 195817.109375 221078.140625 247139.593750 195817.109375
255 1039.438477 195817.109375 221078.140625 247139.593750 195817.109375
256 1043.599487 195817.109375 221078.140625 247139.593750 195817.109375
257 1047.536865 195817.109375 221078.140625 247139.593750 195817.109375
258 1052.282349 195817.109375 221078.140625 247139.593750 195817.109375
259 1056.941040 195817.109375 221078.140625 247139.593750 195817.109375
260 1060.785400 195817.109375 221078.140625 247139.593750 195817.109375
261 1063.770020 195817.109375 221078.125000 247139.593750 195817.109375
262 1067.701050 195817.109375 224432.203125 363520.687500 195817.109375
263 1071.978271 195817.109375 222061.515625 247139.593750 195817.109375
264 1076.209106 195817.109375 221500.500000 247139.593750 195817.109375
265 1079.816040 195817.109375 221500.500000 247139.593750 195817.109375
266 1083.481812 195817.109375 221500.500000 247139.593750 195817.109375
267 1088.409668 195817.109375 221500.500000 247139.593750 195817.109375
268 1092.618286 195817.109375 222733.062500 257445.359375 195817.109375
269 1096.335815 195817.109375 222483.906250 247139.593750 195817.109375
270 1100.791260 195817.109375 222483.906250 247139.593750 195817.109375
271 1104.851074 195817.109375 222483.906250 247139.593750 195817.109375
272 1108.421509 195817.109375 225096.625000 326453.187500 195817.109375
273 1112.917114 195817.109375 223467.281250 247139.593750 195817.109375
274 1117.816406 195817.109375 223467.281250 247139.593750 195817.109375
275 1121.500732 195817.109375 223467.281250 247139.593750 195817.109375
276 1125.405884 195817.109375 223467.281250 247139.593750 195817.109375
277 1129.472412 195817.109375 223467.281250 247139.593750 195817.109375
278 1133.509521 195817.109375 223467.281250 247139.593750 195817.109375
279 1137.827271 195817.109375 223467.281250 247139.593750 195817.109375
280 1142.058838 195817.109375 223467.281250 247139.593750 195817.109375
281 1146.933228 195817.109375 223467.281250 247139.593750 195817.109375
282 1151.448242 195817.109375 222879.921875 247139.593750 195817.109375
283 1156.106934 195817.109375 222879.921875 247139.593750 195817.109375
284 1160.016846 195817.109375 222879.921875 247139.593750 195817.109375
285 1162.954346 195817.109375 222879.921875 247139.593750 195817.109375
286 1167.166138 195817.109375 222879.921875 247139.593750 195817.109375
287 1170.618896 195817.109375 222879.921875 247139.593750 195817.109375
288 1174.007446 195817.109375 222879.921875 247139.593750 195817.109375
289 1177.493164 195817.109375 222292.578125 247139.593750 195817.109375
290 1181.271729 195817.109375 224017.125000 282044.656250 195817.109375
291 1185.525513 195817.109375 223275.953125 247139.593750 195817.109375
292 1189.178345 195817.109375 223275.953125 247139.593750 195817.109375
293 1193.366821 195817.109375 223275.953125 247139.593750 195817.109375
294 1198.056885 195817.109375 223275.953125 247139.593750 195817.109375
295 1201.735840 195817.109375 223275.953125 247139.593750 195817.109375
296 1205.797974 195817.109375 222688.593750 247139.593750 195817.109375
297 1209.281494 195817.109375 222688.593750 247139.593750 195817.109375
298 1213.840820 195817.109375 224344.437500 278609.406250 195817.250000
299 1218.332642 195817.109375 224301.375000 278609.406250 195817.250000
300 1222.701416 195817.109375 224301.375000 278609.406250 195817.250000
301 1226.665283 195817.109375 224301.375000 278609.406250 195817.250000
302 1230.759399 195817.109375 224301.375000 278609.406250 195817.250000
303 1234.541016 195817.109375 224301.375000 278609.406250 195817.250000
304 1239.227661 195817.109375 224301.375000 278609.406250 195817.250000
305 1242.325195 195817.109375 225045.578125 278609.406250 195817.250000
306 1246.837280 195817.109375 224458.218750 278609.406250 195817.250000
307 1250.384766 195817.109375 223870.859375 278609.406250 195817.250000
308 1253.821899 195817.109375 223870.859375 278609.406250 195817.250000
309 1258.655518 195817.109375 223870.859375 278609.406250 195817.250000
310 1263.061157 195817.109375 223870.859375 278609.406250 195817.250000
311 1266.811768 195817.109375 223870.859375 278609.406250 195817.250000
312 1270.261475 195817.109375 223870.859375 278609.406250 195817.250000
313 1274.078125 195817.109375 223870.859375 278609.406250 195817.250000
314 1278.442749 195817.109375 223870.859375 278609.406250 195817.250000
315 1282.588623 195817.109375 223870.859375 278609.406250 195817.250000
316 1286.813477 195817.109375 223870.859375 278609.406250 195817.140625
317 1290.887573 195817.109375 223870.859375 278609.406250 195817.140625
318 1295.890503 195817.109375 223870.859375 278609.406250 195817.140625
319 1299.725098 195817.109375 223870.859375 278609.406250 195817.140625
320 1303.707520 195817.109375 223870.859375 278609.406250 195817.140625
321 1307.651978 195817.109375 223870.859375 278609.406250 195817.140625
322 1311.314453 195817.109375 223283.500000 278609.406250 195817.140625
323 1315.327637 195817.109375 223283.500000 278609.406250 195817.140625
324 1319.967896 195817.109375 223283.500000 278609.406250 195817.140625
325 1323.896240 195817.109375 223283.500000 278609.406250 195817.140625
326 1328.685913 195817.109375 223283.500000 278609.406250 195817.140625
327 1332.585205 195817.109375 223283.500000 278609.406250 195817.140625
328 1337.032837 195817.109375 223283.500000 278609.406250 195817.140625
329 1341.010010 195817.109375 223283.500000 278609.406250 195817.140625
330 1345.509888 195817.109375 223283.500000 278609.406250 195817.140625
331 1349.641602 195817.109375 223283.500000 278609.406250 195817.140625
332 1353.495117 195817.109375 223283.484375 278609.406250 195817.140625
333 1357.615723 195817.109375 223283.484375 278609.406250 195817.140625
334 1362.000488 195817.109375 223283.484375 278609.406250 195817.140625
335 1365.922852 195817.109375 223283.484375 278609.406250 195817.140625
336 1369.368286 195817.109375 223283.484375 278609.406250 195817.140625
337 1374.053833 195817.109375 223283.484375 278609.406250 195817.140625
338 1377.356079 195817.109375 223283.484375 278609.406250 195817.140625
339 1381.657104 195817.109375 223283.484375 278609.406250 195817.140625
340 1385.359619 195817.109375 223283.484375 278609.406250 195817.140625
341 1389.707520 195817.109375 222696.140625 278609.406250 195817.140625
342 1393.743408 195817.109375 222108.781250 278609.406250 195817.140625
343 1397.656006 195817.109375 222108.781250 278609.406250 195817.140625
344 1401.408813 195817.109375 221521.421875 278609.406250 195817.140625
345 1406.342041 195817.109375 221521.421875 278609.406250 195817.140625
346 1410.588257 195817.109375 221521.421875 278609.406250 195817.140625
347 1414.634033 195817.109375 221521.421875 278609.406250 195817.140625
348 1418.597778 195817.109375 221521.421875 278609.406250 195817.140625
349 1422.692871 195817.109375 221521.421875 278609.406250 195817.140625
350 1426.262695 195817.109375 221521.421875 278609.406250 195817.140625
351 1430.295410 195817.109375 221521.421875 278609.406250 195817.140625
352 1434.376831 195817.109375 227911.359375 515314.156250 195817.140625
353 1438.574829 195817.109375 223177.234375 278609.406250 195817.140625
354 1442.650146 195817.109375 223177.234375 278609.406250 195817.140625
355 1446.678101 195817.109375 223177.234375 278609.406250 195817.140625
356 1450.506714 195817.109375 224316.453125 278609.406250 195817.140625
357 1454.572266 195817.109375 224316.453125 278609.406250 195817.140625
358 1458.987549 195817.109375 223729.093750 278609.406250 195817.140625
359 1463.311035 195817.109375 223729.093750 278609.406250 195817.140625
360 1467.546265 195817.109375 223729.093750 278609.406250 195817.140625
361 1471.507202 195817.109375 223729.093750 278609.406250 195817.140625
362 1476.091064 195817.109375 223729.093750 278609.406250 195817.140625
363 1479.677124 195817.109375 223729.093750 278609.406250 195817.140625
364 1483.654419 195817.109375 223729.093750 278609.406250 195817.140625
365 1487.614136 195817.109375 223729.093750 278609.406250 195817.140625
366 1490.563232 195817.109375 223729.093750 278609.406250 195817.140625
367 1494.832153 195817.109375 223729.093750 278609.406250 195817.140625
368 1498.946167 195817.109375 223729.093750 278609.406250 195817.140625
369 1503.141968 195817.109375 225364.796875 278609.406250 195817.140625
370 1506.447388 195817.109375 225364.781250 278609.406250 195817.140625
371 1510.721680 195817.109375 225364.781250 278609.406250 195817.140625
372 1514.214355 195817.109375 225364.781250 278609.406250 195817.140625
373 1517.674072 195817.109375 225364.781250 278609.406250 195817.140625
374 1522.492554 195817.109375 225364.781250 278609.406250 195817.140625
375 1526.430176 195817.109375 225364.781250 278609.406250 195817.140625
376 1530.696411 195817.109375 225364.781250 278609.406250 195817.140625
377 1535.571655 195817.109375 225364.781250 278609.406250 195817.140625
378 1539.877075 195817.109375 225364.781250 278609.406250 195817.140625
379 1543.064331 195817.109375 225364.781250 278609.406250 195817.140625
380 1547.499756 195817.109375 225364.781250 278609.406250 195817.140625
381 1551.631714 195817.109375 225364.781250 278609.406250 195817.140625
382 1554.658691 195817.109375 225364.781250 278609.406250 195817.140625
383 1558.083374 195817.109375 225364.781250 278609.406250 195817.140625
384 1563.104126 195817.109375 225364.781250 278609.406250 195817.140625
385 1567.848877 195817.109375 225364.781250 278609.406250 195817.140625
386 1571.469971 195817.109375 225364.781250 278609.406250 195817.140625
387 1575.349976 195817.109375 225364.765625 278609.406250 195817.140625
388 1580.000610 195817.109375 225364.765625 278609.406250 195817.140625
389 1584.862915 195817.109375 225364.765625 278609.406250 195817.140625
390 1588.076416 195817.109375 225364.765625 278609.406250 195817.140625
391 1591.811890 195817.109375 225364.765625 278609.406250 195817.140625
392 1596.453125 195817.109375 225364.765625 278609.406250 195817.140625
393 1600.181152 195817.109375 225364.765625 278609.406250 195817.140625
394 1603.979126 195817.109375 225364.765625 278609.406250 195817.140625
395 1607.338135 195817.109375 225364.765625 278609.406250 195817.140625
396 1611.855835 195817.109375 225364.765625 278609.406250 195817.140625
397 1616.220947 195817.109375 225364.765625 278609.406250 195817.140625
398 1620.726318 195817.109375 225364.765625 278609.406250 195817.140625
399 1625.404297 195817.109375 225364.765625 278609.406250 195817.140625
400 1628.588745 195817.109375 225364.765625 278609.406250 195817.140625
401 1632.893799 195817.109375 225364.765625 278609.406250 195817.140625
402 1636.978394 195817.109375 225364.765625 278609.406250 195817.140625
403 1640.495850 195817.109375 225364.765625 278609.406250 195817.140625
404 1644.707153 195817.109375 225364.765625 278609.406250 195817.140625
405 1648.249146 195817.109375 228663.687500 308285.218750 195817.140625
406 1652.352295 195817.109375 228070.156250 278609.406250 195817.140625
407 1656.081055 195817.109375 227611.203125 278609.406250 195817.187500
408 1660.244629 195817.109375 227750.218750 278609.406250 195817.187500
409 1664.859863 195817.109375 228885.343750 278609.406250 195817.140625
410 1669.036499 195817.109375 228885.343750 278609.406250 195817.140625
411 1672.434082 195817.109375 228885.343750 278609.406250 195817.140625
412 1676.128784 195817.109375 228885.343750 278609.406250 195817.140625
413 1679.622070 195817.109375 228756.953125 278609.406250 195817.140625
414 1683.503906 195817.109375 228756.953125 278609.406250 195817.140625
415 1687.211548 195817.109375 228756.953125 278609.406250 195817.140625
416 1691.490234 195817.109375 228756.953125 278609.406250 195817.140625
417 1695.938599 195817.109375 228756.953125 278609.406250 195817.140625
418 1698.884155 195817.109375 228756.953125 278609.406250 195817.109375
419 1703.330688 195817.109375 228756.953125 278609.406250 195817.109375
420 1708.306519 195817.109375 228756.953125 278609.406250 195817.109375
421 1712.411499 195817.109375 228628.578125 278609.406250 195817.109375
422 1716.112183 195817.109375 228628.562500 278609.406250 195817.109375
423 1720.388062 195817.109375 228628.562500 278609.406250 195817.109375
424 1724.463257 195817.109375 228628.562500 278609.406250 195817.109375
425 1727.477173 195817.109375 228628.562500 278609.406250 195817.109375
426 1730.935181 195817.109375 228628.562500 278609.406250 195817.109375
427 1735.354736 195817.109375 228628.562500 278609.406250 195817.109375
428 1739.469360 195817.109375 228628.562500 278609.406250 195817.109375
429 1743.618164 195817.109375 228628.562500 278609.406250 195817.109375
430 1747.732910 195817.109375 230365.296875 282653.750000 195817.281250
431 1751.430786 195817.109375 230365.296875 282653.750000 195817.281250
432 1755.854370 195817.109375 229777.937500 282653.750000 195817.281250
433 1760.820557 195817.109375 229777.937500 282653.750000 195817.234375
434 1765.112793 195817.109375 229190.593750 282653.750000 195817.234375
435 1768.845215 195817.109375 229190.593750 282653.750000 195817.234375
436 1773.352051 195817.109375 229190.593750 282653.750000 195817.234375
437 1777.401855 195817.109375 229190.593750 282653.750000 195817.234375
438 1781.842285 195817.109375 229190.593750 282653.750000 195817.234375
439 1786.198730 195817.109375 229190.593750 282653.750000 195817.234375
440 1790.662109 195817.109375 229190.593750 282653.750000 195817.234375
441 1794.202759 195817.109375 229190.578125 282653.750000 195817.234375
442 1798.031128 195817.109375 229190.578125 282653.750000 195817.234375
443 1802.095215 195817.109375 229190.578125 282653.750000 195817.234375
444 1805.944946 195817.109375 229190.578125 282653.750000 195817.234375
445 1809.888428 195817.109375 229190.578125 282653.750000 195817.234375
446 1813.262451 195817.109375 229190.578125 282653.750000 195817.234375
447 1817.331787 195817.109375 229190.578125 282653.750000 195817.234375
448 1821.906738 195817.109375 229190.578125 282653.750000 195817.234375
449 1824.945190 195817.109375 229190.578125 282653.750000 195817.234375
450 1829.115601 195817.109375 229190.578125 282653.750000 195817.234375
451 1833.686523 195817.109375 229190.578125 282653.750000 195817.234375
452 1838.041504 195817.109375 229190.578125 282653.750000 195817.234375
453 1842.477417 195817.109375 228603.234375 282653.750000 195817.234375
454 1847.249390 195817.109375 228603.234375 282653.750000 195817.234375
455 1851.509399 195817.109375 228603.234375 282653.750000 195817.234375
456 1856.292358 195817.109375 228603.218750 282653.750000 195817.234375
457 1861.068359 195817.109375 228661.265625 282653.750000 195817.234375
458 1866.024902 195817.109375 228661.265625 282653.750000 195817.234375
459 1869.827881 195817.109375 228661.265625 282653.750000 195817.234375
460 1873.593018 195817.109375 228661.234375 282653.750000 195817.234375
461 1877.331299 195817.109375 228661.234375 282653.750000 195817.234375
462 1881.665649 195817.109375 228661.234375 282653.750000 195817.234375
463 1885.986328 195817.109375 228661.234375 282653.750000 195817.234375
464 1890.523926 195817.109375 228661.234375 282653.750000 195817.234375
465 1894.600098 195817.109375 228661.234375 282653.750000 195817.234375
466 1897.979736 195817.109375 228661.234375 282653.750000 195817.234375
467 1902.000366 195817.109375 228661.234375 282653.750000 195817.234375
468 1906.336670 195817.109375 228661.234375 282653.750000 195817.234375
469 1911.559692 195817.109375 228661.234375 282653.750000 195817.234375
470 1915.923584 195817.109375 231948.546875 360182.437500 195817.234375
471 1920.014893 195817.109375 230397.984375 282653.750000 195817.234375
472 1924.814819 195817.109375 230397.984375 282653.750000 195817.234375
473 1928.932861 195817.109375 230397.984375 282653.750000 195817.234375
474 1933.214478 195817.109375 230397.984375 282653.750000 195817.234375
475 1937.379028 195817.109375 230397.984375 282653.750000 195817.234375
476 1941.203247 195817.109375 231594.984375 282653.750000 195817.234375
477 1944.933960 195817.109375 231594.984375 282653.750000 195817.234375
478 1948.745239 195817.109375 231594.984375 282653.750000 195817.234375
479 1952.193237 195817.109375 231594.953125 282653.750000 195817.234375
480 1955.999268 195817.109375 231594.953125 282653.750000 195817.234375
481 1959.949463 195817.109375 231594.953125 282653.750000 195817.234375
482 1963.330322 195817.109375 231536.937500 282653.750000 195817.234375
483 1967.843750 195817.109375 232904.546875 282653.750000 195817.234375
484 1971.561523 195817.109375 232904.515625 282653.750000 195817.234375
485 1976.114258 195817.109375 232904.515625 282653.750000 195817.234375
486 1980.213379 195817.109375 232904.515625 282653.750000 195817.234375
487 1983.866577 195817.109375 232904.515625 282653.750000 195817.234375
488 1987.766113 195817.109375 232904.515625 282653.750000 195817.234375
489 1992.477417 195817.109375 234662.703125 283726.406250 195817.234375
490 1995.876099 195817.109375 234641.234375 282653.750000 195817.234375
491 1998.968628 195817.109375 234641.234375 282653.750000 195817.234375
492 2003.335327 195817.109375 234641.234375 282653.750000 195817.234375
493 2008.189697 195817.109375 234641.234375 282653.750000 195817.234375
494 2012.299927 195817.109375 234053.906250 282653.750000 195817.234375
495 2016.338135 195817.109375 234053.906250 282653.750000 195817.234375
496 2020.082886 195817.109375 234053.906250 282653.750000 195817.234375
497 2023.939941 195817.109375 234053.875000 282653.750000 195817.234375
498 2027.429321 195817.109375 234053.875000 282653.750000 195817.234375
499 2032.650513 195817.109375 234053.875000 282653.750000 195817.234375
500 2036.534302 195817.109375 234053.875000 282653.750000 195817.234375
501 2040.762695 195817.109375 234053.875000 282653.750000 195817.234375
502 2044.021118 195817.109375 234053.875000 282653.750000 195817.234375
503 2048.215820 195817.109375 234053.875000 282653.750000 195817.234375
504 2052.091553 195817.109375 234053.875000 282653.750000 195817.234375
505 2056.438477 195817.109375 234053.875000 282653.750000 195817.234375
506 2060.854736 195817.109375 233466.515625 282653.750000 195817.234375
507 2064.893555 195817.109375 233466.515625 282653.750000 195817.234375
508 2068.621582 195817.109375 233466.515625 282653.750000 195817.234375
509 2072.800293 195817.109375 232879.156250 282653.750000 195817.234375
510 2077.447021 195817.109375 232879.156250 282653.750000 195817.234375
511 2080.846191 195817.109375 232879.156250 282653.750000 195817.234375
512 2084.634521 195817.109375 232879.156250 282653.750000 195817.234375
513 2088.462158 195817.109375 232879.156250 282653.750000 195817.234375
514 2092.846680 195817.109375 232291.796875 282653.750000 195817.234375
515 2097.325684 195817.109375 232291.796875 282653.750000 195817.234375
516 2101.617188 195817.109375 231704.437500 282653.750000 195817.234375
517 2105.737549 195817.109375 231704.437500 282653.750000 195817.234375
518 2109.823975 195817.109375 231704.437500 282653.750000 195817.234375
519 2113.456543 195817.109375 231704.437500 282653.750000 195817.234375
520 2117.154785 195817.109375 231704.437500 282653.750000 195817.234375
521 2121.567139 195817.109375 231704.421875 282653.750000 195817.234375
522 2125.996094 195817.109375 231704.421875 282653.750000 195817.234375
523 2130.676270 195817.109375 231704.421875 282653.750000 195817.234375
524 2134.524902 195817.109375 231704.421875 282653.750000 195817.234375
525 2138.285889 195817.109375 231704.421875 282653.750000 195817.218750
526 2143.169434 195817.109375 231704.421875 282653.750000 195817.218750
527 2146.665039 195817.109375 231117.062500 282653.750000 195817.218750
528 2150.142090 195817.109375 231117.062500 282653.750000 195817.218750
529 2154.281494 195817.109375 231117.062500 282653.750000 195817.218750
530 2157.448486 195817.109375 231117.062500 282653.750000 195817.218750
531 2161.144287 195817.109375 231117.062500 282653.750000 195817.187500
532 2165.338379 195817.109375 231117.062500 282653.750000 195817.187500
533 2169.781494 195817.109375 231117.062500 282653.750000 195817.187500
534 2173.275635 195817.109375 231117.062500 282653.750000 195817.187500
535 2176.821533 195817.109375 231117.046875 282653.750000 195817.187500
536 2181.136719 195817.109375 231117.046875 282653.750000 195817.187500
537 2185.149170 195817.109375 231117.046875 282653.750000 195817.187500
538 2189.389893 195817.109375 230529.687500 282653.750000 195817.187500
539 2193.325195 195817.109375 230529.656250 282653.750000 195817.187500
540 2196.824951 195817.109375 230529.656250 282653.750000 195817.187500
541 2200.191895 195817.109375 231496.765625 282653.750000 195817.187500
542 2204.463867 195817.109375 230898.781250 282653.750000 195817.187500
543 2208.800781 195817.109375 230898.781250 282653.750000 195817.187500
544 2212.628174 195817.109375 230898.781250 282653.750000 195817.187500
545 2216.205811 195817.109375 230261.000000 282653.750000 195817.187500
546 2220.624268 195817.109375 230261.000000 282653.750000 195817.187500
547 2224.198242 195817.109375 231919.953125 282653.750000 195817.203125
548 2228.251953 195817.109375 231855.484375 282653.750000 195817.203125
549 2232.101807 195817.109375 231855.484375 282653.750000 195817.203125
550 2236.104004 195817.109375 231855.453125 282653.750000 195817.203125
551 2239.572754 195817.109375 231855.453125 282653.750000 195817.203125
552 2243.297119 195817.109375 231855.453125 282653.750000 195817.203125
553 2247.117920 195817.109375 231855.453125 282653.750000 195817.203125
554 2251.229492 195817.109375 231855.453125 282653.750000 195817.203125
555 2256.089600 195817.109375 231855.453125 282653.750000 195817.203125
556 2259.826904 195817.109375 231855.453125 282653.750000 195817.203125
557 2263.786133 195817.109375 231855.453125 282653.750000 195817.203125
558 2266.977783 195817.109375 231179.921875 282653.750000 195817.203125
559 2271.706299 195817.109375 231179.921875 282653.750000 195817.171875
560 2275.712646 195817.109375 231179.921875 282653.750000 195817.171875
561 2279.671387 195817.109375 231179.921875 282653.750000 195817.171875
562 2283.431885 195817.109375 231179.921875 282653.750000 195817.171875
563 2288.390137 195817.109375 231179.921875 282653.750000 195817.171875
564 2292.296143 195817.109375 231179.921875 282653.750000 195817.171875
565 2296.314209 195817.109375 231179.921875 282653.750000 195817.171875
566 2299.747803 195817.109375 231179.921875 282653.750000 195817.171875
567 2303.743164 195817.109375 231179.921875 282653.750000 195817.171875
568 2307.482666 195817.109375 231179.921875 282653.750000 195817.171875
569 2311.957275 195817.109375 231179.921875 282653.750000 195817.171875
570 2316.541504 195817.109375 231179.906250 282653.750000 195817.171875
571 2320.748535 195817.109375 231179.906250 282653.750000 195817.171875
572 2324.913818 195817.109375 230212.843750 282653.750000 195817.171875
573 2329.443604 195817.109375 230212.843750 282653.750000 195817.171875
574 2332.918945 195817.109375 230212.843750 282653.750000 195817.171875
575 2337.387695 195817.109375 230212.843750 282653.750000 195817.171875
576 2342.830811 195817.109375 230212.843750 282653.750000 195817.156250
577 2346.411377 195817.109375 230212.843750 282653.750000 195817.156250
578 2350.532471 195817.109375 230212.843750 282653.750000 195817.156250
579 2354.383545 195817.109375 230212.843750 282653.750000 195817.156250
580 2359.186279 195817.109375 230212.843750 282653.750000 195817.156250
581 2363.254150 195817.109375 230212.843750 282653.750000 195817.156250
582 2367.873047 195817.109375 230212.812500 282653.750000 195817.156250
583 2372.134521 195817.109375 230212.812500 282653.750000 195817.156250
584 2376.080078 195817.109375 230212.812500 282653.750000 195817.156250
585 2380.160889 195817.109375 230212.812500 282653.750000 195817.156250
586 2384.505127 195817.109375 230212.812500 282653.750000 195817.156250
587 2388.581055 195817.109375 229229.437500 282653.750000 195817.156250
588 2392.574707 195817.109375 229229.437500 282653.750000 195817.156250
589 2396.188232 195817.109375 229229.437500 282653.750000 195817.156250
590 2400.436279 195817.109375 229229.437500 282653.750000 195817.156250
591 2405.705078 195817.109375 229229.437500 282653.750000 195817.156250
592 2410.686279 195817.109375 229229.437500 282653.750000 195817.156250
593 2414.913086 195817.109375 229883.000000 282653.750000 195817.156250
594 2418.971924 195817.109375 230926.406250 282653.750000 195817.156250
595 2423.143799 195817.109375 231261.765625 282653.750000 195817.156250
596 2427.811035 195817.109375 232146.218750 282653.750000 195817.156250
597 2431.748535 195817.109375 232146.218750 282653.750000 195817.156250
598 2435.612793 195817.109375 232146.218750 282653.750000 195817.156250
599 2439.462646 195817.109375 232146.218750 282653.750000 195817.156250
600 2444.224365 195817.109375 232146.218750 282653.750000 195817.156250
601 2448.171143 195817.109375 232146.218750 282653.750000 195817.156250
602 2451.336670 195817.109375 231810.859375 282653.750000 195817.156250
603 2454.491699 195817.109375 231810.859375 282653.750000 195817.156250
604 2458.305420 195817.109375 231810.859375 282653.750000 195817.156250
605 2462.039062 195817.109375 231810.859375 282653.750000 195817.156250
606 2466.234619 195817.109375 231810.859375 282653.750000 195817.156250
607 2470.304932 195817.109375 231810.859375 282653.750000 195817.156250
608 2474.776855 195817.109375 231157.281250 282653.750000 195817.156250
609 2479.023193 195817.109375 231157.281250 282653.750000 195817.156250
610 2484.097656 195817.109375 231157.281250 282653.750000 195817.156250
611 2488.196289 195817.109375 231157.281250 282653.750000 195817.156250
612 2492.513428 195817.109375 231157.281250 282653.750000 195817.156250
613 2496.634766 195817.109375 231157.281250 282653.750000 195817.156250
614 2501.082764 195817.109375 231157.281250 282653.750000 195817.156250
615 2505.701904 195817.109375 233259.859375 300945.843750 195817.156250
616 2508.942139 195817.109375 232894.046875 282653.750000 195817.156250
617 2513.523438 195817.109375 232894.046875 282653.750000 195817.156250
618 2517.410156 195817.109375 232894.046875 282653.750000 195817.156250
619 2521.543945 195817.109375 232894.046875 282653.750000 195817.156250
620 2525.308838 195817.109375 238511.437500 476687.781250 195817.156250
621 2528.881592 195817.109375 234630.765625 282653.750000 195817.156250
622 2532.102295 195817.109375 234630.765625 282653.750000 195817.156250
623 2536.085693 195817.109375 234630.765625 282653.750000 195817.156250
624 2539.668457 195817.109375 234630.765625 282653.750000 195817.156250
625 2543.759277 195817.109375 234630.765625 282653.750000 195817.156250
626 2547.817871 195817.109375 234630.765625 282653.750000 195817.156250
627 2551.888916 195817.109375 233746.312500 282653.750000 195817.156250
628 2555.727539 195817.109375 233746.312500 282653.750000 195817.156250
629 2559.897461 195817.109375 233746.312500 282653.750000 195817.156250
630 2562.979980 195817.109375 233746.312500 282653.750000 195817.156250
631 2567.020264 195817.109375 233746.312500 282653.750000 195817.156250
632 2570.959473 195817.109375 233746.312500 282653.750000 195817.156250
633 2575.208740 195817.109375 233746.312500 282653.750000 195817.156250
634 2578.685547 195817.109375 233746.312500 282653.750000 195817.156250
635 2582.329834 195817.109375 232762.921875 282653.750000 195817.156250
636 2586.463623 195817.109375 232762.921875 282653.750000 195817.156250
637 2590.555664 195817.109375 232762.921875 282653.750000 195817.156250
638 2594.336914 195817.109375 232762.921875 282653.750000 195817.156250
639 2598.152588 195817.109375 231779.546875 282653.750000 195817.156250
640 2602.744385 195817.109375 230796.156250 282653.750000 195817.156250
641 2606.817871 195817.109375 230796.156250 282653.750000 195817.156250
642 2610.774902 195817.109375 230796.156250 282653.750000 195817.156250
643 2615.356934 195817.109375 230796.156250 282653.750000 195817.156250
644 2619.751221 195817.109375 230796.156250 282653.750000 195817.156250
645 2624.354248 195817.109375 230796.156250 282653.750000 195817.156250
646 2628.177734 195817.109375 230796.156250 282653.750000 195817.156250
647 2632.441162 195817.109375 230796.156250 282653.750000 195817.156250
648 2636.695068 195817.109375 232867.843750 299401.125000 195817.156250
649 2641.753418 195817.109375 232816.125000 282653.750000 195817.156250
650 2644.969482 195817.109375 232816.125000 282653.750000 195817.156250
651 2649.745605 195817.109375 232816.125000 282653.750000 195817.156250
