0 0.000001 223672.562500 226991.062500 230499.265625 223672.562500
1 3.314474 221097.281250 226991.062500 230499.265625 223672.562500
2 6.980155 219226.406250 226760.093750 230499.265625 221097.281250
3 10.368259 217109.656250 226472.921875 230499.265625 219226.406250
4 13.569153 215349.078125 226157.781250 230499.265625 217109.656250
5 17.168716 213835.421875 225732.656250 230499.265625 215349.078125
6 21.343334 212464.437500 225502.765625 230499.265625 213835.421875
7 24.946697 210805.750000 225313.796875 230499.265625 212464.437500
8 28.319399 210805.703125 225082.421875 230499.265625 210805.750000
9 31.891954 210805.640625 224921.718750 230499.265625 210805.703125
10 35.505234 209438.015625 224776.656250 230499.265625 210805.640625
11 39.015072 209117.765625 224627.281250 230499.265625 209438.015625
12 42.275726 207265.625000 224460.437500 230499.265625 209117.765625
13 45.593487 206965.765625 224319.046875 230499.265625 207265.625000
14 48.803589 205914.812500 224153.406250 230499.265625 206965.765625
15 52.641720 205259.796875 224038.093750 230499.265625 205914.812500
16 55.638996 205145.265625 223896.515625 230499.265625 205259.796875
17 59.065876 203967.437500 223777.093750 230499.265625 205145.265625
18 62.776688 203520.734375 223584.640625 230499.265625 203967.437500
19 66.151360 203199.984375 223458.218750 230499.265625 203520.734375
20 69.566841 202533.953125 223322.812500 230499.265625 203199.984375
21 73.219826 201833.984375 223151.656250 230499.265625 202533.953125
22 75.836311 201321.937500 222986.937500 230499.265625 201833.984375
23 79.701462 200666.343750 222853.093750 230499.265625 201321.937500
24 83.098267 200666.140625 222699.296875 230499.265625 200666.343750
25 86.775810 200473.562500 222551.359375 230499.265625 200666.140625
26 90.077972 199673.031250 222417.734375 230499.265625 200473.562500
27 93.653168 199486.453125 222261.578125 230499.265625 199673.031250
28 97.411949 199212.078125 222127.343750 230499.265625 199486.453125
29 100.792679 199186.234375 222007.921875 230499.265625 199212.078125
30 104.996490 199163.718750 221865.640625 226731.031250 199186.234375
31 108.517853 198714.156250 221836.046875 226731.031250 199163.718750
32 111.413086 198695.156250 221785.953125 226731.031250 198714.156250
33 115.208405 198485.843750 221743.000000 226731.031250 198695.156250
34 118.651909 197956.453125 221694.484375 226110.703125 198485.843750
35 122.322479 197622.031250 221670.156250 226110.703125 197956.453125
36 125.891312 197529.343750 221636.843750 226110.703125 197622.031250
37 129.614700 197451.234375 221587.734375 226110.156250 197529.343750
38 132.917419 197215.250000 221554.593750 226110.156250 197451.234375
39 135.423431 197125.546875 221518.875000 226110.156250 197215.250000
40 138.970352 196951.312500 221494.484375 226110.156250 197125.546875
41 142.885330 196883.687500 221476.578125 226110.156250 196951.312500
42 146.656235 196727.609375 221453.359375 226110.156250 196883.687500
43 150.079834 196627.203125 221432.640625 226110.156250 196727.609375
44 153.428040 196329.031250 221414.546875 226110.156250 196627.203125
45 157.133301 196227.859375 221392.765625 226110.156250 196329.031250
46 160.838470 196214.171875 221377.921875 226110.156250 196227.859375
47 163.818283 196159.687500 221355.734375 226110.156250 196214.171875
48 167.043747 196156.843750 221351.984375 226110.156250 196159.687500
49 170.863235 196131.125000 221344.687500 226110.156250 196156.843750
50 174.109772 196131.125000 221339.156250 226110.156250 196131.125000
51 177.161041 196131.125000 221331.000000 226110.156250 196131.125000
52 179.833374 196131.125000 221321.093750 226110.156250 196131.125000
53 182.937515 196007.671875 221315.187500 226110.156250 196131.125000
54 186.105576 196007.437500 221305.125000 226110.156250 196007.671875
55 189.386108 195979.031250 221302.078125 226110.156250 196007.437500
56 192.502289 195960.187500 221295.359375 226110.156250 195979.031250
57 195.998428 195935.531250 221294.421875 226110.156250 195960.187500
58 198.567581 195912.984375 221290.156250 226110.156250 195935.531250
59 202.150208 195695.515625 221263.046875 226110.156250 195912.984375
60 205.720230 195573.437500 221255.546875 226110.156250 195695.515625
61 209.071091 195573.140625 221244.640625 226110.156250 195573.437500
62 213.063339 195573.140625 221239.234375 226110.156250 195573.140625
63 216.942032 195529.203125 221228.140625 226110.156250 195573.140625
64 220.472549 195475.078125 221219.187500 226110.156250 195529.203125
65 224.305542 195475.078125 221211.000000 226110.156250 195475.078125
66 227.649963 195468.656250 221210.843750 226110.156250 195475.078125
67 230.592514 195468.656250 221208.734375 226110.156250 195468.656250
68 234.434875 195468.421875 221204.187500 226110.156250 195468.656250
69 237.728790 195388.562500 221201.703125 226110.156250 195468.421875
70 240.850571 195388.562500 221915.859375 233363.000000 195388.562500
71 244.693253 195388.562500 222737.375000 274724.812500 195388.562500
72 248.074188 195388.562500 222087.312500 240822.156250 195388.609375
73 251.490463 195379.250000 223290.765625 307500.250000 195388.609375
74 254.757004 195379.250000 221352.312500 240822.156250 195379.250000
75 259.017242 195379.250000 221347.656250 240822.156250 195379.250000
76 262.558502 195379.250000 221346.593750 240822.156250 195379.250000
77 266.112823 195372.125000 221329.515625 240822.156250 195379.250000
78 269.349152 195372.125000 221328.453125 240822.156250 195372.125000
79 272.239319 195372.125000 221327.562500 240822.156250 195372.125000
80 276.169861 195372.078125 221327.562500 240822.156250 195372.125000
81 279.439697 195372.078125 221326.843750 240822.156250 195372.078125
82 283.310699 195372.078125 221324.796875 240822.156250 195372.078125
83 286.792236 195282.421875 221320.000000 240822.156250 195372.078125
84 290.387787 195282.421875 221304.984375 240822.156250 195282.421875
85 293.708771 195282.203125 224229.515625 356914.125000 195282.421875
86 296.929993 195282.203125 221145.765625 240822.156250 195282.203125
87 300.693634 195282.203125 221141.000000 240822.156250 195282.203125
88 304.380493 195282.203125 221140.578125 240822.156250 195282.203125
89 308.498993 195282.203125 221138.781250 240822.156250 195282.203125
90 312.425873 195282.203125 221114.859375 240822.156250 195282.203125
91 315.719177 195279.578125 221114.843750 240822.156250 195282.203125
92 319.166779 195279.500000 226093.875000 451934.562500 195279.578125
93 322.249817 195279.500000 221128.375000 240822.156250 195279.500000
94 324.787109 195256.281250 221127.062500 240822.156250 195279.500000
95 328.400574 195256.281250 226667.421875 480707.687500 195256.281250
96 331.282745 195256.281250 221605.765625 240822.156250 195256.281250
97 333.914001 195256.281250 220737.265625 227692.250000 195256.281250
98 337.102875 195256.281250 220734.078125 227692.250000 195256.281250
99 340.139740 195256.281250 220734.078125 227692.250000 195256.281250
100 343.324219 195256.281250 220733.625000 227692.250000 195256.281250
101 346.590607 195256.281250 220732.203125 227692.250000 195256.281250
102 349.248871 195256.281250 220731.734375 227692.250000 195256.281250
103 352.812500 195196.375000 222664.312500 293156.718750 195256.281250
104 355.923157 195196.375000 220754.796875 227692.250000 195196.375000
105 358.589691 195196.375000 220752.640625 227692.250000 195196.375000
106 362.046143 195196.375000 220747.953125 227692.250000 195196.375000
107 365.296967 195159.281250 220745.500000 227692.250000 195196.375000
108 368.771576 195159.281250 220743.562500 227692.250000 195159.281250
109 372.571625 195159.281250 220740.546875 227692.250000 195159.281250
110 375.915802 195159.281250 221925.687500 255762.921875 195159.281250
111 379.266693 195159.281250 220768.015625 227692.250000 195159.281250
112 382.832092 195159.281250 220767.062500 227692.250000 195159.281250
113 386.481140 195159.281250 220767.000000 227692.250000 195159.281250
114 389.915192 195159.281250 220766.125000 227692.250000 195159.281250
115 393.091034 195159.281250 220766.125000 227692.250000 195159.281250
116 396.391052 195159.281250 220764.375000 227692.250000 195159.281250
117 399.539734 195159.281250 220764.375000 227692.250000 195159.281250
118 402.602631 195159.281250 220764.375000 227692.250000 195159.281250
119 405.361206 195159.281250 220722.640625 227692.250000 195159.281250
120 408.609924 195159.281250 220721.125000 227692.250000 195159.281250
121 411.750610 195159.281250 220721.125000 227692.250000 195159.281250
122 415.343292 195159.281250 220721.093750 227692.250000 195159.281250
123 418.353607 195159.281250 220678.906250 227692.250000 195159.281250
124 421.728241 195159.281250 220678.906250 227692.250000 195159.281250
125 424.746918 195159.281250 220678.906250 227692.250000 195159.281250
126 428.393463 195159.281250 220678.906250 227692.250000 195159.281250
127 431.753754 195159.281250 220678.906250 227692.250000 195159.281250
128 435.121246 195159.281250 220626.625000 227692.250000 195159.281250
129 438.588104 195159.281250 220570.734375 227692.250000 195159.281250
130 441.490540 195159.281250 220570.734375 227692.250000 195159.281250
131 444.373779 195159.281250 220570.734375 227692.250000 195159.281250
132 447.827484 195159.281250 220570.734375 227692.250000 195159.281250
133 450.871002 195159.281250 220570.734375 227692.250000 195159.281250
134 453.473480 195159.281250 220570.718750 227692.250000 195159.281250
135 456.938110 195159.281250 219951.718750 227692.250000 195159.281250
136 460.508362 195159.281250 220708.875000 233016.984375 195159.281250
137 463.793396 195159.281250 220570.765625 227692.250000 195159.281250
138 467.613281 195159.281250 220570.765625 227692.250000 195159.281250
139 470.181641 195159.281250 220570.765625 227692.250000 195159.281250
140 473.831390 195159.281250 220570.734375 227692.250000 195159.281250
141 477.126770 195159.281250 220570.734375 227692.250000 195159.281250
142 479.936554 195159.281250 219951.734375 227692.250000 195159.281250
143 483.030243 195159.281250 219951.734375 227692.250000 195159.281250
144 486.711029 195159.281250 219951.734375 227692.250000 195159.281250
145 489.237244 195159.281250 219951.734375 227692.250000 195159.281250
146 491.965546 195159.281250 219951.734375 227692.250000 195159.281250
147 494.830292 195159.281250 219951.734375 227692.250000 195159.281250
148 498.359467 195159.281250 219951.734375 227692.250000 195159.281250
149 501.267151 195159.281250 219951.734375 227692.250000 195159.281250
150 504.890778 195159.281250 219951.734375 227692.250000 195159.281250
151 508.060486 195159.281250 219951.734375 227692.250000 195159.281250
152 510.412872 195159.281250 219951.734375 227692.250000 195159.281250
153 513.990662 195159.281250 219951.734375 227692.250000 195159.281250
154 517.303101 195159.281250 219951.734375 227692.250000 195159.281250
155 520.834045 195159.281250 219951.734375 227692.250000 195159.281250
156 524.139526 195159.281250 219951.734375 227692.250000 195159.281250
157 527.212585 195159.281250 219951.718750 227692.250000 195159.281250
158 530.680969 195159.281250 219951.718750 227692.250000 195159.281250
159 533.289978 195159.281250 219951.718750 227692.250000 195159.281250
160 536.774841 195159.281250 219951.718750 227692.250000 195159.281250
161 539.834778 195159.281250 219951.718750 227692.250000 195159.281250
162 542.586670 195159.281250 219332.718750 227692.250000 195159.281250
163 545.868835 195159.281250 219332.718750 227692.250000 195159.281250
164 549.136780 195159.281250 218713.703125 227692.250000 195159.281250
165 552.488403 195159.281250 218713.703125 227692.250000 195159.281250
166 555.494812 195159.281250 218094.687500 227692.250000 195159.281250
167 559.188416 195159.281250 218094.687500 227692.250000 195159.281250
168 562.349915 195159.281250 217475.656250 227692.250000 195159.281250
169 565.511230 195159.281250 217475.656250 227692.250000 195159.281250
170 568.533997 195159.281250 217475.656250 227692.250000 195159.281250
171 571.864807 195159.281250 217475.656250 227692.250000 195159.281250
172 574.441467 195159.281250 217475.656250 227692.250000 195159.281250
173 577.489258 195159.281250 217475.656250 227692.250000 195159.281250
174 580.615112 195159.281250 217475.656250 227692.250000 195159.281250
175 583.861450 195159.281250 217475.656250 227692.250000 195159.281250
176 587.239319 195159.281250 217475.656250 227692.250000 195159.281250
177 590.698364 195159.250000 217475.656250 227692.250000 195159.281250
178 593.708618 195159.250000 217475.656250 227692.250000 195159.250000
179 597.039917 195159.250000 217475.656250 227692.250000 195159.250000
180 601.277954 195159.250000 216856.656250 227692.250000 195159.250000
181 604.594360 195159.250000 216856.656250 227692.250000 195159.250000
182 606.938171 195159.250000 216856.656250 227692.250000 195159.250000
183 610.114197 195159.250000 216856.656250 227692.250000 195159.250000
184 613.156738 195159.250000 216856.656250 227692.250000 195159.250000
185 616.529053 195159.250000 216856.656250 227692.250000 195159.250000
186 618.709351 195159.250000 216856.656250 227692.250000 195159.250000
187 622.162537 195159.250000 216856.656250 227692.250000 195159.250000
188 625.025940 195159.250000 216237.640625 227692.250000 195159.250000
189 627.962280 195159.250000 216237.640625 227692.250000 195159.250000
190 631.191589 195159.250000 215618.625000 227692.250000 195159.250000
191 634.797058 195159.250000 215618.625000 227692.250000 195159.250000
192 637.404724 195159.250000 215618.625000 227692.250000 195159.250000
193 640.652649 195159.250000 215618.625000 227692.250000 195159.250000
194 644.283691 195159.250000 215618.625000 227692.250000 195159.250000
195 647.632568 195159.250000 215618.625000 227692.250000 195159.250000
196 650.852966 195159.250000 215618.625000 227692.250000 195159.250000
197 653.597961 195159.250000 215618.625000 227692.250000 195159.250000
198 656.878784 195159.250000 214999.593750 227692.250000 195159.250000
199 660.278259 195159.250000 214999.593750 227692.250000 195159.250000
200 663.652954 195159.250000 214999.593750 227692.250000 195159.250000
201 666.403198 195159.250000 214380.593750 227692.250000 195159.250000
202 670.102417 195159.250000 214380.593750 227692.250000 195159.250000
203 674.032837 195159.250000 214380.593750 227692.250000 195159.250000
204 676.402222 195159.250000 214380.593750 227692.250000 195159.250000
205 679.777405 195159.250000 214380.593750 227692.250000 195159.250000
206 683.404236 195159.250000 213761.578125 227692.250000 195159.250000
207 686.676025 195159.250000 213761.578125 227692.250000 195159.250000
208 689.569153 195159.250000 213761.578125 227692.250000 195159.250000
209 692.371460 195159.250000 213761.578125 227692.250000 195159.250000
210 695.271057 195159.250000 213761.578125 227692.250000 195159.250000
211 698.418640 195159.250000 215183.562500 266259.062500 195159.250000
212 702.533569 195159.250000 214380.625000 227692.250000 195159.250000
213 705.631226 195159.250000 214380.625000 227692.250000 195159.250000
214 709.372681 195159.250000 214380.625000 227692.250000 195159.250000
215 712.436096 195159.234375 213761.593750 227692.250000 195159.250000
216 715.320984 195159.234375 213761.593750 227692.250000 195159.234375
217 718.961731 195159.234375 213761.593750 227692.250000 195159.234375
218 721.797729 195159.234375 213761.593750 227692.250000 195159.234375
219 724.384094 195159.234375 213142.578125 227692.250000 195159.234375
220 727.919312 195159.234375 213142.578125 227692.250000 195159.234375
221 731.279114 195159.234375 213142.578125 227692.250000 195159.234375
222 734.469238 195159.234375 213142.578125 227692.250000 195159.234375
223 738.181885 195159.234375 213142.578125 227692.250000 195159.234375
224 741.852356 195159.234375 213142.578125 227692.250000 195159.234375
225 744.685852 195159.234375 213142.578125 227692.250000 195159.234375
226 747.775452 195159.234375 213142.578125 227692.250000 195159.234375
227 751.546021 195159.234375 213142.578125 227692.250000 195159.234375
228 755.236755 195159.234375 213142.578125 227692.250000 195159.234375
229 758.383423 195159.234375 213142.578125 227692.250000 195159.234375
230 761.573975 195159.234375 213142.578125 227692.250000 195159.234375
231 764.874756 195159.234375 213142.578125 227692.250000 195159.234375
232 767.682678 195159.234375 213142.578125 227692.250000 195159.234375
233 770.713013 195159.234375 213142.578125 227692.250000 195159.234375
234 774.303589 195159.234375 213142.578125 227692.250000 195159.234375
235 777.647949 195159.234375 213142.578125 227692.250000 195159.234375
236 781.095459 195159.234375 213142.578125 227692.250000 195159.234375
237 784.599426 195159.234375 213142.578125 227692.250000 195159.234375
238 788.313232 195159.234375 213142.578125 227692.250000 195159.234375
239 792.029907 195159.234375 213142.578125 227692.250000 195159.234375
240 794.791504 195159.234375 213142.578125 227692.250000 195159.234375
241 798.091431 195159.234375 213142.578125 227692.250000 195159.234375
242 801.314758 195159.234375 213142.578125 227692.250000 195159.234375
243 804.764771 195159.234375 213142.578125 227692.250000 195159.234375
244 808.183044 195159.234375 213142.578125 227692.250000 195159.234375
245 811.719360 195159.234375 212523.562500 227692.250000 195159.234375
246 814.946594 195159.234375 212523.562500 227692.250000 195159.234375
247 817.915161 195159.234375 212523.562500 227692.250000 195159.234375
248 821.387390 195159.234375 211904.546875 227692.250000 195159.234375
249 824.750244 195159.234375 211904.546875 227692.250000 195159.234375
250 827.759644 195159.234375 211904.546875 227692.250000 195159.234375
251 831.741150 195159.234375 211904.546875 227692.250000 195159.234375
252 834.686829 195159.234375 211904.546875 227692.250000 195159.234375
253 838.498047 195159.234375 211285.546875 227692.250000 195159.234375
254 841.792175 195159.234375 211285.546875 227692.250000 195159.234375
255 845.375488 195159.234375 211285.546875 227692.250000 195159.234375
256 848.500244 195159.234375 211285.546875 227692.250000 195159.234375
257 851.273926 195159.234375 211285.546875 227692.250000 195159.234375
258 854.568115 195159.234375 211285.515625 227692.250000 195159.234375
259 857.910889 195159.234375 211285.515625 227692.250000 195159.234375
260 861.325562 195159.234375 211285.515625 227692.250000 195159.234375
261 864.315918 195159.234375 211285.515625 227692.250000 195159.234375
262 866.947144 195159.234375 211285.515625 227692.250000 195159.234375
263 869.650757 195159.234375 211285.515625 227692.250000 195159.234375
264 873.083496 195159.234375 211285.515625 227692.250000 195159.234375
265 876.749878 195159.234375 211285.515625 227692.250000 195159.234375
266 879.841125 195159.234375 210666.515625 227692.250000 195159.234375
267 882.727600 195159.234375 210666.515625 227692.250000 195159.234375
268 885.998169 195159.234375 210666.515625 227692.250000 195159.234375
269 889.192139 195159.234375 210666.515625 227692.250000 195159.234375
270 892.571045 195159.234375 210666.515625 227692.250000 195159.234375
271 895.425476 195159.234375 210666.515625 227692.250000 195159.234375
272 899.117615 195159.234375 210666.515625 227692.250000 195159.234375
273 902.685242 195159.234375 210047.500000 227692.250000 195159.234375
274 905.588196 195159.234375 210047.500000 227692.250000 195159.234375
275 908.418579 195159.234375 210047.500000 227692.250000 195159.234375
276 911.413269 195159.234375 210047.500000 227692.250000 195159.234375
277 914.554749 195159.234375 209428.500000 227692.250000 195159.234375
278 918.190796 195159.234375 209428.500000 227692.250000 195159.234375
279 921.387756 195159.234375 209428.500000 227692.250000 195159.234375
280 924.900818 195159.234375 208809.484375 227692.250000 195159.234375
281 927.633789 195159.234375 208809.484375 227692.250000 195159.234375
282 930.897827 195159.234375 208190.453125 227692.250000 195159.234375
283 934.303040 195159.234375 208190.453125 227692.250000 195159.234375
284 937.737366 195159.234375 208190.453125 227692.250000 195159.234375
285 940.645996 195159.234375 208190.453125 227692.250000 195159.234375
286 943.843811 195159.234375 208190.453125 227692.250000 195159.234375
287 946.979980 195159.234375 207571.437500 227692.250000 195159.234375
288 950.097839 195159.234375 207571.437500 227692.250000 195159.234375
289 953.318787 195159.234375 207571.437500 227692.250000 195159.234375
290 956.228394 195159.234375 207571.437500 227692.250000 195159.234375
291 959.704163 195159.234375 207571.437500 227692.250000 195159.234375
292 963.779785 195159.234375 207571.437500 227692.250000 195159.234375
293 966.281433 195159.234375 207571.437500 227692.250000 195159.234375
294 969.311035 195159.234375 207571.437500 227692.250000 195159.234375
295 972.732300 195159.234375 207571.437500 227692.250000 195159.234375
296 975.637756 195159.234375 206952.437500 227692.250000 195159.234375
297 979.502380 195159.234375 206952.437500 227692.250000 195159.234375
298 982.583435 195159.234375 206952.437500 227692.250000 195159.234375
299 986.068787 195159.234375 206952.437500 227692.250000 195159.234375
300 989.559387 195159.234375 206952.437500 227692.250000 195159.234375
301 992.813904 195159.234375 206952.437500 227692.250000 195159.234375
302 995.774597 195159.234375 206952.437500 227692.250000 195159.234375
303 999.034668 195159.234375 206333.421875 227692.250000 195159.234375
304 1001.922791 195159.234375 206333.421875 227692.250000 195159.234375
305 1004.763428 195159.234375 206333.421875 227692.250000 195159.234375
306 1007.622314 195159.234375 205714.421875 227692.250000 195159.234375
307 1011.334778 195159.234375 205714.421875 227692.250000 195159.234375
308 1014.871094 195159.234375 205714.421875 227692.250000 195159.234375
309 1018.714966 195159.234375 205714.421875 227692.250000 195159.234375
310 1022.271545 195159.234375 205714.421875 227692.250000 195159.234375
311 1025.062866 195159.234375 205714.421875 227692.250000 195159.234375
312 1028.097412 195159.234375 205714.421875 227692.250000 195159.234375
313 1031.123413 195159.234375 205714.421875 227692.250000 195159.234375
314 1034.472656 195159.234375 205714.421875 227692.250000 195159.234375
315 1037.794067 195159.234375 205714.421875 227692.250000 195159.234375
316 1041.179443 195159.234375 205714.421875 227692.250000 195159.234375
317 1044.340210 195159.234375 205714.421875 227692.250000 195159.234375
318 1047.484863 195159.234375 205714.421875 227692.250000 195159.234375
319 1051.248169 195159.234375 205714.421875 227692.250000 195159.234375
320 1054.339966 195159.234375 205714.421875 227692.250000 195159.234375
321 1057.238770 195159.234375 205714.421875 227692.250000 195159.234375
322 1061.175781 195159.234375 205714.421875 227692.250000 195159.234375
323 1064.632690 195159.234375 207474.515625 283164.906250 195159.234375
324 1068.110718 195159.234375 205714.421875 227692.250000 195159.234375
325 1071.268799 195159.234375 209128.812500 365878.281250 195159.234375
326 1074.607666 195159.234375 205714.437500 227692.250000 195159.234375
327 1077.557373 195159.234375 205095.437500 227692.250000 195159.234375
328 1080.926392 195159.234375 205095.437500 227692.250000 195159.234375
329 1083.730469 195159.234375 205095.437500 227692.250000 195159.234375
330 1086.966797 195159.234375 205095.437500 227692.250000 195159.234375
331 1089.949341 195159.234375 205095.437500 227692.250000 195159.234375
332 1093.219971 195159.234375 205095.437500 227692.250000 195159.234375
333 1096.444824 195159.234375 205095.437500 227692.250000 195159.234375
334 1099.433838 195159.234375 205095.437500 227692.250000 195159.234375
335 1103.008789 195159.234375 204476.421875 227692.250000 195159.234375
336 1106.419556 195159.234375 204476.421875 227692.250000 195159.234375
337 1109.003906 195159.234375 204476.421875 227692.250000 195159.234375
338 1112.621338 195159.234375 204841.593750 227692.250000 195159.234375
339 1115.737671 195159.234375 204946.546875 227692.250000 195159.234375
340 1119.331177 195159.234375 205127.125000 227692.250000 195159.234375
341 1122.416504 195159.234375 206661.484375 271877.468750 195159.234375
342 1125.666138 195159.234375 205746.140625 227692.250000 195159.234375
343 1129.675415 195159.234375 205746.140625 227692.250000 195159.234375
344 1132.674194 195159.234375 205746.140625 227692.250000 195159.234375
345 1135.146484 195159.234375 205641.203125 227692.250000 195159.234375
346 1138.560425 195159.234375 205641.203125 227692.250000 195159.234375
347 1141.257446 195159.234375 205641.203125 227692.250000 195159.234375
348 1144.719971 195159.234375 205641.203125 227692.250000 195159.234375
349 1148.199707 195159.234375 205641.203125 227692.250000 195159.234375
350 1151.132812 195159.234375 205641.203125 227692.250000 195159.234375
351 1154.060913 195159.234375 205641.203125 227692.250000 195159.234375
352 1157.421997 195159.234375 205460.625000 227692.250000 195159.234375
353 1160.598633 195159.234375 205460.625000 227692.250000 195159.234375
354 1163.489014 195159.234375 205460.625000 227692.250000 195159.234375
355 1166.222778 195159.234375 205460.625000 227692.250000 195159.234375
356 1169.267822 195159.234375 205095.453125 227692.250000 195159.234375
357 1172.576782 195159.234375 204476.437500 227692.250000 195159.234375
358 1175.682739 195159.234375 204476.437500 227692.250000 195159.234375
359 1178.918823 195159.234375 204476.437500 227692.250000 195159.234375
360 1182.510132 195159.234375 204476.437500 227692.250000 195159.234375
361 1185.850708 195159.234375 204476.437500 227692.250000 195159.234375
362 1189.128296 195159.234375 204476.437500 227692.250000 195159.234375
363 1192.563721 195159.234375 204476.437500 227692.250000 195159.234375
364 1195.599365 195159.234375 204476.437500 227692.250000 195159.234375
365 1198.932373 195159.234375 204476.437500 227692.250000 195159.234375
366 1201.862793 195159.234375 204476.437500 227692.250000 195159.234375
367 1205.124634 195159.234375 204476.437500 227692.250000 195159.234375
368 1208.317139 195159.234375 204476.437500 227692.250000 195159.234375
369 1210.995728 195159.234375 207854.734375 364074.375000 195159.234375
370 1214.031250 195159.234375 205095.453125 227692.250000 195159.234375
371 1216.751099 195159.234375 205095.453125 227692.250000 195159.234375
372 1220.398315 195159.234375 204476.453125 227692.250000 195159.234375
373 1223.589478 195159.234375 204476.453125 227692.250000 195159.234375
374 1226.877563 195159.234375 204476.453125 227692.250000 195159.234375
375 1230.402466 195159.234375 204476.453125 227692.250000 195159.234375
376 1233.525146 195159.234375 204476.453125 227692.250000 195159.234375
377 1236.988403 195159.234375 204476.453125 227692.250000 195159.234375
378 1240.368652 195159.234375 204890.156250 227692.250000 195159.234375
379 1243.619141 195159.234375 204890.156250 227692.250000 195159.234375
380 1246.615356 195159.234375 204890.156250 227692.250000 195159.234375
381 1249.177856 195159.234375 204890.156250 227692.250000 195159.234375
382 1251.760010 195159.234375 204890.156250 227692.250000 195159.234375
383 1255.202148 195159.234375 204890.140625 227692.250000 195159.234375
384 1258.470703 195159.234375 204890.140625 227692.250000 195159.234375
385 1261.085449 195159.234375 204890.140625 227692.250000 195159.234375
386 1264.794067 195159.234375 204890.140625 227692.250000 195159.234375
387 1268.033081 195159.234375 204890.140625 227692.250000 195159.234375
388 1271.454102 195159.234375 204890.140625 227692.250000 195159.234375
389 1274.670532 195159.218750 204890.140625 227692.250000 195159.234375
390 1278.360229 195159.218750 204890.140625 227692.250000 195159.218750
391 1282.031738 195159.218750 204890.140625 227692.250000 195159.218750
392 1285.396118 195159.218750 204890.140625 227692.250000 195159.218750
393 1288.616699 195159.218750 204890.140625 227692.250000 195159.218750
394 1291.874634 195159.218750 204890.140625 227692.250000 195159.218750
395 1295.430542 195159.218750 204890.140625 227692.250000 195159.218750
396 1299.103516 195159.218750 204890.140625 227692.250000 195159.218750
397 1302.171631 195159.218750 204890.140625 227692.250000 195159.218750
398 1305.304688 195159.218750 204890.140625 227692.250000 195159.218750
399 1308.818848 195159.218750 204890.140625 227692.250000 195159.218750
400 1312.243652 195159.218750 204890.140625 227692.250000 195159.218750
401 1315.481201 195159.218750 204890.140625 227692.250000 195159.218750
402 1318.750244 195159.218750 204890.140625 227692.250000 195159.218750
403 1322.018066 195159.218750 204476.453125 227692.250000 195159.218750
404 1325.548584 195159.218750 204476.453125 227692.250000 195159.218750
405 1328.730225 195159.218750 207977.953125 370234.093750 195159.218750
406 1331.784912 195159.218750 206981.859375 289478.625000 195159.218750
407 1334.738403 195159.218750 205714.500000 227692.250000 195159.218750
408 1337.703979 195159.218750 205714.500000 227692.250000 195159.218750
409 1341.945801 195159.218750 205714.500000 227692.250000 195159.218750
410 1345.432251 195159.218750 205714.500000 227692.250000 195159.218750
411 1348.302368 195159.218750 205714.500000 227692.250000 195159.218750
412 1351.997437 195159.218750 205714.500000 227692.250000 195159.218750
413 1355.249634 195159.218750 205714.500000 227692.250000 195159.218750
414 1358.795898 195159.218750 205714.500000 227692.250000 195159.218750
415 1362.045410 195159.218750 205714.500000 227692.250000 195159.218750
416 1364.945312 195159.218750 205714.500000 227692.250000 195159.218750
417 1368.753784 195159.218750 205714.484375 227692.250000 195159.218750
418 1371.945190 195159.218750 205714.484375 227692.250000 195159.218750
419 1375.449219 195159.218750 205714.484375 227692.250000 195159.218750
420 1378.496826 195159.218750 205095.484375 227692.250000 195159.218750
421 1381.463135 195159.218750 205095.484375 227692.250000 195159.218750
422 1385.291626 195159.218750 205095.484375 227692.250000 195159.218750
423 1388.296265 195159.218750 205095.484375 227692.250000 195159.218750
424 1391.742920 195159.218750 205095.484375 227692.250000 195159.218750
425 1395.486572 195159.218750 205477.062500 227692.250000 195159.218750
426 1398.641235 195159.218750 205822.453125 227692.250000 195159.218750
427 1401.012939 195159.218750 205822.453125 227692.250000 195159.218750
428 1404.452148 195159.218750 205822.453125 227692.250000 195159.218750
429 1407.348877 195159.218750 205822.453125 227692.250000 195159.218750
430 1410.892700 195159.218750 205822.453125 227692.250000 195159.218750
431 1413.914429 195159.218750 205477.062500 227692.250000 195159.218750
432 1417.354370 195159.218750 205477.062500 227692.250000 195159.218750
433 1420.535767 195159.218750 205477.062500 227692.250000 195159.218750
434 1424.198242 195159.218750 205477.062500 227692.250000 195159.218750
435 1427.799561 195159.218750 205477.062500 227692.250000 195159.218750
436 1431.009766 195159.218750 205477.062500 227692.250000 195159.218750
437 1434.443359 195159.218750 205477.062500 227692.250000 195159.218750
438 1437.936646 195159.218750 205095.484375 227692.250000 195159.218750
439 1441.327393 195159.218750 205095.484375 227692.250000 195159.218750
440 1445.043823 195159.218750 204476.453125 227692.250000 195159.218750
441 1447.854248 195159.218750 204476.453125 227692.250000 195159.218750
442 1451.241089 195159.218750 204476.453125 227692.250000 195159.218750
443 1454.256714 195159.218750 204476.453125 227692.250000 195159.218750
444 1457.731445 195159.218750 204476.453125 227692.250000 195159.218750
445 1461.140381 195159.218750 204476.453125 227692.250000 195159.218750
446 1463.956177 195159.218750 204476.453125 227692.250000 195159.218750
447 1467.059814 195159.218750 204476.453125 227692.250000 195159.218750
448 1470.578125 195159.218750 204476.453125 227692.250000 195159.218750
449 1474.155762 195159.218750 204476.453125 227692.250000 195159.218750
450 1477.828613 195159.218750 204476.453125 227692.250000 195159.218750
451 1480.924561 195159.218750 204476.453125 227692.250000 195159.218750
452 1484.252075 195159.218750 204476.453125 227692.250000 195159.218750
453 1487.520996 195159.218750 204476.453125 227692.250000 195159.218750
454 1490.586182 195159.218750 204476.453125 227692.250000 195159.218750
455 1494.101562 195159.218750 204476.453125 227692.250000 195159.218750
456 1497.302856 195159.218750 204476.453125 227692.250000 195159.218750
457 1500.905640 195159.218750 204476.453125 227692.250000 195159.218750
458 1504.471436 195159.218750 204476.453125 227692.250000 195159.218750
459 1507.541504 195159.218750 204476.453125 227692.250000 195159.218750
460 1510.715820 195159.218750 204476.453125 227692.250000 195159.218750
461 1513.754639 195159.218750 208829.921875 412831.625000 195159.218750
462 1517.351440 195159.218750 205095.484375 227692.250000 195159.218750
463 1520.539062 195159.218750 205095.484375 227692.250000 195159.218750
464 1524.288818 195159.218750 205095.484375 227692.250000 195159.218750
465 1528.081543 195159.218750 205095.484375 227692.250000 195159.218750
466 1531.494263 195159.218750 205095.484375 227692.250000 195159.218750
467 1534.366821 195159.218750 208916.640625 386216.875000 195159.218750
468 1537.722656 195159.218750 205714.500000 227692.250000 195159.218750
469 1541.209229 195159.218750 205714.500000 227692.250000 195159.218750
470 1544.610352 195159.218750 205714.500000 227692.250000 195159.218750
471 1547.772949 195159.218750 205714.500000 227692.250000 195159.218750
472 1550.893555 195159.218750 207701.093750 294489.187500 195159.218750
473 1554.040405 195159.218750 206333.515625 227692.250000 195159.218750
474 1557.014648 195159.218750 206333.515625 227692.250000 195159.218750
475 1560.362915 195159.218750 206333.515625 227692.250000 195159.218750
476 1563.617065 195159.218750 206333.515625 227692.250000 195159.218750
477 1566.622803 195159.218750 206333.515625 227692.250000 195159.218750
478 1569.955078 195159.218750 205714.500000 227692.250000 195159.218750
479 1573.027222 195159.218750 205714.500000 227692.250000 195159.218750
480 1576.147583 195159.218750 205095.500000 227692.250000 195159.218750
481 1579.534302 195159.218750 205095.484375 227692.250000 195159.218750
482 1582.795654 195159.218750 208353.078125 358038.562500 195159.234375
483 1586.178345 195159.218750 209009.718750 358038.562500 195159.234375
484 1589.452026 195159.218750 206388.734375 229573.593750 195159.234375
485 1592.506470 195159.218750 206576.375000 229573.593750 195159.234375
486 1595.312378 195159.218750 206576.359375 229573.593750 195159.234375
487 1598.447388 195159.218750 206576.359375 229573.593750 195159.234375
488 1601.991699 195159.218750 206576.359375 229573.593750 195159.234375
489 1605.153931 195159.218750 206576.359375 229573.593750 195159.234375
490 1608.598633 195159.218750 206576.359375 229573.593750 195159.234375
491 1610.920654 195159.218750 206576.359375 229573.593750 195159.234375
492 1613.693604 195159.218750 206576.359375 229573.593750 195159.234375
493 1617.031372 195159.218750 206576.359375 229573.593750 195159.234375
494 1620.342896 195159.218750 208624.687500 297574.593750 195159.234375
495 1623.651001 195159.218750 207524.765625 229573.593750 195159.234375
496 1626.959961 195159.218750 207524.765625 229573.593750 195159.234375
497 1630.633179 195159.218750 207524.765625 229573.593750 195159.234375
498 1633.678345 195159.218750 207524.765625 229573.593750 195159.234375
499 1637.040527 195159.218750 207524.765625 229573.593750 195159.234375
500 1640.570679 195159.218750 207524.765625 229573.593750 195159.234375
501 1643.415527 195159.218750 207524.765625 229573.593750 195159.234375
502 1646.712891 195159.218750 215130.906250 429348.343750 195159.234375
503 1649.946533 195159.218750 213098.812500 429348.343750 195159.234375
504 1652.668701 195159.218750 209034.078125 229573.593750 195159.234375
505 1655.984131 195159.218750 209034.078125 229573.593750 195159.234375
506 1659.084961 195159.218750 209034.078125 229573.593750 195159.234375
507 1662.437012 195159.218750 209034.078125 229573.593750 195159.234375
508 1666.087891 195159.218750 209034.078125 229573.593750 195159.234375
509 1669.239014 195159.218750 209034.078125 229573.593750 195159.234375
510 1672.390259 195159.218750 210143.921875 250651.671875 195159.234375
511 1676.376587 195159.218750 209653.093750 229573.593750 195159.234375
512 1679.566162 195159.218750 209653.093750 229573.593750 195159.234375
513 1682.904785 195159.218750 209653.093750 229573.593750 195159.234375
514 1685.565186 195159.218750 209653.093750 229573.593750 195159.234375
515 1689.593750 195159.218750 209653.093750 229573.593750 195159.234375
516 1692.902832 195159.218750 209653.093750 229573.593750 195159.234375
517 1696.412842 195159.218750 209653.093750 229573.593750 195159.234375
518 1699.464966 195159.218750 209653.093750 229573.593750 195159.234375
519 1702.115845 195159.218750 209653.093750 229573.593750 195159.234375
520 1705.736328 195159.218750 209653.093750 229573.593750 195159.234375
521 1709.290649 195159.218750 209635.515625 229573.593750 195159.234375
522 1712.375610 195159.218750 209635.515625 229573.593750 195159.234375
523 1715.993652 195159.218750 209743.546875 229573.593750 195159.234375
524 1718.922729 195159.218750 209743.546875 229573.593750 195159.234375
525 1721.986938 195159.218750 209743.546875 229573.593750 195159.234375
526 1725.322021 195159.218750 209635.515625 229573.593750 195159.234375
527 1728.529297 195159.218750 212189.312500 322849.906250 195159.234375
528 1732.261230 195159.218750 210254.546875 229573.593750 195159.234375
529 1735.581909 195159.218750 210254.546875 229573.593750 195159.234375
530 1738.628662 195159.218750 210254.546875 229573.593750 195159.234375
531 1741.748779 195159.218750 210254.546875 229573.593750 195159.234375
532 1744.589355 195159.218750 210254.546875 229573.593750 195159.234375
533 1747.762329 195159.218750 210254.546875 229573.593750 195159.234375
534 1750.678589 195159.218750 214497.578125 407311.000000 195159.234375
535 1753.473022 195159.218750 210873.562500 229573.593750 195159.234375
536 1757.520386 195159.218750 210873.562500 229573.593750 195159.234375
537 1760.688721 195159.218750 210873.562500 229573.593750 195159.234375
538 1764.273071 195159.218750 210873.562500 229573.593750 195159.234375
539 1767.519409 195159.218750 210873.562500 229573.593750 195159.234375
540 1770.985474 195159.218750 210873.562500 229573.593750 195159.234375
541 1774.018677 195159.218750 210873.562500 229573.593750 195159.234375
542 1776.617310 195159.218750 215824.625000 452092.968750 195159.234375
543 1779.683960 195159.218750 215157.796875 387800.406250 195159.234375
544 1782.878418 195159.218750 211923.984375 229573.593750 195159.234375
545 1785.607666 195159.218750 211652.718750 229573.593750 195159.234375
546 1788.397583 195159.218750 212250.046875 229573.593750 195159.234375
547 1790.929321 195159.218750 212250.015625 229573.593750 195159.234375
548 1794.287476 195159.218750 212250.015625 229573.593750 195159.234375
549 1797.404175 195159.218750 212250.015625 229573.593750 195159.234375
550 1800.029907 195159.218750 212250.015625 229573.593750 195159.234375
551 1803.607788 195159.218750 212250.015625 229573.593750 195159.234375
552 1807.032227 195159.218750 212250.015625 229573.593750 195159.234375
553 1810.464478 195159.218750 212250.015625 229573.593750 195159.234375
554 1813.917969 195159.218750 212250.015625 229573.593750 195159.234375
555 1816.432983 195159.218750 212250.015625 229573.593750 195159.234375
556 1819.143433 195159.218750 212250.015625 229573.593750 195159.234375
557 1821.865601 195159.218750 211920.656250 229573.593750 195159.234375
558 1825.317993 195159.218750 211920.656250 229573.593750 195159.234375
559 1828.196899 195159.218750 211920.656250 229573.593750 195159.234375
560 1831.213745 195159.218750 211920.656250 229573.593750 195159.234375
561 1834.627930 195159.218750 211920.656250 229573.593750 195159.234375
562 1838.555542 195159.218750 211920.656250 229573.593750 195159.234375
563 1841.438477 195159.218750 211920.656250 229573.593750 195159.234375
564 1844.346069 195159.218750 211920.656250 229573.593750 195159.234375
565 1847.433716 195159.218750 211920.656250 229573.593750 195159.234375
566 1850.639404 195159.218750 211920.656250 229573.593750 195159.234375
567 1853.786255 195159.218750 211920.656250 229573.593750 195159.234375
568 1856.622192 195159.218750 211920.656250 229573.593750 195159.234375
569 1859.467651 195159.218750 212703.296875 234292.156250 195159.234375
570 1862.398804 195159.218750 213718.078125 254079.484375 195159.234375
571 1865.542114 195159.218750 213158.703125 229573.593750 195159.234375
572 1868.905273 195159.218750 213158.703125 229573.593750 195159.234375
573 1872.279419 195159.218750 213158.703125 229573.593750 195159.234375
574 1875.514893 195159.218750 213158.703125 229573.593750 195159.234375
575 1878.614624 195159.218750 212561.375000 229573.593750 195159.234375
576 1881.189941 195159.218750 212561.375000 229573.593750 195159.234375
577 1884.446411 195159.218750 211942.359375 229573.593750 195159.234375
578 1887.994507 195159.218750 211942.359375 229573.593750 195159.234375
579 1891.230347 195159.218750 211942.359375 229573.593750 195159.234375
580 1893.786987 195159.218750 211942.359375 229573.593750 195159.234375
581 1896.736816 195159.218750 211942.359375 229573.593750 195159.234375
582 1899.204712 195159.218750 211942.359375 229573.593750 195159.234375
583 1902.112549 195159.218750 211942.359375 229573.593750 195159.234375
584 1905.046875 195159.218750 211942.359375 229573.593750 195159.234375
585 1908.516968 195159.218750 211323.343750 229573.593750 195159.234375
586 1912.284302 195159.218750 211323.343750 229573.593750 195159.234375
587 1916.045288 195159.218750 211323.343750 229573.593750 195159.234375
588 1919.035156 195159.218750 211323.343750 229573.593750 195159.234375
589 1921.953003 195159.218750 210704.312500 229573.593750 195159.234375
590 1925.149780 195159.218750 210704.312500 229573.593750 195159.234375
591 1928.255005 195159.218750 210704.312500 229573.593750 195159.234375
592 1931.212402 195159.218750 210704.312500 229573.593750 195159.234375
593 1934.071167 195159.218750 210704.312500 229573.593750 195159.234375
594 1937.195435 195159.218750 210704.312500 229573.593750 195159.234375
595 1940.463501 195159.218750 210704.312500 229573.593750 195159.234375
596 1944.075562 195159.218750 210704.312500 229573.593750 195159.234375
597 1946.942383 195159.218750 210704.312500 229573.593750 195159.234375
598 1950.253052 195159.218750 210704.312500 229573.593750 195159.234375
599 1953.044067 195159.218750 210085.296875 229573.593750 195159.234375
600 1955.796143 195159.218750 210085.296875 229573.593750 195159.234375
601 1959.180176 195159.218750 210085.296875 229573.593750 195159.234375
602 1962.520752 195159.218750 210085.296875 229573.593750 195159.234375
603 1966.032227 195159.218750 210085.296875 229573.593750 195159.234375
604 1969.227661 195159.218750 210085.296875 229573.593750 195159.234375
605 1972.815918 195159.218750 209466.281250 229573.593750 195159.234375
606 1976.476929 195159.218750 212310.875000 337389.750000 195159.234375
607 1979.957886 195159.218750 210085.296875 229573.593750 195159.234375
608 1982.151245 195159.218750 210085.296875 229573.593750 195159.234375
609 1984.958862 195159.218750 210085.296875 229573.593750 195159.234375
610 1988.424805 195159.218750 210085.296875 229573.593750 195159.234375
611 1991.305176 195159.218750 209466.281250 229573.593750 195159.234375
612 1994.472290 195159.218750 209466.281250 229573.593750 195159.234375
613 1997.441284 195159.218750 209466.281250 229573.593750 195159.234375
614 2000.693481 195159.218750 209466.281250 229573.593750 195159.234375
615 2003.913696 195159.218750 209466.281250 229573.593750 195159.234375
616 2007.415894 195159.218750 209466.281250 229573.593750 195159.234375
617 2011.232300 195159.218750 209466.281250 229573.593750 195159.234375
618 2014.340210 195159.218750 209466.281250 229573.593750 195159.234375
619 2017.101196 195159.218750 209466.281250 229573.593750 195159.234375
620 2020.413818 195159.218750 208847.265625 229573.593750 195159.234375
621 2023.850220 195159.218750 208847.234375 229573.593750 195159.234375
622 2027.159546 195159.218750 208847.234375 229573.593750 195159.234375
623 2030.710938 195159.218750 208847.234375 229573.593750 195159.234375
624 2034.547974 195159.218750 208847.234375 229573.593750 195159.234375
625 2038.062744 195159.218750 211527.859375 329190.218750 195159.234375
626 2041.817017 195159.218750 209466.281250 229573.593750 195159.234375
627 2045.124878 195159.218750 209466.281250 229573.593750 195159.234375
628 2048.481201 195159.218750 209466.281250 229573.593750 195159.234375
629 2051.203369 195159.218750 209466.281250 229573.593750 195159.234375
630 2054.059326 195159.218750 209466.281250 229573.593750 195159.234375
631 2057.622803 195159.218750 209466.281250 229573.593750 195159.234375
632 2061.005371 195159.218750 212885.656250 366129.062500 195159.234375
633 2064.031494 195159.218750 210845.296875 233159.359375 195159.234375
634 2067.257080 195159.218750 210704.312500 229573.593750 195159.234375
635 2070.042480 195159.218750 210704.312500 229573.593750 195159.234375
636 2073.488281 195159.218750 213062.421875 313064.343750 195159.234375
637 2076.522217 195159.218750 211323.343750 229573.593750 195159.234375
638 2079.028076 195159.218750 210704.312500 229573.593750 195159.234375
639 2082.321045 195159.218750 210704.312500 229573.593750 195159.234375
640 2085.750244 195159.218750 210704.312500 229573.593750 195159.234375
641 2089.319336 195159.218750 210704.312500 229573.593750 195159.234375
642 2092.468262 195159.218750 210704.312500 229573.593750 195159.234375
643 2095.343994 195159.218750 212635.203125 291703.312500 195159.281250
644 2098.516113 195159.218750 212565.921875 291703.312500 195159.281250
645 2102.827148 195159.218750 212565.921875 291703.312500 195159.281250
646 2106.093750 195159.218750 212565.921875 291703.312500 195159.281250
647 2109.558838 195159.218750 212565.921875 291703.312500 195159.281250
648 2112.387207 195159.218750 212565.921875 291703.312500 195159.281250
649 2115.901855 195159.218750 212565.921875 291703.312500 195159.234375
650 2119.054932 195159.218750 220292.203125 391516.062500 195159.234375
651 2122.522217 195159.218750 215410.015625 291703.312500 195159.234375
652 2125.431885 195159.218750 214392.406250 291703.093750 195159.234375
653 2129.094971 195159.218750 214392.406250 291703.093750 195159.234375
654 2132.088623 195159.218750 214392.406250 291703.093750 195159.234375
655 2135.138916 195159.218750 214392.406250 291703.093750 195159.234375
656 2138.130615 195159.218750 214392.406250 291703.093750 195159.234375
657 2141.351074 195159.218750 214392.406250 291703.093750 195159.234375
658 2144.506348 195159.218750 214392.406250 291703.093750 195159.234375
659 2148.149902 195159.218750 214392.406250 291703.093750 195159.234375
660 2150.813721 195159.218750 214392.406250 291703.093750 195159.234375
661 2154.154541 195159.218750 214392.406250 291703.093750 195159.234375
662 2157.500488 195159.218750 214392.406250 291703.093750 195159.234375
663 2160.798584 195159.218750 214392.406250 291703.093750 195159.234375
664 2164.459961 195159.218750 214392.406250 291703.093750 195159.234375
665 2168.129395 195159.218750 213773.375000 291703.093750 195159.234375
666 2171.635254 195159.218750 213773.375000 291703.093750 195159.234375
667 2174.750000 195159.218750 213773.375000 291703.093750 195159.234375
668 2178.419678 195159.218750 213773.375000 291703.093750 195159.234375
669 2181.975830 195159.218750 213773.375000 291703.093750 195159.234375
670 2185.380615 195159.218750 213773.375000 291703.093750 195159.234375
671 2188.834473 195159.218750 213773.375000 291703.093750 195159.234375
672 2191.691895 195159.218750 213773.375000 291703.093750 195159.234375
673 2194.394531 195159.218750 213773.375000 291703.093750 195159.234375
674 2197.725098 195159.218750 213773.375000 291703.093750 195159.234375
675 2200.810547 195159.218750 213154.359375 291703.093750 195159.234375
676 2204.312500 195159.218750 213154.359375 291703.093750 195159.234375
677 2207.304688 195159.218750 214931.265625 314955.093750 195159.234375
678 2210.566895 195159.218750 213322.718750 291703.093750 195159.234375
679 2214.260986 195159.218750 213322.718750 291703.093750 195159.234375
680 2216.895752 195159.218750 213322.718750 291703.093750 195159.234375
681 2220.240234 195159.218750 213322.718750 291703.093750 195159.234375
682 2223.928223 195159.218750 213322.718750 291703.093750 195159.234375
683 2227.751709 195159.218750 213322.718750 291703.093750 195159.234375
684 2230.766113 195159.218750 213322.718750 291703.093750 195159.234375
685 2234.343994 195159.218750 213322.718750 291703.093750 195159.234375
686 2237.823242 195159.218750 213322.718750 291703.093750 195159.234375
687 2240.788574 195159.218750 218807.953125 469421.343750 195159.234375
688 2244.254395 195159.218750 214636.921875 291703.093750 195159.234375
689 2247.250732 195159.218750 214718.421875 291703.093750 195159.234375
690 2249.926758 195159.218750 215065.406250 291703.093750 195159.234375
691 2252.433350 195159.218750 215065.406250 291703.093750 195159.234375
692 2255.807129 195159.218750 215065.406250 291703.093750 195159.234375
693 2258.440674 195159.218750 217458.984375 314838.531250 195159.234375
694 2261.419189 195159.218750 215978.656250 291703.093750 195159.234375
695 2264.625977 195159.218750 215978.656250 291703.093750 195159.234375
696 2268.212158 195159.218750 215978.640625 291703.093750 195159.234375
697 2271.814697 195159.218750 215978.640625 291703.093750 195159.234375
698 2275.247559 195159.218750 215978.640625 291703.093750 195159.234375
699 2278.893799 195159.218750 215978.640625 291703.093750 195159.234375
700 2282.324219 195159.218750 215978.640625 291703.093750 195159.234375
701 2285.897949 195159.218750 215978.640625 291703.093750 195159.234375
702 2289.195557 195159.218750 215978.640625 291703.093750 195159.234375
703 2292.860840 195159.218750 215978.640625 291703.093750 195159.234375
704 2296.645264 195159.218750 215897.156250 291703.093750 195159.234375
705 2300.255127 195159.218750 215897.156250 291703.093750 195159.234375
706 2303.642578 195159.218750 219244.437500 357028.156250 195159.234375
707 2306.806885 195159.218750 217677.906250 291703.093750 195159.234375
708 2309.869385 195159.218750 217677.875000 291703.093750 195159.234375
709 2313.119629 195159.218750 220166.500000 319590.875000 195159.234375
710 2316.130615 195159.218750 219576.546875 291703.093750 195159.234375
711 2319.414062 195159.218750 220698.203125 302124.656250 195159.234375
712 2322.465088 195159.218750 219472.140625 244430.468750 195159.234375
713 2325.589111 195159.218750 219472.140625 244430.468750 195159.234375
714 2328.732178 195159.218750 219472.140625 244430.468750 195159.234375
715 2332.089600 195159.218750 219472.140625 244430.468750 195159.234375
716 2335.770508 195159.218750 219362.218750 244430.468750 195159.234375
717 2339.484375 195159.218750 219362.218750 244430.468750 195159.234375
718 2343.079346 195159.218750 219015.234375 244430.468750 195159.234375
719 2346.865723 195159.218750 219015.234375 244430.468750 195159.234375
720 2349.955078 195159.218750 219015.234375 244430.468750 195159.234375
721 2352.798828 195159.218750 219015.234375 244430.468750 195159.234375
722 2355.832275 195159.218750 219015.234375 244430.468750 195159.234375
723 2359.923096 195159.218750 219015.234375 244430.468750 195159.234375
724 2363.109131 195159.218750 219015.234375 244430.468750 195159.234375
725 2365.914307 195159.218750 219015.234375 244430.468750 195159.234375
726 2370.019043 195159.218750 219015.234375 244430.468750 195159.234375
727 2373.403076 195159.218750 219015.234375 244430.468750 195159.234375
728 2376.292969 195159.218750 222234.156250 356105.812500 195159.328125
729 2379.511475 195159.218750 222162.015625 356105.812500 195159.328125
730 2382.512695 195159.218750 221761.062500 356105.812500 195159.328125
731 2385.936035 195159.218750 221761.062500 356105.812500 195159.328125
732 2389.635254 195159.218750 221761.062500 356105.812500 195159.328125
733 2393.006104 195159.218750 221267.921875 356105.812500 195159.328125
734 2395.847900 195159.218750 221840.187500 356105.812500 195159.296875
735 2398.934082 195159.218750 221840.187500 356105.812500 195159.296875
736 2402.287354 195159.218750 221840.187500 356105.812500 195159.296875
737 2406.401123 195159.218750 221840.187500 356105.812500 195159.296875
738 2408.933350 195159.218750 221840.187500 356105.812500 195159.296875
739 2412.370850 195159.218750 221840.187500 356105.812500 195159.296875
740 2415.867432 195159.218750 221267.921875 356105.812500 195159.296875
741 2419.011230 195159.218750 221267.921875 356105.812500 195159.296875
742 2422.171875 195159.218750 221267.921875 356105.812500 195159.296875
743 2425.447021 195159.218750 221267.921875 356105.812500 195159.296875
744 2428.509521 195159.218750 221267.921875 356105.812500 195159.296875
745 2432.572754 195159.218750 221267.921875 356105.812500 195159.296875
746 2435.884277 195159.218750 221267.921875 356105.812500 195159.296875
747 2439.828857 195159.218750 221267.921875 356105.812500 195159.296875
748 2443.588867 195159.218750 221267.921875 356105.812500 195159.296875
749 2447.050537 195159.218750 221267.921875 356105.812500 195159.296875
750 2450.745605 195159.218750 221267.906250 356105.812500 195159.296875
751 2453.540527 195159.218750 221267.906250 356105.812500 195159.296875
752 2456.311279 195159.218750 221267.906250 356105.812500 195159.296875
753 2459.363525 195159.218750 221267.906250 356105.812500 195159.296875
754 2462.820068 195159.218750 221267.906250 356105.812500 195159.296875
755 2466.450684 195159.218750 221267.906250 356105.812500 195159.296875
756 2470.086670 195159.218750 221267.906250 356105.812500 195159.296875
757 2473.714111 195159.218750 221267.906250 356105.812500 195159.296875
758 2477.562988 195159.218750 221267.906250 356105.812500 195159.296875
759 2480.566895 195159.218750 220648.906250 356105.812500 195159.296875
760 2484.081543 195159.218750 220648.906250 356105.812500 195159.296875
761 2487.575195 195159.218750 220648.906250 356105.812500 195159.296875
762 2490.359375 195159.218750 220648.906250 356105.812500 195159.296875
763 2493.748047 195159.218750 220648.906250 356105.812500 195159.296875
764 2496.762207 195159.218750 220648.906250 356105.812500 195159.234375
765 2500.281006 195159.218750 220648.875000 356105.812500 195159.234375
766 2503.769531 195159.218750 220029.859375 356105.812500 195159.234375
767 2506.937500 195159.218750 220029.859375 356105.812500 195159.234375
768 2510.401855 195159.218750 220029.859375 356105.812500 195159.234375
769 2513.435059 195159.218750 220029.859375 356105.812500 195159.234375
770 2516.889160 195159.218750 219410.843750 356105.812500 195159.234375
771 2520.203125 195159.218750 219410.843750 356105.812500 195159.234375
772 2523.505859 195159.218750 219410.843750 356105.812500 195159.234375
773 2526.644775 195159.218750 219410.843750 356105.812500 195159.234375
774 2529.944336 195159.218750 219410.843750 356105.812500 195159.234375
775 2533.562988 195159.218750 219410.843750 356105.812500 195159.234375
776 2536.483887 195159.218750 219410.843750 356105.812500 195159.234375
777 2540.158203 195159.218750 220884.562500 356105.812500 195159.234375
778 2543.455322 195159.218750 221327.906250 356105.812500 195159.234375
779 2546.481689 195159.218750 222835.437500 356105.812500 195159.234375
780 2549.394287 195159.218750 225468.984375 356105.812500 195159.234375
781 2552.358398 195159.218750 224180.921875 326837.406250 195159.234375
782 2555.878906 195159.218750 224180.921875 326837.406250 195159.234375
783 2559.072021 195159.218750 224180.921875 326837.406250 195159.234375
784 2562.541748 195159.218750 224180.921875 326837.406250 195159.234375
785 2565.575928 195159.218750 223737.593750 326837.406250 195159.234375
786 2569.031250 195159.218750 223737.578125 326837.406250 195159.234375
787 2572.097900 195159.218750 223118.578125 326837.406250 195159.234375
788 2575.483398 195159.218750 223118.578125 326837.406250 195159.234375
789 2579.053223 195159.218750 223118.578125 326837.406250 195159.234375
790 2582.373779 195159.218750 223118.578125 326837.406250 195159.234375
791 2585.573730 195159.218750 222499.546875 326837.406250 195159.234375
792 2588.759033 195159.218750 222499.546875 326837.406250 195159.234375
793 2592.125000 195159.218750 222499.546875 326837.406250 195159.234375
794 2594.739502 195159.218750 222499.546875 326837.406250 195159.234375
795 2598.427002 195159.218750 222499.546875 326837.406250 195159.234375
796 2601.143066 195159.218750 222499.546875 326837.406250 195159.234375
797 2604.881836 195159.218750 222499.546875 326837.406250 195159.234375
798 2607.921631 195159.218750 221880.515625 326837.406250 195159.234375
799 2611.426514 195159.218750 221880.515625 326837.406250 195159.234375
800 2614.579834 195159.218750 221261.500000 326837.406250 195159.234375
801 2617.457764 195159.218750 221261.500000 326837.406250 195159.234375
802 2621.219727 195159.218750 221261.500000 326837.406250 195159.234375
803 2624.170166 195159.218750 221261.500000 326837.406250 195159.234375
804 2626.697021 195159.218750 221261.500000 326837.406250 195159.234375
805 2629.772705 195159.218750 221261.500000 326837.406250 195159.234375
806 2633.266113 195159.218750 221261.500000 326837.406250 195159.234375
807 2636.820557 195159.218750 221261.500000 326837.406250 195159.234375
808 2640.023438 195159.218750 221261.500000 326837.406250 195159.234375
809 2643.548096 195159.218750 221261.500000 326837.406250 195159.234375
810 2646.886719 195159.218750 221261.500000 326837.406250 195159.234375
811 2649.919922 195159.218750 221261.500000 326837.406250 195159.234375
812 2653.546387 195159.218750 221261.500000 326837.406250 195159.234375
813 2656.554199 195159.218750 221261.500000 326837.406250 195159.234375
814 2659.897461 195159.218750 221261.500000 326837.406250 195159.234375
815 2663.268311 195159.218750 221261.500000 326837.406250 195159.234375
816 2665.727783 195159.218750 221261.484375 326837.406250 195159.234375
817 2668.938965 195159.218750 221261.484375 326837.406250 195159.234375
818 2671.865234 195159.218750 221261.484375 326837.406250 195159.234375
819 2674.654053 195159.218750 221261.484375 326837.406250 195159.234375
820 2677.778076 195159.218750 221261.484375 326837.406250 195159.234375
821 2680.788574 195159.218750 221261.484375 326837.406250 195159.234375
822 2684.343506 195159.218750 220642.453125 326837.406250 195159.234375
823 2688.403809 195159.218750 220642.453125 326837.406250 195159.234375
824 2691.319580 195159.218750 220642.453125 326837.406250 195159.234375
825 2694.718506 195159.218750 220642.453125 326837.406250 195159.234375
826 2697.997559 195159.218750 220023.437500 326837.406250 195159.234375
827 2701.061279 195159.218750 220023.437500 326837.406250 195159.234375
828 2704.002441 195159.218750 220023.437500 326837.406250 195159.234375
829 2707.066650 195159.218750 220023.437500 326837.406250 195159.234375
830 2709.886230 195159.218750 221630.937500 326837.406250 195159.265625
831 2713.097168 195159.218750 221630.921875 326837.406250 195159.265625
832 2716.360352 195159.218750 221630.921875 326837.406250 195159.265625
833 2719.519287 195159.218750 221011.906250 326837.406250 195159.265625
834 2722.552490 195159.218750 221011.906250 326837.406250 195159.265625
835 2725.805420 195159.218750 221011.906250 326837.406250 195159.265625
836 2728.643066 195159.218750 220392.875000 326837.406250 195159.265625
837 2731.571289 195159.218750 220392.875000 326837.406250 195159.265625
838 2735.106445 195159.218750 219773.859375 326837.406250 195159.265625
839 2737.903809 195159.218750 219773.859375 326837.406250 195159.265625
840 2740.975342 195159.218750 219773.859375 326837.406250 195159.265625
841 2744.083984 195159.218750 219773.859375 326837.406250 195159.265625
842 2747.276855 195159.218750 219773.859375 326837.406250 195159.265625
843 2750.004150 195159.218750 221691.203125 326837.406250 195159.265625
844 2753.396973 195159.218750 222081.843750 326837.406250 195159.265625
845 2756.826172 195159.218750 222081.843750 326837.406250 195159.265625
846 2760.098389 195159.218750 222081.843750 326837.406250 195159.265625
847 2763.917969 195159.218750 226838.703125 433001.718750 195159.296875
848 2767.778076 195159.218750 226136.015625 433001.718750 195159.296875
849 2771.326172 195159.218750 225745.375000 433001.718750 195159.296875
850 2774.263672 195159.218750 225745.375000 433001.718750 195159.296875
851 2778.027588 195159.218750 225745.375000 433001.718750 195159.296875
852 2781.440674 195159.218750 227452.140625 433001.718750 195159.296875
853 2784.545654 195159.218750 227452.140625 433001.718750 195159.296875
854 2788.082031 195159.218750 227452.140625 433001.718750 195159.296875
855 2791.179688 195159.218750 227452.140625 433001.718750 195159.296875
856 2794.183350 195159.218750 227452.140625 433001.718750 195159.296875
857 2797.632812 195159.218750 229917.640625 433001.718750 195159.296875
858 2800.811768 195159.218750 229917.656250 433001.718750 195159.296875
859 2804.001709 195159.218750 229917.656250 433001.718750 195159.296875
860 2806.977783 195159.218750 229917.656250 433001.718750 195159.296875
861 2809.850342 195159.218750 231530.421875 433001.718750 195159.296875
862 2813.113525 195159.218750 231530.421875 433001.718750 195159.296875
863 2816.628662 195159.218750 231530.421875 433001.718750 195159.296875
864 2820.137451 195159.218750 231530.421875 433001.718750 195159.234375
865 2823.861816 195159.218750 230911.406250 433001.718750 195159.234375
866 2827.234375 195159.218750 230911.406250 433001.718750 195159.234375
867 2830.459717 195159.218750 230911.375000 433001.718750 195159.234375
868 2833.701172 195159.218750 232462.843750 433001.718750 195159.234375
869 2836.799316 195159.218750 232462.843750 433001.718750 195159.234375
870 2839.929932 195159.218750 232462.843750 433001.718750 195159.234375
871 2842.820312 195159.218750 232462.843750 433001.718750 195159.234375
872 2845.967285 195159.218750 232462.843750 433001.718750 195159.234375
873 2849.091309 195159.218750 232462.843750 433001.718750 195159.234375
874 2852.321533 195159.218750 232462.843750 433001.718750 195159.234375
875 2855.698242 195159.218750 232462.843750 433001.718750 195159.234375
876 2858.842285 195159.218750 232462.843750 433001.718750 195159.234375
877 2862.665771 195159.218750 232462.843750 433001.718750 195159.234375
878 2866.248291 195159.218750 232462.843750 433001.718750 195159.234375
879 2868.991699 195159.218750 232462.843750 433001.718750 195159.234375
880 2872.329834 195159.218750 232462.812500 433001.718750 195159.234375
881 2875.747803 195159.218750 232462.812500 433001.718750 195159.234375
882 2878.895508 195159.218750 232462.812500 433001.718750 195159.234375
883 2882.098389 195159.218750 232462.812500 433001.718750 195159.234375
884 2885.210205 195159.218750 232462.812500 433001.718750 195159.234375
885 2888.125000 195159.218750 232462.812500 433001.718750 195159.234375
886 2891.219727 195159.218750 232462.812500 433001.718750 195159.234375
887 2894.846436 195159.218750 232462.812500 433001.718750 195159.234375
888 2898.349854 195159.218750 232462.812500 433001.718750 195159.234375
889 2902.002686 195159.218750 232462.812500 433001.718750 195159.234375
