0 0.000001 223112.781250 226935.203125 231381.562500 223112.781250
1 2.898908 221403.875000 226935.203125 231381.562500 223112.781250
2 5.660818 218714.703125 226494.546875 231381.562500 221403.875000
3 8.474976 217670.125000 230611.015625 447006.406250 218714.703125
4 11.283937 216086.703125 230157.312500 447006.406250 217670.125000
5 14.037327 214574.359375 229669.843750 447006.406250 216086.703125
6 17.119770 213427.765625 229188.718750 447006.406250 214574.359375
7 20.108583 212693.937500 228712.046875 447006.406250 213427.765625
8 23.192225 211546.625000 229837.234375 447006.406250 212693.937500
9 26.041237 209484.015625 229167.578125 447006.406250 211546.625000
10 28.878147 208743.640625 228668.203125 447006.406250 209484.015625
11 32.141075 208656.828125 228188.687500 447006.406250 208743.640625
12 34.935635 207550.734375 227746.375000 447006.406250 208656.828125
13 37.426052 206552.593750 228164.656250 447006.406250 207550.734375
14 40.407230 205643.312500 226724.500000 447006.406250 206552.593750
15 43.227757 205120.531250 220706.687500 225959.437500 205643.312500
16 46.466297 204704.515625 221823.187500 272671.968750 205120.531250
17 49.020580 204029.468750 220347.578125 225959.437500 204704.515625
18 51.455883 203537.984375 220186.093750 225959.437500 204029.468750
19 53.994480 202394.765625 220000.500000 225959.437500 203537.984375
20 57.211285 201794.328125 219885.421875 225959.437500 202394.765625
21 59.896896 201368.968750 219760.921875 225959.437500 201794.328125
22 62.785637 200860.062500 219687.734375 225959.437500 201368.968750
23 65.289490 200674.625000 219569.906250 225959.437500 200860.062500
24 67.693123 200674.625000 219486.046875 225959.437500 200674.625000
25 70.406525 200307.140625 219469.218750 225959.437500 200674.625000
26 73.456230 200213.140625 219222.281250 225959.437500 200307.140625
27 76.422821 199596.406250 219101.562500 225959.437500 200213.140625
28 79.239738 199505.187500 218993.203125 225959.437500 199596.406250
29 82.224159 199238.843750 218895.187500 225959.437500 199505.187500
30 85.128090 198709.250000 220179.500000 269895.062500 199238.843750
31 87.588905 198709.250000 218715.046875 225959.437500 198709.250000
32 90.186203 198315.906250 218655.343750 225959.437500 198709.250000
33 92.986122 198051.156250 218579.000000 225959.437500 198315.906250
34 96.242920 197871.453125 218544.765625 225959.437500 198051.156250
35 99.136360 197871.453125 220794.937500 314836.437500 197871.453125
36 101.946892 197806.718750 218429.593750 225959.437500 197871.453125
37 104.745514 197769.296875 218398.656250 225959.437500 197806.718750
38 107.586899 197601.906250 218355.046875 225959.437500 197769.296875
39 110.246338 197254.015625 218316.140625 225959.437500 197601.906250
40 113.322044 197161.546875 218289.375000 225959.437500 197254.015625
41 116.406921 197122.250000 218276.453125 225959.437500 197161.546875
42 119.184067 197057.078125 218242.000000 225959.437500 197122.250000
43 122.077713 196963.078125 218224.625000 225959.437500 197057.078125
44 125.136429 196963.078125 218208.265625 225959.437500 196963.078125
45 128.496826 196893.296875 218184.281250 225959.437500 196963.078125
46 131.689835 196697.109375 218171.593750 225959.437500 196893.296875
47 134.612228 196684.140625 218140.593750 225959.437500 196697.109375
48 137.401794 196684.140625 218123.406250 225959.437500 196684.140625
49 140.274368 196653.078125 218111.312500 225959.437500 196684.140625
50 143.154129 196605.828125 218103.796875 225959.437500 196653.078125
51 146.538879 196605.828125 218092.687500 225959.437500 196605.828125
52 149.491638 196589.062500 218063.218750 225959.437500 196605.828125
53 152.506790 196589.062500 218047.812500 225959.437500 196589.062500
54 155.406082 196580.578125 218041.562500 225959.437500 196589.062500
55 158.271912 196285.640625 222152.125000 404913.781250 196580.578125
56 161.165085 196285.640625 218469.281250 225959.437500 196285.640625
57 164.382126 196167.093750 218456.687500 225959.437500 196285.640625
58 167.181076 196125.109375 218443.437500 225959.437500 196167.093750
59 169.826004 196025.906250 218429.437500 225959.437500 196125.109375
60 172.547012 196025.906250 218397.218750 225959.437500 196025.906250
61 175.833038 195965.625000 218388.640625 225959.437500 196025.906250
62 179.159882 195940.687500 218372.578125 225959.437500 195965.625000
63 182.432724 195914.359375 220101.000000 286038.343750 195940.687500
64 185.467621 195914.359375 218309.906250 225959.437500 195914.359375
65 188.301514 195914.359375 218273.515625 225959.437500 195914.359375
66 191.002197 195872.859375 218268.953125 225959.437500 195914.359375
67 194.024139 195839.828125 218258.593750 225959.437500 195872.859375
68 196.953217 195839.828125 218237.937500 225959.437500 195839.828125
69 200.140686 195839.828125 218225.843750 225959.437500 195839.828125
70 203.225632 195839.828125 218220.187500 225959.437500 195839.828125
71 206.031097 195839.828125 218214.625000 225959.437500 195839.828125
72 209.179810 195839.828125 218210.140625 225959.437500 195839.828125
73 212.189407 195839.828125 218203.484375 225959.437500 195839.828125
74 215.633545 195825.265625 218189.218750 225959.437500 195839.828125
75 218.730820 195825.265625 218168.484375 225959.437500 195825.265625
76 221.541245 195825.265625 218167.875000 225959.437500 195825.265625
77 224.125595 195825.265625 221734.375000 374457.062500 195825.265625
78 226.926666 195825.265625 218239.140625 225959.437500 195825.265625
79 229.907669 195825.265625 218197.203125 225959.437500 195825.265625
80 232.946930 195825.265625 218178.500000 225959.437500 195825.265625
81 235.604065 195825.265625 218137.218750 225959.437500 195825.265625
82 237.891098 195825.265625 218115.781250 225959.437500 195825.265625
83 240.890427 195748.640625 218040.265625 225959.437500 195825.265625
84 243.380905 195719.796875 217951.421875 225959.437500 195748.640625
85 246.204208 195719.796875 217504.312500 225959.437500 195719.796875
86 248.915985 195719.796875 217500.687500 225959.437500 195719.796875
87 251.996597 195719.796875 217500.093750 225959.437500 195719.796875
88 254.555450 195719.796875 217495.734375 225959.437500 195719.796875
89 257.712799 195719.796875 217495.156250 225959.437500 195719.796875
90 261.003296 195719.796875 217493.765625 225959.437500 195719.796875
91 264.054352 195719.796875 217819.500000 225959.437500 195719.796875
92 267.058502 195719.796875 217784.640625 225959.437500 195719.796875
93 270.344971 195719.796875 217782.546875 225959.437500 195719.796875
94 273.200104 195719.796875 217780.421875 225959.437500 195719.796875
95 276.114349 195719.796875 221162.593750 364933.937500 195719.796875
96 278.689819 195719.796875 218605.484375 236182.093750 195719.796875
97 281.433868 195719.796875 218012.593750 236182.093750 195719.796875
98 283.633209 195719.796875 217950.375000 236182.093750 195719.796875
99 286.825714 195719.796875 217928.625000 236182.093750 195719.796875
100 289.759033 195719.796875 217905.640625 236182.093750 195719.796875
101 292.639160 195719.796875 217683.453125 236182.093750 195719.796875
102 295.141815 195719.796875 217095.843750 236182.093750 195719.796875
103 298.176758 195719.796875 216508.218750 236182.093750 195719.796875
104 300.921753 195719.796875 215920.593750 236182.093750 195719.796875
105 304.029938 195719.796875 215332.984375 236182.093750 195719.796875
106 307.277618 195719.796875 214745.359375 236182.093750 195719.796875
107 310.635162 195719.796875 214157.734375 236182.093750 195719.796875
108 313.849884 195719.796875 213570.125000 236182.093750 195719.796875
109 316.414856 195719.796875 212982.500000 236182.093750 195719.796875
110 319.322174 195712.734375 212394.875000 236182.093750 195719.796875
111 322.520111 195712.734375 211807.125000 236182.093750 195712.734375
112 325.520477 195712.734375 211219.500000 236182.093750 195712.734375
113 328.357910 195712.734375 211219.359375 236182.093750 195712.734375
114 331.160004 195712.734375 211219.218750 236182.093750 195712.734375
115 334.198334 195712.734375 211219.062500 236182.093750 195712.734375
116 336.905151 195712.734375 211218.921875 236182.093750 195712.734375
117 339.735901 195712.734375 211218.781250 236182.093750 195712.734375
118 342.643127 195712.734375 211218.640625 236182.093750 195712.734375
119 345.726166 195712.734375 211218.500000 236182.093750 195712.734375
120 348.634796 195712.734375 211218.359375 236182.093750 195712.734375
121 351.511749 195712.734375 211218.218750 236182.093750 195712.734375
122 354.522308 195705.843750 211688.718750 236182.093750 195712.734375
123 357.623566 195705.843750 211688.437500 236182.093750 195705.843750
124 360.869751 195705.843750 211688.296875 236182.093750 195705.843750
125 363.117340 195705.843750 211688.156250 236182.093750 195705.843750
126 366.058868 195705.843750 211688.015625 236182.093750 195705.843750
127 368.566803 195705.843750 216117.593750 417191.750000 195705.843750
128 371.601929 195705.843750 212664.406250 236182.093750 195705.843750
129 375.102142 195705.843750 212664.265625 236182.093750 195705.843750
130 378.363098 195705.843750 212664.125000 236182.093750 195705.843750
131 381.204712 195705.843750 212663.984375 236182.093750 195705.843750
132 384.287048 195705.843750 212663.843750 236182.093750 195705.843750
133 386.867218 195705.843750 212663.703125 236182.093750 195705.843750
134 389.877411 195705.843750 212663.562500 236182.093750 195705.843750
135 392.623138 195705.843750 215012.125000 313147.062500 195705.843750
136 395.009491 195705.843750 213250.921875 236182.093750 195705.843750
137 398.146820 195705.843750 213250.640625 236182.093750 195705.843750
138 400.624725 195705.843750 213250.359375 236182.093750 195705.843750
139 403.652008 195705.843750 213250.078125 236182.093750 195705.843750
140 406.559357 195705.843750 213249.796875 236182.093750 195705.843750
141 409.334717 195705.843750 213249.515625 236182.093750 195705.843750
142 411.877625 195705.843750 214800.125000 273249.656250 195705.843750
143 414.795837 195705.843750 213836.859375 236182.093750 195705.843750
144 417.574951 195705.843750 213836.578125 236182.093750 195705.843750
145 420.831360 195705.843750 213447.546875 236182.093750 195705.843750
146 423.545685 195705.843750 212976.640625 236182.093750 195705.843750
147 426.345490 195705.843750 216492.203125 400878.812500 195705.843750
148 429.498718 195705.843750 217371.921875 400878.812500 195705.843750
149 432.642090 195705.843750 213268.453125 250772.968750 195705.843750
150 435.517822 195705.843750 216144.718750 368914.500000 195705.843750
151 438.003601 195705.843750 212680.562500 250772.968750 195705.843750
152 440.590790 195705.843750 212092.656250 250772.968750 195705.843750
153 443.529663 195705.843750 211504.765625 250772.968750 195705.843750
154 446.048340 195705.843750 210916.859375 250772.968750 195705.843750
155 448.929108 195705.843750 210328.953125 250772.968750 195705.843750
156 451.404602 195705.843750 209741.062500 250772.968750 195705.843750
157 454.391846 195705.843750 209153.156250 250772.968750 195705.843750
158 457.349030 195705.843750 208565.265625 250772.968750 195705.843750
159 460.253601 195705.843750 211893.437500 391509.937500 195705.843750
160 463.052917 195705.843750 207977.359375 250772.968750 195705.843750
161 465.804321 195705.843750 207389.453125 250772.968750 195705.843750
162 468.774963 195705.843750 206801.562500 250772.968750 195705.843750
163 471.479889 195705.843750 206213.656250 250772.968750 195705.843750
164 474.199646 195705.843750 207879.187500 308376.625000 195705.843750
165 476.934052 195705.843750 205625.765625 250772.968750 195705.843750
166 480.103058 195705.843750 205037.859375 250772.968750 195705.843750
167 483.334778 195705.843750 206128.359375 279625.937500 195705.843750
168 486.437195 195705.843750 205938.859375 270150.781250 195705.843750
169 489.253693 195705.843750 205953.078125 270861.718750 195705.843750
170 492.126923 195705.843750 204449.953125 250772.968750 195705.843750
171 494.962860 195705.843750 203862.062500 250772.968750 195705.843750
172 498.222534 195705.843750 203274.156250 250772.968750 195705.843750
173 501.375977 195705.843750 202686.265625 250772.968750 195705.843750
174 504.590607 195705.843750 202098.359375 250772.968750 195705.843750
175 507.427368 195705.843750 201510.453125 250772.968750 195705.843750
176 510.277618 195705.843750 203576.625000 328408.937500 195705.843750
177 513.187683 195705.843750 200922.562500 250772.968750 195705.843750
178 516.398621 195705.843750 200334.656250 250772.968750 195705.843750
179 519.192810 195705.843750 199746.765625 250772.968750 195705.843750
180 521.822083 195705.843750 199158.859375 250772.968750 195705.843750
181 524.893066 195705.843750 198570.953125 250772.968750 195705.843750
182 527.831543 195705.843750 197983.062500 250772.968750 195705.843750
183 530.651001 195705.843750 197395.156250 250772.968750 195705.843750
184 533.698669 195705.843750 201144.875000 412586.750000 195705.843750
185 536.330261 195705.843750 200043.546875 412586.750000 195705.843750
186 539.105042 195705.843750 195705.921875 195705.843750 195705.843750
187 541.890930 195705.843750 195705.921875 195705.843750 195705.843750
188 545.011658 195705.843750 195705.921875 195705.843750 195705.843750
189 548.110107 195705.843750 195705.921875 195705.843750 195705.843750
190 551.360168 195705.843750 195705.921875 195705.843750 195705.843750
191 554.209839 195705.843750 195705.921875 195705.843750 195705.843750
192 557.440979 195705.843750 195705.921875 195705.843750 195705.843750
193 560.306702 195705.843750 195705.921875 195705.843750 195705.843750
194 563.025269 195705.843750 195705.921875 195705.843750 195705.843750
195 565.581787 195705.843750 201153.437500 468081.625000 195705.843750
196 568.337891 195705.843750 196764.078125 248613.921875 195705.843750
197 571.232483 195705.843750 195705.921875 195705.843750 195705.843750
198 574.686951 195705.843750 195705.921875 195705.843750 195705.843750
199 577.791321 195705.843750 195705.921875 195705.843750 195705.843750
200 580.478455 195705.843750 195705.921875 195705.843750 195705.843750
201 583.396484 195705.843750 195705.921875 195705.843750 195705.843750
202 586.095825 195705.843750 195705.921875 195705.843750 195705.843750
203 588.929565 195705.843750 199260.062500 373413.156250 195705.843750
204 591.867859 195705.843750 198186.078125 319713.625000 195705.843750
205 594.736938 195705.843750 195705.921875 195705.843750 195705.843750
206 597.673462 195705.843750 195705.921875 195705.843750 195705.843750
207 600.803955 195705.843750 201048.093750 462814.906250 195705.843750
208 603.375671 195705.843750 195705.921875 195705.843750 195705.843750
209 606.425537 195705.843750 197495.421875 285181.000000 195705.843750
210 609.565125 195705.843750 195705.921875 195705.843750 195705.843750
211 612.385925 195705.843750 195705.921875 195705.843750 195705.843750
212 615.056458 195705.843750 195705.921875 195705.843750 195705.843750
213 617.885620 195705.843750 195705.921875 195705.843750 195705.843750
214 620.312561 195705.843750 195705.921875 195705.843750 195705.843750
215 623.391663 195705.843750 195705.921875 195705.843750 195705.843750
216 625.963623 195705.843750 195705.921875 195705.843750 195705.843750
217 628.755432 195705.843750 195705.921875 195705.843750 195705.843750
218 631.905029 195705.843750 195705.921875 195705.843750 195705.843750
219 634.796143 195705.843750 195705.921875 195705.843750 195705.843750
220 637.800903 195705.843750 195705.921875 195705.843750 195705.843750
221 640.336121 195705.843750 195705.921875 195705.843750 195705.843750
222 643.011230 195705.843750 195705.921875 195705.843750 195705.843750
223 645.741821 195705.843750 197208.140625 270817.656250 195705.843750
224 648.756409 195705.843750 195705.921875 195705.843750 195705.843750
225 652.049194 195705.843750 195705.921875 195705.843750 195705.843750
226 655.033691 195705.843750 195705.921875 195705.843750 195705.843750
227 658.239380 195705.843750 197721.156250 296467.687500 195705.843750
228 661.357300 195705.843750 195705.921875 195705.843750 195705.843750
229 664.296997 195705.843750 195705.921875 195705.843750 195705.843750
230 666.994934 195705.843750 195705.921875 195705.843750 195705.843750
231 669.999390 195705.843750 195705.921875 195705.843750 195705.843750
232 673.066040 195705.843750 195705.921875 195705.843750 195705.843750
233 675.454468 195705.843750 202477.578125 375204.437500 195705.843750
234 678.223145 195705.843750 199790.234375 375204.437500 195705.843750
235 681.267761 195705.843750 199920.281250 375204.437500 195705.843750
236 684.074524 195705.843750 199721.421875 375204.437500 195705.843750
237 687.225281 195705.843750 199295.875000 375204.437500 195705.843750
238 690.279541 195705.843750 195705.921875 195705.843750 195705.843750
239 693.368286 195705.843750 197967.640625 308791.687500 195705.843750
240 696.107117 195705.843750 195984.812500 209650.890625 195705.843750
241 698.933899 195705.843750 195930.421875 206930.921875 195705.843750
242 701.778503 195705.843750 195705.921875 195705.843750 195705.843750
243 704.446594 195705.843750 195705.921875 195705.843750 195705.843750
244 707.508667 195705.843750 195705.921875 195705.843750 195705.843750
245 710.507507 195705.843750 200007.265625 410773.093750 195705.843750
246 713.239319 195705.843750 195826.062500 201713.296875 195705.843750
247 715.767334 195705.843750 196746.734375 247746.953125 195705.843750
248 718.799805 195705.843750 195856.375000 203228.671875 195705.843750
249 721.674500 195705.843750 196794.406250 250130.484375 195705.843750
250 724.377014 195705.843750 195903.781250 205599.390625 195705.843750
251 727.653564 195705.843750 195705.921875 195705.843750 195705.843750
252 730.123901 195705.843750 195705.921875 195705.843750 195705.843750
253 732.739990 195705.843750 195705.921875 195705.843750 195705.843750
254 735.406128 195705.843750 196656.921875 243255.875000 195705.843750
255 738.286194 195705.843750 195705.921875 195705.843750 195705.843750
256 741.730469 195705.843750 195705.921875 195705.843750 195705.843750
257 744.609070 195705.843750 195705.921875 195705.843750 195705.843750
258 747.297913 195705.843750 195773.484375 199084.328125 195705.843750
259 749.732666 195705.843750 197240.046875 272412.250000 195705.843750
260 752.487915 195705.843750 195705.921875 195705.843750 195705.843750
261 755.585083 195705.843750 195705.921875 195705.843750 195705.843750
262 758.444702 195705.843750 195705.921875 195705.843750 195705.843750
263 761.367981 195705.843750 198905.093750 355665.343750 195705.843750
264 764.309082 195705.843750 195839.812500 202400.734375 195705.843750
265 767.380981 195705.843750 200051.734375 399539.687500 195705.843750
266 770.448792 195705.843750 199874.765625 399539.687500 195705.843750
267 773.415771 195705.843750 200955.656250 399539.687500 195705.843750
268 776.560181 195705.843750 202574.781250 399539.687500 195705.843750
269 779.244446 195705.843750 200698.703125 399539.687500 195705.843750
270 782.025452 195705.843750 201499.375000 399539.687500 195705.843750
271 784.822449 195705.843750 197675.734375 252150.000000 195705.843750
272 788.135803 195705.843750 197644.312500 252150.000000 195705.843750
273 790.994751 195705.843750 196834.796875 252150.000000 195705.843750
274 793.946228 195705.843750 195705.921875 195705.843750 195705.843750
275 796.960938 195705.843750 195705.921875 195705.843750 195705.843750
276 799.704895 195705.843750 195705.921875 195705.843750 195705.843750
277 802.628418 195705.843750 195705.921875 195705.843750 195705.843750
278 805.627869 195705.843750 195705.921875 195705.843750 195705.843750
279 808.643005 195705.843750 195705.921875 195705.843750 195705.843750
280 811.492004 195705.843750 195705.921875 195705.843750 195705.843750
281 814.036072 195705.843750 195705.921875 195705.843750 195705.843750
282 817.062805 195705.843750 196145.921875 217706.328125 195705.843750
283 820.011963 195705.843750 195992.640625 210041.890625 195705.843750
284 823.318359 195705.843750 197765.234375 278114.781250 195705.843750
285 826.315796 195705.843750 197595.453125 278114.781250 195705.843750
286 829.420227 195705.843750 197493.796875 278114.781250 195705.843750
287 832.568970 195705.843750 197730.093750 278114.781250 195705.843750
288 835.131775 195705.843750 197547.843750 278114.781250 195705.843750
289 837.840515 195705.843750 197543.312500 278114.781250 195705.843750
290 841.079529 195705.843750 197354.093750 278114.781250 195705.843750
291 843.983582 195705.843750 195705.921875 195705.843750 195705.843750
292 846.863342 195705.843750 195705.921875 195705.843750 195705.843750
293 849.768433 195705.843750 195705.921875 195705.843750 195705.843750
294 852.497437 195705.843750 195705.921875 195705.843750 195705.843750
295 855.362244 195705.843750 195705.921875 195705.843750 195705.843750
296 858.321716 195705.843750 195705.921875 195705.843750 195705.843750
297 860.937012 195705.843750 195705.921875 195705.843750 195705.843750
298 863.729004 195705.843750 195705.921875 195705.843750 195705.843750
299 866.473083 195705.843750 195705.921875 195705.843750 195705.843750
300 869.247620 195705.843750 195705.921875 195705.843750 195705.843750
301 872.078003 195705.843750 195705.921875 195705.843750 195705.843750
302 875.082581 195705.843750 195705.921875 195705.843750 195705.843750
303 878.167114 195705.843750 195705.921875 195705.843750 195705.843750
304 880.840576 195705.843750 195705.921875 195705.843750 195705.843750
305 883.835754 195705.843750 199072.703125 364044.968750 195705.843750
306 886.556152 195705.843750 201730.437500 484624.687500 195705.843750
307 889.153748 195705.843750 201782.921875 484624.687500 195705.843750
308 891.915222 195705.843750 201704.140625 484624.687500 195705.843750
309 894.995300 195705.843750 201635.359375 484624.687500 195705.843750
310 897.851562 195705.843750 201484.296875 484624.687500 195705.843750
311 900.298218 195705.843750 195705.921875 195705.843750 195705.843750
312 903.115845 195705.843750 195705.921875 195705.843750 195705.843750
313 905.943176 195705.843750 195705.921875 195705.843750 195705.843750
314 908.828918 195705.843750 195705.921875 195705.843750 195705.843750
315 912.084045 195705.843750 195705.921875 195705.843750 195705.843750
316 914.832153 195705.843750 195705.921875 195705.843750 195705.843750
317 917.717224 195705.843750 195705.921875 195705.843750 195705.843750
318 920.482788 195705.843750 195705.921875 195705.843750 195705.843750
319 923.273315 195705.843750 195705.921875 195705.843750 195705.843750
320 926.155823 195705.843750 195705.921875 195705.843750 195705.843750
321 929.202026 195705.843750 195705.921875 195705.843750 195705.843750
322 931.975220 195705.843750 195705.921875 195705.843750 195705.843750
323 934.863708 195705.843750 195705.921875 195705.843750 195705.843750
324 937.820251 195705.843750 195705.921875 195705.843750 195705.843750
325 940.946167 195705.843750 198479.140625 334367.281250 195705.843750
326 943.934875 195705.843750 196237.625000 222290.687500 195705.843750
327 946.805542 195705.843750 195888.187500 204819.000000 195705.843750
328 950.201660 195705.843750 195991.062500 209962.984375 195705.843750
329 952.714966 195705.843750 196587.703125 239795.484375 195705.843750
330 955.512451 195705.843750 195966.359375 208728.406250 195705.843750
331 958.632080 195705.843750 198608.984375 340858.937500 195705.843750
332 961.566345 195705.843750 195860.062500 203413.375000 195705.843750
333 964.149719 195705.843750 195781.515625 199486.156250 195705.843750
334 966.627747 195705.843750 197508.125000 285815.937500 195705.843750
335 969.443298 195705.843750 197739.125000 297365.625000 195705.843750
336 972.450439 195705.843750 201475.437500 466199.218750 195705.843750
337 975.387268 195705.843750 203692.546875 466199.218750 195705.843750
338 978.719543 195705.843750 201455.734375 466199.218750 195705.843750
339 981.649719 195705.843750 201292.281250 466199.218750 195705.843750
340 984.296692 195705.843750 203717.703125 466199.218750 195705.843750
341 987.274292 195705.843750 201115.781250 466199.218750 195705.843750
342 989.988770 195705.843750 195705.921875 195705.843750 195705.843750
343 992.864197 195705.843750 195705.921875 195705.843750 195705.843750
344 996.203979 195705.843750 195705.921875 195705.843750 195705.843750
345 998.942505 195705.843750 195705.921875 195705.843750 195705.843750
346 1001.310852 195705.843750 195705.921875 195705.843750 195705.843750
347 1003.556946 195705.843750 199871.812500 404000.968750 195705.843750
348 1006.396118 195705.843750 197492.093750 285014.593750 195705.843750
349 1009.337646 195705.843750 195823.046875 201562.187500 195705.843750
350 1012.554138 195705.843750 198059.937500 313406.843750 195705.843750
351 1015.619263 195705.843750 195705.921875 195705.843750 195705.843750
352 1018.213989 195705.843750 195705.921875 195705.843750 195705.843750
353 1020.696350 195705.843750 195705.921875 195705.843750 195705.843750
354 1023.759033 195705.843750 198027.312500 311776.406250 195705.843750
355 1026.960938 195705.843750 195879.656250 204393.578125 195705.843750
356 1029.208374 195705.843750 195742.296875 197525.593750 195705.843750
357 1032.166260 195705.843750 195705.921875 195705.843750 195705.843750
358 1034.589844 195705.843750 195705.921875 195705.843750 195705.843750
359 1037.498413 195705.843750 195705.921875 195705.843750 195705.843750
360 1040.798828 195705.843750 195705.921875 195705.843750 195705.843750
361 1043.311646 195705.843750 195705.921875 195705.843750 195705.843750
362 1045.931763 195705.843750 195705.921875 195705.843750 195705.843750
363 1048.603760 195705.843750 195705.921875 195705.843750 195705.843750
364 1051.381836 195705.843750 195705.921875 195705.843750 195705.843750
365 1054.548218 195705.843750 195705.921875 195705.843750 195705.843750
366 1057.894043 195705.843750 195705.921875 195705.843750 195705.843750
367 1060.727417 195705.843750 195705.921875 195705.843750 195705.843750
368 1063.700073 195705.843750 195705.921875 195705.843750 195705.843750
369 1066.835938 195705.843750 195705.921875 195705.843750 195705.843750
370 1070.083130 195705.843750 195705.921875 195705.843750 195705.843750
371 1073.102539 195705.843750 195705.921875 195705.843750 195705.843750
372 1076.101807 195705.843750 195705.921875 195705.843750 195705.843750
373 1078.746460 195705.843750 195705.921875 195705.843750 195705.843750
374 1082.020874 195705.843750 195705.921875 195705.843750 195705.843750
375 1084.960693 195705.843750 195705.921875 195705.843750 195705.843750
376 1087.737305 195705.843750 195705.921875 195705.843750 195705.843750
377 1090.150879 195705.843750 195705.921875 195705.843750 195705.843750
378 1093.303345 195705.843750 195705.921875 195705.843750 195705.843750
379 1095.896973 195705.843750 195705.921875 195705.843750 195705.843750
380 1098.677002 195705.843750 195705.921875 195705.843750 195705.843750
381 1101.409424 195705.843750 195705.921875 195705.843750 195705.843750
382 1104.611572 195705.843750 195705.921875 195705.843750 195705.843750
383 1107.396118 195705.843750 195705.921875 195705.843750 195705.843750
384 1110.775635 195705.843750 195705.921875 195705.843750 195705.843750
385 1113.728394 195705.843750 195705.921875 195705.843750 195705.843750
386 1116.474854 195705.843750 195705.921875 195705.843750 195705.843750
387 1119.705322 195705.843750 195705.921875 195705.843750 195705.843750
388 1122.904785 195705.843750 195705.921875 195705.843750 195705.843750
389 1125.769043 195705.843750 195705.921875 195705.843750 195705.843750
390 1128.839844 195705.843750 195705.921875 195705.843750 195705.843750
391 1131.456543 195705.843750 195705.921875 195705.843750 195705.843750
392 1134.616455 195705.843750 195705.921875 195705.843750 195705.843750
393 1137.561646 195705.843750 195705.921875 195705.843750 195705.843750
394 1140.518188 195705.843750 195705.921875 195705.843750 195705.843750
395 1144.056030 195705.843750 195705.921875 195705.843750 195705.843750
396 1147.608154 195705.843750 195705.921875 195705.843750 195705.843750
397 1150.569458 195705.843750 195705.921875 195705.843750 195705.843750
398 1153.412354 195705.843750 195705.921875 195705.843750 195705.843750
399 1156.215088 195705.843750 195705.921875 195705.843750 195705.843750
400 1159.253784 195705.843750 195705.921875 195705.843750 195705.843750
401 1162.347656 195705.843750 195705.921875 195705.843750 195705.843750
402 1165.593262 195705.843750 195705.921875 195705.843750 195705.843750
403 1168.397705 195705.843750 195705.921875 195705.843750 195705.843750
404 1171.165039 195705.843750 195705.921875 195705.843750 195705.843750
405 1174.285034 195705.843750 195705.921875 195705.843750 195705.843750
406 1177.376343 195705.843750 195705.921875 195705.843750 195705.843750
407 1180.447876 195705.843750 195877.656250 204293.437500 195705.843750
408 1183.555664 195705.843750 195811.796875 200999.953125 195705.843750
409 1186.442261 195705.843750 195705.921875 195705.843750 195705.843750
410 1188.982422 195705.843750 195705.921875 195705.843750 195705.843750
411 1191.732178 195705.843750 195705.921875 195705.843750 195705.843750
412 1194.751221 195705.843750 195705.921875 195705.843750 195705.843750
413 1197.601074 195705.843750 195705.921875 195705.843750 195705.843750
414 1200.220581 195705.843750 195705.921875 195705.843750 195705.843750
415 1202.452271 195705.843750 197521.906250 286505.531250 195705.843750
416 1205.271606 195705.843750 196789.937500 249906.718750 195705.843750
417 1207.987671 195705.843750 195742.156250 197517.921875 195705.843750
418 1211.213745 195705.843750 195930.562500 206937.671875 195705.843750
419 1213.949585 195705.843750 196131.312500 216975.765625 195705.843750
420 1216.373535 195705.843750 196090.203125 214919.625000 195705.843750
421 1219.560425 195705.843750 195705.921875 195705.843750 195705.843750
422 1222.376709 195705.843750 195705.921875 195705.843750 195705.843750
423 1224.967529 195705.843750 195705.921875 195705.843750 195705.843750
424 1227.688843 195705.843750 195705.921875 195705.843750 195705.843750
425 1230.204346 195705.843750 195705.921875 195705.843750 195705.843750
426 1233.386475 195705.843750 195705.921875 195705.843750 195705.843750
427 1236.220581 195705.843750 195705.921875 195705.843750 195705.843750
428 1239.242310 195705.843750 195705.921875 195705.843750 195705.843750
429 1242.136719 195705.843750 195705.921875 195705.843750 195705.843750
430 1244.957764 195705.843750 195705.921875 195705.843750 195705.843750
431 1247.727783 195705.843750 195705.921875 195705.843750 195705.843750
432 1250.876831 195705.843750 195705.921875 195705.843750 195705.843750
433 1254.011597 195705.843750 195705.921875 195705.843750 195705.843750
434 1256.972168 195705.843750 199604.140625 390617.156250 195705.843750
435 1259.741333 195705.843750 196147.015625 217760.718750 195705.843750
436 1262.609253 195705.843750 195794.359375 200127.906250 195705.843750
437 1265.396362 195705.843750 195705.921875 195705.843750 195705.843750
438 1268.216187 195705.843750 195705.921875 195705.843750 195705.843750
439 1271.251465 195705.843750 195705.921875 195705.843750 195705.843750
440 1273.963013 195705.843750 197820.234375 291302.031250 195705.843750
441 1276.978760 195705.843750 198068.625000 291302.031250 195705.843750
442 1279.586426 195705.843750 198162.187500 291302.031250 195705.843750
443 1282.447266 195705.843750 198012.515625 291302.031250 195705.843750
444 1285.209961 195705.843750 197923.546875 291302.031250 195705.843750
445 1288.273071 195705.843750 200382.343750 333930.843750 195705.843750
446 1291.007690 195705.843750 198470.421875 333930.843750 195705.843750
447 1293.359497 195705.843750 199527.234375 386771.625000 195705.843750
448 1296.076050 195705.843750 195705.921875 195705.843750 195705.843750
449 1298.697266 195705.843750 195705.921875 195705.843750 195705.843750
450 1301.550415 195705.843750 195705.921875 195705.843750 195705.843750
451 1304.215698 195705.843750 195705.921875 195705.843750 195705.843750
452 1307.016113 195705.843750 195705.921875 195705.843750 195705.843750
453 1309.357788 195705.843750 195705.921875 195705.843750 195705.843750
454 1312.324341 195705.843750 195705.921875 195705.843750 195705.843750
455 1315.306885 195705.843750 195705.921875 195705.843750 195705.843750
456 1318.328857 195705.843750 195705.921875 195705.843750 195705.843750
457 1321.114624 195705.843750 195856.765625 203248.828125 195705.843750
458 1323.781128 195705.843750 197696.375000 295228.718750 195705.843750
459 1326.874268 195705.843750 198355.546875 328186.468750 195705.843750
460 1329.788574 195705.843750 195705.921875 195705.843750 195705.843750
461 1333.069824 195705.843750 195705.921875 195705.843750 195705.843750
462 1335.333984 195705.843750 195705.921875 195705.843750 195705.843750
463 1338.299316 195705.843750 195705.921875 195705.843750 195705.843750
464 1341.160889 195705.843750 195705.921875 195705.843750 195705.843750
465 1344.083862 195705.843750 195705.921875 195705.843750 195705.843750
466 1346.918701 195705.843750 195705.921875 195705.843750 195705.843750
467 1349.846680 195705.843750 195705.921875 195705.843750 195705.843750
468 1352.711548 195705.843750 195705.921875 195705.843750 195705.843750
469 1355.713867 195705.843750 195705.921875 195705.843750 195705.843750
470 1358.386963 195705.843750 195705.921875 195705.843750 195705.843750
471 1361.237061 195705.843750 195705.921875 195705.843750 195705.843750
472 1364.333862 195705.843750 195705.921875 195705.843750 195705.843750
473 1366.970825 195705.843750 195705.921875 195705.843750 195705.843750
474 1369.986938 195705.843750 195705.921875 195705.843750 195705.843750
475 1373.258301 195705.843750 195705.921875 195705.843750 195705.843750
476 1376.197388 195705.843750 195705.921875 195705.843750 195705.843750
477 1379.137573 195705.843750 195705.921875 195705.843750 195705.843750
478 1382.226196 195705.843750 199553.265625 388073.250000 195705.843750
479 1385.131226 195705.843750 196834.578125 236182.093750 195705.843750
480 1387.973389 195705.843750 197166.234375 236182.093750 195705.843750
481 1390.705200 195705.843750 197245.687500 236182.093750 195705.843750
482 1393.487183 195705.843750 196826.234375 236182.093750 195705.843750
483 1396.471191 195705.843750 196651.312500 236182.093750 195705.843750
484 1399.330566 195705.843750 196596.578125 236182.093750 195705.843750
485 1402.413696 195705.843750 196515.437500 236182.093750 195705.843750
486 1405.086670 195705.843750 195705.921875 195705.843750 195705.843750
487 1407.608276 195705.843750 195705.921875 195705.843750 195705.843750
488 1410.220093 195705.843750 195705.921875 195705.843750 195705.843750
489 1413.551514 195705.843750 195705.921875 195705.843750 195705.843750
490 1415.905151 195705.843750 195705.921875 195705.843750 195705.843750
491 1418.807129 195705.843750 195705.921875 195705.843750 195705.843750
492 1421.871338 195705.843750 195705.921875 195705.843750 195705.843750
493 1425.214722 195705.843750 196822.937500 251557.531250 195705.843750
494 1427.932617 195705.843750 195911.953125 206007.781250 195705.843750
495 1431.257080 195705.843750 195983.812500 209601.562500 195705.843750
496 1434.408081 195705.843750 196307.046875 225762.265625 195705.843750
497 1436.950439 195705.843750 195713.796875 196100.593750 195705.843750
498 1439.964600 195705.843750 195705.984375 195709.281250 195705.843750
499 1443.012329 195705.843750 199271.515625 370064.250000 195705.843750
500 1446.442383 195705.843750 199702.015625 370064.250000 195705.843750
501 1449.398804 195705.843750 200274.000000 370064.250000 195705.843750
502 1452.366577 195705.843750 199193.078125 370064.250000 195705.843750
503 1455.569580 195705.843750 195705.921875 195705.843750 195705.843750
504 1458.432983 195705.843750 195705.921875 195705.843750 195705.843750
505 1461.394043 195705.843750 195705.921875 195705.843750 195705.843750
506 1464.949585 195705.843750 195705.921875 195705.843750 195705.843750
507 1467.916870 195705.843750 195705.921875 195705.843750 195705.843750
508 1470.961792 195705.843750 195705.921875 195705.843750 195705.843750
509 1474.240845 195705.843750 195705.921875 195705.843750 195705.843750
510 1477.260498 195705.843750 195705.921875 195705.843750 195705.843750
511 1480.292358 195705.843750 195705.921875 195705.843750 195705.843750
512 1483.576904 195705.843750 195705.921875 195705.843750 195705.843750
513 1486.368652 195705.843750 195705.921875 195705.843750 195705.843750
514 1489.771973 195705.843750 195705.921875 195705.843750 195705.843750
515 1493.032471 195705.843750 195705.921875 195705.843750 195705.843750
516 1496.108032 195705.843750 195705.921875 195705.843750 195705.843750
517 1499.004272 195705.843750 195705.921875 195705.843750 195705.843750
518 1502.027954 195705.843750 195705.921875 195705.843750 195705.843750
519 1505.120361 195705.843750 195705.921875 195705.843750 195705.843750
520 1508.035889 195705.843750 195705.921875 195705.843750 195705.843750
521 1511.149902 195705.843750 195705.921875 195705.843750 195705.843750
522 1513.830688 195705.843750 195705.921875 195705.843750 195705.843750
523 1516.558594 195705.843750 195705.921875 195705.843750 195705.843750
524 1519.883301 195705.843750 195705.921875 195705.843750 195705.843750
525 1522.849487 195705.843750 195705.921875 195705.843750 195705.843750
526 1525.555786 195705.843750 195705.921875 195705.843750 195705.843750
527 1528.655029 195705.843750 195705.921875 195705.843750 195705.843750
528 1531.947021 195705.843750 195705.921875 195705.843750 195705.843750
529 1534.723755 195705.843750 195705.921875 195705.843750 195705.843750
530 1537.440918 195705.843750 197403.437500 280581.781250 195705.843750
531 1540.171997 195705.843750 196869.015625 253861.140625 195705.843750
532 1542.903076 195705.843750 200286.046875 337691.968750 195705.843750
533 1545.751953 195705.843750 199188.578125 337691.968750 195705.843750
534 1548.912598 195705.843750 198729.718750 337691.968750 195705.843750
535 1552.081665 195705.843750 198596.625000 337691.968750 195705.843750
536 1554.867920 195705.843750 198545.640625 337691.968750 195705.843750
537 1557.719238 195705.843750 195705.921875 195705.843750 195705.843750
538 1560.714478 195705.843750 195705.921875 195705.843750 195705.843750
539 1563.444336 195705.843750 195705.921875 195705.843750 195705.843750
540 1566.097778 195705.843750 195705.921875 195705.843750 195705.843750
541 1569.078247 195705.843750 195705.921875 195705.843750 195705.843750
542 1571.869751 195705.843750 195705.921875 195705.843750 195705.843750
543 1574.758057 195705.843750 195705.921875 195705.843750 195705.843750
544 1577.640503 195705.843750 195705.921875 195705.843750 195705.843750
545 1580.059082 195705.843750 195705.921875 195705.843750 195705.843750
546 1582.901367 195705.843750 195705.921875 195705.843750 195705.843750
547 1586.034912 195705.843750 195705.921875 195705.843750 195705.843750
548 1588.569214 195705.843750 195705.921875 195705.843750 195705.843750
549 1591.320068 195705.843750 195705.921875 195705.843750 195705.843750
550 1594.102539 195705.843750 195705.921875 195705.843750 195705.843750
551 1597.212036 195705.843750 195705.921875 195705.843750 195705.843750
552 1600.151123 195705.843750 195705.921875 195705.843750 195705.843750
553 1602.886963 195705.843750 195705.921875 195705.843750 195705.843750
554 1605.796875 195705.843750 195705.921875 195705.843750 195705.843750
555 1609.063721 195705.843750 195705.921875 195705.843750 195705.843750
556 1611.801880 195705.843750 195705.921875 195705.843750 195705.843750
557 1615.018066 195705.843750 195705.921875 195705.843750 195705.843750
558 1617.530273 195705.843750 195705.921875 195705.843750 195705.843750
559 1620.268677 195705.843750 195705.921875 195705.843750 195705.843750
560 1623.078003 195705.843750 195705.921875 195705.843750 195705.843750
561 1626.018799 195705.843750 195705.921875 195705.843750 195705.843750
562 1628.679688 195705.843750 195705.921875 195705.843750 195705.843750
563 1631.728516 195705.843750 195705.921875 195705.843750 195705.843750
564 1634.621460 195705.843750 195705.921875 195705.843750 195705.843750
565 1637.149414 195705.843750 195705.921875 195705.843750 195705.843750
566 1639.797729 195705.843750 195705.921875 195705.843750 195705.843750
567 1642.656616 195705.843750 195705.921875 195705.843750 195705.843750
568 1645.424805 195705.843750 195705.921875 195705.843750 195705.843750
569 1647.803467 195705.843750 195705.921875 195705.843750 195705.843750
570 1651.235596 195705.843750 195705.921875 195705.843750 195705.843750
571 1654.628540 195705.843750 197124.062500 266613.437500 195705.843750
572 1657.518311 195705.843750 195705.921875 195705.843750 195705.843750
573 1660.437866 195705.843750 195705.921875 195705.843750 195705.843750
574 1663.388306 195705.843750 195705.921875 195705.843750 195705.843750
575 1666.445679 195705.843750 195705.921875 195705.843750 195705.843750
576 1669.932007 195705.843750 195705.921875 195705.843750 195705.843750
577 1672.632812 195705.843750 195705.921875 195705.843750 195705.843750
578 1675.642700 195705.843750 195705.921875 195705.843750 195705.843750
579 1678.329712 195705.843750 195705.921875 195705.843750 195705.843750
580 1681.219727 195705.843750 195705.921875 195705.843750 195705.843750
581 1684.073364 195705.843750 195705.921875 195705.843750 195705.843750
582 1687.273560 195705.843750 199296.078125 375214.031250 195705.843750
583 1689.876343 195705.843750 197807.156250 300767.718750 195705.843750
584 1692.564575 195705.843750 195705.921875 195705.843750 195705.843750
585 1694.994995 195705.843750 195705.921875 195705.843750 195705.843750
586 1698.019165 195705.843750 195705.921875 195705.843750 195705.843750
587 1701.324707 195705.843750 195705.921875 195705.843750 195705.843750
588 1704.180786 195705.843750 195705.921875 195705.843750 195705.843750
589 1706.873413 195705.843750 195705.921875 195705.843750 195705.843750
590 1709.762329 195705.843750 195705.921875 195705.843750 195705.843750
591 1712.682251 195705.843750 195705.921875 195705.843750 195705.843750
592 1715.442871 195705.843750 195705.921875 195705.843750 195705.843750
593 1718.098511 195705.843750 197856.515625 303236.250000 195705.843750
594 1720.558105 195705.843750 198013.718750 303236.250000 195705.843750
595 1723.461304 195705.843750 197856.515625 303236.250000 195705.843750
596 1726.425049 195705.843750 195705.921875 195705.843750 195705.843750
597 1729.737671 195705.843750 195705.921875 195705.843750 195705.843750
598 1733.193970 195705.843750 195705.921875 195705.843750 195705.843750
599 1736.404663 195705.843750 195705.921875 195705.843750 195705.843750
600 1739.025635 195705.843750 197608.515625 290836.312500 195705.843750
601 1741.893188 195705.843750 197508.000000 251215.140625 195705.843750
602 1744.768188 195705.843750 197552.015625 251215.140625 195705.843750
603 1747.896240 195705.843750 197184.093750 251215.140625 195705.843750
604 1750.806274 195705.843750 196851.640625 251215.140625 195705.843750
605 1753.358154 195705.843750 197060.265625 251215.140625 195705.843750
606 1756.198486 195705.843750 196857.515625 251215.140625 195705.843750
607 1758.905273 195705.843750 196831.125000 251215.140625 195705.843750
608 1761.998291 195536.125000 197726.656250 251215.140625 195705.843750
609 1764.715332 195536.125000 196812.703125 251215.140625 195536.125000
610 1767.553833 195536.125000 195702.515625 195705.843750 195536.125000
611 1771.001465 195536.125000 195699.125000 195705.843750 195536.125000
612 1774.199097 195536.125000 195695.718750 195705.843750 195536.125000
613 1777.065063 195536.125000 195692.343750 195705.843750 195536.125000
614 1780.214233 195536.125000 195688.937500 195705.843750 195536.125000
615 1783.196411 195536.125000 195685.546875 195705.843750 195536.125000
616 1785.920898 195536.125000 195682.140625 195705.843750 195536.125000
617 1788.965942 195536.125000 195678.765625 195705.843750 195536.125000
618 1791.451294 195536.125000 196816.093750 252573.562500 195536.125000
619 1794.190552 195536.125000 197395.562500 252573.562500 195536.125000
620 1796.954468 195536.125000 197779.453125 252573.562500 195536.125000
621 1800.034424 195536.125000 197776.062500 252573.562500 195536.125000
622 1802.954346 195536.125000 197772.656250 252573.562500 195536.125000
623 1805.971924 195536.125000 197769.265625 252573.562500 195536.125000
624 1808.536377 195536.125000 197765.859375 252573.562500 195536.125000
625 1811.287598 195536.125000 197762.484375 252573.562500 195536.125000
626 1814.147461 195536.125000 197759.078125 252573.562500 195536.125000
627 1816.897583 195536.125000 197755.687500 252573.562500 195536.125000
628 1820.026245 195536.125000 202391.218750 332888.218750 195536.125000
629 1823.268433 195536.125000 201911.984375 332888.218750 195536.125000
630 1826.425049 195536.125000 201908.578125 332888.218750 195536.125000
631 1829.181274 195536.125000 201905.187500 332888.218750 195536.125000
632 1831.833008 195536.125000 201901.781250 332888.218750 195536.125000
633 1834.578003 195536.125000 201898.406250 332888.218750 195536.125000
634 1837.375000 195536.125000 201895.000000 332888.218750 195536.125000
635 1840.008423 195536.125000 201891.593750 332888.218750 195536.125000
636 1843.057861 195536.125000 201888.203125 332888.218750 195536.125000
637 1845.895264 195536.125000 201884.796875 332888.218750 195536.125000
638 1849.224976 195536.125000 201881.406250 332888.218750 195536.125000
639 1852.116577 195536.125000 205127.484375 358010.093750 195536.125000
640 1854.793701 195536.125000 205124.078125 358010.093750 195536.125000
641 1858.086792 195536.125000 205120.687500 358010.093750 195536.125000
642 1860.895386 195536.125000 205117.281250 358010.093750 195536.125000
643 1863.478394 195536.125000 205113.875000 358010.093750 195536.125000
644 1866.790161 195536.125000 207078.500000 358010.093750 195536.125000
645 1869.649414 195536.125000 207227.921875 358010.093750 195536.125000
646 1872.802490 195536.125000 207224.500000 358010.093750 195536.125000
647 1875.820068 195536.125000 208290.593750 358010.093750 195536.125000
648 1878.189941 195536.125000 208287.187500 358010.093750 195536.125000
649 1881.133911 195536.125000 210324.937500 358010.093750 195536.125000
650 1884.270874 195536.125000 215135.578125 436237.843750 195536.125000
651 1887.131470 195536.125000 219516.515625 437278.406250 195536.125000
652 1889.554321 195536.125000 219140.937500 437278.406250 195536.125000
653 1892.213623 195536.125000 219556.906250 437278.406250 195536.125000
654 1895.177612 195536.125000 219553.500000 437278.406250 195536.125000
655 1898.615845 195536.125000 219550.093750 437278.406250 195536.125000
656 1901.321289 195536.125000 219546.703125 437278.406250 195536.125000
657 1904.092163 195536.125000 219543.296875 437278.406250 195536.125000
658 1907.524536 195536.125000 219539.906250 437278.406250 195536.125000
659 1910.417969 195536.125000 219536.500000 437278.406250 195536.125000
660 1913.447021 195536.125000 219533.093750 437278.406250 195536.125000
661 1916.333008 195536.125000 219380.296875 437278.406250 195536.125000
662 1919.031250 195536.125000 218989.625000 437278.406250 195536.125000
663 1921.850220 195536.125000 218570.265625 437278.406250 195536.125000
664 1924.835083 195536.125000 217984.015625 437278.406250 195536.125000
665 1927.674316 195536.125000 217396.296875 437278.406250 195536.125000
666 1930.352661 195536.125000 216734.781250 437278.406250 195536.125000
667 1933.064819 195536.125000 216073.281250 437278.406250 195536.125000
668 1935.962524 195536.125000 215003.796875 437278.406250 195536.125000
669 1939.151489 195536.125000 213773.421875 437278.406250 195536.125000
670 1942.326782 195536.125000 211805.406250 437278.406250 195536.125000
671 1944.718506 195536.125000 209764.234375 437278.406250 195536.125000
672 1947.518555 195536.125000 207017.203125 437278.406250 195536.125000
673 1950.194702 195536.125000 204221.625000 437278.406250 195536.125000
674 1952.641357 195536.125000 200370.875000 437278.406250 195536.125000
675 1955.620728 195536.125000 198732.203125 355344.281250 195536.125000
676 1958.575439 195536.125000 195536.046875 195536.125000 195536.125000
677 1961.881836 195536.125000 197385.156250 287992.281250 195536.125000
678 1965.026489 195536.125000 196311.687500 234317.937500 195536.125000
679 1968.225464 195536.125000 195536.046875 195536.125000 195536.125000
680 1971.044922 195536.125000 195536.046875 195536.125000 195536.125000
681 1974.033936 195536.125000 195536.046875 195536.125000 195536.125000
682 1977.026733 195536.125000 195536.046875 195536.125000 195536.125000
683 1980.295532 195536.125000 196263.062500 231887.203125 195536.125000
684 1983.255005 195536.125000 197597.015625 298584.750000 195536.125000
685 1986.392822 195536.125000 195536.046875 195536.125000 195536.125000
686 1989.333862 195536.125000 195536.046875 195536.125000 195536.125000
687 1992.031372 195536.125000 195536.046875 195536.125000 195536.125000
688 1995.374023 195536.125000 195536.046875 195536.125000 195536.125000
689 1997.851807 195536.125000 195536.046875 195536.125000 195536.125000
690 2000.825073 195536.125000 195536.046875 195536.125000 195536.125000
691 2003.340454 195536.125000 200377.125000 437590.343750 195536.125000
692 2005.854614 195536.125000 202950.375000 400878.812500 195536.125000
693 2009.203735 195536.125000 202612.937500 400878.812500 195536.125000
694 2012.109741 195536.125000 202877.515625 400878.812500 195536.125000
695 2014.615601 195536.125000 202297.015625 400878.812500 195536.125000
696 2017.254150 195536.125000 199642.906250 400878.812500 195536.125000
697 2020.010864 195536.125000 195536.046875 195536.125000 195536.125000
698 2023.047241 195536.125000 195536.046875 195536.125000 195536.125000
699 2025.580322 195536.125000 195536.046875 195536.125000 195536.125000
700 2028.794678 195536.125000 195536.046875 195536.125000 195536.125000
701 2032.413574 195536.125000 195536.046875 195536.125000 195536.125000
702 2035.836426 195536.125000 197872.406250 312354.187500 195536.125000
703 2038.868896 195536.125000 195962.734375 216871.343750 195536.125000
704 2042.230713 195536.125000 198493.156250 343392.406250 195536.125000
705 2045.208740 195536.125000 195646.359375 201052.484375 195536.125000
706 2048.187988 195536.125000 195536.046875 195536.125000 195536.125000
707 2051.244385 195536.125000 195536.046875 195536.125000 195536.125000
708 2054.549561 195536.125000 195536.046875 195536.125000 195536.125000
709 2057.438232 195536.125000 195536.046875 195536.125000 195536.125000
710 2060.202393 195536.125000 195536.046875 195536.125000 195536.125000
711 2063.135986 195536.125000 195536.046875 195536.125000 195536.125000
712 2065.996094 195536.125000 195536.046875 195536.125000 195536.125000
713 2069.659668 195536.125000 195536.046875 195536.125000 195536.125000
714 2072.870605 195536.125000 195536.046875 195536.125000 195536.125000
715 2075.491699 195536.125000 195536.046875 195536.125000 195536.125000
716 2078.309814 195536.125000 195536.046875 195536.125000 195536.125000
717 2081.215332 195536.125000 195536.046875 195536.125000 195536.125000
718 2084.395508 195536.125000 195536.046875 195536.125000 195536.125000
719 2087.066406 195536.125000 195536.046875 195536.125000 195536.125000
720 2089.844727 195536.125000 195536.046875 195536.125000 195536.125000
721 2092.744141 195536.125000 195536.046875 195536.125000 195536.125000
722 2095.937744 195536.125000 195536.046875 195536.125000 195536.125000
723 2098.879395 195536.125000 195536.046875 195536.125000 195536.125000
724 2101.983643 195536.125000 195536.046875 195536.125000 195536.125000
725 2104.747803 195536.125000 200118.218750 424645.375000 195536.125000
726 2107.706543 195536.125000 195536.046875 195536.125000 195536.125000
727 2110.825928 195536.125000 195536.046875 195536.125000 195536.125000
728 2113.741211 195536.125000 200036.046875 420536.781250 195536.125000
729 2116.914795 195536.125000 195994.921875 218480.218750 195536.125000
730 2119.934814 195536.125000 195576.734375 197570.671875 195536.125000
731 2122.845703 195536.125000 195536.046875 195536.125000 195536.125000
732 2126.083496 195536.125000 195536.046875 195536.125000 195536.125000
733 2129.241943 195536.125000 195536.046875 195536.125000 195536.125000
734 2132.495605 195536.125000 195536.046875 195536.125000 195536.125000
735 2135.337158 195536.125000 197363.984375 286933.437500 195536.125000
736 2137.929688 195536.125000 195536.046875 195536.125000 195536.125000
737 2141.020508 195536.125000 195536.046875 195536.125000 195536.125000
738 2144.089355 195536.125000 195536.046875 195536.125000 195536.125000
739 2146.763916 195536.125000 195536.046875 195536.125000 195536.125000
740 2149.594971 195536.125000 195536.046875 195536.125000 195536.125000
741 2152.294189 195536.125000 195536.046875 195536.125000 195536.125000
742 2155.120117 195536.125000 195536.046875 195536.125000 195536.125000
743 2158.069092 195536.125000 195536.046875 195536.125000 195536.125000
744 2160.474609 195536.125000 195536.046875 195536.125000 195536.125000
745 2163.409180 195536.125000 195536.046875 195536.125000 195536.125000
746 2166.162354 195536.125000 195536.046875 195536.125000 195536.125000
747 2169.291992 195536.125000 195536.046875 195536.125000 195536.125000
748 2172.199219 195536.125000 195536.046875 195536.125000 195536.125000
749 2175.093994 195536.125000 195537.125000 195590.750000 195536.125000
750 2178.372314 195536.125000 195676.125000 202485.093750 195536.125000
751 2181.352295 195536.125000 200084.781250 416023.843750 195536.125000
752 2184.250977 195536.125000 199945.796875 416023.843750 195536.125000
753 2187.595215 195536.125000 195536.046875 195536.125000 195536.125000
754 2190.211426 195536.125000 195536.046875 195536.125000 195536.125000
755 2193.210205 195536.125000 198595.218750 348495.593750 195536.125000
756 2196.375488 195536.125000 195536.046875 195536.125000 195536.125000
757 2199.615479 195536.125000 195536.046875 195536.125000 195536.125000
758 2202.086182 195536.125000 195536.046875 195536.125000 195536.125000
759 2205.160156 195536.125000 195536.046875 195536.125000 195536.125000
760 2208.042725 195536.125000 195974.375000 217453.234375 195536.125000
761 2210.698242 195536.125000 197739.515625 305710.343750 195536.125000
762 2213.155762 195536.125000 195536.046875 195536.125000 195536.125000
763 2216.200684 195536.125000 195536.046875 195536.125000 195536.125000
764 2219.130127 195536.125000 195536.046875 195536.125000 195536.125000
765 2221.987305 195536.125000 195536.046875 195536.125000 195536.125000
766 2224.618164 195536.125000 195536.046875 195536.125000 195536.125000
767 2227.453857 195536.125000 195536.046875 195536.125000 195536.125000
768 2230.340088 195536.125000 195536.046875 195536.125000 195536.125000
769 2233.211914 195536.125000 195536.046875 195536.125000 195536.125000
770 2235.620361 195536.125000 195536.046875 195536.125000 195536.125000
771 2238.781494 195536.125000 195536.046875 195536.125000 195536.125000
772 2241.950195 195536.125000 199169.656250 293834.593750 195536.125000
773 2244.933105 195536.125000 198667.203125 293834.593750 195536.125000
774 2248.563721 195536.125000 201346.656250 317340.718750 195536.125000
775 2251.243896 195536.125000 200921.921875 317340.718750 195536.125000
776 2253.733643 195536.125000 200871.734375 317340.718750 195536.125000
777 2256.227051 195536.125000 199938.125000 317340.718750 195536.125000
778 2259.290039 195536.125000 197972.140625 317340.718750 195536.125000
779 2262.430908 195536.125000 195536.046875 195536.125000 195536.125000
780 2265.290039 195536.125000 195536.046875 195536.125000 195536.125000
781 2268.006592 195536.125000 195536.046875 195536.125000 195536.125000
782 2271.013916 195536.125000 195536.046875 195536.125000 195536.125000
783 2273.903564 195536.125000 195536.046875 195536.125000 195536.125000
784 2276.776855 195536.125000 195536.046875 195536.125000 195536.125000
785 2279.493896 195536.125000 195536.046875 195536.125000 195536.125000
786 2282.439453 195536.125000 195536.046875 195536.125000 195536.125000
787 2285.093018 195536.125000 195536.046875 195536.125000 195536.125000
788 2288.326660 195536.125000 195536.046875 195536.125000 195536.125000
789 2290.973633 195536.125000 195536.046875 195536.125000 195536.125000
790 2294.467285 195536.125000 195536.046875 195536.125000 195536.125000
791 2297.592041 195536.125000 195536.046875 195536.125000 195536.125000
792 2300.892822 195536.125000 195536.046875 195536.125000 195536.125000
793 2303.643066 195536.125000 195536.046875 195536.125000 195536.125000
794 2306.609375 195536.125000 195536.046875 195536.125000 195536.125000
795 2309.672607 195536.125000 195536.046875 195536.125000 195536.125000
796 2312.248535 195536.125000 195536.046875 195536.125000 195536.125000
797 2315.286377 195536.125000 195536.046875 195536.125000 195536.125000
798 2318.228027 195536.125000 195536.046875 195536.125000 195536.125000
799 2321.045898 195536.125000 195536.046875 195536.125000 195536.125000
800 2323.783691 195536.125000 195536.046875 195536.125000 195536.125000
801 2326.387207 195536.125000 195536.046875 195536.125000 195536.125000
802 2329.189941 195536.125000 195536.046875 195536.125000 195536.125000
803 2332.135010 195536.125000 197971.218750 317295.031250 195536.125000
804 2334.819092 195536.125000 198726.765625 355072.531250 195536.125000
805 2338.034180 195536.125000 195536.046875 195536.125000 195536.125000
806 2340.802490 195536.125000 195536.046875 195536.125000 195536.125000
807 2343.620605 195536.125000 195536.046875 195536.125000 195536.125000
808 2346.111816 195536.125000 195536.046875 195536.125000 195536.125000
809 2348.993164 195536.125000 195536.046875 195536.125000 195536.125000
810 2351.911377 195536.125000 195536.046875 195536.125000 195536.125000
811 2355.153076 195536.125000 195536.046875 195536.125000 195536.125000
812 2357.871582 195536.125000 195536.046875 195536.125000 195536.125000
813 2360.815430 195536.125000 195536.046875 195536.125000 195536.125000
814 2363.640137 195536.125000 195536.046875 195536.125000 195536.125000
815 2366.993164 195536.125000 195536.046875 195536.125000 195536.125000
816 2369.419678 195536.125000 195536.046875 195536.125000 195536.125000
817 2372.494141 195536.125000 195536.046875 195536.125000 195536.125000
818 2375.187744 195536.125000 197645.703125 301018.937500 195536.125000
819 2378.050293 195536.125000 195758.125000 206640.609375 195536.125000
820 2381.193359 195536.125000 198479.453125 339456.968750 195536.125000
821 2383.774170 195536.125000 198626.359375 339456.968750 195536.125000
822 2386.474609 195536.125000 198581.921875 339456.968750 195536.125000
823 2389.142090 195536.125000 198423.703125 339456.968750 195536.125000
824 2391.895020 195536.125000 198431.687500 339456.968750 195536.125000
825 2394.690918 195536.125000 199026.156250 339456.968750 195536.125000
826 2397.470215 195536.125000 198414.453125 339456.968750 195536.125000
827 2400.563232 195536.125000 195536.046875 195536.125000 195536.125000
828 2403.385498 195536.125000 195536.046875 195536.125000 195536.125000
829 2406.350586 195536.125000 195536.046875 195536.125000 195536.125000
830 2408.920898 195536.125000 195536.046875 195536.125000 195536.125000
831 2411.918945 195536.125000 195536.046875 195536.125000 195536.125000
832 2414.939209 195536.125000 195536.046875 195536.125000 195536.125000
833 2417.928467 195536.125000 195536.046875 195536.125000 195536.125000
834 2420.532227 195536.125000 195536.046875 195536.125000 195536.125000
835 2423.377930 195536.125000 197667.156250 302092.406250 195536.125000
836 2426.515381 195536.125000 198619.234375 331056.531250 195536.125000
837 2429.474854 195536.125000 198743.984375 331056.531250 195536.125000
838 2432.520264 195536.125000 199403.281250 331056.531250 195536.125000
839 2435.629150 195536.125000 199428.953125 331056.531250 195536.125000
840 2438.586914 195536.125000 199214.000000 331056.531250 195536.125000
841 2441.208008 195536.125000 198777.437500 331056.531250 195536.125000
842 2444.185059 195536.125000 198246.453125 331056.531250 195536.125000
843 2447.015137 195536.125000 195536.046875 195536.125000 195536.125000
844 2450.028320 195536.125000 197477.484375 292608.531250 195536.125000
845 2453.307861 195536.125000 198312.546875 292608.531250 195536.125000
846 2456.230225 195536.125000 197477.500000 292608.531250 195536.125000
847 2459.547119 195536.125000 195536.046875 195536.125000 195536.125000
848 2462.286377 195536.125000 195536.046875 195536.125000 195536.125000
849 2465.076172 195536.125000 195536.046875 195536.125000 195536.125000
850 2468.291260 195536.125000 197143.765625 275921.937500 195536.125000
851 2471.053223 195536.125000 195536.046875 195536.125000 195536.125000
852 2474.261475 195536.125000 195536.046875 195536.125000 195536.125000
853 2477.237793 195536.125000 195536.046875 195536.125000 195536.125000
854 2480.400391 195536.125000 195536.046875 195536.125000 195536.125000
855 2482.885010 195536.125000 195536.046875 195536.125000 195536.125000
856 2485.824219 195536.125000 195536.046875 195536.125000 195536.125000
857 2488.841064 195536.125000 195536.046875 195536.125000 195536.125000
858 2492.241211 195536.125000 195536.046875 195536.125000 195536.125000
859 2495.388672 195536.125000 195536.046875 195536.125000 195536.125000
860 2498.378174 195536.125000 195536.046875 195536.125000 195536.125000
861 2501.472412 195536.125000 196786.703125 258069.296875 195536.125000
862 2504.052979 195536.125000 195536.046875 195536.125000 195536.125000
863 2506.673096 195536.125000 195536.046875 195536.125000 195536.125000
864 2509.932129 195536.125000 195536.046875 195536.125000 195536.125000
865 2512.649902 195536.125000 195536.046875 195536.125000 195536.125000
866 2515.327881 195536.125000 195536.046875 195536.125000 195536.125000
867 2518.016113 195536.125000 195536.046875 195536.125000 195536.125000
868 2521.299805 195536.125000 195536.046875 195536.125000 195536.125000
869 2524.291504 195536.125000 195536.046875 195536.125000 195536.125000
870 2527.708740 195536.125000 195536.046875 195536.125000 195536.125000
871 2530.930908 195536.125000 195536.046875 195536.125000 195536.125000
872 2533.663574 195536.125000 195536.046875 195536.125000 195536.125000
873 2536.617432 195536.125000 196960.062500 266737.250000 195536.125000
874 2539.567383 195536.125000 195728.312500 205150.437500 195536.125000
875 2542.424805 195536.125000 200357.312500 431943.625000 195536.125000
876 2545.666992 195536.125000 200810.375000 431943.625000 195536.125000
877 2548.629395 195536.125000 200989.734375 431943.625000 195536.125000
878 2551.899170 195536.125000 200786.015625 431943.625000 195536.125000
879 2554.944824 195536.125000 200749.093750 431943.625000 195536.125000
880 2558.201660 195536.125000 200937.937500 431943.625000 195536.125000
881 2560.839355 195536.125000 200826.984375 431943.625000 195536.125000
882 2563.726318 195536.125000 200694.281250 431943.625000 195536.125000
883 2567.106201 195536.125000 200264.203125 431943.625000 195536.125000
884 2570.023682 195536.125000 195536.046875 195536.125000 195536.125000
885 2572.595215 195536.125000 195536.046875 195536.125000 195536.125000
886 2575.140137 195536.125000 195536.046875 195536.125000 195536.125000
887 2578.519775 195536.125000 195536.046875 195536.125000 195536.125000
888 2581.473633 195536.125000 195536.046875 195536.125000 195536.125000
889 2584.413086 195536.125000 198791.125000 358290.531250 195536.125000
890 2587.306152 195536.125000 196280.359375 232752.406250 195536.125000
891 2590.293701 195536.125000 195793.625000 208415.187500 195536.125000
892 2593.438965 195536.125000 195536.046875 195536.125000 195536.125000
893 2596.718750 195536.125000 195536.046875 195536.125000 195536.125000
894 2599.941650 195536.125000 195536.046875 195536.125000 195536.125000
895 2602.470459 195536.125000 195536.046875 195536.125000 195536.125000
896 2605.480957 195536.125000 196452.046875 241336.156250 195536.125000
897 2608.468018 195536.125000 196080.562500 222762.437500 195536.125000
898 2611.069336 195536.125000 195536.046875 195536.125000 195536.125000
899 2613.772461 195536.125000 195536.046875 195536.125000 195536.125000
900 2616.374756 195536.125000 195536.046875 195536.125000 195536.125000
901 2618.874512 195536.125000 195536.046875 195536.125000 195536.125000
902 2621.636719 195536.125000 196160.234375 226746.796875 195536.125000
903 2624.878662 195536.125000 196485.406250 226746.796875 195536.125000
904 2628.375977 195536.125000 196234.578125 226746.796875 195536.125000
905 2631.166748 195536.125000 196357.218750 226746.796875 195536.125000
906 2633.946289 195536.125000 196959.781250 235512.265625 195536.125000
907 2636.962646 195536.125000 199185.578125 338037.531250 195536.125000
908 2640.143066 195536.125000 198386.078125 338037.531250 195536.125000
909 2642.899658 195536.125000 195796.406250 208554.421875 195536.125000
910 2645.220459 195536.125000 197867.015625 312085.593750 195536.125000
911 2648.474854 195536.125000 198237.796875 272808.437500 195536.125000
912 2651.376465 195536.125000 199775.281250 299668.812500 195536.125000
913 2654.296143 195536.125000 199164.140625 299668.812500 195536.125000
914 2657.123535 195536.125000 197618.703125 299668.812500 195536.125000
915 2659.894287 195536.125000 195536.046875 195536.125000 195536.125000
916 2662.917969 195536.125000 195536.046875 195536.125000 195536.125000
917 2665.138184 195536.125000 195536.046875 195536.125000 195536.125000
918 2667.663818 195536.125000 195536.046875 195536.125000 195536.125000
919 2670.047852 195536.125000 195536.046875 195536.125000 195536.125000
920 2673.057617 195536.125000 196712.437500 254356.421875 195536.125000
921 2676.245850 195536.125000 195536.046875 195536.125000 195536.125000
922 2679.156982 195536.125000 195536.046875 195536.125000 195536.125000
923 2682.257324 195536.125000 195536.046875 195536.125000 195536.125000
924 2684.877686 195536.125000 195536.046875 195536.125000 195536.125000
925 2688.009521 195536.125000 195536.046875 195536.125000 195536.125000
926 2690.925781 195536.125000 195536.046875 195536.125000 195536.125000
927 2694.205322 195536.125000 195536.046875 195536.125000 195536.125000
928 2697.164062 195536.125000 195536.046875 195536.125000 195536.125000
929 2700.244385 195536.125000 195536.046875 195536.125000 195536.125000
930 2702.963623 195536.125000 195536.046875 195536.125000 195536.125000
931 2705.850342 195536.125000 198959.640625 366716.531250 195536.125000
932 2708.977783 195536.125000 195740.765625 205772.468750 195536.125000
933 2712.015137 195536.125000 195572.937500 197381.156250 195536.125000
934 2714.788086 195536.125000 195536.046875 195536.125000 195536.125000
935 2717.896240 195536.125000 195536.046875 195536.125000 195536.125000
936 2720.773682 195536.125000 195536.046875 195536.125000 195536.125000
937 2723.812012 195536.125000 195536.046875 195536.125000 195536.125000
938 2726.648926 195536.125000 195536.046875 195536.125000 195536.125000
939 2729.839111 195536.125000 195536.046875 195536.125000 195536.125000
940 2732.563965 195536.125000 195536.046875 195536.125000 195536.125000
941 2735.194336 195536.125000 195536.046875 195536.125000 195536.125000
942 2738.561768 195536.125000 195536.046875 195536.125000 195536.125000
943 2740.965332 195536.125000 195536.046875 195536.125000 195536.125000
944 2744.173340 195536.125000 196028.125000 220140.421875 195536.125000
945 2746.870361 195536.125000 196369.125000 217278.687500 195536.125000
946 2749.937988 195536.125000 196319.921875 217278.687500 195536.125000
947 2752.746826 195536.125000 196929.437500 226109.812500 195536.125000
948 2755.541504 195536.125000 205302.046875 468625.531250 195536.125000
949 2758.473145 195536.125000 205121.281250 468625.531250 195536.125000
950 2760.976074 195536.125000 204867.203125 468625.531250 195536.125000
951 2763.629639 195536.125000 204255.718750 468625.531250 195536.125000
952 2766.653809 195536.125000 200997.843750 468625.531250 195536.125000
953 2769.901367 195536.125000 195536.046875 195536.125000 195536.125000
954 2772.337402 195536.125000 195536.046875 195536.125000 195536.125000
955 2775.450684 195536.125000 195536.046875 195536.125000 195536.125000
956 2778.741455 195536.125000 197194.875000 278478.437500 195536.125000
957 2781.694092 195536.125000 195536.046875 195536.125000 195536.125000
958 2784.733887 195536.125000 195536.046875 195536.125000 195536.125000
959 2787.441895 195536.125000 198927.781250 365123.156250 195536.125000
960 2790.096680 195536.125000 195536.046875 195536.125000 195536.125000
961 2792.867676 195536.125000 196112.156250 224342.562500 195536.125000
962 2795.436523 195536.125000 196112.187500 224342.562500 195536.125000
963 2798.145996 195536.125000 195536.046875 195536.125000 195536.125000
964 2801.128418 195536.125000 195536.046875 195536.125000 195536.125000
965 2804.037354 195536.125000 195536.046875 195536.125000 195536.125000
966 2807.045654 195536.125000 195536.046875 195536.125000 195536.125000
967 2809.853271 195536.125000 195536.046875 195536.125000 195536.125000
968 2812.831543 195536.125000 195536.046875 195536.125000 195536.125000
969 2816.257812 195536.125000 195536.046875 195536.125000 195536.125000
970 2818.844238 195536.125000 195536.046875 195536.125000 195536.125000
971 2821.706543 195536.125000 195536.046875 195536.125000 195536.125000
972 2824.514648 195536.125000 195536.046875 195536.125000 195536.125000
973 2827.394043 195536.125000 195536.046875 195536.125000 195536.125000
974 2830.868652 195536.125000 195536.046875 195536.125000 195536.125000
975 2833.637451 195536.125000 195536.046875 195536.125000 195536.125000
976 2836.665771 195536.125000 195536.046875 195536.125000 195536.125000
977 2838.958740 195536.125000 195536.046875 195536.125000 195536.125000
978 2842.029541 195536.125000 195536.046875 195536.125000 195536.125000
979 2845.169189 195536.125000 195536.046875 195536.125000 195536.125000
980 2848.312744 195536.125000 195536.046875 195536.125000 195536.125000
981 2851.458740 195536.125000 195536.046875 195536.125000 195536.125000
982 2853.969727 195536.125000 195536.046875 195536.125000 195536.125000
983 2857.158936 195536.125000 199545.296875 395999.750000 195536.125000
984 2859.688965 195536.125000 195555.578125 196513.546875 195536.125000
985 2862.724121 195536.125000 195573.062500 197387.109375 195536.125000
986 2865.524170 195536.125000 196715.046875 254485.937500 195536.125000
987 2868.005859 195536.125000 195859.546875 211710.937500 195536.125000
988 2870.538574 195536.125000 195536.046875 195536.125000 195536.125000
989 2873.484863 195536.125000 195536.046875 195536.125000 195536.125000
990 2876.274902 195536.125000 195536.046875 195536.125000 195536.125000
991 2879.030762 195536.125000 198252.187500 331343.343750 195536.125000
992 2882.035645 195536.125000 195941.500000 215809.203125 195536.125000
993 2884.908203 195536.125000 195562.453125 196856.687500 195536.125000
994 2887.992920 195536.125000 197760.578125 290143.750000 195536.125000
995 2891.178223 195536.125000 199101.937500 290143.750000 195536.125000
996 2893.983887 195536.125000 199633.687500 290143.750000 195536.125000
997 2897.085449 195536.125000 198954.578125 290143.750000 195536.125000
998 2899.879150 195536.125000 197428.203125 290143.750000 195536.125000
999 2902.682129 195536.125000 195536.046875 195536.125000 195536.125000
1000 2905.538330 195536.125000 195536.046875 195536.125000 195536.125000
1001 2908.299316 195536.125000 195536.046875 195536.125000 195536.125000
1002 2911.665527 195536.125000 195536.046875 195536.125000 195536.125000
1003 2915.067139 195536.125000 195536.046875 195536.125000 195536.125000
1004 2917.967041 195536.125000 195536.046875 195536.125000 195536.125000
1005 2920.900635 195536.125000 195536.046875 195536.125000 195536.125000
1006 2923.768799 195536.125000 195536.046875 195536.125000 195536.125000
1007 2926.758545 195536.125000 195536.046875 195536.125000 195536.125000
1008 2929.437256 195536.125000 195536.046875 195536.125000 195536.125000
1009 2932.030029 195536.125000 195536.046875 195536.125000 195536.125000
1010 2934.680664 195536.125000 195536.046875 195536.125000 195536.125000
1011 2937.458008 195536.125000 199096.906250 373579.375000 195536.125000
1012 2940.421631 195536.125000 195669.906250 202229.218750 195536.125000
1013 2942.861816 195536.125000 195936.859375 215577.546875 195536.125000
1014 2946.017578 195536.125000 195536.046875 195536.125000 195536.125000
1015 2949.247070 195536.125000 195536.046875 195536.125000 195536.125000
1016 2951.711914 195536.125000 195536.046875 195536.125000 195536.125000
1017 2954.918945 195536.125000 195536.046875 195536.125000 195536.125000
1018 2957.828369 195536.125000 195536.046875 195536.125000 195536.125000
1019 2960.392822 195536.125000 195536.046875 195536.125000 195536.125000
1020 2963.318115 195536.125000 195536.046875 195536.125000 195536.125000
1021 2966.202637 195536.125000 195536.046875 195536.125000 195536.125000
1022 2969.393311 195536.125000 195536.046875 195536.125000 195536.125000
1023 2972.123047 195536.125000 195536.046875 195536.125000 195536.125000
1024 2974.778320 195536.125000 197207.093750 279089.750000 195536.125000
1025 2977.381592 195536.125000 198655.000000 351483.718750 195536.125000
1026 2979.937988 195536.125000 196144.343750 225950.812500 195536.125000
1027 2983.186279 195536.125000 197317.500000 284608.718750 195536.125000
1028 2986.086426 195536.125000 198503.515625 343910.312500 195536.125000
1029 2989.034668 195536.125000 197209.484375 275813.625000 195536.125000
1030 2992.056885 195536.125000 197294.234375 275813.625000 195536.125000
1031 2994.979004 195536.125000 197226.359375 275813.625000 195536.125000
1032 2997.180664 195536.125000 197141.593750 275813.625000 195536.125000
1033 3000.077637 195536.125000 195536.046875 195536.125000 195536.125000
1034 3003.132324 195536.125000 196007.406250 219104.875000 195536.125000
1035 3006.125977 195536.125000 195801.625000 208815.234375 195536.125000
1036 3008.691406 195536.125000 195669.734375 202220.765625 195536.125000
1037 3011.834473 195536.125000 195986.437500 218055.890625 195536.125000
1038 3014.354736 195536.125000 195851.656250 211316.640625 195536.125000
1039 3017.433838 195536.125000 198237.718750 265359.500000 195536.125000
1040 3020.517334 195536.125000 196932.515625 265359.500000 195536.125000
1041 3023.325684 195536.125000 195536.046875 195536.125000 195536.125000
1042 3026.186279 195536.125000 195536.046875 195536.125000 195536.125000
1043 3028.806641 195536.125000 195536.046875 195536.125000 195536.125000
1044 3031.446777 195536.125000 197721.406250 304804.062500 195536.125000
1045 3034.086914 195536.125000 198932.656250 365366.937500 195536.125000
1046 3036.700439 195536.125000 196003.578125 218912.875000 195536.125000
1047 3039.666504 195536.125000 196196.875000 228578.453125 195536.125000
1048 3042.423096 195536.125000 196161.500000 226809.437500 195536.125000
1049 3044.799316 195536.125000 195536.046875 195536.125000 195536.125000
1050 3048.041016 195536.125000 195536.046875 195536.125000 195536.125000
1051 3050.588867 195536.125000 195536.046875 195536.125000 195536.125000
1052 3053.567383 195536.125000 195536.046875 195536.125000 195536.125000
1053 3056.749023 195536.125000 197992.453125 318357.375000 195536.125000
1054 3059.440918 195536.125000 195536.046875 195536.125000 195536.125000
1055 3062.260986 195536.125000 195536.046875 195536.125000 195536.125000
1056 3065.499512 195536.125000 195536.046875 195536.125000 195536.125000
1057 3068.317139 195536.125000 195536.046875 195536.125000 195536.125000
1058 3071.485840 195536.125000 197867.921875 312130.468750 195536.125000
1059 3074.381836 195536.125000 195856.203125 211543.812500 195536.125000
1060 3077.469727 195536.125000 197659.812500 301725.125000 195536.125000
1061 3080.448242 195536.125000 196436.312500 240550.203125 195536.125000
1062 3082.950195 195536.125000 203158.140625 445123.250000 195536.125000
1063 3085.817627 195536.125000 201912.265625 327053.906250 195536.125000
1064 3088.891602 195536.125000 200796.765625 327053.906250 195536.125000
1065 3091.578857 195536.125000 198166.406250 327053.906250 195536.125000
1066 3094.773682 195536.125000 195536.046875 195536.125000 195536.125000
1067 3097.676758 195536.125000 195985.015625 217985.640625 195536.125000
1068 3100.550537 195536.125000 195613.515625 199409.750000 195536.125000
1069 3103.288818 195536.125000 197265.187500 281993.468750 195536.125000
1070 3106.404541 195536.125000 195536.046875 195536.125000 195536.125000
1071 3109.373535 195536.125000 195536.046875 195536.125000 195536.125000
1072 3112.376465 195536.125000 195536.046875 195536.125000 195536.125000
1073 3114.975830 195536.125000 195536.046875 195536.125000 195536.125000
1074 3117.763428 195536.125000 195536.046875 195536.125000 195536.125000
1075 3120.856201 195536.125000 195536.046875 195536.125000 195536.125000
1076 3124.018799 195536.125000 195536.046875 195536.125000 195536.125000
1077 3126.518555 195536.125000 195536.046875 195536.125000 195536.125000
1078 3129.530762 195536.125000 195536.046875 195536.125000 195536.125000
1079 3132.781006 195536.125000 195536.046875 195536.125000 195536.125000
1080 3135.678467 195536.125000 195536.046875 195536.125000 195536.125000
1081 3138.363037 195536.125000 195536.046875 195536.125000 195536.125000
1082 3141.293213 195536.125000 195536.046875 195536.125000 195536.125000
1083 3143.956055 195536.125000 195536.046875 195536.125000 195536.125000
1084 3146.759033 195536.125000 195536.046875 195536.125000 195536.125000
1085 3149.698975 195536.125000 195536.046875 195536.125000 195536.125000
1086 3152.626221 195536.125000 195536.046875 195536.125000 195536.125000
1087 3155.630859 195536.125000 195536.046875 195536.125000 195536.125000
1088 3158.579834 195536.125000 195536.046875 195536.125000 195536.125000
1089 3161.456055 195536.125000 195536.046875 195536.125000 195536.125000
1090 3164.051758 195536.125000 195536.046875 195536.125000 195536.125000
1091 3167.097656 195536.125000 195536.046875 195536.125000 195536.125000
1092 3170.032227 195536.125000 195536.046875 195536.125000 195536.125000
1093 3172.906982 195536.125000 195536.046875 195536.125000 195536.125000
1094 3175.358643 195536.125000 195536.046875 195536.125000 195536.125000
1095 3178.239014 195536.125000 195536.046875 195536.125000 195536.125000
1096 3181.291504 195536.125000 200652.687500 451368.156250 195536.125000
1097 3184.227539 195536.125000 195536.046875 195536.125000 195536.125000
1098 3186.871826 195536.125000 195536.046875 195536.125000 195536.125000
1099 3190.022949 195536.125000 196356.453125 236557.765625 195536.125000
1100 3192.668701 195536.125000 195729.093750 205189.515625 195536.125000
1101 3195.548584 195536.125000 195714.046875 204435.687500 195536.125000
1102 3198.492188 195536.125000 196199.765625 228721.640625 195536.125000
1103 3201.382080 195536.125000 196415.234375 239495.984375 195536.125000
1104 3204.283936 195536.125000 195536.046875 195536.125000 195536.125000
1105 3207.214111 195536.125000 195536.046875 195536.125000 195536.125000
1106 3209.533691 195536.125000 195536.046875 195536.125000 195536.125000
1107 3211.754395 195536.125000 195536.046875 195536.125000 195536.125000
1108 3214.729248 195536.125000 195536.046875 195536.125000 195536.125000
