0 0.000000 222566.703125 226555.375000 234007.656250 222566.703125
1 2.523768 220116.218750 226555.375000 234007.656250 222566.703125
2 4.630771 217623.906250 225412.062500 234007.656250 220116.218750
3 7.061564 215946.718750 226612.687500 341285.718750 217623.906250
4 9.718074 214787.984375 228142.359375 341285.718750 215946.718750
5 12.371806 213473.453125 227231.812500 341285.718750 214787.984375
6 15.162588 212094.687500 226615.906250 341285.718750 213473.453125
7 17.669235 210772.656250 226054.734375 341285.718750 212094.687500
8 20.186323 209048.312500 225495.093750 341285.718750 210772.656250
9 22.449732 208052.578125 224880.375000 341285.718750 209048.312500
10 25.228580 207182.953125 224760.578125 341285.718750 208052.578125
11 27.635847 206141.109375 227329.546875 373819.312500 207182.953125
12 30.013334 205411.312500 226729.265625 373819.312500 206141.109375
13 32.286537 205236.046875 226399.187500 373819.312500 205411.312500
14 34.599483 203952.218750 226001.656250 373819.312500 205236.046875
15 36.934196 202765.812500 225603.375000 373819.312500 203952.218750
16 39.825825 202430.515625 225591.640625 373819.312500 202765.812500
17 42.330929 201962.562500 225172.343750 373819.312500 202430.515625
18 44.527054 201359.000000 224815.515625 373819.312500 201962.562500
19 46.651535 200621.687500 224612.453125 373819.312500 201359.000000
20 48.866959 200415.015625 224316.937500 373819.312500 200621.687500
21 51.543209 199987.046875 228709.406250 437546.500000 200415.015625
22 54.359413 199855.515625 226140.281250 373819.312500 199987.046875
23 56.996956 199158.453125 228347.234375 373819.312500 199855.515625
24 59.406231 198809.609375 229092.187500 373819.312500 199158.453125
25 62.369564 198428.843750 232924.781250 376111.281250 198809.609375
26 64.726723 198178.828125 231389.875000 373819.312500 198428.843750
27 67.016068 198105.765625 231309.906250 373819.312500 198178.828125
28 69.662308 197664.078125 231092.781250 373819.312500 198105.765625
29 72.130608 197548.187500 230924.406250 373819.312500 197664.078125
30 74.338982 197503.734375 230741.953125 373819.312500 197548.187500
31 76.741470 197150.000000 230647.921875 373819.312500 197503.734375
32 79.244690 197002.125000 230537.656250 373819.312500 197150.000000
33 81.353584 196951.265625 232965.625000 373819.312500 197002.125000
34 83.833839 196826.593750 232273.593750 373819.312500 196951.265625
35 86.451241 196718.500000 232146.953125 373819.312500 196826.593750
36 88.998322 196718.500000 232030.000000 373819.312500 196718.500000
37 91.061333 196640.093750 231924.062500 373819.312500 196718.500000
38 93.562592 196523.781250 236280.625000 423583.531250 196640.093750
39 95.948669 196435.140625 234010.265625 373819.312500 196523.781250
40 98.450066 196435.140625 236298.421875 373819.312500 196435.140625
41 100.576347 196342.468750 235707.375000 373819.312500 196435.140625
42 103.224136 196342.468750 235560.718750 373819.312500 196342.468750
43 105.546005 196342.468750 240302.203125 437602.968750 196342.906250
44 108.148865 196264.468750 237735.484375 373819.312500 196342.906250
45 110.789993 196157.234375 237638.656250 373819.312500 196264.468750
46 113.286018 195849.937500 237582.703125 373819.312500 196157.234375
47 115.821457 195820.296875 239003.625000 373819.312500 195849.937500
48 118.326622 195756.031250 238375.625000 373819.312500 195820.296875
49 120.873947 195756.031250 238325.140625 373819.312500 195756.031250
50 123.244141 195756.031250 238292.156250 373819.312500 195756.031250
51 125.608231 195675.093750 238225.187500 373819.312500 195756.031250
52 127.941856 195675.093750 238129.843750 373819.312500 195675.093750
53 130.159485 195602.500000 238007.187500 373819.312500 195675.093750
54 132.512924 195593.343750 237940.437500 373819.312500 195602.500000
55 134.886902 195575.484375 237910.515625 373819.312500 195593.343750
56 137.194153 195566.328125 238752.453125 373819.312500 195575.484375
57 139.646805 195566.328125 238107.015625 373819.312500 195566.328125
58 142.007233 195507.734375 238066.906250 373819.312500 195566.328125
59 144.501678 195507.734375 238045.062500 373819.312500 195507.734375
60 146.874359 195428.171875 240818.078125 373819.312500 195507.734375
61 148.895203 195414.171875 240177.859375 373819.312500 195428.171875
62 151.231079 195414.171875 240152.578125 373819.312500 195414.171875
63 153.812210 195372.890625 240136.515625 373819.312500 195414.171875
64 156.370285 195337.406250 240123.359375 373819.312500 195372.890625
65 158.558929 195337.406250 240092.234375 373819.312500 195337.406250
66 161.094864 195337.406250 240075.812500 373819.312500 195337.406250
67 163.518738 195337.406250 240284.953125 373819.312500 195337.406250
68 165.901871 195337.406250 240805.437500 373819.312500 195337.406250
69 168.521057 195337.406250 240754.140625 373819.312500 195337.406250
70 171.130066 195319.312500 240678.187500 373819.312500 195337.406250
71 174.017105 195313.546875 242711.203125 373819.312500 195319.312500
72 176.651489 195295.453125 241996.265625 373819.312500 195313.546875
73 178.843033 195295.453125 241953.562500 373819.312500 195295.453125
74 181.364975 195295.453125 241943.843750 373819.312500 195295.453125
75 183.710388 195295.453125 241916.000000 373819.312500 195295.453125
76 186.229294 195289.718750 243245.906250 373819.312500 195295.453125
77 188.811142 195289.718750 242786.906250 373819.312500 195289.718750
78 191.245010 195289.718750 242749.734375 373819.312500 195289.718750
79 193.764526 195289.718750 242737.203125 373819.312500 195289.718750
80 196.160034 195289.718750 242727.578125 373819.312500 195289.718750
81 198.619904 195289.718750 242709.843750 373819.312500 195289.718750
82 201.030609 195289.718750 249472.937500 454992.906250 195289.718750
83 203.186722 195289.718750 248107.093750 454992.906250 195289.718750
84 205.544647 195289.718750 248012.843750 454992.906250 195289.718750
85 207.988815 195289.718750 247857.375000 454992.906250 195289.718750
86 210.468979 195289.718750 251270.984375 454992.906250 195289.718750
87 212.926605 195268.609375 250649.781250 454992.906250 195289.718750
88 215.517212 195268.609375 249779.437500 454992.906250 195268.609375
89 217.731949 195268.609375 248715.921875 454992.906250 195268.609375
90 220.057251 195243.921875 248715.078125 454992.906250 195268.609375
91 222.760803 195243.921875 248713.140625 454992.906250 195243.921875
92 225.515305 195243.921875 248712.453125 454992.906250 195243.921875
93 227.645157 195243.921875 248711.484375 454992.906250 195243.921875
94 230.086807 195243.921875 248710.500000 454992.906250 195243.921875
95 232.614471 195243.921875 249302.343750 454992.906250 195243.921875
96 234.921295 195243.921875 249300.921875 454992.906250 195243.921875
97 237.168060 195243.921875 249298.656250 454992.906250 195243.921875
98 239.681305 195243.921875 249297.265625 454992.906250 195243.921875
99 241.844070 195243.921875 249295.015625 454992.906250 195243.921875
100 244.342087 195243.921875 250969.203125 454992.906250 195243.921875
101 246.819351 195243.921875 252047.421875 454992.906250 195243.921875
102 249.049866 195243.921875 251758.718750 454992.906250 195243.921875
103 251.346954 195243.921875 251756.875000 454992.906250 195243.921875
104 253.921982 195243.921875 251755.062500 454992.906250 195243.921875
105 256.390472 195243.921875 251057.078125 454992.906250 195243.921875
106 258.746277 195243.921875 252694.296875 454992.906250 195243.921875
107 261.285919 195243.921875 250841.562500 454992.906250 195243.921875
108 263.787598 195243.921875 248608.859375 454992.906250 195243.921875
109 266.048065 195243.921875 247124.343750 454992.906250 195243.921875
110 268.609222 195243.921875 247409.781250 454992.906250 195243.921875
111 270.967285 195243.921875 243627.484375 454992.906250 195243.921875
112 273.969513 195226.515625 239428.578125 454992.906250 195243.921875
113 275.986633 195226.515625 234264.093750 454992.906250 195226.515625
114 278.261780 195226.515625 228768.687500 454992.906250 195226.515625
115 280.914398 195226.515625 229413.093750 454992.906250 195226.515625
116 283.299896 195226.515625 229412.421875 454992.906250 195226.515625
117 285.920105 195226.515625 229411.718750 454992.906250 195226.515625
118 288.371277 195226.515625 229410.312500 454992.906250 195226.515625
119 290.484436 195226.515625 229409.625000 454992.906250 195226.515625
120 293.015869 195226.515625 229408.921875 454992.906250 195226.515625
121 295.401337 195226.515625 231814.375000 454992.906250 195226.515625
122 297.812836 195226.515625 231813.687500 454992.906250 195226.515625
123 299.931305 195226.515625 231813.000000 454992.906250 195226.515625
124 302.456635 195226.515625 236138.343750 454992.906250 195226.515625
125 304.959686 195226.515625 236137.625000 454992.906250 195226.515625
126 307.904938 195226.515625 236136.921875 454992.906250 195226.515625
127 310.480896 195226.515625 236136.218750 454992.906250 195226.515625
128 312.778015 195226.515625 236135.515625 454992.906250 195226.515625
129 315.487610 195226.515625 236134.812500 454992.906250 195226.515625
130 318.144073 195226.515625 236134.125000 454992.906250 195226.515625
131 320.483917 195226.515625 240499.953125 454992.906250 195226.515625
132 322.822510 195226.515625 243980.375000 454992.906250 195226.515625
133 324.987427 195226.515625 240440.343750 454992.906250 195226.515625
134 327.491791 195226.515625 238821.906250 454992.906250 195226.515625
135 329.903809 195226.515625 232993.093750 454992.906250 195226.515625
136 332.476959 195226.515625 227132.656250 454992.906250 195226.515625
137 334.682617 195226.515625 222246.500000 454992.906250 195226.515625
138 337.108917 195226.515625 216944.343750 454992.906250 195226.515625
139 339.332458 195226.515625 209457.375000 454992.906250 195226.515625
140 341.871124 195226.515625 200127.812500 440288.500000 195226.515625
141 344.420837 195226.515625 195226.578125 195226.515625 195226.515625
142 346.471680 195226.515625 195226.578125 195226.515625 195226.515625
143 349.046082 195226.515625 195226.578125 195226.515625 195226.515625
144 351.732727 195226.515625 195226.578125 195226.515625 195226.515625
145 354.073242 195226.515625 195226.578125 195226.515625 195226.515625
146 356.908600 195226.515625 195226.578125 195226.515625 195226.515625
147 359.225769 195226.515625 197776.234375 322710.000000 195226.515625
148 361.846954 195226.515625 197000.687500 283931.687500 195226.515625
149 364.578186 195226.515625 197033.875000 285591.187500 195226.515625
150 367.237030 195226.515625 197694.187500 318606.625000 195226.515625
151 369.928375 195226.515625 196744.484375 271121.500000 195226.515625
152 371.900391 195226.515625 195226.578125 195226.515625 195226.515625
153 374.617615 195226.515625 197484.937500 308144.093750 195226.515625
154 377.277222 195226.515625 197337.234375 300759.312500 195226.515625
155 379.937683 195226.515625 195226.578125 195226.515625 195226.515625
156 382.343384 195226.515625 195226.578125 195226.515625 195226.515625
157 384.986206 195226.515625 195226.578125 195226.515625 195226.515625
158 387.521362 195226.515625 198311.718750 275327.562500 195226.515625
159 389.710052 195226.515625 196828.593750 275327.562500 195226.515625
160 392.208252 195226.515625 195226.578125 195226.515625 195226.515625
161 394.764343 195226.515625 195226.578125 195226.515625 195226.515625
162 397.143494 195226.515625 195226.578125 195226.515625 195226.515625
163 399.451935 195226.515625 195226.578125 195226.515625 195226.515625
164 401.896301 195226.515625 195368.062500 202300.359375 195226.515625
165 404.432037 195226.515625 198781.437500 372969.250000 195226.515625
166 406.523468 195226.515625 195226.578125 195226.515625 195226.515625
167 409.080353 195226.515625 195226.578125 195226.515625 195226.515625
168 411.656311 195226.515625 195226.578125 195226.515625 195226.515625
169 414.446838 195226.515625 195226.578125 195226.515625 195226.515625
170 416.560638 195226.515625 195226.578125 195226.515625 195226.515625
171 419.295929 195226.515625 195226.578125 195226.515625 195226.515625
172 421.655426 195226.515625 195226.578125 195226.515625 195226.515625
173 424.003998 195226.515625 195226.578125 195226.515625 195226.515625
174 425.949463 195226.515625 195226.578125 195226.515625 195226.515625
175 428.341278 195226.515625 195289.140625 198354.765625 195226.515625
176 431.006897 195226.515625 195226.578125 195226.515625 195226.515625
177 433.112183 195226.515625 196618.906250 264842.031250 195226.515625
178 435.441895 195226.515625 195624.093750 215101.781250 195226.515625
179 438.138367 195226.515625 195226.578125 195226.515625 195226.515625
180 440.358917 195226.515625 195226.578125 195226.515625 195226.515625
181 442.809418 195226.515625 195226.578125 195226.515625 195226.515625
182 445.350006 195226.515625 195226.578125 195226.515625 195226.515625
183 447.761810 195226.515625 195226.578125 195226.515625 195226.515625
184 450.311432 195226.515625 195226.578125 195226.515625 195226.515625
185 452.657990 195226.515625 195226.578125 195226.515625 195226.515625
186 454.746399 195226.515625 199281.765625 397984.593750 195226.515625
187 457.235046 195226.515625 195226.578125 195226.515625 195226.515625
188 459.775970 195226.515625 195226.578125 195226.515625 195226.515625
189 462.410400 195226.515625 195226.578125 195226.515625 195226.515625
190 464.993896 195226.515625 196637.859375 265790.687500 195226.515625
191 467.174103 195226.515625 195226.578125 195226.515625 195226.515625
192 469.527405 195226.515625 195226.578125 195226.515625 195226.515625
193 471.889435 195226.515625 195226.578125 195226.515625 195226.515625
194 474.470459 195226.515625 198418.781250 312258.843750 195226.515625
195 476.627319 195226.515625 201664.625000 400095.750000 195226.515625
196 479.122375 195226.515625 199572.453125 400095.750000 195226.515625
197 481.639435 195226.515625 199464.984375 400095.750000 195226.515625
198 484.169800 195226.515625 199323.953125 400095.750000 195226.515625
199 486.288971 195226.515625 195226.578125 195226.515625 195226.515625
200 489.102539 195226.515625 195226.578125 195226.515625 195226.515625
201 491.755981 195226.515625 197598.156250 313805.656250 195226.515625
202 493.978851 195226.515625 195226.578125 195226.515625 195226.515625
203 496.200806 195226.515625 195226.578125 195226.515625 195226.515625
204 498.565033 195226.515625 195226.578125 195226.515625 195226.515625
205 500.920319 195226.515625 195226.578125 195226.515625 195226.515625
206 503.596893 195226.515625 195432.296875 205511.843750 195226.515625
207 505.537048 195226.515625 195226.578125 195226.515625 195226.515625
208 507.593414 195226.515625 195226.578125 195226.515625 195226.515625
209 510.288574 195226.515625 195226.578125 195226.515625 195226.515625
210 512.490173 195226.515625 196477.281250 245896.031250 195226.515625
211 514.872253 195226.515625 196503.265625 245896.031250 195226.515625
212 517.206299 195226.515625 195445.578125 206177.375000 195226.515625
213 519.408691 195226.515625 195226.578125 195226.515625 195226.515625
214 521.664612 195226.515625 195226.578125 195226.515625 195226.515625
215 524.492920 195226.515625 195226.578125 195226.515625 195226.515625
216 527.086243 195226.515625 195226.578125 195226.515625 195226.515625
217 529.042664 195226.515625 195226.578125 195226.515625 195226.515625
218 531.217346 195226.515625 201665.687500 394032.750000 195226.515625
219 533.774841 195226.515625 202452.062500 394032.750000 195226.515625
220 536.343933 195226.515625 204581.640625 381932.437500 195226.515625
221 538.674255 195226.515625 205329.093750 381932.437500 195226.515625
222 541.021606 195226.515625 205154.281250 381932.437500 195226.515625
223 543.462097 195226.515625 203583.953125 381932.437500 195226.515625
224 545.705017 195226.515625 200411.343750 381932.437500 195226.515625
225 548.022583 195226.515625 196564.515625 262124.062500 195226.515625
226 550.290405 195226.515625 195226.578125 195226.515625 195226.515625
227 552.613159 195226.515625 195226.578125 195226.515625 195226.515625
228 555.001465 195226.515625 195226.578125 195226.515625 195226.515625
229 557.493103 195226.515625 200286.312500 448213.125000 195226.515625
230 559.797546 195226.515625 195700.078125 218900.984375 195226.515625
231 562.429138 195226.515625 195226.578125 195226.515625 195226.515625
232 565.000061 195226.515625 195226.578125 195226.515625 195226.515625
233 567.476135 195226.515625 195226.578125 195226.515625 195226.515625
234 569.745483 195226.515625 196148.187500 241306.203125 195226.515625
235 571.812988 195226.515625 195588.718750 213333.125000 195226.515625
236 574.455811 195226.515625 195226.578125 195226.515625 195226.515625
237 576.944641 195226.515625 195226.578125 195226.515625 195226.515625
238 579.278320 195226.515625 195226.578125 195226.515625 195226.515625
239 581.670044 195226.515625 195499.406250 208867.109375 195226.515625
240 583.984924 195226.515625 195226.578125 195226.515625 195226.515625
241 586.358765 195226.515625 195226.578125 195226.515625 195226.515625
242 589.102844 195226.515625 196020.859375 234940.703125 195226.515625
243 591.419800 195226.515625 195315.765625 199685.265625 195226.515625
244 593.652893 195226.515625 195226.578125 195226.515625 195226.515625
245 596.191101 195226.515625 195226.578125 195226.515625 195226.515625
246 598.543823 195226.515625 195226.578125 195226.515625 195226.515625
247 600.856628 195226.515625 195226.578125 195226.515625 195226.515625
248 603.736267 195226.515625 195226.578125 195226.515625 195226.515625
249 605.914124 195226.515625 195226.578125 195226.515625 195226.515625
250 608.434814 195226.515625 195226.578125 195226.515625 195226.515625
251 610.757019 195226.515625 196490.484375 258420.953125 195226.515625
252 613.122681 195226.515625 195654.906250 216642.343750 195226.515625
253 615.852600 195226.515625 195226.578125 195226.515625 195226.515625
254 618.263062 195226.515625 195226.578125 195226.515625 195226.515625
255 620.525391 195226.515625 195226.578125 195226.515625 195226.515625
256 623.161743 195226.515625 195226.578125 195226.515625 195226.515625
257 625.561096 195226.515625 195226.578125 195226.515625 195226.515625
258 628.114075 195226.515625 195612.203125 214506.968750 195226.515625
259 630.362488 195226.515625 196777.875000 244379.750000 195226.515625
260 632.915527 195226.515625 196235.187500 244379.750000 195226.515625
261 635.831177 195226.515625 196209.640625 244379.750000 195226.515625
262 638.328613 195226.515625 195226.578125 195226.515625 195226.515625
263 640.783386 195226.515625 195226.578125 195226.515625 195226.515625
264 642.982849 195226.515625 195226.578125 195226.515625 195226.515625
265 645.181335 195226.515625 195226.578125 195226.515625 195226.515625
266 647.547485 195226.515625 195226.578125 195226.515625 195226.515625
267 650.017395 195226.515625 195226.578125 195226.515625 195226.515625
268 652.133423 195226.515625 195226.578125 195226.515625 195226.515625
269 654.993347 195226.515625 195226.578125 195226.515625 195226.515625
270 657.249084 195226.515625 195226.578125 195226.515625 195226.515625
271 659.856018 195226.515625 195226.578125 195226.515625 195226.515625
272 662.240540 195226.515625 195886.453125 228220.953125 195226.515625
273 664.664551 195226.515625 196138.734375 228220.953125 195226.515625
274 667.199524 195226.515625 196706.078125 236207.328125 195226.515625
275 669.912781 195226.515625 196180.546875 236207.328125 195226.515625
276 671.788818 195226.515625 196140.640625 236207.328125 195226.515625
277 674.303589 195226.515625 196046.187500 236207.328125 195226.515625
278 676.619934 195226.515625 195226.578125 195226.515625 195226.515625
279 678.972473 195226.515625 195226.578125 195226.515625 195226.515625
280 681.073547 195226.515625 195226.578125 195226.515625 195226.515625
281 683.234375 195226.515625 195226.578125 195226.515625 195226.515625
282 685.729858 195226.375000 196416.375000 254716.750000 195226.515625
283 688.525330 195226.375000 195487.156250 208255.390625 195226.375000
284 691.077576 195226.375000 195391.546875 203474.859375 195226.375000
285 693.479797 195226.375000 195589.265625 205112.843750 195226.375000
286 695.904663 195226.375000 196448.281250 238178.421875 195226.375000
287 698.557678 195226.375000 196615.734375 238178.421875 195226.375000
288 700.940735 195226.375000 196615.718750 238178.421875 195226.375000
289 703.429138 195226.375000 196615.703125 238178.421875 195226.375000
290 706.068359 195226.375000 199754.656250 352173.843750 195226.375000
291 708.644531 195226.375000 200279.343750 352173.843750 195226.375000
292 710.792053 195226.375000 200416.453125 352173.843750 195226.375000
293 712.843689 195226.375000 200419.265625 352173.843750 195226.375000
294 715.329590 195226.375000 200419.265625 352173.843750 195226.375000
295 718.276611 195226.375000 200419.265625 352173.843750 195226.375000
296 720.519836 195226.375000 200419.265625 352173.843750 195226.375000
297 723.126587 195226.375000 200419.265625 352173.843750 195226.375000
298 725.702271 195226.375000 200419.265625 352173.843750 195226.375000
299 727.984070 195226.375000 200419.265625 352173.843750 195226.375000
300 729.987793 195226.375000 200419.265625 352173.843750 195226.375000
301 732.875000 195226.375000 200419.265625 352173.843750 195226.375000
302 735.387817 195226.375000 200419.265625 352173.843750 195226.375000
303 737.459717 195226.375000 200419.265625 352173.843750 195226.375000
304 739.763672 195226.375000 200419.265625 352173.843750 195226.375000
305 742.217529 195226.375000 200282.125000 352173.843750 195226.375000
306 744.749817 195226.375000 200111.812500 352173.843750 195226.375000
307 747.356934 195226.375000 203985.000000 387252.281250 195226.375000
308 749.581543 195226.375000 202928.265625 387252.281250 195226.375000
309 751.754395 195226.375000 198365.359375 352173.843750 195226.375000
310 753.938477 195226.375000 195226.406250 195226.375000 195226.375000
311 756.471436 195226.375000 195226.406250 195226.375000 195226.375000
312 759.066650 195226.375000 195226.406250 195226.375000 195226.375000
313 761.747375 195226.375000 195226.406250 195226.375000 195226.375000
314 764.461243 195226.375000 197284.984375 298156.218750 195226.375000
315 767.003479 195226.375000 195226.406250 195226.375000 195226.375000
316 769.386047 195226.375000 195226.406250 195226.375000 195226.375000
317 772.097595 195226.375000 195226.406250 195226.375000 195226.375000
318 774.129456 195226.375000 195226.406250 195226.375000 195226.375000
319 776.513550 195226.375000 195226.406250 195226.375000 195226.375000
320 778.995056 195226.375000 195226.406250 195226.375000 195226.375000
321 781.414307 195226.375000 195226.406250 195226.375000 195226.375000
322 784.023315 195226.375000 195226.406250 195226.375000 195226.375000
323 786.292236 195226.375000 195226.406250 195226.375000 195226.375000
324 788.826050 195226.375000 195226.406250 195226.375000 195226.375000
325 791.468018 195226.375000 195226.406250 195226.375000 195226.375000
326 793.781677 195226.375000 197023.125000 285063.218750 195226.375000
327 796.436951 195226.375000 195226.406250 195226.375000 195226.375000
328 798.852783 195226.375000 195226.406250 195226.375000 195226.375000
329 801.353516 195226.375000 195226.406250 195226.375000 195226.375000
330 803.581238 195226.375000 195226.406250 195226.375000 195226.375000
331 806.170837 195226.375000 195226.406250 195226.375000 195226.375000
332 808.584045 195226.375000 195226.406250 195226.375000 195226.375000
333 811.280090 195226.375000 195226.406250 195226.375000 195226.375000
334 813.649536 195226.375000 195226.406250 195226.375000 195226.375000
335 816.078064 195226.375000 195226.406250 195226.375000 195226.375000
336 818.109558 195226.375000 195226.406250 195226.375000 195226.375000
337 820.388794 195226.375000 197691.765625 311561.937500 195226.375000
338 822.887085 195226.375000 198200.156250 311561.937500 195226.375000
339 825.007324 195226.375000 197553.125000 311561.937500 195226.375000
340 827.596741 195226.375000 195226.406250 195226.375000 195226.375000
341 830.101868 195226.375000 195226.406250 195226.375000 195226.375000
342 832.978455 195226.375000 195226.406250 195226.375000 195226.375000
343 835.461731 195226.375000 199098.265625 388820.437500 195226.375000
344 837.857117 195226.375000 196096.062500 224599.796875 195226.375000
345 840.313416 195226.375000 200528.812500 419395.625000 195226.375000
346 842.772217 195226.375000 198698.843750 330232.250000 195226.375000
347 845.538513 195226.375000 195763.281250 222069.656250 195226.375000
348 848.044250 195226.375000 195226.406250 195226.375000 195226.375000
349 850.278809 195226.375000 195226.406250 195226.375000 195226.375000
350 852.866028 195226.375000 196225.656250 245189.890625 195226.375000
351 855.124268 195226.375000 195226.406250 195226.375000 195226.375000
352 857.902893 195226.375000 198387.796875 353296.593750 195226.375000
353 860.458862 195226.375000 195246.000000 196206.421875 195226.375000
354 862.794739 195226.375000 195226.406250 195226.375000 195226.375000
355 865.264404 195226.375000 195226.406250 195226.375000 195226.375000
356 867.575623 195226.375000 195226.406250 195226.375000 195226.375000
357 870.051575 195226.375000 195226.406250 195226.375000 195226.375000
358 872.657837 195226.375000 195226.406250 195226.375000 195226.375000
359 875.226807 195226.375000 195226.406250 195226.375000 195226.375000
360 877.912659 195226.375000 195226.406250 195226.375000 195226.375000
361 880.123901 195226.375000 195226.406250 195226.375000 195226.375000
362 882.746155 195226.375000 195226.406250 195226.375000 195226.375000
363 884.999451 195226.375000 195226.406250 195226.375000 195226.375000
364 887.532227 195226.375000 195226.406250 195226.375000 195226.375000
365 889.580200 195226.375000 195226.406250 195226.375000 195226.375000
366 892.056824 195226.375000 195226.406250 195226.375000 195226.375000
367 894.546997 195226.375000 197149.406250 291377.000000 195226.375000
368 897.372498 195226.375000 195226.406250 195226.375000 195226.375000
369 899.874878 195226.375000 195226.406250 195226.375000 195226.375000
370 902.534851 195226.375000 195226.406250 195226.375000 195226.375000
371 904.802673 195226.375000 195226.406250 195226.375000 195226.375000
372 907.375305 195226.375000 195226.406250 195226.375000 195226.375000
373 909.909363 195226.375000 195651.984375 216505.984375 195226.375000
374 912.098206 195226.375000 195577.765625 212794.562500 195226.375000
375 914.610901 195226.375000 195226.406250 195226.375000 195226.375000
376 916.898621 195226.375000 195226.406250 195226.375000 195226.375000
377 919.262085 195226.375000 195226.406250 195226.375000 195226.375000
378 921.713684 195226.375000 196625.562500 265184.968750 195226.375000
379 923.758606 195226.375000 195271.000000 197456.562500 195226.375000
380 926.117371 195226.375000 195438.375000 205826.140625 195226.375000
381 928.385315 195226.375000 195226.406250 195226.375000 195226.375000
382 931.250854 195226.375000 195226.406250 195226.375000 195226.375000
383 933.726929 195226.375000 195226.406250 195226.375000 195226.375000
384 935.945923 195226.375000 195226.406250 195226.375000 195226.375000
385 938.395630 195226.375000 195226.406250 195226.375000 195226.375000
386 940.931274 195226.375000 197290.078125 298410.375000 195226.375000
387 943.043945 195226.375000 195840.562500 225934.359375 195226.375000
388 945.513855 195226.375000 197563.765625 299309.031250 195226.375000
389 947.569519 195226.375000 197636.921875 299309.031250 195226.375000
390 950.174011 195226.375000 195438.078125 205810.250000 195226.375000
391 952.591309 195226.375000 199470.000000 407407.250000 195226.375000
392 955.508667 195226.375000 199563.000000 406788.031250 195226.375000
393 957.909180 195226.375000 199457.640625 406788.031250 195226.375000
394 959.953552 195226.375000 195226.406250 195226.375000 195226.375000
395 962.407715 195226.375000 195226.406250 195226.375000 195226.375000
396 964.942322 195226.375000 200220.453125 444930.312500 195226.375000
397 967.335022 195226.375000 195226.406250 195226.375000 195226.375000
398 969.576172 195226.375000 195226.406250 195226.375000 195226.375000
399 972.205078 195226.375000 195226.406250 195226.375000 195226.375000
400 974.483032 195226.375000 195226.406250 195226.375000 195226.375000
401 976.863159 195226.375000 195226.406250 195226.375000 195226.375000
402 979.083435 195226.375000 195226.406250 195226.375000 195226.375000
403 981.464172 195226.375000 195226.406250 195226.375000 195226.375000
404 983.671082 195226.375000 198802.812500 374047.968750 195226.375000
405 986.156189 195226.375000 195226.406250 195226.375000 195226.375000
406 988.460510 195226.375000 199620.906250 397776.531250 195226.375000
407 990.601196 195226.375000 200213.859375 397776.531250 195226.375000
408 993.094849 195226.375000 199277.421875 397776.531250 195226.375000
409 995.315735 195226.375000 195226.406250 195226.375000 195226.375000
410 997.808777 195226.375000 197357.593750 301786.562500 195226.375000
411 1000.167114 195226.375000 195308.734375 199343.656250 195226.375000
412 1002.757446 195226.375000 196244.937500 246153.593750 195226.375000
413 1005.241943 195226.375000 195226.406250 195226.375000 195226.375000
414 1007.454468 195226.375000 195226.406250 195226.375000 195226.375000
415 1009.789734 195226.375000 195226.406250 195226.375000 195226.375000
416 1012.077148 195226.375000 195226.406250 195226.375000 195226.375000
417 1014.116211 195226.375000 195915.656250 229690.140625 195226.375000
418 1016.701782 195226.375000 196019.984375 234905.687500 195226.375000
419 1018.951660 195226.375000 196682.687500 268040.968750 195226.375000
420 1021.593628 195226.375000 195226.406250 195226.375000 195226.375000
421 1023.681946 195226.375000 195226.406250 195226.375000 195226.375000
422 1025.972412 195226.375000 195226.406250 195226.375000 195226.375000
423 1028.471924 195226.375000 195226.406250 195226.375000 195226.375000
424 1030.461426 195226.375000 200177.843750 327510.406250 195226.375000
425 1032.698853 195226.375000 197872.078125 327510.406250 195226.375000
426 1035.141602 195226.375000 195226.406250 195226.375000 195226.375000
427 1037.463623 195226.375000 195226.406250 195226.375000 195226.375000
428 1040.158203 195226.375000 199460.984375 406955.906250 195226.375000
429 1042.817505 195226.375000 196934.437500 265709.187500 195226.375000
430 1044.755615 195226.375000 198299.406250 265709.187500 195226.375000
431 1047.197510 195226.375000 201666.515625 413288.656250 195226.375000
432 1049.552246 195226.375000 200143.000000 413288.656250 195226.375000
433 1052.119263 195226.375000 199838.875000 413288.656250 195226.375000
434 1054.544434 195226.375000 199618.000000 413288.656250 195226.375000
435 1057.180298 195226.375000 199587.656250 413288.656250 195226.375000
436 1059.390869 195226.375000 195226.406250 195226.375000 195226.375000
437 1061.827515 195226.375000 197525.062500 310160.000000 195226.375000
438 1064.102295 195226.375000 197706.265625 319219.500000 195226.375000
439 1066.850586 195226.375000 195886.156250 228214.562500 195226.375000
440 1069.536743 195226.375000 195226.406250 195226.375000 195226.375000
441 1072.405518 195226.375000 195226.406250 195226.375000 195226.375000
442 1074.552856 195226.375000 195226.406250 195226.375000 195226.375000
443 1076.929199 195226.375000 195226.406250 195226.375000 195226.375000
444 1079.467651 195226.375000 195226.406250 195226.375000 195226.375000
445 1081.721924 195226.375000 195226.406250 195226.375000 195226.375000
446 1084.007080 195226.375000 195226.406250 195226.375000 195226.375000
447 1086.408691 195226.375000 195226.406250 195226.375000 195226.375000
448 1088.886108 195226.375000 195226.406250 195226.375000 195226.375000
449 1091.254028 195226.375000 195226.406250 195226.375000 195226.375000
450 1093.762939 195226.375000 195226.406250 195226.375000 195226.375000
451 1096.395630 195226.375000 195226.406250 195226.375000 195226.375000
452 1098.751465 195226.375000 195226.406250 195226.375000 195226.375000
453 1101.157227 195226.375000 195226.406250 195226.375000 195226.375000
454 1103.575317 195226.375000 195226.406250 195226.375000 195226.375000
455 1106.093018 195226.375000 195226.406250 195226.375000 195226.375000
456 1108.293091 195226.375000 195226.406250 195226.375000 195226.375000
457 1110.327393 195226.375000 195226.406250 195226.375000 195226.375000
458 1113.122925 195226.375000 195226.406250 195226.375000 195226.375000
459 1115.304077 195226.375000 195226.406250 195226.375000 195226.375000
460 1117.782349 195226.375000 195226.406250 195226.375000 195226.375000
461 1120.005615 195226.375000 196336.281250 250721.328125 195226.375000
462 1122.422729 195226.375000 195643.781250 216095.250000 195226.375000
463 1124.935303 195226.375000 195226.406250 195226.375000 195226.375000
464 1127.231812 195226.375000 195226.406250 195226.375000 195226.375000
465 1129.626709 195226.375000 195421.078125 204961.000000 195226.375000
466 1132.041870 195226.375000 195226.406250 195226.375000 195226.375000
467 1134.493652 195226.375000 195226.406250 195226.375000 195226.375000
468 1136.672974 195226.375000 196677.281250 267770.531250 195226.375000
469 1139.138428 195226.375000 195226.406250 195226.375000 195226.375000
470 1141.660034 195226.375000 195226.406250 195226.375000 195226.375000
471 1144.128906 195226.375000 195226.406250 195226.375000 195226.375000
472 1146.661743 195226.375000 195226.406250 195226.375000 195226.375000
473 1149.187622 195226.375000 195226.406250 195226.375000 195226.375000
474 1151.623657 195226.375000 195226.406250 195226.375000 195226.375000
475 1153.654541 195226.375000 195226.406250 195226.375000 195226.375000
476 1155.818237 195226.375000 195226.406250 195226.375000 195226.375000
477 1158.144043 195226.375000 195226.406250 195226.375000 195226.375000
478 1160.414429 195226.375000 198714.953125 369655.343750 195226.375000
479 1162.931030 195226.375000 195420.187500 204915.500000 195226.375000
480 1165.496338 195226.375000 201769.703125 411589.343750 195226.375000
481 1168.005371 195226.375000 200188.578125 310226.187500 195226.375000
482 1170.532349 195226.375000 198767.875000 310226.187500 195226.375000
483 1172.758179 195226.375000 195860.125000 226912.187500 195226.375000
484 1175.030518 195226.375000 195226.406250 195226.375000 195226.375000
485 1177.778076 195226.375000 197786.937500 323253.437500 195226.375000
486 1180.002686 195226.375000 195226.406250 195226.375000 195226.375000
487 1182.039185 195226.375000 195226.406250 195226.375000 195226.375000
488 1184.470215 195226.375000 195226.406250 195226.375000 195226.375000
489 1186.963013 195226.375000 195226.406250 195226.375000 195226.375000
490 1189.510986 195226.375000 199164.234375 392118.531250 195226.375000
491 1191.911987 195226.375000 195230.984375 195455.250000 195226.375000
492 1194.045532 195226.375000 195226.406250 195226.375000 195226.375000
493 1195.811523 195226.375000 195226.406250 195226.375000 195226.375000
494 1197.871094 195226.375000 195226.406250 195226.375000 195226.375000
495 1200.073120 195226.375000 195226.406250 195226.375000 195226.375000
496 1202.004395 195226.375000 196606.843750 264248.281250 195226.375000
497 1204.661621 195226.375000 200850.203125 400564.656250 195226.375000
498 1207.044067 195226.375000 196695.015625 264248.281250 195226.375000
499 1209.729126 195226.375000 196764.546875 264248.281250 195226.375000
500 1211.940430 195226.375000 196606.843750 264248.281250 195226.375000
501 1214.667114 195226.375000 195226.406250 195226.375000 195226.375000
502 1217.235840 195226.375000 195226.406250 195226.375000 195226.375000
503 1220.027954 195226.375000 195226.406250 195226.375000 195226.375000
504 1222.253418 195226.375000 195226.406250 195226.375000 195226.375000
505 1224.453735 195226.375000 195226.406250 195226.375000 195226.375000
506 1226.923218 195226.375000 195226.406250 195226.375000 195226.375000
507 1229.247803 195226.375000 195226.406250 195226.375000 195226.375000
508 1231.927856 195226.375000 195226.406250 195226.375000 195226.375000
509 1234.228149 195226.375000 195226.406250 195226.375000 195226.375000
510 1236.758667 195226.375000 200401.593750 453987.718750 195226.375000
511 1238.480347 195226.375000 198914.562500 379634.468750 195226.375000
512 1240.898560 195226.375000 195226.406250 195226.375000 195226.375000
513 1243.194580 195226.375000 198411.796875 354496.406250 195226.375000
514 1245.700562 195226.375000 195233.046875 195558.953125 195226.375000
515 1248.149170 195226.375000 195403.640625 204088.671875 195226.375000
516 1250.394287 195226.375000 195226.406250 195226.375000 195226.375000
517 1252.745850 195226.375000 195880.562500 217170.593750 195226.375000
518 1255.155762 195226.375000 198106.421875 317282.500000 195226.375000
519 1257.130737 195226.375000 197667.515625 317282.500000 195226.375000
520 1259.366455 195226.375000 195226.406250 195226.375000 195226.375000
521 1261.657715 195226.375000 195226.406250 195226.375000 195226.375000
522 1264.211304 195226.375000 195226.406250 195226.375000 195226.375000
523 1266.568970 195226.375000 195226.406250 195226.375000 195226.375000
524 1268.608154 195226.375000 202038.765625 406448.156250 195226.375000
525 1271.050537 195226.375000 199450.843750 406448.156250 195226.375000
526 1273.636719 195226.375000 197154.015625 291607.687500 195226.375000
527 1275.779541 195226.375000 195226.406250 195226.375000 195226.375000
528 1278.115234 195226.375000 195226.406250 195226.375000 195226.375000
529 1280.554321 195226.375000 195226.406250 195226.375000 195226.375000
530 1282.963013 195226.375000 198914.000000 349690.031250 195226.375000
531 1285.351440 195226.375000 199346.046875 349690.031250 195226.375000
532 1287.907227 195226.375000 198315.687500 349690.031250 195226.375000
533 1290.531128 195226.375000 195226.406250 195226.375000 195226.375000
534 1292.962280 195226.375000 195226.406250 195226.375000 195226.375000
535 1295.175659 195226.375000 199696.062500 418710.250000 195226.375000
536 1297.701416 195226.375000 195288.765625 198344.828125 195226.375000
537 1300.147217 195226.375000 195226.406250 195226.375000 195226.375000
538 1302.246460 195226.375000 197027.218750 285267.687500 195226.375000
539 1304.728760 195226.375000 195226.406250 195226.375000 195226.375000
540 1307.464111 195226.375000 195226.406250 195226.375000 195226.375000
541 1309.734131 195226.375000 195226.406250 195226.515625 195226.375000
542 1312.104370 195226.375000 196116.843750 239749.109375 195226.375000
543 1314.473389 195226.375000 196791.796875 241895.515625 195226.375000
544 1316.955078 195226.375000 196926.937500 241895.515625 195226.375000
545 1319.599121 195226.375000 196159.796875 241895.515625 195226.375000
546 1321.678101 195226.375000 195226.406250 195226.375000 195226.375000
547 1323.775635 195226.375000 195226.406250 195226.375000 195226.375000
548 1326.366089 195226.375000 195226.406250 195226.375000 195226.375000
549 1328.908325 195226.375000 195226.406250 195226.375000 195226.375000
550 1331.150635 195226.375000 195226.406250 195226.375000 195226.375000
551 1333.507568 195226.375000 195226.406250 195226.375000 195226.375000
552 1335.959351 195226.375000 195226.406250 195226.375000 195226.375000
553 1338.605103 195226.375000 195226.406250 195226.375000 195226.375000
554 1341.023926 195226.375000 195226.406250 195226.375000 195226.375000
555 1343.304077 195226.375000 197846.625000 326237.906250 195226.375000
556 1346.070923 195226.375000 195226.406250 195226.375000 195226.375000
557 1348.653931 195226.375000 195226.406250 195226.375000 195226.375000
558 1350.879517 195226.375000 195226.406250 195226.375000 195226.375000
559 1353.179810 195226.375000 195226.406250 195226.375000 195226.375000
560 1355.364136 195226.375000 195226.406250 195226.375000 195226.375000
561 1357.742554 195226.375000 198833.984375 375606.093750 195226.375000
562 1359.972412 195226.375000 196708.765625 269344.562500 195226.375000
563 1362.452759 195226.375000 195233.500000 195581.468750 195226.375000
564 1364.610962 195226.375000 195226.406250 195226.375000 195226.375000
565 1366.721802 195226.375000 195226.406250 195226.375000 195226.375000
566 1369.205688 195226.375000 195226.406250 195226.375000 195226.375000
567 1371.533569 195226.375000 200388.375000 350651.031250 195226.375000
568 1374.204590 195226.375000 199333.437500 297901.750000 195226.375000
569 1376.624023 195226.375000 197279.921875 297901.750000 195226.375000
570 1379.001343 195226.375000 195226.406250 195226.375000 195226.375000
571 1381.720581 195226.375000 197775.140625 322663.718750 195226.375000
572 1383.712402 195226.375000 195325.656250 200189.843750 195226.375000
573 1386.017700 195226.375000 195226.406250 195226.375000 195226.375000
574 1388.743774 195226.375000 199852.937500 426554.750000 195226.375000
575 1391.501953 195226.375000 195226.406250 195226.375000 195226.375000
576 1393.939331 195226.375000 195226.406250 195226.375000 195226.375000
577 1396.536377 195226.375000 195226.406250 195226.375000 195226.375000
578 1399.096069 195226.375000 195226.406250 195226.375000 195226.375000
579 1401.568970 195226.375000 195226.406250 195226.375000 195226.375000
580 1403.944702 195226.375000 195226.406250 195226.375000 195226.375000
581 1406.636230 195226.375000 195226.406250 195226.375000 195226.375000
582 1409.255859 195226.375000 197989.187500 265184.375000 195226.375000
583 1411.470581 195226.375000 200182.046875 373050.562500 195226.375000
584 1413.823364 195226.375000 201277.281250 373050.562500 195226.375000
585 1416.326050 195226.375000 198854.218750 318566.531250 195226.375000
586 1418.785156 195226.375000 196211.515625 244482.187500 195226.375000
587 1421.213745 195226.375000 199627.984375 415305.656250 195226.375000
588 1423.342773 195226.375000 195508.718750 209342.828125 195226.375000
589 1425.521851 195226.375000 195226.406250 195226.375000 195226.375000
590 1428.106567 195226.375000 196134.937500 240654.203125 195226.375000
591 1430.215332 195226.375000 196071.156250 237464.406250 195226.375000
592 1432.681641 195226.375000 195226.406250 195226.375000 195226.375000
593 1435.200806 195226.375000 195226.406250 195226.375000 195226.375000
594 1437.707153 195226.375000 195226.406250 195226.375000 195226.375000
595 1440.311768 195226.375000 195226.406250 195226.375000 195226.375000
596 1442.825195 195226.375000 195226.406250 195226.375000 195226.375000
597 1445.185303 195226.375000 195226.406250 195226.375000 195226.375000
598 1447.387939 195226.375000 195226.406250 195226.375000 195226.375000
599 1450.113281 195226.375000 195226.406250 195226.375000 195226.375000
600 1452.821899 195226.375000 195226.406250 195226.375000 195226.375000
601 1455.498535 195226.375000 195226.406250 195226.375000 195226.375000
602 1457.889648 195226.375000 195226.406250 195226.375000 195226.375000
603 1460.477173 195226.375000 195226.406250 195226.375000 195226.375000
604 1462.935303 195226.375000 195226.406250 195226.375000 195226.375000
605 1465.380493 195226.375000 195226.406250 195226.375000 195226.375000
606 1467.647827 195226.375000 195226.406250 195226.375000 195226.375000
607 1470.089355 195226.375000 195226.406250 195226.375000 195226.375000
608 1472.351196 195226.375000 196257.843750 246798.828125 195226.375000
609 1474.757080 195226.375000 195273.453125 197580.265625 195226.375000
610 1477.219604 195226.375000 195681.781250 217995.578125 195226.375000
611 1479.285156 195226.375000 196578.453125 234964.953125 195226.375000
612 1481.516846 195226.375000 196234.546875 234964.953125 195226.375000
613 1483.947876 195226.375000 196067.921875 234964.953125 195226.375000
614 1486.564209 195226.375000 196021.187500 234964.953125 195226.375000
615 1488.953857 195226.375000 195226.406250 195226.375000 195226.375000
616 1491.275513 195226.375000 195226.406250 195226.375000 195226.375000
617 1493.851562 195226.375000 195226.406250 195226.375000 195226.375000
618 1495.945435 195226.375000 195226.406250 195226.375000 195226.375000
619 1498.262939 195226.375000 195226.406250 195226.375000 195226.375000
620 1500.771606 195226.375000 195226.406250 195226.375000 195226.375000
621 1503.294067 195226.375000 195226.406250 195226.375000 195226.375000
622 1505.746948 195226.375000 195226.406250 195226.375000 195226.375000
623 1508.260498 195226.375000 195226.406250 195226.375000 195226.375000
624 1510.844971 195226.375000 195226.406250 195226.375000 195226.375000
625 1512.937256 195226.375000 195226.406250 195226.375000 195226.375000
626 1515.158325 195226.375000 195226.406250 195226.375000 195226.375000
627 1517.745972 195226.375000 195226.406250 195226.375000 195226.375000
628 1520.242676 195226.375000 195226.406250 195226.375000 195226.375000
629 1522.410156 195226.375000 195226.406250 195226.375000 195226.375000
630 1524.796387 195226.375000 195226.406250 195226.375000 195226.375000
631 1527.177368 195226.375000 195226.406250 195226.375000 195226.375000
632 1529.991089 195226.375000 195226.406250 195226.375000 195226.375000
633 1532.369751 195226.375000 195226.406250 195226.375000 195226.375000
634 1534.852295 195226.375000 195226.406250 195226.375000 195226.375000
635 1537.335571 195226.375000 195226.406250 195226.375000 195226.375000
636 1539.904419 195226.375000 198780.484375 372931.000000 195226.375000
637 1542.140015 195226.375000 195605.000000 214156.828125 195226.375000
638 1545.053101 195226.375000 198515.359375 359674.718750 195226.375000
639 1547.103638 195226.375000 195428.000000 205306.796875 195226.375000
640 1549.739746 195226.375000 195913.515625 229582.437500 195226.375000
641 1552.221436 195226.375000 195561.765625 211994.468750 195226.375000
642 1554.902954 195226.375000 195712.734375 219543.843750 195226.375000
643 1557.697632 195226.375000 195226.406250 195226.375000 195226.375000
644 1560.156616 195226.375000 195226.406250 195226.375000 195226.375000
645 1562.672852 195226.375000 195226.406250 195226.375000 195226.375000
646 1565.066528 195226.375000 195226.406250 195226.375000 195226.375000
647 1567.472534 195226.375000 195643.781250 216095.562500 195226.375000
648 1570.475708 195226.375000 195226.406250 195226.375000 195226.375000
649 1573.501831 195226.375000 195226.406250 195226.375000 195226.375000
650 1575.905029 195226.375000 195226.406250 195226.375000 195226.375000
651 1578.276855 195226.375000 195226.406250 195226.375000 195226.375000
652 1580.609863 195226.375000 195226.406250 195226.375000 195226.375000
653 1583.364380 195226.375000 195226.406250 195226.375000 195226.375000
654 1585.958496 195226.375000 195226.406250 195226.375000 195226.375000
655 1588.536133 195226.375000 195226.406250 195226.375000 195226.375000
656 1590.989258 195226.375000 195226.406250 195226.375000 195226.375000
657 1593.383423 195226.375000 195226.406250 195226.375000 195226.375000
658 1595.683838 195226.375000 195226.406250 195226.375000 195226.375000
659 1598.409302 195226.375000 195226.406250 195226.375000 195226.375000
660 1601.119995 195226.375000 197972.718750 332542.875000 195226.375000
661 1603.894165 195226.375000 195226.406250 195226.375000 195226.375000
662 1605.950073 195226.375000 197805.234375 324168.437500 195226.375000
663 1608.509155 195226.375000 195273.640625 197588.312500 195226.375000
664 1610.978394 195226.375000 195588.375000 213325.484375 195226.375000
665 1613.037476 195226.375000 195619.765625 214894.859375 195226.375000
666 1615.316650 195226.375000 195276.437500 197729.156250 195226.375000
667 1617.833496 195226.375000 195502.203125 209016.500000 195226.375000
668 1620.191772 195226.375000 196181.953125 241568.000000 195226.375000
669 1622.557861 195226.375000 196559.875000 241568.000000 195226.375000
670 1624.774170 195226.375000 195461.781250 206994.671875 195226.375000
671 1627.133057 195226.375000 195226.406250 195226.375000 195226.375000
672 1629.346069 195226.375000 195226.406250 195226.375000 195226.375000
673 1631.814819 195226.375000 196262.796875 247047.234375 195226.375000
674 1634.287964 195226.375000 195300.437500 198928.875000 195226.375000
675 1636.708618 195226.375000 195641.906250 216002.218750 195226.375000
676 1639.100830 195226.375000 195226.406250 195226.375000 195226.375000
677 1641.268311 195226.375000 200161.906250 442001.937500 195226.375000
678 1643.869873 195226.375000 196458.187500 256815.296875 195226.375000
679 1646.898560 195226.375000 197585.859375 313200.281250 195226.375000
680 1649.305542 195226.375000 195226.406250 195226.375000 195226.375000
681 1651.548950 195226.375000 195226.406250 195226.375000 195226.375000
682 1654.393677 195226.375000 195226.406250 195226.375000 195226.375000
683 1656.758789 195226.375000 195226.406250 195226.375000 195226.375000
684 1658.815918 195226.375000 195226.406250 195226.375000 195226.375000
685 1661.676514 195226.375000 200004.203125 434117.468750 195226.375000
686 1664.142700 195226.375000 195226.406250 195226.375000 195226.375000
687 1666.603760 195226.375000 195226.406250 195226.375000 195226.375000
688 1669.107544 195226.375000 195226.406250 195226.375000 195226.375000
689 1671.674316 195226.375000 195226.406250 195226.375000 195226.375000
690 1674.345825 195226.375000 195226.406250 195226.375000 195226.375000
691 1676.786255 195226.375000 197440.125000 305912.812500 195226.375000
692 1678.863403 195226.375000 195226.406250 195226.375000 195226.375000
693 1681.743408 195226.375000 195226.406250 195226.375000 195226.375000
694 1684.316650 195226.375000 195226.406250 195226.375000 195226.375000
695 1686.589722 195226.375000 195226.406250 195226.375000 195226.375000
696 1688.935059 195226.375000 195226.406250 195226.375000 195226.375000
697 1691.532715 195226.375000 195226.406250 195226.375000 195226.375000
698 1693.589844 195226.375000 195226.406250 195226.375000 195226.375000
699 1695.817261 195226.375000 195402.078125 204010.453125 195226.375000
700 1698.301880 195226.375000 197294.953125 298654.812500 195226.375000
701 1700.555908 195226.375000 195226.406250 195226.375000 195226.375000
702 1702.558838 195226.375000 195226.406250 195226.375000 195226.375000
703 1704.770630 195226.375000 195226.406250 195226.375000 195226.375000
704 1707.483643 195226.375000 195226.406250 195226.375000 195226.375000
705 1709.728882 195226.375000 195226.406250 195226.375000 195226.375000
706 1711.816650 195226.375000 195226.406250 195226.375000 195226.375000
707 1714.619019 195226.375000 195226.406250 195226.375000 195226.375000
708 1716.883667 195226.375000 195226.406250 195226.375000 195226.375000
709 1719.055542 195226.375000 199529.812500 320105.156250 195226.375000
710 1721.532471 195226.375000 199641.859375 320105.156250 195226.375000
711 1723.530396 195226.375000 200526.500000 335352.437500 195226.375000
712 1726.289917 195226.375000 198028.921875 335352.437500 195226.375000
713 1729.075684 195226.375000 195226.406250 195226.375000 195226.375000
714 1731.750488 195226.375000 197537.906250 310802.000000 195226.375000
715 1734.263916 195226.375000 196316.734375 249743.312500 195226.375000
716 1736.810669 195226.375000 196175.218750 242667.703125 195226.375000
717 1739.294067 195226.375000 195226.406250 195226.375000 195226.375000
718 1741.488525 195226.375000 195226.406250 195226.375000 195226.375000
719 1744.159058 195226.375000 195226.406250 195226.375000 195226.375000
720 1746.540649 195226.375000 195226.406250 195226.375000 195226.375000
721 1749.142212 195226.375000 195226.406250 195226.375000 195226.375000
722 1751.701782 195226.375000 195226.406250 195226.375000 195226.375000
723 1754.438965 195226.375000 195226.406250 195226.375000 195226.375000
724 1757.333130 195226.375000 196864.703125 277141.468750 195226.375000
725 1759.791138 195226.375000 195226.406250 195226.375000 195226.375000
726 1762.347046 195226.375000 198444.296875 303556.906250 195226.375000
727 1764.763794 195226.375000 200053.953125 328273.718750 195226.375000
728 1767.419312 195226.375000 197887.359375 328273.718750 195226.375000
729 1769.964355 195226.375000 195226.406250 195226.375000 195226.375000
730 1772.262939 195226.375000 195226.406250 195226.375000 195226.375000
731 1774.433228 195226.375000 195312.953125 199554.375000 195226.375000
732 1776.878174 195226.375000 199269.156250 357398.468750 195226.375000
733 1779.477173 195226.375000 198469.843750 357398.468750 195226.375000
734 1781.898193 195226.375000 196895.187500 278665.562500 195226.375000
735 1784.236328 195226.375000 195226.406250 195226.375000 195226.375000
736 1786.772461 195226.375000 195226.406250 195226.375000 195226.375000
737 1789.244995 195226.375000 195226.406250 195226.375000 195226.375000
738 1791.862427 195226.375000 195669.187500 217365.484375 195226.375000
739 1794.319214 195226.375000 195226.406250 195226.375000 195226.375000
740 1796.971924 195226.375000 198480.234375 357919.093750 195226.375000
741 1799.329102 195226.375000 196619.015625 255206.265625 195226.375000
742 1801.822876 195226.375000 196426.000000 255206.265625 195226.375000
743 1804.815918 195226.375000 195226.406250 195226.375000 195226.375000
744 1807.270630 195226.375000 195226.406250 195226.375000 195226.375000
745 1809.761353 195226.375000 195226.406250 195226.375000 195226.375000
746 1811.996704 195226.375000 195226.406250 195226.375000 195226.375000
747 1814.674805 195226.375000 195226.406250 195226.375000 195226.375000
748 1817.051147 195226.375000 197338.812500 300847.562500 195226.375000
749 1819.616455 195226.375000 195295.265625 198670.046875 195226.375000
750 1822.129883 195226.375000 195226.406250 195226.375000 195226.375000
751 1824.786255 195226.375000 197391.546875 303483.468750 195226.375000
752 1827.262817 195226.375000 195226.406250 195226.375000 195226.375000
753 1829.778687 195226.375000 195226.406250 195226.375000 195226.375000
754 1832.273071 195226.375000 195226.406250 195226.375000 195226.375000
755 1834.960205 195226.375000 195226.406250 195226.375000 195226.375000
756 1837.011597 195226.375000 195226.406250 195226.375000 195226.375000
757 1839.796143 195226.375000 195226.406250 195226.375000 195226.375000
758 1842.476807 195226.375000 195226.406250 195226.375000 195226.375000
759 1844.938477 195226.375000 196214.281250 244620.421875 195226.375000
760 1847.333252 195226.375000 195399.375000 203875.984375 195226.375000
761 1849.587891 195226.375000 195226.406250 195226.375000 195226.375000
762 1852.340942 195226.375000 195226.406250 195226.375000 195226.375000
763 1854.975952 195226.375000 195226.406250 195226.375000 195226.375000
764 1857.472168 195226.375000 195226.406250 195226.375000 195226.375000
765 1859.789307 195226.375000 195226.406250 195226.375000 195226.375000
766 1862.609131 195226.375000 195226.406250 195226.375000 195226.375000
767 1865.061768 195226.375000 195226.406250 195226.375000 195226.375000
768 1867.688477 195226.375000 195226.406250 195226.375000 195226.375000
769 1870.173706 195226.375000 195226.406250 195226.375000 195226.375000
770 1872.100708 195226.375000 195226.406250 195226.375000 195226.375000
771 1874.273804 195226.375000 195226.406250 195226.375000 195226.375000
772 1876.207764 195226.375000 195226.406250 195226.375000 195226.375000
773 1878.650269 195226.375000 195226.406250 195226.375000 195226.375000
774 1881.307617 195226.375000 195226.406250 195226.375000 195226.375000
775 1883.817383 195226.375000 195226.406250 195226.375000 195226.375000
776 1886.099365 195226.375000 195226.406250 195226.375000 195226.375000
777 1888.524658 195226.375000 195226.406250 195226.375000 195226.375000
778 1890.989380 195226.375000 195226.406250 195226.375000 195226.375000
779 1893.079224 195226.375000 195226.406250 195226.375000 195226.375000
780 1895.613281 195226.375000 195226.406250 195226.375000 195226.375000
781 1898.132324 195226.375000 199637.093750 415762.218750 195226.375000
782 1900.810791 195226.375000 195876.843750 227749.203125 195226.375000
