0 0.000001 222687.890625 226747.562500 230809.203125 222687.890625
1 2.478383 219565.500000 226747.562500 230809.203125 222687.890625
2 5.467877 218987.250000 226322.875000 230809.203125 219565.500000
3 8.057687 217551.015625 225941.546875 230809.203125 218987.250000
4 10.715795 216173.703125 225661.343750 230809.203125 217551.015625
5 13.661319 215550.015625 225151.156250 230809.203125 216173.703125
6 16.452429 214412.703125 229429.343750 455137.156250 215550.015625
7 18.961746 213570.828125 228941.000000 455137.156250 214412.703125
8 21.753668 212779.437500 228694.046875 455137.156250 213570.828125
9 24.202564 211703.406250 228374.718750 455137.156250 212779.437500
10 27.000612 210854.968750 228061.593750 455137.156250 211703.406250
11 29.859528 209587.781250 227747.343750 455137.156250 210854.968750
12 32.584137 208790.859375 227451.656250 455137.156250 209587.781250
13 35.404972 208507.281250 231470.640625 455137.156250 208790.859375
14 37.709145 206786.296875 232335.296875 455137.156250 208507.281250
15 40.367256 205532.531250 231735.484375 455137.156250 206786.296875
16 43.464596 205532.515625 231442.296875 455137.156250 205532.531250
17 46.318993 204872.390625 231222.375000 455137.156250 205532.515625
18 49.557899 204349.218750 230964.437500 455137.156250 204872.390625
19 52.606506 204062.859375 230662.515625 455137.156250 204349.218750
20 55.141972 203359.578125 230366.015625 455137.156250 204062.859375
21 57.729008 202537.234375 230091.421875 455137.156250 203359.578125
22 60.300632 202132.140625 229871.562500 455137.156250 202537.234375
23 62.963116 201833.656250 229627.875000 455137.156250 202132.140625
24 65.836609 201784.828125 229354.500000 455137.156250 201833.656250
25 68.730278 201668.593750 229109.703125 455137.156250 201784.828125
26 71.563896 201112.578125 228866.218750 455137.156250 201668.593750
27 74.553185 200817.562500 228573.656250 455137.156250 201112.578125
28 77.186630 200588.468750 228366.703125 455137.156250 200817.562500
29 79.679382 200328.812500 228160.515625 455137.156250 200588.468750
30 82.084633 200275.328125 227959.984375 455137.156250 200328.812500
31 84.754845 200090.625000 227731.296875 455137.156250 200275.328125
32 87.103973 199884.515625 227554.234375 455137.156250 200090.625000
33 89.970734 199325.359375 228327.484375 455137.156250 199884.515625
34 92.677223 198169.234375 227162.140625 455137.156250 199325.359375
35 95.786324 198155.203125 225920.218750 455137.156250 198169.234375
36 99.033264 198155.015625 221830.921875 455137.156250 198155.203125
37 102.002632 197891.921875 217130.218750 226387.171875 198155.015625
38 104.853287 197891.921875 217090.234375 226387.171875 197891.921875
39 107.808449 197797.093750 216992.875000 226387.171875 197891.921875
40 110.642532 197796.937500 216894.921875 226387.171875 197797.093750
41 113.399719 197675.515625 216803.218750 222688.484375 197796.937500
42 115.804474 197656.125000 216779.437500 222688.484375 197675.515625
43 118.338478 197062.281250 216762.156250 222688.484375 197656.125000
44 120.860764 196940.859375 221305.937500 446502.156250 197062.281250
45 123.236397 196940.859375 216288.546875 222688.375000 196940.859375
46 125.758873 196921.484375 220937.546875 430404.656250 196940.859375
47 128.485886 196921.437500 222560.859375 430404.656250 196921.484375
48 131.157501 196826.140625 217879.187500 279803.781250 196921.437500
49 133.693390 196826.062500 217841.921875 279803.781250 196826.140625
50 136.612076 196826.015625 217832.843750 279803.781250 196826.062500
51 139.265656 196807.109375 217823.296875 279803.781250 196826.015625
52 142.211090 196765.500000 217801.125000 279803.781250 196807.109375
53 144.730911 196427.859375 217769.578125 279803.781250 196765.500000
54 147.590149 196427.859375 220906.656250 380567.562500 196427.859375
55 150.388580 196367.062500 217219.640625 279803.781250 196427.859375
56 153.054382 196367.015625 217206.953125 279803.781250 196367.062500
57 155.613281 196298.843750 217185.578125 279803.781250 196367.015625
58 158.550629 196298.843750 217172.015625 279803.781250 196298.843750
59 161.636108 196298.843750 217164.203125 279803.781250 196298.843750
60 163.759155 196298.843750 219238.937500 301766.375000 196298.843750
61 166.303650 196298.843750 217352.437500 279803.781250 196298.843750
62 168.553986 196178.265625 217341.812500 279803.781250 196298.843750
63 171.271500 196178.265625 217323.156250 279803.781250 196178.265625
64 173.699966 196178.218750 217319.843750 279803.781250 196178.265625
65 176.267807 196138.890625 217314.625000 279803.781250 196178.218750
66 178.634583 196138.890625 217307.718750 279803.781250 196138.890625
67 181.142090 196138.765625 217299.359375 279803.781250 196138.890625
68 183.447495 196037.000000 217293.640625 279803.781250 196138.765625
69 185.950546 196017.953125 217286.562500 279803.781250 196037.000000
70 188.508209 196017.781250 217278.546875 279803.781250 196017.953125
71 190.785461 196017.781250 217272.656250 279803.781250 196017.781250
72 193.033249 196009.375000 217261.046875 279803.781250 196017.781250
73 195.473236 195989.937500 217259.656250 279803.781250 196009.375000
74 198.001877 195989.937500 217259.265625 279803.781250 195989.937500
75 200.738052 195989.906250 217258.703125 279803.781250 195989.937500
76 203.152130 195984.562500 217257.937500 279803.781250 195989.906250
77 205.851517 195984.515625 217254.453125 279803.781250 195984.562500
78 208.848846 195969.031250 217248.625000 279803.781250 195984.515625
79 211.811569 195958.453125 217244.640625 279803.781250 195969.031250
80 214.142166 195937.250000 217242.078125 279803.781250 195958.453125
81 216.269531 195937.250000 217237.062500 279803.781250 195937.250000
82 218.922150 195937.250000 217232.203125 279803.781250 195937.250000
83 221.305786 195937.250000 217227.046875 279803.781250 195937.250000
84 224.062515 195937.250000 219495.046875 309401.031250 195937.250000
85 226.560974 195937.250000 217487.703125 279803.781250 195937.250000
86 229.267899 195937.250000 222593.734375 464644.812500 195937.250000
87 231.620956 195937.250000 217432.781250 279803.781250 195937.250000
88 234.252411 195937.250000 217415.000000 279803.781250 195937.250000
89 237.336594 195937.250000 217411.015625 279803.781250 195937.250000
90 240.512115 195937.250000 217403.015625 279803.781250 195937.250000
91 243.135651 195937.250000 217403.015625 279803.781250 195937.250000
92 245.984161 195937.218750 217400.937500 279803.781250 195937.250000
93 248.692734 195937.218750 217399.421875 279803.781250 195937.218750
94 251.430084 195937.203125 217396.656250 279803.781250 195937.218750
95 253.777847 195937.203125 219629.015625 308122.750000 195937.203125
96 256.136932 195937.203125 217597.656250 279803.781250 195937.203125
97 258.714020 195937.203125 219273.562500 281021.531250 195937.203125
98 261.754333 195937.203125 217582.625000 279803.781250 195937.203125
99 265.060181 195937.203125 217563.140625 279803.781250 195937.203125
100 267.528046 195937.203125 217563.140625 279803.781250 195937.203125
101 270.657562 195937.203125 217562.359375 279803.781250 195937.203125
102 273.319702 195937.203125 217557.937500 279803.781250 195937.203125
103 276.165985 195937.203125 218805.703125 279803.781250 195937.203125
104 278.568787 195937.203125 220765.718750 348818.406250 195937.203125
105 281.053314 195937.203125 218847.765625 299013.250000 195937.203125
106 283.633209 195937.203125 218230.843750 299013.250000 195937.203125
107 285.750580 195937.203125 216679.015625 222688.484375 195937.203125
108 288.536163 195937.203125 216673.281250 222688.484375 195937.203125
109 291.299866 195937.203125 216672.640625 222688.484375 195937.203125
110 293.905670 195937.140625 216670.093750 222688.484375 195937.203125
111 296.608582 195937.140625 216667.156250 222688.484375 195937.140625
112 298.746185 195937.140625 216660.203125 222688.484375 195937.140625
113 301.156189 195937.140625 216656.046875 222688.484375 195937.140625
114 303.955444 195937.140625 220578.640625 392067.156250 195937.140625
115 306.276947 195820.500000 220128.937500 366064.343750 195937.140625
116 308.697784 195820.500000 216706.265625 222688.484375 195820.500000
117 311.100922 195820.453125 216695.015625 222688.484375 195820.500000
118 314.185608 195820.343750 216693.734375 222688.484375 195820.453125
119 316.761383 195820.343750 216689.656250 222688.484375 195820.343750
120 319.542511 195820.343750 216687.343750 222688.484375 195820.343750
121 321.986603 195820.343750 216684.906250 222688.484375 195820.343750
122 324.632965 195708.453125 216681.781250 222688.484375 195820.343750
123 327.549622 195435.187500 216678.234375 222688.484375 195708.453125
124 329.460083 195435.078125 216666.281250 222688.484375 195435.187500
125 332.462799 195435.078125 216662.359375 222688.484375 195435.078125
126 334.991028 195402.890625 216657.265625 222688.484375 195435.078125
127 337.425079 195402.812500 216645.312500 222688.484375 195402.890625
128 340.196075 195402.812500 216636.953125 222688.484375 195402.812500
129 342.638824 195377.109375 216634.281250 222688.484375 195402.812500
130 345.105865 195377.000000 216633.359375 222688.484375 195377.109375
131 347.924225 195352.015625 216632.859375 222688.484375 195377.000000
132 350.134857 195352.015625 216631.843750 222688.484375 195352.015625
133 352.453491 195352.015625 216627.781250 222688.484375 195352.015625
134 355.268890 195352.015625 216627.500000 222688.484375 195352.015625
135 357.606659 195352.015625 216624.437500 222688.484375 195352.015625
136 360.059784 195352.015625 217804.843750 254404.921875 195352.015625
137 362.885742 195352.015625 216653.781250 222688.484375 195352.015625
138 365.335602 195352.015625 216639.859375 222688.484375 195352.015625
139 367.751587 195338.953125 216625.046875 222688.484375 195352.015625
140 369.897736 195338.953125 216624.765625 222688.484375 195338.953125
141 372.386414 195338.765625 216624.765625 222688.484375 195338.953125
142 374.689880 195338.765625 216616.265625 222688.484375 195338.765625
143 377.053314 195338.765625 216609.703125 222688.484375 195338.765625
144 379.663422 195338.765625 216592.343750 222688.484375 195338.796875
145 382.136444 195338.703125 216577.937500 222688.484375 195338.796875
146 384.953644 195338.703125 216577.937500 222688.484375 195338.703125
147 387.395142 195338.703125 216570.812500 222688.484375 195338.703125
148 389.963013 195338.703125 216558.859375 222688.484375 195338.703125
149 392.376373 195338.703125 216538.796875 222688.484375 195338.703125
150 394.820648 195338.703125 220361.703125 389294.500000 195338.703125
151 397.174133 195338.703125 217615.718750 252277.015625 195338.703125
152 399.671692 195338.703125 216715.500000 222688.484375 195338.703125
153 402.155334 195338.703125 216682.234375 222688.484375 195338.703125
154 405.382111 195338.703125 216681.859375 222688.484375 195338.703125
155 407.808411 195338.703125 216680.484375 222688.484375 195338.703125
156 410.228821 195338.687500 216660.812500 222688.484375 195338.703125
157 413.003418 195338.687500 216647.453125 222688.484375 195338.687500
158 415.562592 195338.687500 216647.453125 222688.484375 195338.687500
159 417.886780 195338.687500 216585.078125 222688.484375 195338.687500
160 420.259094 195338.687500 216584.546875 222688.484375 195338.687500
161 422.623718 195338.687500 216580.656250 222688.484375 195338.687500
162 425.222778 195338.687500 216467.046875 222688.484375 195338.687500
163 428.006439 195338.687500 216462.718750 222688.484375 195338.687500
164 430.091217 195338.687500 216459.218750 222688.484375 195338.687500
165 432.746246 195338.687500 216458.515625 222688.484375 195338.687500
166 435.260712 195338.687500 216458.515625 222688.484375 195338.687500
167 437.887421 195338.687500 216458.515625 222688.484375 195338.687500
168 440.582520 195338.687500 216347.359375 222688.484375 195338.687500
169 443.307526 195338.687500 216347.343750 222688.484375 195338.687500
170 446.312225 195338.687500 216347.343750 222688.484375 195338.687500
171 448.785980 195338.687500 216347.343750 222688.484375 195338.687500
172 451.695770 195338.687500 216347.343750 222688.484375 195338.687500
173 454.451294 195338.671875 216347.343750 222688.484375 195338.687500
174 457.022583 195338.671875 216339.843750 222688.484375 195338.671875
175 459.985291 195338.671875 216339.843750 222688.484375 195338.671875
176 462.871185 195338.671875 216339.843750 222688.484375 195338.671875
177 465.670441 195338.671875 216339.843750 222688.484375 195338.671875
178 468.652985 195338.671875 216339.812500 222688.484375 195338.671875
179 471.158630 195338.671875 216339.812500 222688.484375 195338.671875
180 473.167480 195338.671875 218070.734375 292834.906250 195338.671875
181 475.875092 195338.671875 216287.437500 222688.484375 195338.671875
182 478.500610 195338.671875 216286.562500 222688.484375 195338.671875
183 481.125580 195338.671875 216116.421875 222688.484375 195338.671875
184 483.321625 195338.671875 216116.406250 222688.484375 195338.671875
185 485.541412 195338.671875 219633.359375 371186.875000 195338.671875
186 488.436554 195338.671875 216082.781250 222688.484375 195338.671875
187 490.506653 195338.671875 215868.406250 222688.484375 195338.671875
188 493.054382 195338.671875 215577.453125 222688.484375 195338.671875
189 495.656006 195338.671875 215577.453125 222688.484375 195338.671875
190 498.304779 195338.671875 215577.453125 222688.484375 195338.671875
191 500.716614 195338.671875 215577.453125 222688.484375 195338.671875
192 502.884033 195338.671875 215577.453125 222688.484375 195338.671875
193 505.501556 195338.671875 215577.453125 222688.484375 195338.671875
194 507.501678 195338.671875 215577.453125 222688.484375 195338.671875
195 510.030182 195338.671875 215577.453125 222688.484375 195338.671875
196 512.620911 195338.671875 215577.453125 222688.484375 195338.671875
197 515.555969 195338.671875 215577.453125 222688.484375 195338.671875
198 518.062805 195338.671875 215577.453125 222688.484375 195338.671875
199 520.325256 195338.671875 215577.437500 222688.484375 195338.671875
200 522.728027 195338.671875 215577.437500 222688.484375 195338.671875
201 525.520630 195338.671875 215030.453125 222688.484375 195338.671875
202 528.247131 195338.671875 215030.453125 222688.484375 195338.671875
203 530.872131 195338.671875 215030.453125 222688.484375 195338.671875
204 533.222351 195338.671875 215030.453125 222688.484375 195338.671875
205 535.802124 195338.671875 218580.062500 372818.437500 195338.671875
206 538.330566 195338.671875 215577.453125 222688.484375 195338.671875
207 540.991943 195338.671875 215577.453125 222688.484375 195338.671875
208 543.365784 195338.671875 216400.515625 236492.203125 195338.671875
209 546.209656 195338.671875 215610.937500 222688.484375 195338.671875
210 549.004028 195338.671875 218314.093750 330496.812500 195338.671875
211 551.124146 195338.671875 220154.359375 418785.093750 195338.671875
212 553.974243 195338.671875 215784.515625 222688.484375 195338.671875
213 556.755676 195338.671875 215784.515625 222688.484375 195338.671875
214 559.380493 195338.671875 215784.515625 222688.484375 195338.671875
215 562.098572 195338.671875 215783.953125 222688.484375 195338.671875
216 564.702332 195338.671875 218400.187500 326150.000000 195338.671875
217 567.266052 195338.671875 215935.062500 222688.484375 195338.671875
218 569.763672 195338.671875 215935.062500 222688.484375 195338.671875
219 572.201599 195338.671875 215859.843750 222688.484375 195338.671875
220 574.302185 195338.671875 215859.843750 222688.484375 195338.671875
221 577.060059 195338.671875 220888.546875 446825.593750 195338.671875
222 579.558289 195338.671875 215862.046875 222688.484375 195338.671875
223 581.905762 195338.671875 215861.875000 222688.484375 195338.671875
224 584.498596 195338.671875 215861.875000 222688.484375 195338.671875
225 587.047791 195338.671875 215861.875000 222688.484375 195338.671875
226 590.019592 195338.671875 215861.875000 222688.484375 195338.671875
227 592.770874 195338.671875 215858.625000 222688.484375 195338.671875
228 595.608459 195338.671875 215858.625000 222688.484375 195338.671875
229 598.119934 195338.671875 215857.578125 222688.484375 195338.671875
230 600.508850 195338.671875 215857.578125 222688.484375 195338.671875
231 602.431763 195338.671875 218025.640625 304062.750000 195338.671875
232 604.790466 195338.671875 215870.234375 222688.484375 195338.671875
233 607.646667 195338.671875 215870.234375 222688.484375 195338.671875
234 610.307068 195338.671875 215851.156250 222688.484375 195338.671875
235 612.879333 195338.671875 215851.156250 222688.484375 195338.671875
236 615.316467 195338.671875 215851.156250 222688.484375 195338.671875
237 617.910278 195338.671875 215848.406250 222688.484375 195338.671875
238 620.472900 195338.671875 215848.406250 222688.484375 195338.671875
239 623.007019 195338.671875 215848.406250 222688.484375 195338.671875
240 625.621765 195338.671875 215848.406250 222688.484375 195338.671875
241 628.457458 195338.671875 215848.406250 222688.484375 195338.671875
242 630.851318 195338.671875 215728.359375 222688.484375 195338.671875
243 633.248169 195338.671875 215577.437500 222688.484375 195338.671875
244 635.605957 195338.671875 215577.437500 222688.484375 195338.671875
245 638.289124 195338.625000 215577.437500 222688.484375 195338.671875
246 641.397583 195338.625000 215577.437500 222688.484375 195338.625000
247 644.346985 195338.625000 215577.437500 222688.484375 195338.625000
248 646.702087 195338.625000 215577.437500 222688.484375 195338.625000
249 649.259705 195338.625000 215577.437500 222688.484375 195338.625000
250 651.341187 195338.625000 215577.437500 222688.484375 195338.625000
251 653.823120 195338.625000 215577.421875 222688.484375 195338.625000
252 656.546509 195338.625000 215577.421875 222688.484375 195338.625000
253 659.325928 195338.625000 215577.421875 222688.484375 195338.625000
254 661.779785 195338.625000 215030.437500 222688.484375 195338.625000
255 664.026184 195338.625000 215030.437500 222688.484375 195338.625000
256 666.651306 195338.625000 215030.437500 222688.484375 195338.625000
257 669.924438 195338.625000 215030.437500 222688.484375 195338.625000
258 672.617126 195338.625000 215030.437500 222688.484375 195338.625000
259 675.334106 195338.625000 214483.453125 222688.484375 195338.625000
260 677.650024 195338.625000 214483.453125 222688.484375 195338.625000
261 680.441345 195338.625000 214483.453125 222688.484375 195338.625000
262 683.082642 195338.625000 213936.484375 222688.484375 195338.625000
263 685.701782 195338.625000 213389.500000 222688.484375 195338.625000
264 688.324219 195338.625000 214987.000000 275214.406250 195338.625000
265 691.163269 195338.625000 213936.484375 222688.484375 195338.625000
266 693.108337 195338.625000 213389.500000 222688.484375 195338.625000
267 695.954956 195338.625000 215591.687500 305447.812500 195338.625000
268 698.440674 195338.625000 213936.484375 222688.484375 195338.625000
269 700.574768 195338.625000 213936.484375 222688.484375 195338.625000
270 703.535706 195338.625000 213936.484375 222688.484375 195338.625000
271 705.870361 195338.625000 213936.484375 222688.484375 195338.625000
272 708.252014 195338.625000 213389.500000 222688.484375 195338.625000
273 710.682739 195338.625000 213389.500000 222688.484375 195338.625000
274 713.459839 195338.625000 213389.484375 222688.484375 195338.625000
275 716.157166 195338.625000 213389.484375 222688.484375 195338.625000
276 718.994446 195338.625000 213389.484375 222688.484375 195338.625000
277 721.310852 195338.625000 212842.500000 222688.484375 195338.625000
278 724.050354 195338.625000 212295.546875 222688.484375 195338.625000
279 726.423340 195338.625000 212295.546875 222688.484375 195338.625000
280 728.662415 195338.625000 212295.546875 222688.484375 195338.625000
281 731.364136 195338.625000 215223.546875 341739.375000 195338.625000
282 733.597900 195338.625000 216232.187500 364821.531250 195338.625000
283 736.432861 195338.625000 213389.500000 222688.484375 195338.625000
284 739.181335 195338.625000 213389.500000 222688.484375 195338.625000
285 741.750000 195338.625000 213389.500000 222688.484375 195338.625000
286 744.053650 195338.625000 217832.156250 417471.937500 195338.625000
287 746.422668 195338.625000 213936.500000 222688.484375 195338.625000
288 748.879272 195338.625000 213936.484375 222688.484375 195338.625000
289 751.573608 195338.625000 213936.484375 222688.484375 195338.625000
290 754.448669 195338.625000 213936.484375 222688.484375 195338.625000
291 757.208923 195338.625000 213936.484375 222688.484375 195338.625000
292 759.743958 195338.625000 213936.484375 222688.484375 195338.625000
293 762.371399 195338.625000 213936.484375 222688.484375 195338.625000
294 765.350464 195338.625000 213936.484375 222688.484375 195338.625000
295 768.233521 195338.625000 213936.484375 222688.484375 195338.625000
296 770.624695 195338.625000 213389.500000 222688.484375 195338.625000
297 773.136902 195338.625000 213389.500000 222688.484375 195338.625000
298 775.452698 195338.625000 213389.500000 222688.484375 195338.625000
299 777.773621 195338.625000 213389.500000 222688.484375 195338.625000
300 780.625000 195338.625000 213389.500000 222688.484375 195338.625000
301 783.415039 195338.625000 213389.500000 222688.484375 195338.625000
302 785.897522 195338.625000 213389.500000 222688.484375 195338.625000
303 788.572327 195338.625000 213389.500000 222688.484375 195338.625000
304 790.830139 195338.625000 213389.500000 222688.484375 195338.625000
305 793.439026 195338.625000 213389.500000 222688.484375 195338.625000
306 795.688599 195338.625000 213389.484375 222688.484375 195338.625000
307 798.071106 195338.625000 215453.125000 325869.437500 195338.625000
308 800.621948 195338.625000 213389.500000 222688.484375 195338.625000
309 803.540344 195338.625000 215442.484375 297987.250000 195338.625000
310 806.368652 195338.625000 213936.500000 222688.484375 195338.625000
311 808.925598 195338.625000 213936.500000 222688.484375 195338.625000
312 811.299194 195338.625000 213936.500000 222688.484375 195338.625000
313 813.979858 195338.625000 213936.500000 222688.484375 195338.625000
314 816.902283 195338.625000 213936.500000 222688.484375 195338.625000
315 818.938293 195338.625000 213936.500000 222688.484375 195338.687500
316 821.505981 195338.625000 213936.500000 222688.484375 195338.687500
317 823.777161 195338.625000 213936.500000 222688.484375 195338.687500
318 826.716248 195338.625000 213936.500000 222688.484375 195338.687500
319 829.014038 195338.625000 216838.437500 340436.687500 195338.687500
320 831.383789 195338.625000 214483.484375 222688.484375 195338.687500
321 833.953430 195338.625000 214483.484375 222688.484375 195338.687500
322 836.398132 195338.625000 214483.484375 222688.484375 195338.687500
323 838.851501 195338.625000 217287.796875 335554.968750 195338.656250
324 840.873169 195338.625000 215030.484375 222688.484375 195338.656250
325 843.569336 195338.625000 215788.140625 233221.984375 195338.703125
326 846.262756 195338.625000 215788.156250 233221.984375 195338.703125
327 849.110596 195338.625000 215788.156250 233221.984375 195338.703125
328 851.755737 195338.625000 215788.156250 233221.984375 195338.703125
329 854.617981 195338.625000 215788.156250 233221.984375 195338.703125
330 857.472839 195338.625000 215788.156250 233221.984375 195338.703125
331 859.516663 195338.625000 215788.156250 233221.984375 195338.703125
332 862.309204 195338.625000 215788.156250 233221.984375 195338.703125
333 864.955994 195338.625000 215788.140625 233221.984375 195338.703125
334 867.414001 195338.625000 215788.140625 233221.984375 195338.703125
335 869.652466 195338.625000 215788.140625 233221.984375 195338.703125
336 872.382874 195338.625000 215788.140625 233221.984375 195338.703125
337 875.015747 195338.625000 215788.140625 233221.984375 195338.703125
338 877.317749 195338.625000 215241.156250 233221.984375 195338.703125
339 879.737671 195338.625000 215241.156250 233221.984375 195338.703125
340 882.694641 195338.625000 215241.156250 233221.984375 195338.703125
341 885.611206 195338.625000 216144.359375 240499.281250 195338.703125
342 888.192627 195338.625000 215788.156250 233221.984375 195338.703125
343 890.893188 195338.625000 215241.156250 233221.984375 195338.703125
344 892.957886 195338.625000 214694.187500 233221.984375 195338.703125
345 895.088440 195338.625000 214694.187500 233221.984375 195338.703125
346 897.914795 195338.625000 218094.515625 365356.718750 195338.703125
347 900.744263 195338.625000 215768.296875 233221.984375 195338.703125
348 903.318787 195338.625000 215768.296875 233221.984375 195338.703125
349 906.231323 195338.625000 215768.296875 233221.984375 195338.703125
350 908.884338 195338.625000 215768.296875 233221.984375 195338.703125
351 911.292297 195338.625000 215241.156250 233221.984375 195338.703125
352 914.199646 195338.625000 215241.156250 233221.984375 195338.703125
353 916.392883 195338.625000 214694.187500 233221.984375 195338.703125
354 918.826538 195338.625000 214694.187500 233221.984375 195338.703125
355 921.733154 195338.625000 214694.187500 233221.984375 195338.703125
356 924.685364 195338.625000 214694.187500 233221.984375 195338.703125
357 927.081787 195338.625000 214694.187500 233221.984375 195338.703125
358 929.973206 195338.625000 214694.187500 233221.984375 195338.703125
359 932.740601 195338.625000 214694.156250 233221.984375 195338.703125
360 935.512024 195338.625000 214694.156250 233221.984375 195338.703125
361 937.864380 195338.625000 214694.156250 233221.984375 195338.703125
362 940.310608 195338.625000 214694.156250 233221.984375 195338.703125
363 942.915283 195338.625000 214694.156250 233221.984375 195338.703125
364 945.498779 195338.625000 214147.187500 233221.984375 195338.703125
365 948.229126 195338.625000 214147.187500 233221.984375 195338.703125
366 951.035095 195338.625000 215438.296875 259894.468750 195338.703125
367 953.656860 195338.625000 214694.187500 233221.984375 195338.703125
368 955.833679 195338.625000 214694.187500 233221.984375 195338.671875
369 959.083984 195338.625000 214147.187500 233221.984375 195338.671875
370 961.444275 195338.625000 215339.781250 254968.406250 195338.671875
371 963.820496 195338.625000 214147.203125 233221.984375 195338.671875
372 966.191650 195338.625000 214147.203125 233221.984375 195338.671875
373 969.064514 195338.625000 214147.203125 233221.984375 195338.671875
374 971.798889 195338.625000 216953.234375 335640.937500 195338.671875
375 973.963135 195338.625000 214694.187500 233221.984375 195338.671875
376 976.602600 195338.625000 214694.187500 233221.984375 195338.671875
377 979.379944 195338.625000 214694.187500 233221.984375 195338.671875
378 981.426880 195338.625000 214694.187500 233221.984375 195338.671875
379 983.932495 195338.625000 214694.187500 233221.984375 195338.671875
380 986.909973 195338.625000 214694.187500 233221.984375 195338.671875
381 989.282715 195338.625000 214694.156250 233221.984375 195338.671875
382 991.774597 195338.625000 214694.156250 233221.984375 195338.671875
383 994.303528 195338.625000 214694.156250 233221.984375 195338.671875
384 997.259888 195338.625000 214147.187500 233221.984375 195338.671875
385 999.584900 195338.625000 214147.187500 233221.984375 195338.671875
386 1002.331055 195338.625000 214147.187500 233221.984375 195338.671875
387 1005.010498 195338.625000 214147.187500 233221.984375 195338.671875
388 1007.698242 195338.625000 214147.187500 233221.984375 195338.671875
389 1010.404053 195338.625000 214147.187500 233221.984375 195338.671875
390 1013.040283 195338.625000 214147.156250 233221.984375 195338.671875
391 1015.681335 195338.625000 216308.140625 303387.906250 195338.671875
392 1018.134460 195338.625000 214694.156250 233221.984375 195338.671875
393 1020.843201 195338.625000 214694.156250 233221.984375 195338.671875
394 1023.462341 195338.625000 214694.156250 233221.984375 195338.671875
395 1025.860229 195338.625000 214694.156250 233221.984375 195338.671875
396 1028.718994 195338.625000 214694.156250 233221.984375 195338.671875
397 1031.242676 195338.625000 214694.156250 233221.984375 195338.671875
398 1033.726685 195338.625000 214694.156250 233221.984375 195338.671875
399 1036.778442 195338.625000 216437.656250 282513.281250 195338.687500
400 1039.189941 195338.625000 218863.234375 327152.343750 195338.687500
401 1041.588501 195338.625000 216984.640625 282513.281250 195338.687500
402 1044.457153 195338.625000 216437.656250 282513.281250 195338.687500
403 1046.760254 195338.625000 215890.656250 282513.281250 195338.687500
404 1049.465576 195338.625000 215890.656250 282513.281250 195338.687500
405 1051.798340 195338.625000 215343.687500 282513.281250 195338.687500
406 1054.175293 195338.625000 215343.687500 282513.281250 195338.687500
407 1057.088745 195338.625000 215343.656250 282513.281250 195338.687500
408 1059.551514 195338.625000 215343.656250 282513.281250 195338.687500
409 1062.229248 195338.625000 217249.625000 290635.812500 195338.687500
410 1064.743774 195338.625000 216101.343750 282513.281250 195338.625000
411 1067.456909 195338.625000 215554.359375 282513.281250 195338.625000
412 1070.015381 195338.625000 215554.359375 282513.281250 195338.625000
413 1072.658447 195338.625000 215554.359375 282513.281250 195338.625000
414 1075.179443 195338.625000 216845.578125 287250.062500 195338.625000
415 1077.784180 195338.625000 215765.046875 282513.281250 195338.625000
416 1080.435059 195338.625000 215218.046875 282513.281250 195338.625000
417 1082.907104 195338.625000 215218.046875 282513.281250 195338.625000
418 1086.080444 195338.625000 215218.046875 282513.281250 195338.625000
419 1088.175415 195338.625000 215218.046875 282513.281250 195338.625000
420 1091.011230 195338.625000 214671.062500 282513.281250 195338.625000
421 1093.425049 195338.625000 214124.078125 282513.281250 195338.625000
422 1095.894897 195338.625000 213577.093750 282513.281250 195338.625000
423 1098.691284 195338.625000 213577.093750 282513.281250 195338.625000
424 1101.607544 195338.625000 214598.375000 282513.281250 195338.625000
425 1104.336060 195338.625000 213612.578125 246403.750000 195338.625000
426 1106.832153 195338.625000 213612.578125 246403.750000 195338.625000
427 1109.232056 195338.625000 213612.578125 246403.750000 195338.625000
428 1111.863403 195338.625000 213065.578125 246403.750000 195338.625000
429 1114.506958 195338.625000 216105.953125 347357.531250 195338.625000
430 1117.290894 195338.625000 213823.265625 246403.750000 195338.625000
431 1120.047852 195338.625000 213823.265625 246403.750000 195338.625000
432 1123.015015 195338.625000 213823.265625 246403.750000 195338.625000
433 1125.881104 195338.625000 213823.265625 246403.750000 195338.625000
434 1128.628174 195338.625000 213823.265625 246403.750000 195338.625000
435 1131.278687 195338.625000 217793.687500 393860.156250 195338.671875
436 1134.163696 195338.625000 217530.046875 393860.156250 195338.671875
437 1136.923706 195338.625000 217530.046875 393860.156250 195338.671875
438 1139.366577 195338.625000 217530.046875 393860.156250 195338.671875
439 1142.107300 195338.625000 216983.062500 393860.156250 195338.671875
440 1144.652588 195338.625000 216983.062500 393860.156250 195338.671875
441 1147.634155 195338.625000 217239.156250 393860.156250 195338.671875
442 1150.301514 195338.625000 217239.156250 393860.156250 195338.671875
443 1152.801758 195338.625000 219006.812500 393860.156250 195338.671875
444 1155.379028 195338.625000 216779.875000 283722.250000 195338.671875
445 1157.643921 195338.625000 219454.796875 329084.687500 195338.671875
446 1159.669556 195338.625000 218523.375000 283722.250000 195338.671875
447 1162.273071 195338.625000 218523.375000 283722.250000 195338.671875
448 1165.168823 195338.625000 218267.281250 283722.250000 195338.671875
449 1167.857788 195338.625000 218267.281250 283722.250000 195338.671875
450 1170.821045 195338.625000 218267.281250 283722.250000 195338.671875
451 1173.343750 195338.625000 218267.281250 283722.250000 195338.671875
452 1175.915405 195338.625000 218267.281250 283722.250000 195338.671875
453 1178.520752 195338.625000 218267.281250 283722.250000 195338.671875
454 1181.224243 195338.625000 217720.296875 283722.250000 195338.671875
455 1184.456299 195338.625000 217720.296875 283722.250000 195338.671875
456 1187.240845 195338.625000 217720.296875 283722.250000 195338.671875
457 1189.505005 195338.625000 217720.296875 283722.250000 195338.671875
458 1191.805298 195338.625000 217720.296875 283722.250000 195338.671875
459 1194.289917 195338.625000 217720.296875 283722.250000 195338.671875
460 1197.075317 195338.625000 217720.296875 283722.250000 195338.671875
461 1199.283325 195338.625000 217173.312500 283722.250000 195338.671875
462 1202.466431 195338.625000 217173.312500 283722.250000 195338.671875
463 1204.849243 195338.625000 217173.312500 283722.250000 195338.671875
464 1207.315918 195338.625000 217173.312500 283722.250000 195338.671875
465 1209.888916 195338.625000 217173.312500 283722.250000 195338.671875
466 1212.622559 195338.625000 217173.312500 283722.250000 195338.671875
467 1215.273926 195338.625000 217173.312500 283722.250000 195338.640625
468 1217.441040 195338.625000 217173.312500 283722.250000 195338.640625
469 1220.025269 195338.625000 217173.312500 283722.250000 195338.640625
470 1222.851074 195338.625000 217173.312500 283722.250000 195338.640625
471 1225.622437 195338.625000 217173.312500 283722.250000 195338.640625
472 1228.071899 195338.625000 217173.312500 283722.250000 195338.640625
473 1230.385864 195338.625000 217173.312500 283722.250000 195338.640625
474 1232.930298 195338.625000 217173.312500 283722.250000 195338.640625
475 1235.321777 195338.625000 217173.312500 283722.250000 195338.640625
476 1238.052246 195338.625000 221909.296875 402729.250000 195338.640625
477 1240.781738 195338.625000 222864.875000 363332.687500 195338.640625
478 1243.171143 195338.625000 223596.312500 312730.812500 195338.640625
479 1245.517212 195338.625000 222991.984375 283722.250000 195338.640625
480 1247.651001 195338.625000 222991.953125 283722.250000 195338.640625
481 1250.308105 195338.625000 222991.953125 283722.250000 195338.640625
482 1252.779541 195338.625000 222991.953125 283722.250000 195338.640625
483 1255.264038 195338.625000 222991.953125 283722.250000 195338.640625
484 1257.659424 195338.625000 222991.953125 283722.250000 195338.640625
485 1260.181152 195338.625000 222991.953125 283722.250000 195338.640625
486 1262.641724 195338.625000 222991.953125 283722.250000 195338.640625
487 1265.170898 195338.625000 222991.953125 283722.250000 195338.640625
488 1268.349731 195338.625000 222444.984375 283722.250000 195338.640625
489 1270.740356 195338.625000 222444.984375 283722.250000 195338.640625
490 1273.512085 195338.625000 222444.984375 283722.250000 195338.640625
491 1276.023071 195338.625000 222444.984375 283722.250000 195338.640625
492 1278.582764 195338.625000 222444.984375 283722.250000 195338.640625
493 1281.199219 195338.625000 222444.953125 283722.250000 195338.640625
494 1283.934570 195338.625000 222444.953125 283722.250000 195338.640625
495 1286.651245 195338.625000 222444.953125 283722.250000 195338.640625
496 1289.090210 195338.625000 222444.953125 283722.250000 195338.640625
497 1291.981201 195338.625000 222444.953125 283722.250000 195338.640625
498 1294.522461 195338.625000 222444.953125 283722.250000 195338.640625
499 1296.705933 195338.625000 222444.953125 283722.250000 195338.640625
500 1299.278564 195338.625000 222444.953125 283722.250000 195338.640625
501 1302.324951 195338.625000 221897.984375 283722.250000 195338.640625
502 1304.311890 195338.625000 221897.984375 283722.250000 195338.640625
503 1306.930176 195338.625000 224572.234375 329051.437500 195338.640625
504 1309.766602 195338.625000 223641.453125 283722.250000 195338.640625
505 1312.551758 195338.609375 223641.453125 283722.250000 195338.640625
506 1314.887451 195338.609375 223641.453125 283722.250000 195338.609375
507 1317.292114 195338.609375 223641.453125 283722.250000 195338.609375
508 1319.322632 195338.609375 223641.453125 283722.250000 195338.609375
509 1321.694092 195338.609375 223641.453125 283722.250000 195338.609375
510 1323.880615 195338.609375 223094.484375 283722.250000 195338.609375
511 1326.719482 195338.609375 223094.484375 283722.250000 195338.609375
512 1329.225342 195338.609375 223094.484375 283722.250000 195338.609375
513 1331.931152 195338.609375 225571.203125 319175.250000 195338.609375
514 1334.721069 195338.609375 224837.953125 283722.250000 195338.609375
515 1337.544067 195338.609375 226035.375000 283722.250000 195338.609375
516 1339.813232 195338.609375 226035.375000 283722.250000 195338.609375
517 1342.241699 195338.609375 226035.375000 283722.250000 195338.609375
518 1344.440430 195338.609375 226035.375000 283722.250000 195338.609375
519 1346.896362 195338.609375 226035.375000 283722.250000 195338.609375
520 1349.198242 195338.609375 226035.375000 283722.250000 195338.609375
521 1351.385132 195338.609375 226035.375000 283722.250000 195338.609375
522 1354.005737 195338.609375 226035.375000 283722.250000 195338.609375
523 1356.229126 195338.609375 225488.375000 283722.250000 195338.609375
524 1359.075439 195338.609375 225488.375000 283722.250000 195338.609375
525 1361.638672 195338.609375 225488.375000 283722.250000 195338.609375
526 1363.976074 195338.609375 225488.375000 283722.250000 195338.609375
527 1366.758545 195338.609375 225488.375000 283722.250000 195338.609375
528 1369.418579 195338.609375 225488.375000 283722.250000 195338.609375
529 1372.134155 195338.609375 225488.375000 283722.250000 195338.609375
530 1374.656006 195338.609375 225488.375000 283722.250000 195338.609375
531 1377.008179 195338.609375 225488.375000 283722.250000 195338.609375
532 1379.669067 195338.609375 228103.140625 326076.687500 195338.609375
533 1382.394897 195338.609375 227231.859375 283722.250000 195338.609375
534 1385.189087 195338.609375 227231.859375 283722.250000 195338.609375
535 1387.754517 195338.609375 227231.859375 283722.250000 195338.609375
536 1390.212402 195338.609375 227231.859375 283722.250000 195338.609375
537 1392.915405 195338.609375 227231.859375 283722.250000 195338.609375
538 1395.091431 195338.609375 227231.859375 283722.250000 195338.609375
539 1397.384399 195338.609375 227231.859375 283722.250000 195338.609375
540 1400.161621 195338.609375 226684.859375 283722.250000 195338.609375
541 1403.016235 195338.609375 226684.859375 283722.250000 195338.609375
542 1405.765259 195338.609375 226684.859375 283722.250000 195338.609375
543 1408.161377 195338.609375 226684.859375 283722.250000 195338.609375
544 1410.347778 195338.609375 226684.859375 283722.250000 195338.609375
545 1412.360596 195338.609375 226684.859375 283722.250000 195338.609375
546 1414.634644 195338.609375 226684.859375 283722.250000 195338.609375
547 1417.463867 195338.609375 226684.859375 283722.250000 195338.609375
548 1419.966675 195338.609375 226684.859375 283722.250000 195338.609375
549 1422.201172 195338.609375 226684.843750 283722.250000 195338.609375
550 1424.947998 195338.609375 226779.359375 283722.250000 195338.609375
551 1427.427734 195338.609375 226684.859375 283722.250000 195338.609375
552 1430.011230 195338.609375 226684.859375 283722.250000 195338.609375
553 1432.616821 195338.609375 226684.859375 283722.250000 195338.609375
554 1435.386108 195338.609375 226684.859375 283722.250000 195338.609375
555 1437.889648 195338.609375 226137.859375 283722.250000 195338.609375
556 1440.002075 195338.609375 226137.859375 283722.250000 195338.609375
557 1442.129761 195338.609375 226137.859375 283722.250000 195338.609375
558 1445.090576 195338.609375 226137.859375 283722.250000 195338.609375
559 1447.656616 195338.609375 226137.859375 283722.250000 195338.609375
560 1450.371338 195338.609375 226137.859375 283722.250000 195338.609375
561 1452.602539 195338.609375 226137.859375 283722.250000 195338.609375
562 1455.316040 195338.609375 226137.859375 283722.250000 195338.609375
563 1457.487915 195338.609375 227264.875000 283722.250000 195338.609375
564 1460.317871 195338.609375 226717.875000 283722.250000 195338.609375
565 1463.054199 195338.609375 226717.875000 283722.250000 195338.609375
566 1465.851196 195338.609375 226170.906250 283722.250000 195338.609375
567 1468.571289 195338.609375 226170.906250 283722.250000 195338.609375
568 1470.893188 195338.609375 226170.906250 283722.250000 195338.609375
569 1473.163086 195338.609375 226170.906250 283722.250000 195338.609375
570 1475.806763 195338.609375 226170.906250 283722.250000 195338.609375
571 1478.341064 195338.609375 225623.921875 283722.250000 195338.609375
572 1480.865967 195338.609375 225623.921875 283722.250000 195338.609375
573 1483.122070 195338.609375 225623.921875 283722.250000 195338.609375
574 1485.160400 195338.609375 225623.906250 283722.250000 195338.609375
575 1487.693604 195338.609375 225623.906250 283722.250000 195338.609375
576 1490.568359 195338.609375 225623.906250 283722.250000 195338.609375
577 1493.118896 195338.609375 225623.906250 283722.250000 195338.609375
578 1495.599243 195338.609375 225623.906250 283722.250000 195338.609375
579 1498.322876 195338.609375 225623.906250 283722.250000 195338.609375
580 1500.607056 195338.609375 225623.906250 283722.250000 195338.609375
581 1502.934570 195338.609375 225623.906250 283722.250000 195338.609375
582 1505.604980 195338.609375 225623.906250 283722.250000 195338.609375
583 1508.136841 195338.609375 225076.921875 283722.250000 195338.609375
584 1511.018799 195338.609375 225076.921875 283722.250000 195338.609375
585 1513.622192 195338.609375 225076.921875 283722.250000 195338.609375
586 1516.275757 195338.609375 225076.921875 283722.250000 195338.609375
587 1519.140869 195338.609375 225076.921875 283722.250000 195338.609375
588 1522.037109 195338.609375 225076.921875 283722.250000 195338.609375
589 1524.588379 195338.609375 225076.921875 283722.250000 195338.609375
590 1526.720581 195338.609375 227434.859375 313235.468750 195338.656250
591 1529.354858 195338.609375 228140.781250 313235.468750 195338.656250
592 1531.987915 195338.609375 228140.781250 313235.468750 195338.656250
593 1534.755371 195338.609375 228140.781250 313235.468750 195338.656250
594 1537.425781 195338.609375 228140.781250 313235.468750 195338.656250
595 1539.873901 195338.609375 228140.781250 313235.468750 195338.656250
596 1542.318970 195338.609375 228140.781250 313235.468750 195338.656250
597 1544.676514 195338.609375 228140.781250 313235.468750 195338.656250
598 1547.109009 195338.609375 228140.781250 313235.468750 195338.656250
599 1549.625244 195338.609375 228140.781250 313235.468750 195338.656250
600 1552.228760 195338.609375 228140.781250 313235.468750 195338.656250
601 1555.128418 195338.609375 228140.781250 313235.468750 195338.656250
602 1557.645996 195338.609375 228140.781250 313235.468750 195338.656250
603 1560.202637 195338.609375 227593.781250 313235.468750 195338.656250
604 1563.093628 195338.609375 227593.781250 313235.468750 195338.656250
605 1565.367798 195338.609375 227593.781250 313235.468750 195338.656250
606 1567.907349 195338.609375 227593.781250 313235.468750 195338.656250
607 1569.984619 195338.609375 227593.781250 313235.468750 195338.656250
608 1572.634033 195338.609375 227593.781250 313235.468750 195338.656250
609 1575.185669 195338.609375 227593.781250 313235.468750 195338.656250
610 1577.723389 195338.609375 227593.781250 313235.468750 195338.656250
611 1580.414673 195338.609375 227593.781250 313235.468750 195338.656250
612 1582.608643 195338.609375 227593.781250 313235.468750 195338.656250
613 1585.134888 195338.609375 227593.781250 313235.468750 195338.656250
614 1587.488892 195338.609375 227593.781250 313235.468750 195338.656250
615 1590.270996 195338.609375 227593.781250 313235.468750 195338.656250
616 1592.582031 195338.609375 227593.781250 313235.468750 195338.656250
617 1595.127808 195338.609375 227593.781250 313235.468750 195338.656250
618 1597.503662 195338.609375 227046.781250 313235.468750 195338.656250
619 1599.959595 195338.609375 227046.781250 313235.468750 195338.656250
620 1602.511353 195338.609375 226499.796875 313235.468750 195338.656250
621 1605.473877 195338.609375 226499.796875 313235.468750 195338.656250
622 1608.031372 195338.609375 226499.796875 313235.468750 195338.656250
623 1610.497437 195338.609375 226499.796875 313235.468750 195338.656250
624 1613.435547 195338.609375 226499.796875 313235.468750 195338.656250
625 1616.127075 195338.609375 225952.796875 313235.468750 195338.656250
626 1619.035889 195338.609375 225952.796875 313235.468750 195338.656250
627 1622.346802 195338.609375 225952.796875 313235.468750 195338.656250
628 1624.760864 195338.609375 225952.796875 313235.468750 195338.656250
629 1627.354736 195338.609375 225952.796875 313235.468750 195338.656250
630 1629.997437 195338.609375 225952.796875 313235.468750 195338.656250
631 1632.474731 195338.609375 225405.812500 313235.468750 195338.656250
632 1635.127197 195338.609375 225405.812500 313235.468750 195338.656250
633 1637.371948 195338.609375 225405.812500 313235.468750 195338.656250
634 1639.570557 195338.609375 225405.812500 313235.468750 195338.656250
635 1641.906128 195338.609375 225405.812500 313235.468750 195338.656250
636 1644.600830 195338.609375 226591.046875 313235.468750 195338.656250
637 1647.379028 195338.609375 226591.046875 313235.468750 195338.656250
638 1650.070679 195338.609375 226591.046875 313235.468750 195338.656250
639 1652.559204 195338.609375 226591.046875 313235.468750 195338.656250
640 1655.248047 195338.609375 226591.046875 313235.468750 195338.656250
641 1657.530884 195338.609375 226591.046875 313235.468750 195338.656250
642 1660.074707 195338.609375 226591.015625 313235.468750 195338.656250
643 1662.661987 195338.609375 226591.015625 313235.468750 195338.656250
644 1665.528320 195338.609375 226591.015625 313235.468750 195338.656250
645 1668.317261 195338.609375 226591.015625 313235.468750 195338.656250
646 1670.613647 195338.609375 226591.015625 313235.468750 195338.656250
647 1673.527222 195338.609375 226044.046875 313235.468750 195338.656250
648 1675.489624 195338.609375 225497.046875 313235.468750 195338.656250
649 1678.441040 195338.609375 225497.046875 313235.468750 195338.656250
650 1680.943604 195338.609375 225497.046875 313235.468750 195338.656250
651 1683.893677 195338.609375 225497.046875 313235.468750 195338.656250
652 1686.335205 195338.609375 225497.046875 313235.468750 195338.656250
653 1688.865723 195338.609375 225497.046875 313235.468750 195338.656250
654 1691.619019 195338.609375 225497.046875 313235.468750 195338.656250
655 1694.340454 195338.609375 225497.046875 313235.468750 195338.656250
656 1697.435181 195338.609375 224950.062500 313235.468750 195338.656250
657 1699.884277 195338.609375 224950.062500 313235.468750 195338.656250
658 1702.261353 195338.609375 224950.062500 313235.468750 195338.656250
659 1704.950317 195338.609375 224403.062500 313235.468750 195338.656250
660 1707.113403 195338.609375 224403.062500 313235.468750 195338.656250
661 1709.646729 195338.609375 224403.062500 313235.468750 195338.656250
662 1712.674805 195338.609375 224403.062500 313235.468750 195338.656250
663 1715.485107 195338.609375 224403.062500 313235.468750 195338.656250
664 1718.047974 195338.609375 224403.062500 313235.468750 195338.656250
665 1721.096191 195338.609375 224403.062500 313235.468750 195338.656250
666 1723.900513 195338.609375 224403.062500 313235.468750 195338.656250
667 1726.634766 195338.609375 224403.062500 313235.468750 195338.656250
668 1729.369629 195338.609375 224403.062500 313235.468750 195338.656250
669 1732.060913 195338.609375 225233.593750 313235.468750 195338.656250
670 1734.576416 195338.609375 226995.140625 313235.468750 195338.656250
671 1736.978516 195338.609375 226995.140625 313235.468750 195338.656250
672 1739.873901 195338.609375 226995.140625 313235.468750 195338.656250
673 1742.113281 195338.609375 226995.140625 313235.468750 195338.656250
674 1744.983887 195338.609375 226995.140625 313235.468750 195338.656250
675 1748.072021 195338.609375 226995.140625 313235.468750 195338.656250
676 1750.735718 195338.609375 228291.296875 313235.468750 195338.656250
677 1753.087769 195338.609375 227965.593750 313235.468750 195338.656250
678 1755.713989 195338.609375 227965.593750 313235.468750 195338.656250
679 1757.964722 195338.609375 227965.593750 313235.468750 195338.656250
680 1760.264160 195338.609375 227965.593750 313235.468750 195338.656250
681 1762.532837 195338.609375 232049.625000 399539.843750 195338.656250
682 1764.849365 195338.609375 232049.640625 399539.843750 195338.656250
683 1767.195190 195338.609375 232049.640625 399539.843750 195338.656250
684 1769.731567 195338.609375 232049.640625 399539.843750 195338.656250
685 1772.418457 195338.609375 232049.625000 399539.843750 195338.656250
686 1774.984009 195338.609375 232049.625000 399539.843750 195338.656250
687 1777.453613 195338.609375 232049.625000 399539.843750 195338.656250
688 1779.824585 195338.609375 231502.640625 399539.843750 195338.656250
689 1782.684326 195338.609375 231502.640625 399539.843750 195338.656250
690 1784.925781 195338.609375 231502.640625 399539.843750 195338.656250
691 1787.041626 195338.609375 231502.640625 399539.843750 195338.656250
692 1789.176758 195338.609375 231502.640625 399539.843750 195338.656250
693 1792.120483 195338.609375 231502.640625 399539.843750 195338.656250
694 1795.349121 195338.609375 231502.640625 399539.843750 195338.656250
695 1798.312622 195338.609375 231502.640625 399539.843750 195338.656250
696 1800.831665 195338.609375 231502.640625 399539.843750 195338.656250
697 1802.998413 195338.609375 231502.640625 399539.843750 195338.656250
698 1805.614990 195338.609375 231727.578125 399539.843750 195338.656250
699 1808.692017 195338.609375 231502.640625 399539.843750 195338.656250
700 1810.948242 195338.609375 231502.640625 399539.843750 195338.656250
701 1813.583252 195338.609375 231502.640625 399539.843750 195338.656250
702 1816.028564 195338.609375 231502.640625 399539.843750 195338.656250
703 1818.712524 195338.609375 231502.640625 399539.843750 195338.656250
704 1821.131470 195338.609375 231502.640625 399539.843750 195338.656250
705 1823.597412 195338.609375 231502.640625 399539.843750 195338.656250
706 1826.269165 195338.609375 231502.640625 399539.843750 195338.656250
707 1828.892822 195338.609375 230914.437500 399539.843750 195338.656250
708 1831.663208 195338.609375 235482.859375 423760.437500 195338.656250
709 1834.190430 195338.609375 233272.375000 399539.843750 195338.656250
710 1836.359131 195338.609375 233272.375000 399539.843750 195338.656250
711 1839.124146 195338.609375 233272.375000 399539.843750 195338.656250
712 1841.720459 195338.609375 233272.375000 399539.843750 195338.656250
713 1843.917847 195338.609375 233272.375000 399539.843750 195338.656250
714 1846.535767 195338.609375 232542.265625 399539.843750 195338.656250
715 1849.288452 195338.609375 232542.265625 399539.843750 195338.656250
716 1851.962891 195338.609375 232542.265625 399539.843750 195338.656250
717 1854.424194 195338.609375 232542.265625 399539.843750 195338.656250
718 1857.132690 195338.609375 232542.265625 399539.843750 195338.656250
719 1859.633667 195338.609375 232542.265625 399539.843750 195338.656250
720 1862.402100 195338.609375 232542.265625 399539.843750 195338.656250
721 1865.270874 195338.609375 232542.265625 399539.843750 195338.656250
722 1868.028076 195338.609375 232542.265625 399539.843750 195338.656250
723 1870.280762 195338.609375 232542.265625 399539.843750 195338.656250
724 1873.143555 195338.609375 231784.593750 399539.843750 195338.656250
725 1875.766113 195338.609375 231784.593750 399539.843750 195338.656250
726 1878.928345 195338.609375 231784.593750 399539.843750 195338.656250
727 1881.997192 195338.609375 231784.593750 399539.843750 195338.656250
728 1884.280151 195338.609375 231784.593750 399539.843750 195338.656250
729 1886.749878 195338.609375 231784.593750 399539.843750 195338.656250
730 1888.939575 195338.609375 231784.593750 399539.843750 195338.656250
731 1891.181274 195338.609375 231784.593750 399539.843750 195338.656250
732 1893.323730 195338.609375 231784.593750 399539.843750 195338.656250
733 1895.725098 195338.609375 231784.593750 399539.843750 195338.656250
734 1898.178467 195338.609375 231784.593750 399539.843750 195338.656250
735 1900.409912 195338.609375 231784.593750 399539.843750 195338.656250
736 1902.671387 195338.609375 231784.593750 399539.843750 195338.656250
737 1905.321167 195338.609375 231784.593750 399539.843750 195338.656250
738 1907.753052 195338.609375 231784.593750 399539.843750 195338.656250
739 1910.676392 195338.609375 231784.593750 399539.843750 195338.656250
740 1913.044312 195338.609375 231784.593750 399539.843750 195338.656250
741 1915.910645 195338.609375 231784.593750 399539.843750 195338.656250
742 1918.167480 195338.609375 233027.546875 399539.843750 195338.671875
743 1920.886230 195338.609375 232974.343750 399539.843750 195338.671875
744 1923.649536 195338.609375 232974.343750 399539.843750 195338.671875
745 1926.157104 195338.609375 233121.562500 399539.843750 195338.671875
746 1928.872192 195338.609375 233695.625000 399539.843750 195338.671875
747 1931.608765 195338.609375 234293.203125 399539.843750 195338.671875
748 1934.181152 195338.609375 234293.218750 399539.843750 195338.671875
749 1936.820435 195338.609375 234293.203125 399539.843750 195338.671875
750 1939.268066 195338.609375 234293.203125 399539.843750 195338.671875
751 1941.510010 195338.609375 234293.203125 399539.843750 195338.671875
752 1944.076416 195338.609375 236247.093750 399539.843750 195338.671875
753 1946.529297 195338.609375 236247.125000 399539.843750 195338.671875
754 1949.125488 195338.609375 236247.125000 399539.843750 195338.671875
755 1951.909668 195338.609375 236247.125000 399539.843750 195338.671875
756 1954.303711 195338.609375 236247.093750 399539.843750 195338.671875
757 1956.794800 195338.609375 236247.093750 399539.843750 195338.671875
758 1959.931396 195338.609375 236247.093750 399539.843750 195338.671875
759 1961.859619 195338.609375 236247.093750 399539.843750 195338.671875
760 1964.378296 195338.609375 236247.093750 399539.843750 195338.671875
761 1966.771851 195338.609375 236247.093750 399539.843750 195338.671875
762 1969.245483 195338.609375 236247.093750 399539.843750 195338.671875
763 1972.537231 195338.609375 236247.093750 399539.843750 195338.671875
764 1975.588379 195338.609375 236247.093750 399539.843750 195338.671875
765 1978.270996 195338.609375 236247.093750 399539.843750 195338.671875
766 1981.159668 195338.609375 236247.093750 399539.843750 195338.671875
767 1983.725586 195338.609375 236247.093750 399539.843750 195338.671875
768 1986.514404 195338.609375 236247.093750 399539.843750 195338.671875
769 1988.878296 195338.609375 236247.078125 399539.843750 195338.671875
770 1991.539429 195338.609375 236247.078125 399539.843750 195338.671875
771 1993.880005 195338.609375 236247.078125 399539.843750 195338.671875
772 1996.355469 195338.609375 236247.078125 399539.843750 195338.671875
773 1998.897461 195338.609375 236247.078125 399539.843750 195338.671875
774 2001.312988 195338.609375 236247.078125 399539.843750 195338.671875
775 2004.321655 195338.609375 236247.078125 399539.843750 195338.671875
776 2007.055908 195338.609375 236247.078125 399539.843750 195338.671875
777 2009.807373 195338.609375 236247.078125 399539.843750 195338.671875
778 2012.580200 195338.609375 236099.859375 399539.843750 195338.671875
779 2014.969604 195338.609375 236099.859375 399539.843750 195338.671875
780 2017.293701 195338.609375 236099.859375 399539.843750 195338.671875
781 2019.842163 195338.609375 236099.859375 399539.843750 195338.671875
782 2022.271973 195338.609375 236099.859375 399539.843750 195338.671875
783 2024.898071 195338.609375 236099.859375 399539.843750 195338.671875
784 2027.825684 195338.609375 236099.859375 399539.843750 195338.671875
785 2030.507446 195338.609375 236099.859375 399539.843750 195338.671875
786 2033.181152 195338.609375 236099.859375 399539.843750 195338.671875
787 2036.014648 195338.609375 236099.859375 399539.843750 195338.671875
788 2038.762329 195338.609375 239821.359375 399539.843750 195338.671875
789 2041.415649 195338.609375 238095.281250 381413.656250 195338.671875
790 2044.166626 195338.609375 237521.218750 381413.656250 195338.671875
791 2046.563477 195338.609375 237521.218750 381413.656250 195338.671875
792 2049.664307 195338.609375 237521.218750 381413.656250 195338.671875
793 2052.718750 195338.609375 237521.218750 381413.656250 195338.671875
794 2055.412842 195338.609375 237521.218750 381413.656250 195338.671875
795 2057.611084 195338.609375 237521.218750 381413.656250 195338.671875
796 2060.380371 195338.609375 240008.125000 381413.656250 195338.671875
797 2062.911133 195338.609375 238714.812500 319683.843750 195338.671875
798 2065.491943 195338.609375 238714.843750 319683.843750 195338.671875
799 2068.160400 195338.609375 239316.437500 319683.843750 195338.609375
800 2070.904053 195338.609375 239316.421875 319683.843750 195338.609375
801 2073.655762 195338.609375 239316.421875 319683.843750 195338.609375
802 2076.693604 195338.609375 239246.156250 319683.843750 195338.609375
803 2079.063477 195338.609375 239246.156250 319683.843750 195338.609375
804 2081.334961 195338.609375 240399.234375 319683.843750 195338.609375
805 2083.604736 195338.609375 239801.656250 319683.843750 195338.609375
806 2086.070557 195338.609375 239801.656250 319683.843750 195338.609375
807 2088.459961 195338.609375 239801.656250 319683.843750 195338.609375
808 2091.093018 195338.609375 239200.062500 319683.843750 195338.609375
809 2093.562744 195338.609375 239200.062500 319683.843750 195338.609375
810 2096.227539 195338.609375 239200.062500 319683.843750 195338.609375
811 2098.532959 195338.609375 239200.062500 319683.843750 195338.609375
812 2101.538086 195338.609375 239200.062500 319683.843750 195338.609375
813 2104.227539 195338.609375 239200.062500 319683.843750 195338.609375
814 2107.127197 195338.609375 239200.062500 319683.843750 195338.609375
815 2109.616699 195338.609375 239200.062500 319683.843750 195338.609375
816 2112.854004 195338.609375 239200.062500 319683.843750 195338.609375
817 2115.416260 195338.609375 239200.062500 319683.843750 195338.609375
818 2118.315674 195338.609375 239200.062500 319683.843750 195338.609375
819 2120.844727 195338.609375 239200.062500 319683.843750 195338.609375
820 2123.211914 195338.609375 242092.984375 339985.843750 195338.609375
821 2126.115479 195338.609375 241558.000000 319683.843750 195338.609375
822 2128.253418 195338.609375 241558.000000 319683.843750 195338.609375
823 2130.515381 195338.609375 241558.000000 319683.843750 195338.609375
824 2133.206299 195338.609375 241558.000000 319683.843750 195338.609375
825 2135.670898 195338.609375 242437.546875 319683.843750 195338.609375
826 2138.212891 195338.609375 243211.906250 319683.843750 195338.609375
827 2141.188232 195338.609375 243211.906250 319683.843750 195338.609375
828 2143.527832 195338.609375 243211.906250 319683.843750 195338.609375
829 2145.889648 195338.609375 243211.906250 319683.843750 195338.609375
830 2148.299805 195338.609375 243211.906250 319683.843750 195338.609375
831 2150.824951 195338.609375 243211.906250 319683.843750 195338.609375
832 2153.413330 195338.609375 243211.906250 319683.843750 195338.609375
833 2155.870605 195338.609375 243211.906250 319683.843750 195338.609375
834 2158.941406 195338.609375 243211.906250 319683.843750 195338.609375
835 2161.415283 195338.609375 243211.906250 319683.843750 195338.609375
836 2164.131836 195338.609375 242454.234375 319683.843750 195338.609375
837 2166.535889 195338.609375 242454.234375 319683.843750 195338.609375
838 2169.183838 195338.609375 242454.234375 319683.843750 195338.609375
839 2172.287598 195338.609375 242454.234375 319683.843750 195338.609375
840 2175.250000 195338.609375 242454.234375 319683.843750 195338.609375
841 2177.853027 195338.609375 242454.234375 319683.843750 195338.609375
842 2180.273682 195338.609375 242454.234375 319683.843750 195338.609375
843 2182.790283 195338.609375 242454.234375 319683.843750 195338.609375
844 2184.963867 195338.609375 242454.234375 319683.843750 195338.609375
845 2187.231934 195338.609375 242454.234375 319683.843750 195338.609375
846 2189.765869 195338.609375 242454.234375 319683.843750 195338.609375
847 2192.356689 195338.609375 242454.234375 319683.843750 195338.609375
848 2195.081787 195338.609375 242454.234375 319683.843750 195338.609375
849 2197.403809 195338.609375 242454.234375 319683.843750 195338.609375
850 2199.455811 195338.609375 242454.234375 319683.843750 195338.609375
851 2201.659912 195338.609375 243797.937500 319683.843750 195338.609375
852 2203.830566 195338.609375 247087.796875 397715.093750 195338.609375
853 2206.797852 195338.609375 249804.937500 415674.093750 195338.609375
854 2209.182617 195338.609375 247756.187500 319683.843750 195338.609375
855 2211.936768 195338.609375 247756.156250 319683.843750 195338.609375
856 2214.415039 195338.609375 247756.156250 319683.843750 195338.609375
857 2216.857422 195338.609375 247756.156250 319683.843750 195338.609375
858 2219.529785 195338.609375 247756.156250 319683.843750 195338.609375
859 2222.014160 195338.609375 247756.156250 319683.843750 195338.609375
860 2224.399170 195338.609375 247756.156250 319683.843750 195338.609375
861 2226.656494 195338.609375 247756.156250 319683.843750 195338.609375
862 2229.093018 195338.609375 247756.156250 319683.843750 195338.609375
863 2231.933594 195338.609375 247756.156250 319683.843750 195338.609375
864 2234.579834 195338.609375 247756.156250 319683.843750 195338.609375
865 2237.367188 195338.609375 247756.140625 319683.843750 195338.609375
866 2240.081543 195338.609375 247756.140625 319683.843750 195338.609375
867 2243.047363 195338.609375 247756.140625 319683.843750 195338.609375
868 2245.759033 195338.609375 247756.140625 319683.843750 195338.609375
869 2248.206787 195338.609375 247756.140625 319683.843750 195338.609375
870 2251.560791 195338.609375 247756.140625 319683.843750 195338.609375
871 2254.425049 195338.609375 247756.140625 319683.843750 195338.609375
872 2257.132080 195338.609375 250258.015625 320432.343750 195338.609375
873 2259.904785 195338.609375 250114.078125 319683.843750 195338.609375
874 2263.452637 195338.609375 250114.078125 319683.843750 195338.609375
875 2266.847412 195338.609375 250114.078125 319683.843750 195338.609375
876 2270.144531 195338.609375 250114.078125 319683.843750 195338.609375
877 2273.041748 195338.609375 249356.421875 319683.843750 195338.609375
878 2275.598877 195338.609375 249356.421875 319683.843750 195338.609375
879 2278.218994 195338.609375 249356.421875 319683.843750 195338.609375
880 2281.041016 195338.609375 249356.421875 319683.843750 195338.609375
881 2283.402344 195338.609375 249356.421875 319683.843750 195338.609375
882 2285.887939 195338.609375 249356.421875 319683.843750 195338.609375
883 2288.387207 195338.609375 249356.421875 319683.843750 195338.609375
884 2291.637939 195338.609375 249356.421875 319683.843750 195338.609375
885 2294.044434 195338.609375 249356.421875 319683.843750 195338.609375
886 2296.702881 195338.609375 249356.421875 319683.843750 195338.609375
887 2299.852295 195338.609375 248697.343750 319683.843750 195338.609375
888 2302.611084 195338.609375 248697.359375 319683.843750 195338.609375
889 2305.914307 195338.609375 248598.765625 319683.843750 195338.609375
890 2308.768555 195338.609375 248598.765625 319683.843750 195338.609375
891 2311.707275 195338.609375 248598.765625 319683.843750 195338.609375
892 2314.442871 195338.609375 248598.765625 319683.843750 195338.609375
893 2317.613770 195338.609375 248598.765625 319683.843750 195338.609375
894 2320.259766 195338.609375 247841.093750 319683.843750 195338.609375
895 2322.484375 195338.609375 247066.734375 319683.843750 195338.609375
896 2325.084717 195338.609375 247066.734375 319683.843750 195338.609375
897 2327.486572 195338.609375 247066.734375 319683.843750 195338.609375
898 2329.919678 195338.609375 247066.734375 319683.843750 195338.609375
899 2332.810791 195338.609375 247066.734375 319683.843750 195338.609375
900 2335.671143 195338.609375 247066.734375 319683.843750 195338.609375
901 2338.422852 195338.609375 247066.734375 319683.843750 195338.609375
902 2340.745117 195338.609375 247066.734375 319683.843750 195338.609375
903 2343.521240 195338.609375 247778.875000 319683.843750 195338.609375
904 2346.245117 195338.609375 247066.734375 319683.843750 195338.609375
905 2349.008789 195338.609375 247066.734375 319683.843750 195338.609375
906 2351.820312 195338.609375 247066.734375 319683.843750 195338.609375
907 2354.422363 195338.609375 247066.734375 319683.843750 195338.609375
908 2356.816650 195338.609375 247066.734375 319683.843750 195338.609375
909 2359.390869 195338.609375 247066.734375 319683.843750 195338.609375
910 2362.195312 195338.609375 247066.734375 319683.843750 195338.609375
911 2364.991943 195338.609375 247066.734375 319683.843750 195338.609375
912 2367.291016 195338.609375 247585.000000 319683.843750 195338.609375
913 2369.732666 195338.609375 247066.734375 319683.843750 195338.609375
914 2372.645752 195338.609375 247066.734375 319683.843750 195338.609375
915 2375.136475 195338.609375 247066.734375 319683.843750 195338.609375
916 2377.619873 195338.609375 247066.734375 319683.843750 195338.609375
917 2380.284912 195338.609375 246187.218750 319683.843750 195338.609375
918 2382.946777 195338.609375 246187.218750 319683.843750 195338.609375
919 2385.674561 195338.609375 246187.218750 319683.843750 195338.609375
920 2388.764648 195338.609375 246187.218750 319683.843750 195338.609375
921 2391.452881 195338.609375 248491.140625 319683.843750 195338.609375
922 2394.004150 195338.609375 248491.140625 319683.843750 195338.609375
923 2396.891602 195338.609375 248491.140625 319683.843750 195338.609375
924 2399.467529 195338.609375 248491.140625 319683.843750 195338.609375
925 2402.017822 195338.609375 248491.140625 319683.843750 195338.609375
926 2404.570068 195338.609375 248491.140625 319683.843750 195338.609375
927 2407.086670 195338.609375 248491.125000 319683.843750 195338.609375
928 2409.346680 195338.609375 248491.125000 319683.843750 195338.609375
929 2411.885254 195338.609375 248491.125000 319683.843750 195338.609375
930 2414.436279 195338.609375 248491.125000 319683.843750 195338.609375
931 2416.761230 195338.609375 248491.125000 319683.843750 195338.609375
932 2419.765137 195338.609375 248491.125000 319683.843750 195338.609375
933 2422.250488 195338.609375 248491.125000 319683.843750 195338.609375
934 2424.417969 195338.609375 248491.125000 319683.843750 195338.609375
935 2426.873291 195338.609375 247338.062500 319683.843750 195338.609375
936 2429.560303 195338.609375 248516.500000 319683.843750 195338.609375
937 2431.798584 195338.609375 248516.500000 319683.843750 195338.609375
938 2434.236084 195338.609375 248516.500000 319683.843750 195338.609375
939 2437.035156 195338.609375 248516.500000 319683.843750 195338.609375
940 2439.638672 195338.609375 248516.500000 319683.843750 195338.609375
941 2442.144775 195338.609375 248516.500000 319683.843750 195338.609375
942 2444.634033 195338.609375 248516.500000 319683.843750 195338.609375
943 2447.614990 195338.609375 248516.500000 319683.843750 195338.609375
944 2450.453857 195338.609375 251910.578125 365043.093750 195338.609375
945 2453.490967 195338.609375 250874.437500 319683.843750 195338.609375
946 2455.981934 195338.609375 250874.437500 319683.843750 195338.609375
947 2458.834961 195338.609375 250874.437500 319683.843750 195338.609375
948 2461.135986 195338.609375 250874.437500 319683.843750 195338.609375
949 2463.657227 195338.609375 250874.437500 319683.843750 195338.609375
950 2466.343506 195338.609375 250874.437500 319683.843750 195338.609375
951 2469.053711 195338.609375 250874.437500 319683.843750 195338.609375
952 2471.839111 195338.609375 250874.437500 319683.843750 195338.609375
953 2473.923096 195338.609375 250874.437500 319683.843750 195338.609375
954 2476.410889 195338.609375 250874.437500 319683.843750 195338.609375
955 2478.896240 195338.609375 249696.000000 319683.843750 195338.609375
956 2481.640137 195338.609375 251350.937500 319683.843750 195338.609375
957 2484.535645 195338.609375 251350.937500 319683.843750 195338.609375
958 2487.753174 195338.609375 251350.937500 319683.843750 195338.609375
959 2490.832520 195338.609375 251350.937500 319683.843750 195338.609375
960 2493.556641 195338.609375 251350.937500 319683.843750 195338.609375
961 2496.049805 195338.609375 251350.937500 319683.843750 195338.609375
962 2498.663330 195338.609375 251350.937500 319683.843750 195338.609375
963 2501.229248 195338.609375 251350.937500 319683.843750 195338.609375
964 2503.386963 195338.609375 251350.937500 319683.843750 195338.609375
965 2505.625488 195338.609375 251350.937500 319683.843750 195338.609375
966 2508.505615 195338.609375 251350.937500 319683.843750 195338.609375
967 2510.993408 195338.609375 251350.937500 319683.843750 195338.609375
968 2513.274902 195338.609375 251350.921875 319683.843750 195338.609375
969 2515.800781 195338.609375 251350.921875 319683.843750 195338.609375
970 2518.282227 195338.609375 251350.921875 319683.843750 195338.609375
971 2521.145508 195338.609375 252449.125000 319683.843750 195338.609375
972 2523.513428 195338.609375 252449.093750 319683.843750 195338.609375
973 2526.666748 195338.609375 252449.093750 319683.843750 195338.609375
974 2529.744385 195338.609375 252449.093750 319683.843750 195338.609375
975 2532.057129 195338.609375 251350.937500 319683.843750 195338.609375
976 2534.929443 195338.609375 251350.937500 319683.843750 195338.609375
977 2537.134766 195338.609375 250165.718750 319683.843750 195338.609375
978 2540.414062 195338.609375 250165.718750 319683.843750 195338.609375
979 2542.907227 195338.609375 250165.718750 319683.843750 195338.609375
980 2544.903564 195338.609375 250165.718750 319683.843750 195338.609375
981 2547.439941 195338.609375 250165.718750 319683.843750 195338.609375
982 2550.137695 195338.609375 250165.718750 319683.843750 195338.609375
983 2552.948242 195338.609375 250165.718750 319683.843750 195338.609375
984 2556.010010 195338.609375 250165.718750 319683.843750 195338.609375
985 2558.543945 195338.609375 250165.718750 319683.843750 195338.609375
986 2560.997803 195338.609375 248968.281250 319683.843750 195338.609375
987 2564.320312 195338.609375 251357.812500 319683.843750 195338.609375
988 2566.412354 195338.609375 251836.312500 314815.031250 195338.609375
989 2568.995605 195338.609375 251836.312500 314815.031250 195338.609375
990 2571.686768 195338.609375 251228.859375 314815.031250 195338.609375
991 2574.311523 195338.609375 251228.859375 314815.031250 195338.609375
992 2577.290527 195338.609375 251228.859375 314815.031250 195338.609375
993 2580.162354 195338.609375 251228.859375 314815.031250 195338.609375
994 2582.401123 195338.609375 251228.859375 314815.031250 195338.609375
995 2584.674316 195338.609375 251228.859375 314815.031250 195338.609375
996 2586.899902 195338.609375 251228.859375 314815.031250 195338.609375
997 2589.532471 195338.609375 251228.859375 314815.031250 195338.609375
998 2592.005127 195338.609375 251228.859375 314815.031250 195338.609375
999 2594.860107 195338.609375 249985.921875 314815.031250 195338.609375
1000 2597.218506 195338.609375 249985.921875 314815.031250 195338.609375
1001 2600.290771 195338.609375 249985.906250 314815.031250 195338.609375
1002 2602.573486 195338.609375 249985.906250 314815.031250 195338.609375
1003 2605.255371 195338.609375 249985.906250 314815.031250 195338.609375
1004 2607.964844 195338.609375 249985.906250 314815.031250 195338.609375
1005 2610.672852 195338.609375 249985.906250 314815.031250 195338.609375
