0 0.000001 69955.445312 72651.093750 74875.992188 69955.445312
1 0.082782 69606.117188 72651.093750 74875.992188 69955.445312
2 0.170410 69514.546875 72815.953125 74875.992188 69606.117188
3 0.246631 68991.132812 72869.109375 74875.992188 69514.546875
4 0.336661 68515.437500 72839.882812 74875.992188 68991.132812
5 0.421644 68515.437500 72696.617188 74875.992188 68515.437500
6 0.513908 68336.406250 72622.367188 74875.992188 68515.437500
7 0.595941 67656.281250 72552.812500 74545.429688 68336.406250
8 0.668785 67166.296875 72500.757812 74545.429688 67656.281250
9 0.747565 67021.476562 72452.187500 74545.429688 67166.296875
10 0.822344 66618.328125 72395.031250 74545.429688 67021.476562
11 0.893839 66454.328125 72339.851562 73803.148438 66618.328125
12 0.977858 65984.179688 72300.898438 73803.148438 66454.328125
13 1.048947 65984.140625 72257.007812 73803.148438 65984.179688
14 1.137556 65764.593750 72228.593750 73803.093750 65984.140625
15 1.211180 65354.394531 72186.843750 73803.093750 65764.593750
16 1.285962 65354.382812 72159.132812 73803.093750 65354.394531
17 1.363785 65252.199219 72141.492188 73803.093750 65354.382812
18 1.437329 65154.460938 72124.687500 73803.093750 65252.199219
19 1.516697 64988.406250 72093.945312 73803.093750 65154.460938
20 1.602673 64871.718750 72054.953125 73803.093750 64988.406250
21 1.682737 64568.898438 72037.468750 73803.093750 64871.718750
22 1.761473 64499.648438 72011.539062 73803.093750 64568.898438
23 1.854727 64340.214844 71988.921875 73803.093750 64499.648438
24 1.936946 63836.453125 71966.710938 73803.093750 64340.214844
25 2.023470 63702.585938 71939.742188 73803.093750 63836.453125
26 2.093034 63702.585938 71929.351562 73803.093750 63702.585938
27 2.184522 63702.585938 71914.078125 73803.093750 63702.585938
28 2.258184 63702.585938 71894.859375 73803.093750 63702.585938
29 2.333468 63664.941406 71888.406250 73803.093750 63702.585938
30 2.416942 63634.562500 71877.218750 73803.093750 63664.941406
31 2.489307 63551.359375 71868.843750 73803.093750 63634.562500
32 2.567646 63488.957031 71859.609375 73803.093750 63551.359375
33 2.651181 63458.628906 71854.406250 73803.093750 63488.957031
34 2.728174 63216.097656 71849.531250 73803.093750 63458.628906
35 2.808215 63216.097656 71841.085938 73803.093750 63216.097656
36 2.878152 63216.082031 71836.382812 73803.093750 63216.097656
37 2.945291 63216.066406 72323.320312 88836.367188 63216.082031
38 3.023880 63216.054688 71850.562500 73803.093750 63216.066406
39 3.091034 63207.703125 71834.320312 73803.093750 63216.054688
40 3.173780 63176.234375 71831.445312 73803.093750 63207.703125
41 3.267157 63054.621094 71824.320312 73803.093750 63176.234375
42 3.353001 63054.621094 71817.625000 73803.093750 63054.621094
43 3.416339 63054.582031 71817.625000 73803.093750 63054.621094
44 3.502262 62974.386719 71813.164062 73803.093750 63054.582031
45 3.579860 62974.386719 71808.750000 73803.093750 62974.386719
46 3.658925 62974.386719 71802.507812 73803.093750 62974.386719
47 3.743387 62974.386719 72228.617188 84472.250000 62974.386719
48 3.818293 62809.601562 72242.187500 88065.250000 62974.386719
49 3.892116 62809.601562 71765.781250 73803.093750 62809.601562
50 3.977976 62809.589844 71755.968750 73803.093750 62809.601562
51 4.056562 61937.066406 72013.062500 75943.210938 62809.589844
52 4.133194 61937.066406 71749.132812 73803.093750 61937.066406
53 4.222917 61937.031250 71739.148438 73803.093750 61937.066406
54 4.297631 61937.031250 71727.406250 73803.093750 61937.031250
55 4.383354 61937.031250 71716.046875 73803.093750 61937.031250
56 4.467464 61870.753906 71715.234375 73803.093750 61937.031250
57 4.541972 61856.199219 71703.132812 73803.093750 61870.753906
58 4.621927 61856.199219 71699.375000 73803.093750 61856.199219
59 4.706316 61856.179688 71698.921875 73803.093750 61856.199219
60 4.785992 61847.421875 71698.140625 73803.093750 61856.179688
61 4.851134 61814.753906 71693.351562 73803.093750 61847.421875
62 4.936525 61794.222656 71689.976562 73803.093750 61814.753906
63 5.027777 61766.636719 71689.187500 73803.093750 61794.222656
64 5.101903 61766.601562 71687.031250 73803.093750 61766.636719
65 5.181762 61766.601562 71786.937500 73803.093750 61766.601562
66 5.269313 61766.601562 71766.375000 73803.093750 61766.601562
67 5.340961 61766.601562 71754.578125 73803.093750 61766.601562
68 5.414124 61745.664062 71748.046875 73803.093750 61766.601562
69 5.493429 61745.664062 71732.445312 73803.093750 61745.664062
70 5.572060 61745.664062 71728.070312 73803.093750 61745.664062
71 5.651321 61745.664062 71726.242188 73803.093750 61745.664062
72 5.730651 61744.363281 71725.046875 73803.093750 61745.664062
73 5.806241 61744.363281 71724.648438 73803.093750 61744.363281
74 5.875352 61744.363281 71724.046875 73803.093750 61744.363281
75 5.954122 61742.210938 71723.601562 73803.093750 61744.363281
76 6.055377 61738.132812 71723.554688 73803.093750 61742.210938
77 6.135767 61738.117188 71723.453125 73803.093750 61738.132812
78 6.202835 61738.117188 71723.453125 73803.093750 61738.117188
79 6.282699 61738.074219 71723.328125 73803.093750 61738.117188
80 6.365246 61738.074219 71723.320312 73803.093750 61738.074219
81 6.435316 61738.074219 71723.320312 73803.093750 61738.074219
82 6.516447 61738.074219 71722.960938 73803.093750 61738.074219
83 6.596056 61738.074219 71722.953125 73803.093750 61738.074219
84 6.669470 61738.074219 71722.328125 73803.093750 61738.074219
85 6.751823 61738.074219 72218.343750 86911.164062 61738.074219
86 6.837192 61738.074219 71756.468750 73803.093750 61738.074219
87 6.928281 61738.074219 71755.601562 73803.093750 61738.074219
88 7.020075 61738.074219 71742.539062 73803.093750 61738.074219
89 7.117273 61738.074219 71742.539062 73803.093750 61738.074219
90 7.192302 61738.074219 71727.726562 73803.093750 61738.074219
91 7.274967 61738.074219 71727.726562 73803.093750 61738.074219
92 7.360288 61738.074219 71727.726562 73803.093750 61738.074219
93 7.429802 61686.324219 71727.718750 73803.093750 61738.074219
94 7.512408 61686.324219 71726.687500 73803.093750 61686.324219
95 7.590563 61686.324219 71726.687500 73803.093750 61686.324219
96 7.671245 61686.320312 71724.617188 73803.093750 61686.324219
97 7.740446 61686.320312 71724.617188 73803.093750 61686.320312
98 7.816085 61686.320312 71723.585938 73803.093750 61686.320312
99 7.885540 61686.320312 71722.804688 73803.093750 61686.320312
100 7.956068 61686.320312 71722.804688 73803.093750 61686.320312
101 8.031801 61686.320312 71722.804688 73803.093750 61686.320312
102 8.100854 61686.320312 71721.773438 73803.093750 61686.320312
103 8.175112 61686.320312 71699.242188 73803.093750 61686.320312
104 8.253366 61686.320312 71699.242188 73803.093750 61686.320312
105 8.343794 61686.320312 71699.242188 73803.093750 61686.320312
106 8.420382 61686.320312 71667.937500 73803.093750 61686.320312
107 8.498891 61686.320312 72125.656250 88723.234375 61686.320312
108 8.593694 61686.320312 71626.734375 73803.093750 61686.320312
109 8.689505 61686.320312 71626.734375 73803.093750 61686.320312
110 8.797137 61686.320312 72040.828125 83211.054688 61686.320312
111 8.900365 61686.320312 71633.945312 73803.093750 61686.320312
112 8.992563 61686.320312 71633.945312 73803.093750 61686.320312
113 9.089115 61686.320312 71633.945312 73803.093750 61686.320312
114 9.180544 61686.320312 71633.945312 73803.093750 61686.320312
115 9.261341 61686.320312 71633.945312 73803.093750 61686.320312
116 9.350606 61686.320312 71633.945312 73803.093750 61686.320312
117 9.439503 61686.320312 71412.226562 73803.093750 61686.320312
118 9.520865 61686.320312 71190.023438 73803.093750 61686.320312
119 9.616772 61686.320312 71190.023438 73803.093750 61686.320312
120 9.697777 61686.320312 71190.023438 73803.093750 61686.320312
121 9.798292 61686.320312 71190.023438 73803.093750 61686.320312
122 9.868888 61686.320312 71540.453125 79208.156250 61686.320312
123 9.941131 61686.320312 71432.351562 73803.093750 61686.320312
124 10.034869 61686.320312 71432.351562 73803.093750 61686.320312
125 10.125092 61686.320312 71210.085938 73803.093750 61686.320312
126 10.204954 61686.320312 71210.085938 73803.093750 61686.320312
127 10.288940 61686.320312 71210.085938 73803.093750 61686.320312
128 10.360404 61686.320312 71210.085938 73803.093750 61686.320312
129 10.440477 61686.320312 71210.085938 73803.093750 61686.320312
130 10.520061 61686.320312 71210.078125 73803.093750 61686.320312
131 10.603671 61686.320312 71210.078125 73803.093750 61686.320312
132 10.673953 61686.320312 71210.078125 73803.093750 61686.320312
133 10.751837 61686.320312 71210.078125 73803.093750 61686.320312
134 10.842682 61686.320312 70987.375000 73803.093750 61686.320312
135 10.969654 61686.320312 70987.375000 73803.093750 61686.320312
136 11.077310 61686.320312 70987.375000 73803.093750 61686.320312
137 11.182463 61686.320312 70987.375000 73803.093750 61686.320312
138 11.283858 61686.320312 70987.375000 73803.093750 61686.320312
139 11.376666 61686.320312 71331.718750 78903.531250 61686.320312
140 11.484131 61686.320312 71229.718750 73803.093750 61686.320312
141 11.559486 61686.320312 71229.718750 73803.093750 61686.320312
142 11.635409 61686.320312 71229.718750 73803.093750 61686.320312
143 11.727626 61686.320312 71006.625000 73803.093750 61686.320312
144 11.794402 61686.320312 71006.625000 73803.093750 61686.320312
145 11.863790 61686.320312 71006.625000 73803.093750 61686.320312
146 11.953732 61686.320312 71006.625000 73803.093750 61686.320312
147 12.042573 61686.320312 71006.625000 73803.093750 61686.320312
148 12.110331 61686.320312 71006.625000 73803.093750 61686.320312
149 12.194481 61686.320312 71006.625000 73803.093750 61686.320312
150 12.280450 61686.320312 70838.937500 73803.093750 61686.320312
151 12.349361 61686.320312 70783.328125 73803.093750 61686.320312
152 12.435969 61686.320312 70559.062500 73803.093750 61686.320312
153 12.512771 61686.320312 70559.062500 73803.093750 61686.320312
154 12.585935 61686.320312 70334.015625 73803.093750 61686.320312
155 12.663351 61686.320312 70334.015625 73803.093750 61686.320312
156 12.737991 61686.320312 70334.015625 73803.093750 61686.320312
157 12.794910 61686.320312 70334.015625 73803.093750 61686.320312
158 12.866913 61686.320312 70106.750000 73803.093750 61686.320312
159 12.954567 61686.320312 70106.750000 73803.093750 61686.320312
160 13.035443 61686.320312 70564.078125 84552.476562 61686.320312
161 13.116059 61686.320312 70349.085938 73803.093750 61686.320312
162 13.194399 61686.320312 70349.085938 73803.093750 61686.320312
163 13.273844 61686.320312 70349.085938 73803.093750 61686.320312
164 13.352603 61686.320312 70349.085938 73803.093750 61686.320312
165 13.436737 61686.320312 70349.078125 73803.093750 61686.320312
166 13.514323 61686.320312 70349.078125 73803.093750 61686.320312
167 13.597427 61686.320312 70738.570312 81160.585938 61686.320312
168 13.674754 61686.320312 70591.421875 73803.093750 61686.320312
169 13.757793 61686.320312 70591.421875 73803.093750 61686.320312
170 13.840632 61686.320312 70591.421875 73803.093750 61686.320312
171 13.924424 61686.320312 70591.421875 73803.093750 61686.320312
172 14.002246 61686.320312 70591.421875 73803.093750 61686.320312
173 14.081163 61686.320312 70591.421875 73803.093750 61686.320312
174 14.146324 61686.320312 70360.054688 73803.093750 61686.320312
175 14.233657 61686.320312 70360.054688 73803.093750 61686.320312
176 14.292915 61686.320312 70360.054688 73803.093750 61686.320312
177 14.373924 61686.320312 70360.054688 73803.093750 61686.320312
178 14.452188 61686.320312 70360.054688 73803.093750 61686.320312
179 14.536583 61686.320312 70360.054688 73803.093750 61686.320312
180 14.620343 61686.320312 70360.054688 73803.093750 61686.320312
181 14.699470 61686.320312 70360.054688 73803.093750 61686.320312
182 14.783859 61686.320312 70360.054688 73803.093750 61686.320312
183 14.858239 61686.320312 70360.054688 73803.093750 61686.320312
184 14.932253 61686.320312 70360.054688 73803.093750 61686.320312
185 15.007356 61686.320312 70360.054688 73803.093750 61686.320312
186 15.092548 61686.320312 70360.054688 73803.093750 61686.320312
187 15.169853 61686.320312 70360.054688 73803.093750 61686.320312
188 15.260957 61686.320312 70360.054688 73803.093750 61686.320312
189 15.348444 61686.320312 70126.796875 73803.093750 61686.320312
190 15.423055 61686.320312 70315.187500 73803.093750 61686.320312
191 15.510890 61686.320312 70315.187500 73803.093750 61686.320312
192 15.592784 61686.320312 70315.187500 73803.093750 61686.320312
193 15.684016 61686.320312 70126.796875 73803.093750 61686.320312
194 15.759616 61686.320312 70126.796875 73803.093750 61686.320312
195 15.831996 61686.320312 69893.210938 73803.093750 61686.320312
196 15.903866 61686.320312 69893.210938 73803.093750 61686.320312
197 15.963525 61686.320312 70696.000000 92658.656250 61686.320312
198 16.041288 61686.320312 70651.265625 80570.109375 61686.328125
199 16.107180 61686.320312 70651.265625 80570.109375 61686.328125
200 16.186678 61686.320312 70651.265625 80570.109375 61686.328125
201 16.264256 61686.320312 70651.265625 80570.109375 61686.328125
202 16.330013 61686.320312 70651.265625 80570.109375 61686.328125
203 16.415291 61686.320312 70651.265625 80570.109375 61686.328125
204 16.496319 61686.320312 70651.265625 80570.109375 61686.328125
205 16.575348 61686.320312 70651.265625 80570.109375 61686.328125
206 16.647837 61686.320312 70582.242188 80570.109375 61686.328125
207 16.728054 61686.320312 71665.054688 115827.085938 61686.328125
208 16.805857 61686.320312 71366.648438 92241.320312 61686.328125
209 16.883726 61686.320312 70997.890625 80570.109375 61686.328125
210 16.969477 61686.320312 70997.890625 80570.109375 61686.328125
211 17.044081 61686.320312 70997.890625 80570.109375 61686.328125
212 17.139908 61686.320312 70997.890625 80570.109375 61686.328125
213 17.215788 61686.320312 70997.890625 80570.109375 61686.328125
214 17.302719 61686.320312 70997.890625 80570.109375 61686.328125
215 17.381245 61686.320312 70997.890625 80570.109375 61686.328125
216 17.457277 61686.320312 70997.890625 80570.109375 61686.328125
217 17.552744 61686.320312 70997.890625 80570.109375 61686.328125
218 17.633553 61686.320312 70997.890625 80570.109375 61686.328125
219 17.721121 61686.320312 70763.578125 80570.109375 61686.328125
220 17.813889 61686.320312 70884.296875 80570.109375 61686.328125
221 17.906134 61686.320312 70884.296875 80570.109375 61686.328125
222 17.988068 61686.320312 70884.296875 80570.109375 61686.328125
223 18.059849 61686.320312 70884.289062 80570.109375 61686.328125
224 18.149536 61686.320312 70763.578125 80570.109375 61686.328125
225 18.230499 61686.320312 70763.578125 80570.109375 61686.328125
226 18.305182 61686.320312 70529.023438 80570.109375 61686.328125
227 18.383726 61686.320312 70529.023438 80570.109375 61686.328125
228 18.458813 61686.320312 70529.023438 80570.109375 61686.328125
229 18.533852 61686.320312 70292.421875 80570.109375 61686.328125
230 18.628773 61686.320312 70292.421875 80570.109375 61686.328125
231 18.696898 61686.320312 70313.140625 80570.109375 61686.328125
232 18.762295 61686.320312 70292.421875 80570.109375 61686.328125
233 18.824932 61686.320312 70292.421875 80570.109375 61686.328125
234 18.914379 61686.320312 70292.421875 80570.109375 61686.328125
235 18.990393 61686.320312 70292.421875 80570.109375 61686.328125
236 19.069536 61686.320312 70055.289062 80570.109375 61686.328125
237 19.153477 61686.320312 70055.289062 80570.109375 61686.328125
238 19.240477 61686.320312 70428.437500 80570.109375 61686.328125
239 19.324553 61686.320312 70429.078125 80343.515625 61686.328125
240 19.396584 61686.320312 70429.078125 80343.515625 61686.328125
241 19.475723 61686.320312 70293.093750 80343.515625 61686.328125
242 19.555904 61686.320312 70293.093750 80343.515625 61686.328125
243 19.626881 61686.320312 70053.687500 80343.515625 61686.328125
244 19.697086 61686.320312 70053.687500 80343.515625 61686.328125
245 19.784342 61686.320312 70830.046875 100504.804688 61686.328125
246 19.873629 61686.320312 70296.023438 80343.515625 61686.328125
247 19.964148 61686.320312 70296.023438 80343.515625 61686.328125
248 20.044037 61686.320312 70296.023438 80343.515625 61686.328125
249 20.118128 61686.320312 70296.023438 80343.515625 61686.328125
250 20.202202 61686.320312 70296.023438 80343.515625 61686.328125
251 20.295340 61686.320312 70056.515625 80343.515625 61686.328125
252 20.395308 61686.320312 70056.515625 80343.515625 61686.328125
253 20.480576 61686.320312 70056.515625 80343.515625 61686.328125
254 20.575348 61686.320312 70056.515625 80343.515625 61686.328125
255 20.660660 61686.320312 70056.515625 80343.515625 61686.328125
256 20.740595 61686.320312 70056.515625 80343.515625 61686.328125
257 20.817535 61686.320312 70056.515625 80343.515625 61686.328125
258 20.899340 61686.320312 70056.515625 80343.515625 61686.328125
259 20.971830 61686.320312 70056.515625 80343.515625 61686.328125
260 21.055052 61686.320312 69814.179688 80343.515625 61686.328125
261 21.133743 61686.320312 69814.179688 80343.515625 61686.328125
262 21.207380 61686.320312 69814.179688 80343.515625 61686.328125
263 21.282604 61686.320312 69571.851562 80343.515625 61686.328125
264 21.367428 61686.320312 69571.851562 80343.515625 61686.328125
265 21.460548 61686.320312 69571.851562 80343.515625 61686.328125
266 21.536045 61686.320312 69571.851562 80343.515625 61686.328125
267 21.616928 61686.320312 69571.843750 80343.515625 61686.328125
268 21.690464 61686.320312 69571.843750 80343.515625 61686.328125
269 21.766609 61686.320312 69571.843750 80343.515625 61686.328125
270 21.844496 61686.320312 69571.843750 80343.515625 61686.328125
271 21.921713 61686.320312 69571.843750 80343.515625 61686.328125
272 21.996616 61686.320312 69329.515625 80343.515625 61686.328125
273 22.084225 61686.320312 69329.515625 80343.515625 61686.328125
274 22.167917 61686.320312 69329.515625 80343.515625 61686.328125
275 22.247288 61686.320312 69329.515625 80343.515625 61686.328125
276 22.344412 61686.320312 69329.515625 80343.515625 61686.328125
277 22.430265 61686.320312 69329.515625 80343.515625 61686.328125
278 22.514988 61686.320312 69087.179688 80343.515625 61686.328125
279 22.591587 61686.320312 69509.515625 82803.070312 61686.328125
280 22.666286 61686.320312 69378.710938 82803.070312 61686.328125
281 22.738878 61686.320312 69378.710938 82803.070312 61686.328125
282 22.811628 61686.320312 69378.710938 82803.070312 61686.324219
283 22.892481 61686.320312 69378.710938 82803.070312 61686.324219
284 22.968777 61686.320312 69378.710938 82803.070312 61686.324219
285 23.042984 61686.320312 69378.710938 82803.070312 61686.324219
286 23.113512 61686.320312 69378.710938 82803.070312 61686.324219
287 23.181492 61686.320312 69378.710938 82803.070312 61686.324219
288 23.256372 61686.320312 69136.375000 82803.070312 61686.324219
289 23.336874 61686.320312 69136.375000 82803.070312 61686.324219
290 23.423212 61686.320312 69136.375000 82803.070312 61686.324219
291 23.496389 61686.320312 69136.375000 82803.070312 61686.324219
292 23.580542 61686.320312 69136.375000 82803.070312 61686.324219
293 23.653587 61686.320312 68894.039062 82803.070312 61686.324219
294 23.723904 61686.320312 68894.039062 82803.070312 61686.324219
295 23.797672 61686.320312 68894.039062 82803.070312 61686.324219
296 23.873056 61686.320312 68894.039062 82803.070312 61686.324219
297 23.967512 61686.320312 68894.039062 82803.070312 61686.324219
298 24.060549 61686.320312 68894.039062 82803.070312 61686.324219
299 24.123573 61686.320312 68651.703125 82803.070312 61686.324219
300 24.212839 61686.320312 68651.703125 82803.070312 61686.324219
301 24.290400 61686.320312 68651.703125 82803.070312 61686.324219
302 24.374229 61686.320312 68651.703125 82803.070312 61686.324219
303 24.455551 61686.320312 68651.703125 82803.070312 61686.324219
304 24.537289 61686.320312 68651.703125 82803.070312 61686.324219
305 24.615541 61686.320312 69381.101562 98156.468750 61686.324219
306 24.696835 61686.320312 68894.046875 82803.070312 61686.324219
307 24.784761 61686.320312 68894.046875 82803.070312 61686.324219
308 24.855312 61686.320312 68894.046875 82803.070312 61686.324219
309 24.936678 61686.320312 68651.710938 82803.070312 61686.324219
310 25.016041 61686.320312 68651.710938 82803.070312 61686.324219
311 25.085720 61686.320312 68651.710938 82803.070312 61686.324219
312 25.168011 61686.320312 68651.710938 82803.070312 61686.324219
313 25.253212 61686.320312 68651.710938 82803.070312 61686.324219
314 25.314981 61686.320312 68651.710938 82803.070312 61686.324219
315 25.396021 61686.320312 68651.710938 82803.070312 61686.324219
316 25.485376 61686.320312 68651.710938 82803.070312 61686.324219
317 25.573193 61686.320312 68651.710938 82803.070312 61686.324219
318 25.644053 61686.320312 68651.710938 82803.070312 61686.324219
319 25.724771 61686.320312 68651.710938 82803.070312 61686.324219
320 25.806677 61686.320312 68651.710938 82803.070312 61686.324219
321 25.882160 61686.320312 68651.710938 82803.070312 61686.324219
322 25.959526 61686.320312 68651.710938 82803.070312 61686.324219
323 26.037901 61686.320312 68723.367188 82803.070312 61686.332031
324 26.119724 61686.320312 68552.687500 82803.070312 61686.332031
325 26.202822 61686.320312 68552.687500 82803.070312 61686.332031
326 26.277752 61686.320312 68481.031250 82803.070312 61686.332031
327 26.364372 61686.320312 68481.031250 82803.070312 61686.332031
328 26.443396 61686.320312 68409.375000 82803.070312 61686.332031
329 26.519241 61686.320312 68167.039062 82803.070312 61686.332031
330 26.588852 61686.320312 68167.039062 82803.070312 61686.332031
331 26.672703 61686.320312 68167.039062 82803.070312 61686.332031
332 26.761641 61686.320312 68167.039062 82803.070312 61686.332031
333 26.842752 61686.320312 68167.039062 82803.070312 61686.332031
334 26.912430 61686.320312 67924.703125 82803.070312 61686.332031
335 26.982950 61686.320312 67682.367188 82803.070312 61686.332031
336 27.054415 61686.320312 67853.132812 82803.070312 61686.332031
337 27.117271 61686.320312 67941.976562 82341.257812 61686.332031
338 27.195087 61686.320312 67771.218750 75128.320312 61686.332031
339 27.271881 61686.320312 67771.218750 75128.320312 61686.332031
340 27.351580 61686.320312 67771.218750 75128.320312 61686.332031
341 27.432392 61686.320312 67771.218750 75128.320312 61686.332031
342 27.501616 61686.320312 67771.218750 75128.320312 61686.320312
343 27.586750 61686.320312 67771.218750 75128.320312 61686.320312
344 27.668097 61686.320312 67771.218750 75128.320312 61686.320312
345 27.756840 61686.320312 67771.218750 75128.320312 61686.320312
346 27.830580 61686.320312 67771.218750 75128.320312 61686.320312
347 27.903135 61686.320312 67771.218750 75128.320312 61686.320312
348 27.969992 61686.320312 67771.218750 75128.320312 61686.320312
349 28.059896 61686.320312 67528.882812 75128.320312 61686.320312
350 28.133907 61686.320312 67528.882812 75128.320312 61686.320312
351 28.209232 61686.320312 67528.882812 75128.320312 61686.320312
352 28.305386 61686.320312 68135.351562 92009.750000 61686.320312
353 28.386299 61686.320312 67771.226562 75128.320312 61686.320312
354 28.446814 61686.320312 67771.226562 75128.320312 61686.320312
355 28.528076 61686.320312 67771.226562 75128.320312 61686.320312
356 28.602320 61686.320312 67771.226562 75128.320312 61686.320312
357 28.689215 61686.320312 67973.796875 75128.320312 61686.324219
358 28.768925 61686.320312 67973.796875 75128.320312 61686.324219
359 28.846418 61686.320312 67973.796875 75128.320312 61686.324219
360 28.925629 61686.320312 67973.796875 75128.320312 61686.324219
361 29.005268 61686.320312 67973.796875 75128.320312 61686.324219
362 29.091305 61686.320312 67973.796875 75128.320312 61686.324219
363 29.168991 61686.320312 67973.796875 75128.320312 61686.324219
364 29.248386 61686.320312 67973.796875 75128.320312 61686.324219
365 29.318516 61686.316406 67771.226562 75128.320312 61686.324219
366 29.386984 61686.316406 67771.226562 75128.320312 61686.316406
367 29.454590 61686.316406 67771.226562 75128.320312 61686.316406
368 29.520901 61686.316406 67771.226562 75128.320312 61686.316406
369 29.597769 61686.316406 67771.226562 75128.320312 61686.316406
370 29.675014 61686.316406 67528.890625 75128.320312 61686.316406
371 29.749779 61686.316406 67528.890625 75128.320312 61686.316406
372 29.828672 61686.316406 67528.890625 75128.320312 61686.316406
373 29.910444 61686.316406 67605.625000 75128.320312 61686.316406
374 29.996264 61686.316406 67605.625000 75128.320312 61686.316406
375 30.068085 61686.316406 67605.625000 75128.320312 61686.316406
376 30.155640 61686.316406 67605.625000 75128.320312 61686.316406
377 30.242796 61686.316406 67605.625000 75128.320312 61686.316406
378 30.311516 61686.316406 67605.625000 75128.320312 61686.316406
379 30.391235 61686.316406 67605.625000 75128.320312 61686.316406
380 30.462942 61686.316406 67776.148438 75128.320312 61686.324219
381 30.540916 61686.316406 67877.593750 75128.320312 61686.324219
382 30.624577 61686.316406 68666.656250 101139.429688 61686.335938
383 30.697012 61686.316406 68648.460938 101139.429688 61686.335938
384 30.775181 61686.316406 68648.460938 101139.429688 61686.335938
385 30.849623 61686.316406 68648.460938 101139.429688 61686.335938
386 30.917240 61686.316406 68648.460938 101139.429688 61686.335938
387 31.000015 61686.316406 68648.460938 101139.429688 61686.335938
388 31.088884 61686.316406 68648.460938 101139.429688 61686.335938
389 31.156496 61686.316406 68648.460938 101139.429688 61686.332031
390 31.224316 61686.316406 68648.460938 101139.429688 61686.332031
391 31.311264 61686.316406 68648.460938 101139.429688 61686.332031
392 31.396025 61686.316406 68648.460938 101139.429688 61686.332031
393 31.462664 61686.316406 68648.460938 101139.429688 61686.332031
394 31.549343 61686.316406 68648.460938 101139.429688 61686.332031
395 31.628401 61686.316406 69002.476562 101139.429688 61686.324219
396 31.707657 61686.316406 69002.476562 101139.429688 61686.324219
397 31.790611 61686.316406 69002.476562 101139.429688 61686.324219
398 31.877542 61686.316406 69002.476562 101139.429688 61686.324219
399 31.969110 61686.316406 69002.476562 101139.429688 61686.324219
400 32.032818 61686.316406 68994.179688 101139.429688 61686.324219
401 32.101349 61686.316406 68994.179688 101139.429688 61686.324219
402 32.189548 61686.316406 68994.179688 101139.429688 61686.324219
403 32.272415 61686.316406 68994.179688 101139.429688 61686.324219
404 32.363766 61686.316406 69349.093750 101139.429688 61686.324219
405 32.432671 61686.316406 69349.093750 101139.429688 61686.324219
406 32.500790 61686.316406 69349.093750 101139.429688 61686.324219
407 32.578007 61686.316406 69349.093750 101139.429688 61686.324219
408 32.654747 61686.316406 69349.093750 101139.429688 61686.324219
409 32.745789 61686.316406 69349.093750 101139.429688 61686.324219
410 32.810345 61686.316406 69349.093750 101139.429688 61686.324219
411 32.888752 61686.316406 69349.093750 101139.429688 61686.324219
412 32.966057 61686.316406 69349.093750 101139.429688 61686.324219
413 33.041256 61686.316406 69349.093750 101139.429688 61686.324219
414 33.111145 61686.316406 69349.093750 101139.429688 61686.324219
415 33.183968 61686.316406 69349.093750 101139.429688 61686.324219
416 33.264000 61686.316406 69349.093750 101139.429688 61686.324219
417 33.337288 61686.316406 69349.093750 101139.429688 61686.324219
418 33.425961 61686.316406 69349.093750 101139.429688 61686.324219
419 33.509277 61686.316406 69349.093750 101139.429688 61686.324219
420 33.594440 61686.316406 69272.359375 101139.429688 61686.324219
421 33.670887 61686.316406 69272.359375 101139.429688 61686.324219
422 33.755920 61686.316406 69272.359375 101139.429688 61686.324219
423 33.845825 61686.316406 69272.359375 101139.429688 61686.324219
424 33.927376 61686.316406 69272.359375 101139.429688 61686.324219
425 33.998726 61686.316406 69272.359375 101139.429688 61686.324219
426 34.076508 61686.316406 69272.359375 101139.429688 61686.324219
427 34.148327 61686.316406 69272.359375 101139.429688 61686.324219
428 34.231766 61686.316406 69272.359375 101139.429688 61686.324219
429 34.298622 61686.316406 69272.359375 101139.429688 61686.324219
430 34.370167 61686.316406 69272.359375 101139.429688 61686.324219
431 34.455841 61686.316406 69272.359375 101139.429688 61686.324219
432 34.539921 61686.316406 69272.359375 101139.429688 61686.324219
433 34.613396 61686.316406 69272.359375 101139.429688 61686.324219
434 34.704365 61686.316406 69272.359375 101139.429688 61686.324219
435 34.776279 61686.316406 69101.843750 101139.429688 61686.324219
436 34.841595 61686.316406 69858.351562 101139.429688 61686.324219
437 34.931801 61686.316406 69446.976562 99512.281250 61686.324219
438 35.020569 61686.316406 69446.976562 99512.281250 61686.324219
439 35.091866 61686.316406 69276.453125 99512.281250 61686.324219
440 35.175369 61686.316406 69276.453125 99512.281250 61686.324219
441 35.261215 61686.316406 69276.453125 99512.281250 61686.324219
442 35.345272 61686.316406 69276.453125 99512.281250 61686.324219
443 35.427444 61686.316406 69276.453125 99512.281250 61686.324219
444 35.530083 61686.316406 69276.453125 99512.281250 61686.324219
445 35.634140 61686.316406 69276.453125 99512.281250 61686.324219
446 35.728153 61686.316406 69276.453125 99512.281250 61686.324219
447 35.798409 61686.316406 69276.453125 99512.281250 61686.324219
448 35.877247 61686.316406 69103.187500 99512.281250 61686.324219
449 35.965324 61686.316406 68860.851562 99512.281250 61686.324219
450 36.038784 61686.316406 68860.851562 99512.281250 61686.324219
451 36.125549 61686.316406 68907.078125 99512.281250 61686.324219
452 36.205875 61686.316406 69078.437500 99512.281250 61686.324219
453 36.270821 61686.316406 69553.226562 99512.281250 61686.324219
454 36.346500 61686.316406 69174.398438 85426.320312 61686.324219
455 36.434971 61686.316406 68937.578125 85426.320312 61686.324219
456 36.514580 61686.316406 69353.875000 85426.320312 61686.328125
457 36.600471 61686.316406 69541.953125 85426.320312 61686.328125
458 36.687191 61686.316406 69541.953125 85426.320312 61686.328125
459 36.774181 61686.316406 69315.265625 85426.320312 61686.328125
460 36.841637 61686.316406 69315.265625 85426.320312 61686.328125
461 36.904247 61686.316406 69072.929688 85426.320312 61686.328125
462 36.979633 61686.316406 69072.929688 85426.320312 61686.328125
463 37.042114 61686.316406 69072.929688 85426.320312 61686.328125
464 37.121784 61686.316406 69072.929688 85426.320312 61686.328125
465 37.197708 61686.316406 69072.929688 85426.320312 61686.328125
466 37.271660 61686.316406 69072.929688 85426.320312 61686.328125
467 37.356262 61686.316406 69072.929688 85426.320312 61686.328125
468 37.441032 61686.316406 69661.492188 91114.804688 61686.320312
469 37.515259 61686.316406 69560.242188 85426.320312 61686.320312
470 37.607151 61686.316406 69560.242188 85426.320312 61686.320312
471 37.686218 61686.316406 69560.242188 85426.320312 61686.320312
472 37.773232 61686.316406 69560.242188 85426.320312 61686.320312
473 37.847378 61686.316406 69560.242188 85426.320312 61686.320312
474 37.922318 61686.316406 69560.242188 85426.320312 61686.320312
475 38.001389 61686.316406 69560.242188 85426.320312 61686.320312
476 38.086430 61686.316406 69489.218750 85426.320312 61686.320312
477 38.162876 61686.316406 69489.218750 85426.320312 61686.320312
478 38.244957 61686.316406 69795.632812 85426.320312 61686.320312
479 38.326988 61686.316406 69820.648438 85426.320312 61686.320312
480 38.404041 61686.316406 69820.648438 85426.320312 61686.320312
481 38.481571 61686.316406 69795.632812 85426.320312 61686.320312
482 38.552536 61686.316406 70140.757812 85426.320312 61686.320312
483 38.624313 61686.316406 70140.765625 85426.320312 61686.320312
484 38.686520 61686.316406 70140.765625 85426.320312 61686.320312
485 38.771046 61686.316406 70140.765625 85426.320312 61686.320312
486 38.847378 61686.316406 70140.765625 85426.320312 61686.320312
487 38.927452 61686.316406 70452.117188 85426.320312 61686.320312
488 39.013004 61686.316406 70947.476562 86454.117188 61686.320312
489 39.100163 61686.316406 71013.953125 85426.320312 61686.320312
490 39.180321 61686.316406 71013.960938 85426.320312 61686.320312
491 39.256653 61686.316406 70868.421875 85426.320312 61686.320312
492 39.343605 61686.316406 70868.421875 85426.320312 61686.320312
493 39.414207 61686.316406 70868.421875 85426.320312 61686.320312
494 39.487411 61686.316406 70868.421875 85426.320312 61686.320312
495 39.574272 61686.316406 70868.421875 85426.320312 61686.320312
496 39.662529 61686.316406 70868.421875 85426.320312 61686.320312
497 39.745167 61686.316406 70868.421875 85426.320312 61686.320312
498 39.810047 61686.316406 70868.421875 85426.320312 61686.320312
499 39.880135 61686.316406 70868.421875 85426.320312 61686.320312
500 39.961449 61686.316406 70868.421875 85426.320312 61686.320312
501 40.033287 61686.316406 70868.421875 85426.320312 61686.320312
502 40.105000 61686.316406 70626.085938 85426.320312 61686.320312
503 40.180367 61686.316406 70626.085938 85426.320312 61686.320312
504 40.257858 61686.316406 70626.085938 85426.320312 61686.320312
505 40.342072 61686.316406 70626.085938 85426.320312 61686.320312
506 40.420727 61686.316406 70626.085938 85426.320312 61686.320312
507 40.505600 61686.316406 70626.085938 85426.320312 61686.320312
508 40.578369 61686.316406 70626.085938 85426.320312 61686.320312
509 40.647617 61686.316406 70383.750000 85426.320312 61686.320312
510 40.731209 61686.316406 70383.750000 85426.320312 61686.320312
511 40.800694 61686.316406 70141.414062 85426.320312 61686.320312
512 40.887138 61686.316406 70141.414062 85426.320312 61686.320312
513 40.971912 61686.316406 70141.414062 85426.320312 61686.320312
514 41.047470 61686.316406 69899.078125 85426.320312 61686.320312
515 41.118874 61686.316406 70065.562500 85426.320312 61686.328125
516 41.204193 61686.316406 70058.093750 85426.320312 61686.328125
517 41.294086 61686.316406 69815.757812 85426.320312 61686.328125
518 41.373032 61686.316406 69815.757812 85426.320312 61686.328125
519 41.444778 61686.316406 69815.757812 85426.320312 61686.328125
520 41.507854 61686.316406 69815.757812 85426.320312 61686.328125
521 41.582047 61686.316406 70049.031250 85426.320312 61686.328125
522 41.658028 61686.316406 70049.031250 85426.320312 61686.328125
523 41.727993 61686.316406 69815.757812 85426.320312 61686.328125
524 41.812981 61686.316406 69815.757812 85426.320312 61686.328125
525 41.882481 61686.316406 69815.757812 85426.320312 61686.328125
526 41.954857 61686.316406 69573.421875 85426.320312 61686.328125
527 42.042503 61686.316406 69331.085938 85426.320312 61686.328125
528 42.131161 61686.316406 69331.085938 85426.320312 61686.328125
529 42.214352 61686.316406 69331.085938 85426.320312 61686.328125
530 42.290394 61686.316406 69331.085938 85426.320312 61686.328125
531 42.372108 61686.316406 69331.085938 85426.320312 61686.328125
532 42.462242 61686.316406 70002.382812 95251.328125 61686.328125
533 42.549461 61686.316406 69747.375000 85426.320312 61686.328125
534 42.628437 61686.316406 69747.375000 85426.320312 61686.328125
535 42.710178 61686.316406 69505.039062 85426.320312 61686.328125
536 42.780582 61686.316406 69505.039062 85426.320312 61686.328125
537 42.847576 61686.316406 69262.703125 85426.320312 61686.328125
538 42.931210 61686.316406 69262.703125 85426.320312 61686.328125
539 43.010838 61686.316406 69262.703125 85426.320312 61686.328125
540 43.075733 61686.316406 69262.703125 85426.320312 61686.328125
541 43.157921 61686.316406 69262.703125 85426.320312 61686.328125
542 43.225758 61686.316406 69262.703125 85426.320312 61686.328125
543 43.303825 61686.316406 69262.703125 85426.320312 61686.328125
544 43.385090 61686.316406 69262.703125 85426.320312 61686.328125
545 43.462681 61686.316406 69262.703125 85426.320312 61686.328125
546 43.558056 61686.316406 69020.367188 85426.320312 61686.328125
547 43.645847 61686.316406 69020.367188 85426.320312 61686.328125
548 43.733250 61686.316406 69020.367188 85426.320312 61686.328125
549 43.816177 61686.316406 68778.031250 85426.320312 61686.328125
550 43.889244 61686.316406 68778.031250 85426.320312 61686.328125
551 43.961918 61686.316406 68778.031250 85426.320312 61686.328125
552 44.033367 61686.316406 68778.031250 85426.320312 61686.328125
553 44.114761 61686.316406 68535.695312 85426.320312 61686.328125
554 44.200417 61686.316406 68293.359375 85426.320312 61686.328125
555 44.285595 61686.316406 68293.359375 85426.320312 61686.328125
556 44.368469 61686.316406 68293.359375 85426.320312 61686.328125
557 44.464664 61686.316406 68293.359375 85426.320312 61686.328125
558 44.546104 61686.316406 68293.359375 85426.320312 61686.328125
559 44.630669 61686.316406 68955.390625 88171.312500 61686.332031
560 44.698929 61686.316406 68731.968750 85426.320312 61686.332031
561 44.770409 61686.316406 68731.968750 85426.320312 61686.332031
562 44.856949 61686.316406 68731.968750 85426.320312 61686.332031
563 44.929714 61686.316406 68731.968750 85426.320312 61686.332031
564 45.011513 61686.316406 68731.968750 85426.320312 61686.332031
565 45.084538 61686.316406 68731.968750 85426.320312 61686.320312
566 45.157196 61686.316406 68731.968750 85426.320312 61686.320312
567 45.242950 61686.316406 68731.968750 85426.320312 61686.320312
568 45.320930 61686.316406 68731.968750 85426.320312 61686.320312
569 45.399799 61686.316406 68731.968750 85426.320312 61686.320312
570 45.472847 61686.316406 68731.968750 85426.320312 61686.320312
571 45.545902 61686.316406 68731.968750 85426.320312 61686.320312
572 45.639095 61686.316406 68731.968750 85426.320312 61686.320312
573 45.714481 61686.316406 68731.968750 85426.320312 61686.320312
574 45.799255 61686.316406 69098.031250 85426.320312 61686.320312
575 45.876991 61686.316406 69098.023438 85426.320312 61686.320312
576 45.966152 61686.316406 68965.695312 85426.320312 61686.320312
577 46.063290 61686.316406 69737.226562 106879.359375 61686.320312
578 46.136948 61686.316406 69249.656250 85426.320312 61686.320312
579 46.208256 61686.316406 69249.656250 85426.320312 61686.320312
580 46.298359 61686.316406 69249.656250 85426.320312 61686.320312
581 46.371647 61686.316406 69249.656250 85426.320312 61686.320312
582 46.447002 61686.316406 69249.656250 85426.320312 61686.320312
583 46.528511 61686.316406 69249.656250 85426.320312 61686.320312
584 46.613445 61686.316406 69249.656250 85426.320312 61686.320312
585 46.706951 61686.316406 69007.320312 85426.320312 61686.320312
586 46.784557 61686.316406 69007.320312 85426.320312 61686.320312
587 46.865032 61686.316406 69007.320312 85426.320312 61686.320312
588 46.943695 61686.316406 69007.320312 85426.320312 61686.320312
589 47.028839 61686.316406 69007.320312 85426.320312 61686.320312
590 47.120010 61686.316406 69007.320312 85426.320312 61686.320312
591 47.206558 61686.316406 69007.320312 85426.320312 61686.320312
592 47.287281 61686.316406 68764.984375 85426.320312 61686.320312
593 47.379768 61686.316406 68764.984375 85426.320312 61686.320312
594 47.464703 61686.316406 68764.984375 85426.320312 61686.320312
595 47.547607 61686.316406 68764.984375 85426.320312 61686.320312
596 47.626362 61686.316406 68522.648438 85426.320312 61686.320312
597 47.709698 61686.316406 68522.648438 85426.320312 61686.320312
598 47.794834 61686.316406 68522.648438 85426.320312 61686.320312
599 47.883160 61686.316406 68897.179688 85426.320312 61686.328125
600 47.953873 61686.316406 68897.179688 85426.320312 61686.328125
601 48.025169 61686.316406 68897.179688 85426.320312 61686.328125
602 48.097771 61686.316406 69254.476562 85426.320312 61686.328125
603 48.196030 61686.316406 69254.476562 85426.320312 61686.328125
604 48.274193 61686.316406 69254.476562 85426.320312 61686.328125
605 48.360657 61686.316406 69723.531250 85426.320312 61686.328125
606 48.433647 61686.316406 69670.773438 85426.320312 61686.328125
607 48.518700 61686.316406 69670.773438 85426.320312 61686.328125
608 48.595016 61686.316406 69670.773438 85426.320312 61686.328125
609 48.668488 61686.316406 69428.437500 85426.320312 61686.328125
610 48.733463 61686.316406 69428.437500 85426.320312 61686.328125
611 48.808617 61686.316406 69428.437500 85426.320312 61686.328125
612 48.887840 61686.316406 69428.437500 85426.320312 61686.328125
613 48.964096 61686.316406 69428.437500 85426.320312 61686.328125
614 49.042797 61686.316406 69428.437500 85426.320312 61686.328125
615 49.117222 61686.316406 69428.437500 85426.320312 61686.328125
616 49.187805 61686.316406 69428.437500 85426.320312 61686.328125
617 49.257545 61686.316406 69428.437500 85426.320312 61686.328125
618 49.346436 61686.316406 69186.101562 85426.320312 61686.328125
619 49.414497 61686.316406 69186.101562 85426.320312 61686.328125
620 49.495651 61686.316406 69186.101562 85426.320312 61686.328125
621 49.571095 61686.316406 69186.101562 85426.320312 61686.328125
622 49.655518 61686.316406 69186.101562 85426.320312 61686.328125
623 49.736141 61686.316406 69623.500000 85426.320312 61686.335938
624 49.820747 61686.316406 69608.437500 85426.320312 61686.335938
625 49.886765 61686.316406 69608.437500 85426.320312 61686.335938
626 49.969242 61686.316406 69608.437500 85426.320312 61686.335938
627 50.044212 61686.316406 69608.437500 85426.320312 61686.335938
628 50.126408 61686.316406 69319.875000 85426.320312 61686.335938
629 50.204708 61686.316406 69319.875000 85426.320312 61686.328125
630 50.286217 61686.316406 69319.875000 85426.320312 61686.328125
631 50.381081 61686.316406 69319.875000 85426.320312 61686.328125
632 50.467884 61686.316406 69319.875000 85426.320312 61686.328125
633 50.535938 61686.316406 69319.875000 85426.320312 61686.328125
634 50.620872 61686.316406 69319.875000 85426.320312 61686.328125
635 50.692738 61686.316406 69319.875000 85426.320312 61686.328125
636 50.770409 61686.316406 69319.875000 85426.320312 61686.328125
637 50.855862 61686.316406 69319.875000 85426.320312 61686.328125
638 50.913605 61686.316406 69319.875000 85426.320312 61686.324219
639 50.989048 61686.316406 69319.875000 85426.320312 61686.324219
640 51.078014 61686.316406 69319.875000 85426.320312 61686.324219
641 51.159504 61686.316406 69031.320312 85426.320312 61686.324219
642 51.226624 61686.316406 69031.320312 85426.320312 61686.324219
643 51.299889 61686.316406 69031.320312 85426.320312 61686.324219
644 51.380291 61686.316406 68724.906250 85426.320312 61686.324219
645 51.435982 61686.316406 68724.906250 85426.320312 61686.324219
646 51.529655 61686.316406 69323.773438 91629.992188 61686.324219
647 51.600128 61686.316406 69162.304688 85426.320312 61686.324219
648 51.676041 61686.316406 69162.304688 85426.320312 61686.324219
649 51.736984 61686.316406 68850.945312 85426.320312 61686.324219
650 51.816090 61686.316406 68850.945312 85426.320312 61686.324219
651 51.887516 61686.316406 68505.820312 85426.320312 61686.324219
652 51.981827 61686.316406 68505.820312 85426.320312 61686.324219
653 52.061432 61686.316406 68505.820312 85426.320312 61686.324219
654 52.145977 61686.316406 68505.820312 85426.320312 61686.324219
655 52.234417 61686.316406 68505.820312 85426.320312 61686.324219
656 52.308033 61686.316406 68505.820312 85426.320312 61686.324219
657 52.391232 61686.316406 68150.906250 85426.320312 61686.324219
658 52.473598 61686.316406 68150.906250 85426.320312 61686.324219
659 52.553574 61686.316406 68150.906250 85426.320312 61686.324219
660 52.637711 61686.316406 68150.906250 85426.320312 61686.324219
661 52.719154 61686.316406 68150.906250 85426.320312 61686.324219
662 52.806629 61686.316406 68150.906250 85426.320312 61686.324219
663 52.881489 61686.316406 68150.906250 85426.320312 61686.324219
664 52.955467 61686.316406 67793.609375 85426.320312 61686.324219
665 53.034843 61686.316406 67793.609375 85426.320312 61686.324219
666 53.112873 61686.316406 67793.609375 85426.320312 61686.324219
667 53.199039 61686.316406 67427.562500 85426.320312 61686.324219
668 53.292702 61686.316406 67427.562500 85426.320312 61686.324219
669 53.355537 61686.316406 67053.031250 85426.320312 61686.324219
670 53.428288 61686.316406 67053.031250 85426.320312 61686.324219
671 53.510841 61686.316406 67053.031250 85426.320312 61686.324219
672 53.587185 61686.316406 67051.382812 85426.320312 61686.324219
673 53.678596 61686.316406 67051.382812 85426.320312 61686.324219
674 53.760281 61686.316406 67051.382812 85426.320312 61686.324219
675 53.835579 61686.316406 66675.359375 85426.320312 61686.324219
676 53.906273 61686.316406 66675.359375 85426.320312 61686.324219
677 53.993752 61686.316406 66297.687500 85426.320312 61686.324219
678 54.071575 61686.316406 66297.687500 85426.320312 61686.324219
679 54.149776 61686.316406 66783.335938 85969.070312 61686.324219
680 54.231873 61686.316406 67039.796875 85426.320312 61686.324219
681 54.318909 61686.316406 67039.796875 85426.320312 61686.324219
682 54.412769 61686.316406 67039.796875 85426.320312 61686.324219
683 54.486977 61686.316406 67039.796875 85426.320312 61686.324219
684 54.570648 61686.316406 67039.796875 85426.320312 61686.324219
685 54.651520 61686.316406 66735.078125 85426.320312 61686.324219
686 54.729630 61686.316406 66735.078125 85426.320312 61686.324219
687 54.824272 61686.316406 66357.406250 85426.320312 61686.324219
688 54.905949 61686.316406 66357.406250 85426.320312 61686.324219
689 55.004749 61686.316406 66357.406250 85426.320312 61686.324219
690 55.076069 61686.316406 66357.406250 85426.320312 61686.324219
691 55.156540 61686.316406 66840.476562 85839.937500 61686.324219
692 55.221161 61686.316406 66794.796875 85426.320312 61686.324219
693 55.297276 61686.316406 66794.796875 85426.320312 61686.324219
694 55.370552 61686.316406 66794.796875 85426.320312 61686.324219
695 55.452744 61686.316406 66794.796875 85426.320312 61686.324219
696 55.547699 61686.316406 66385.984375 85426.320312 61686.324219
697 55.627613 61686.316406 66385.984375 85426.320312 61686.324219
698 55.708656 61686.316406 65977.171875 85426.320312 61686.324219
699 55.787380 61686.316406 65977.171875 85426.320312 61686.324219
700 55.862568 61686.316406 65977.171875 85426.320312 61686.324219
701 55.939869 61686.316406 66405.171875 85426.320312 61686.320312
702 56.022366 61686.316406 66619.531250 85426.320312 61686.320312
703 56.106331 61686.316406 66619.531250 85426.320312 61686.320312
704 56.190414 61686.316406 66619.531250 85426.320312 61686.320312
705 56.276199 61686.316406 66619.531250 85426.320312 61686.320312
706 56.355984 61686.316406 66619.531250 85426.320312 61686.320312
707 56.449963 61686.316406 66619.531250 85426.320312 61686.320312
708 56.537903 61686.316406 66619.531250 85426.320312 61686.320312
709 56.614727 61686.316406 66619.531250 85426.320312 61686.320312
710 56.702492 61686.316406 66619.531250 85426.320312 61686.320312
711 56.792423 61686.316406 66619.531250 85426.320312 61686.320312
712 56.861786 61686.316406 66797.757812 85426.320312 61686.320312
713 56.927269 61686.316406 66797.757812 85426.320312 61686.320312
714 57.007099 61686.316406 66797.757812 85426.320312 61686.320312
715 57.088127 61686.316406 66960.296875 85426.320312 61686.320312
716 57.162251 61686.316406 66960.296875 85426.320312 61686.320312
717 57.245735 61686.316406 66960.296875 85426.320312 61686.320312
718 57.329315 61686.316406 66960.296875 85426.320312 61686.320312
719 57.406368 61686.316406 66797.757812 85426.320312 61686.320312
720 57.480465 61686.316406 66797.757812 85426.320312 61686.320312
721 57.560192 61686.316406 66797.757812 85426.320312 61686.320312
722 57.635330 61686.316406 66797.757812 85426.320312 61686.320312
723 57.709454 61686.316406 66797.757812 85426.320312 61686.320312
724 57.786812 61686.316406 66797.757812 85426.320312 61686.320312
725 57.871593 61686.316406 66797.757812 85426.320312 61686.320312
726 57.945869 61686.316406 66797.757812 85426.320312 61686.320312
727 58.023521 61686.316406 66797.757812 85426.320312 61686.320312
728 58.099487 61686.316406 66797.757812 85426.320312 61686.320312
729 58.186543 61686.316406 66797.757812 85426.320312 61686.320312
730 58.272114 61686.316406 66797.757812 85426.320312 61686.320312
731 58.351559 61686.316406 66797.757812 85426.320312 61686.320312
732 58.427143 61686.316406 66405.164062 85426.320312 61686.320312
733 58.512039 61686.316406 66405.164062 85426.320312 61686.320312
734 58.586838 61686.316406 66405.164062 85426.320312 61686.320312
735 58.674698 61686.316406 66405.164062 85426.320312 61686.320312
736 58.763885 61686.316406 66405.164062 85426.320312 61686.320312
737 58.838902 61686.316406 65988.875000 85426.320312 61686.320312
738 58.934666 61686.316406 65988.875000 85426.320312 61686.320312
739 59.003658 61686.316406 65988.875000 85426.320312 61686.320312
740 59.096416 61686.316406 65988.875000 85426.320312 61686.320312
741 59.177120 61686.316406 65988.875000 85426.320312 61686.320312
742 59.253105 61686.316406 65572.585938 85426.320312 61686.320312
743 59.335693 61686.316406 65572.585938 85426.320312 61686.320312
744 59.427998 61686.316406 65572.585938 85426.320312 61686.320312
745 59.514458 61686.316406 65572.585938 85426.320312 61686.320312
746 59.599003 61686.316406 65572.585938 85426.320312 61686.320312
747 59.667370 61686.316406 65572.585938 85426.320312 61686.320312
748 59.752529 61686.316406 65156.296875 85426.320312 61686.320312
749 59.832703 61686.316406 65156.296875 85426.320312 61686.320312
750 59.908165 61686.316406 65156.296875 85426.320312 61686.320312
751 59.990444 61686.316406 65156.296875 85426.320312 61686.320312
752 60.082836 61686.316406 65014.214844 85426.320312 61686.320312
753 60.160107 61686.316406 65014.210938 85426.320312 61686.320312
754 60.230045 61686.316406 65014.210938 85426.320312 61686.320312
755 60.296761 61686.316406 65014.210938 85426.320312 61686.320312
756 60.356716 61686.316406 65014.210938 85426.320312 61686.320312
757 60.432629 61686.316406 65014.210938 85426.320312 61686.320312
758 60.514942 61686.316406 64740.003906 85426.320312 61686.320312
759 60.619511 61686.316406 64740.003906 85426.320312 61686.320312
760 60.731472 61686.316406 64740.003906 85426.320312 61686.320312
761 60.810337 61686.316406 64740.003906 85426.320312 61686.320312
762 60.899738 61686.316406 64740.003906 85426.320312 61686.320312
763 60.985367 61686.316406 64740.003906 85426.320312 61686.320312
764 61.075111 61686.316406 65395.574219 94464.906250 61686.320312
765 61.146446 61686.316406 65177.398438 85426.320312 61686.320312
766 61.223454 61686.316406 65177.398438 85426.320312 61686.320312
767 61.312004 61686.316406 65177.398438 85426.320312 61686.320312
768 61.390461 61686.316406 65177.398438 85426.320312 61686.320312
769 61.458694 61686.316406 65177.398438 85426.320312 61686.320312
770 61.538223 61686.316406 65177.398438 85426.320312 61686.320312
771 61.616081 61686.316406 65177.398438 85426.320312 61686.320312
772 61.695095 61686.316406 64761.109375 85426.320312 61686.320312
773 61.759426 61686.316406 64761.109375 85426.320312 61686.320312
774 61.839539 61686.316406 64761.109375 85426.320312 61686.320312
775 61.921776 61686.316406 64761.109375 85426.320312 61686.320312
776 61.989433 61686.316406 64338.781250 85426.320312 61686.320312
777 62.057655 61686.316406 64338.781250 85426.320312 61686.320312
778 62.139267 61686.316406 64338.781250 85426.320312 61686.320312
779 62.224072 61686.316406 64338.781250 85426.320312 61686.320312
780 62.302177 61686.316406 64338.781250 85426.320312 61686.320312
781 62.379238 61686.316406 64503.730469 85426.320312 61686.320312
782 62.472588 61686.316406 64287.148438 85426.320312 61686.320312
783 62.565685 61686.316406 64287.148438 85426.320312 61686.320312
784 62.645641 61686.316406 64240.675781 85426.320312 61686.320312
785 62.726219 61686.316406 64240.675781 85426.320312 61686.320312
786 62.800678 61686.316406 64240.675781 85426.320312 61686.320312
787 62.871567 61686.316406 64240.675781 85426.320312 61686.320312
788 62.967949 61686.316406 64240.675781 85426.320312 61686.320312
789 63.043625 61686.316406 64240.675781 85426.320312 61686.320312
790 63.107700 61686.316406 64075.730469 85426.320312 61686.320312
791 63.195366 61686.316406 64075.730469 85426.320312 61686.320312
792 63.288788 61686.316406 64075.730469 85426.320312 61686.320312
793 63.368679 61686.316406 64075.730469 85426.320312 61686.320312
794 63.454941 61686.316406 64075.730469 85426.320312 61686.320312
795 63.531345 61686.316406 64075.730469 85426.320312 61686.320312
796 63.604774 61686.316406 64075.730469 85426.320312 61686.320312
797 63.683777 61686.316406 64339.820312 85426.320312 61686.320312
798 63.765514 61686.316406 64339.820312 85426.320312 61686.320312
799 63.849316 61686.316406 64174.875000 85426.320312 61686.320312
800 63.924267 61686.316406 64174.875000 85426.320312 61686.320312
801 64.002899 61686.316406 64174.875000 85426.320312 61686.320312
802 64.089867 61686.316406 63910.785156 85426.320312 61686.320312
803 64.158310 61686.316406 63910.785156 85426.320312 61686.320312
804 64.212486 61686.316406 63910.785156 85426.320312 61686.320312
805 64.285126 61686.316406 63910.785156 85426.320312 61686.320312
806 64.366074 61686.316406 63473.390625 85426.320312 61686.320312
807 64.444489 61686.316406 63473.390625 85426.320312 61686.320312
808 64.540833 61686.316406 63473.390625 85426.320312 61686.320312
809 64.614380 61686.316406 63473.390625 85426.320312 61686.320312
810 64.699883 61686.316406 63473.390625 85426.320312 61686.320312
811 64.786285 61686.316406 63473.390625 85426.320312 61686.320312
812 64.866920 61686.316406 63473.390625 85426.320312 61686.320312
813 64.948471 61686.316406 63473.390625 85426.320312 61686.320312
814 65.018951 61686.316406 63473.390625 85426.320312 61686.320312
815 65.095032 61686.316406 63473.390625 85426.320312 61686.320312
816 65.165077 61686.316406 63473.390625 85426.320312 61686.320312
817 65.251045 61686.316406 63473.390625 85426.320312 61686.320312
818 65.335808 61686.316406 63473.390625 85426.320312 61686.320312
819 65.400490 61686.316406 63473.390625 85426.320312 61686.320312
820 65.472916 61686.316406 63473.390625 85426.320312 61686.320312
821 65.555099 61686.316406 63473.390625 85426.320312 61686.320312
822 65.634094 61686.316406 63473.390625 85426.320312 61686.320312
823 65.714012 61686.316406 63473.390625 85426.320312 61686.320312
824 65.782753 61686.316406 63473.390625 85426.320312 61686.320312
825 65.856094 61686.316406 63473.390625 85426.320312 61686.320312
826 65.939735 61686.316406 63473.390625 85426.320312 61686.320312
827 66.022247 61686.316406 63473.390625 85426.320312 61686.320312
828 66.109642 61686.316406 63473.390625 85426.320312 61686.320312
829 66.184273 61686.316406 63473.390625 85426.320312 61686.320312
830 66.267723 61686.316406 63473.390625 85426.320312 61686.320312
831 66.352783 61686.316406 63473.390625 85426.320312 61686.320312
832 66.427879 61686.316406 63473.390625 85426.320312 61686.320312
833 66.507652 61686.316406 63473.390625 85426.320312 61686.320312
834 66.572250 61686.316406 63473.390625 85426.320312 61686.320312
835 66.657501 61686.316406 63473.390625 85426.320312 61686.320312
836 66.731857 61686.316406 63473.390625 85426.320312 61686.320312
837 66.804153 61686.316406 63861.878906 85426.320312 61686.328125
838 66.878883 61686.316406 63861.878906 85426.320312 61686.328125
839 66.955307 61686.316406 63861.878906 85426.320312 61686.328125
840 67.034279 61686.316406 63861.878906 85426.320312 61686.328125
841 67.100143 61686.316406 63861.878906 85426.320312 61686.328125
842 67.164711 61686.316406 63861.878906 85426.320312 61686.328125
843 67.238762 61686.316406 63861.878906 85426.320312 61686.328125
844 67.309517 61686.316406 63861.878906 85426.320312 61686.328125
845 67.383011 61686.316406 63861.878906 85426.320312 61686.328125
846 67.472107 61686.316406 64499.039062 93544.351562 61686.328125
847 67.544685 61686.316406 64365.253906 85426.320312 61686.320312
848 67.639091 61686.316406 64365.261719 85426.320312 61686.320312
849 67.729218 61686.316406 64365.261719 85426.320312 61686.320312
850 67.806717 61686.316406 64365.261719 85426.320312 61686.320312
851 67.893806 61686.316406 64365.261719 85426.320312 61686.320312
852 67.982689 61686.316406 65129.070312 99877.093750 61686.320312
853 68.059181 61686.316406 64802.656250 85426.320312 61686.320312
854 68.128250 61686.316406 64802.656250 85426.320312 61686.320312
855 68.188332 61686.316406 64736.671875 85426.320312 61686.320312
856 68.265938 61686.316406 64736.671875 85426.320312 61686.320312
857 68.343254 61686.316406 64348.179688 85426.320312 61686.320312
858 68.417343 61686.316406 64348.179688 85426.320312 61686.320312
859 68.499229 61686.316406 64348.179688 85426.320312 61686.320312
860 68.580597 61686.316406 64348.179688 85426.320312 61686.320312
861 68.647705 61686.316406 64649.550781 85426.320312 61686.320312
862 68.719330 61686.316406 64649.554688 85426.320312 61686.320312
863 68.801918 61686.316406 64649.554688 85426.320312 61686.320312
864 68.867973 61686.316406 64649.554688 85426.320312 61686.320312
865 68.941978 61686.316406 64649.554688 85426.320312 61686.320312
