0 0.000001 69842.484375 72863.859375 75466.179688 69842.484375
1 0.087347 69647.851562 72863.859375 75466.179688 69842.484375
2 0.173342 68968.156250 72800.976562 75466.179688 69647.851562
3 0.277395 68447.218750 72471.406250 75466.179688 68968.156250
4 0.360944 68230.343750 72245.367188 75466.179688 68447.218750
5 0.460878 67754.906250 72086.257812 75466.179688 68230.343750
6 0.555224 67277.492188 71880.039062 75466.179688 67754.906250
7 0.638642 67053.062500 71722.406250 74217.648438 67277.492188
8 0.722058 66579.601562 71606.507812 74217.648438 67053.062500
9 0.795851 66434.898438 71491.359375 74217.648438 66579.601562
10 0.890680 66298.445312 71418.500000 74217.648438 66434.898438
11 0.980905 65830.656250 71319.523438 74217.648438 66298.445312
12 1.063698 65702.812500 71240.421875 74217.648438 65830.656250
13 1.157413 65417.238281 71128.328125 74217.648438 65702.812500
14 1.253917 65226.105469 71557.812500 91504.429688 65417.238281
15 1.346888 64960.804688 71020.773438 74217.648438 65226.105469
16 1.449961 64538.890625 70934.687500 74217.648438 64960.804688
17 1.547031 64429.507812 71354.156250 89974.742188 64538.890625
18 1.632352 64429.507812 70820.101562 74217.648438 64429.507812
19 1.715726 64359.992188 70764.187500 74217.648438 64429.507812
20 1.814838 64236.105469 70746.718750 74217.648438 64359.992188
21 1.903231 64185.691406 71159.226562 89894.265625 64236.105469
22 1.987332 64185.691406 70650.476562 74217.648438 64185.691406
23 2.066712 64111.824219 70609.976562 74217.648438 64185.691406
24 2.176904 64078.167969 70580.695312 74217.648438 64111.824219
25 2.283565 63881.386719 70746.968750 74217.648438 64078.167969
26 2.375667 63812.207031 70529.250000 73831.851562 63881.386719
27 2.461781 63724.378906 70511.687500 73831.851562 63812.207031
28 2.553859 63422.148438 71295.992188 110334.773438 63724.378906
29 2.639393 63422.148438 71076.187500 110334.773438 63422.148438
30 2.724721 63331.632812 71041.671875 110334.773438 63422.148438
31 2.820185 63155.933594 71005.046875 110334.773438 63331.632812
32 2.911770 63118.304688 70980.242188 110334.773438 63155.933594
33 3.009284 63069.984375 71247.265625 110334.773438 63118.304688
34 3.109850 63060.578125 71034.476562 110334.773438 63069.984375
35 3.202113 62970.453125 71012.992188 110334.773438 63060.578125
36 3.294460 62961.046875 70998.304688 110334.773438 62970.453125
37 3.397933 62952.433594 71255.453125 110334.773438 62961.046875
38 3.483340 62350.734375 70779.632812 85903.570312 62952.433594
39 3.579134 62350.734375 70311.687500 78900.953125 62350.734375
40 3.660263 62343.710938 70302.406250 78900.953125 62350.734375
41 3.760967 62343.710938 70269.765625 78900.953125 62343.710938
42 3.845893 62343.710938 70254.593750 78900.953125 62343.710938
43 3.945766 62228.832031 70234.992188 78900.953125 62343.710938
44 4.044135 62225.027344 70203.437500 78900.953125 62228.832031
45 4.143996 62225.027344 70435.617188 78900.953125 62225.027344
46 4.235876 62135.000000 70120.968750 77867.898438 62225.027344
47 4.313313 62110.148438 70099.781250 77867.898438 62135.000000
48 4.404531 62110.148438 70082.554688 77867.898438 62110.148438
49 4.502289 62110.148438 70069.585938 77867.898438 62110.148438
50 4.597000 62074.367188 70066.406250 77867.898438 62110.148438
51 4.682606 62074.367188 70052.132812 77867.898438 62074.367188
52 4.765315 62024.578125 70045.523438 77867.898438 62074.367188
53 4.866573 62003.597656 70034.781250 77867.898438 62024.578125
54 4.957925 62003.597656 70352.742188 79138.562500 62003.597656
55 5.062583 61997.046875 70032.492188 77867.898438 62003.597656
56 5.166677 61997.046875 70015.546875 77867.898438 61997.046875
57 5.273143 61997.046875 70010.507812 77867.898438 61997.046875
58 5.358202 61997.046875 70010.242188 77867.898438 61997.046875
59 5.446331 61973.625000 70429.515625 84462.203125 61997.046875
60 5.538408 61973.625000 69998.671875 77867.898438 61973.625000
61 5.628008 61973.625000 70065.570312 77867.898438 61973.625000
62 5.716994 61973.625000 70061.992188 77867.898438 61973.625000
63 5.796557 61973.625000 70055.171875 77867.898438 61973.625000
64 5.880125 61973.625000 70174.671875 77867.898438 61973.625000
65 5.982788 61973.625000 70145.195312 77867.898438 61973.625000
66 6.071465 61973.625000 70104.992188 77867.898438 61973.625000
67 6.162324 61973.625000 69967.257812 77867.898438 61973.625000
68 6.256211 61973.625000 69902.382812 77867.898438 61973.625000
69 6.338552 61973.625000 69537.460938 77867.898438 61973.625000
70 6.440927 61973.625000 69114.062500 77867.898438 61973.625000
71 6.536467 61973.625000 68649.570312 77867.898438 61973.625000
72 6.630562 61973.625000 68183.523438 77867.898438 61973.625000
73 6.724921 61973.625000 67717.476562 77867.898438 61973.625000
74 6.812021 61973.625000 67251.437500 77867.898438 61973.625000
75 6.888381 61973.625000 66785.390625 77867.898438 61973.625000
76 6.977767 61973.625000 66319.343750 77867.898438 61973.625000
77 7.081382 61973.625000 66270.390625 82827.921875 61973.625000
78 7.167778 61973.625000 65624.414062 77867.898438 61973.625000
79 7.266441 61973.625000 65158.375000 77867.898438 61973.625000
80 7.350270 61973.625000 64692.324219 77867.898438 61973.625000
81 7.427718 61973.625000 64222.136719 77867.898438 61973.625000
82 7.511298 61973.625000 63751.945312 77867.898438 61973.625000
83 7.605076 61973.625000 63277.613281 77867.898438 61973.625000
84 7.694630 61973.625000 62803.285156 77867.898438 61973.625000
85 7.783878 61973.625000 62248.230469 75705.195312 61973.625000
86 7.873868 61973.625000 61973.589844 61973.625000 61973.625000
87 7.967896 61973.625000 61973.589844 61973.625000 61973.625000
88 8.059494 61973.625000 62157.199219 71154.570312 61973.625000
89 8.142706 61973.625000 61973.589844 61973.625000 61973.625000
90 8.238758 61973.625000 61973.589844 61973.625000 61973.625000
91 8.327111 61973.625000 61973.589844 61973.625000 61973.625000
92 8.415113 61973.625000 61973.589844 61973.625000 61973.625000
93 8.504030 61973.625000 61973.589844 61973.625000 61973.625000
94 8.588163 61973.625000 61973.589844 61973.625000 61973.625000
95 8.687237 61973.625000 61973.589844 61973.625000 61973.625000
96 8.773960 61973.625000 61973.589844 61973.625000 61973.625000
97 8.872569 61973.625000 61973.589844 61973.625000 61973.625000
98 8.948846 61973.625000 61973.589844 61973.625000 61973.625000
99 9.033565 61973.625000 61973.589844 61973.625000 61973.625000
100 9.136935 61973.625000 61973.589844 61973.625000 61973.625000
101 9.216210 61973.625000 61973.589844 61973.625000 61973.625000
102 9.293692 61973.625000 61973.589844 61973.625000 61973.625000
103 9.402155 61973.625000 62508.679688 88728.234375 61973.625000
104 9.497848 61973.625000 62537.390625 90163.710938 61973.625000
105 9.601345 61973.625000 61973.589844 61973.625000 61973.625000
106 9.706496 61973.625000 61973.589844 61973.625000 61973.625000
107 9.807570 61973.625000 61973.589844 61973.625000 61973.625000
108 9.907933 61973.625000 61973.589844 61973.625000 61973.625000
109 9.995839 61973.625000 61973.589844 61973.625000 61973.625000
110 10.072829 61973.625000 61973.589844 61973.625000 61973.625000
111 10.156183 61973.625000 61973.589844 61973.625000 61973.625000
112 10.241423 61973.625000 61973.589844 61973.625000 61973.625000
113 10.326128 61973.625000 61973.589844 61973.625000 61973.625000
114 10.410144 61973.625000 61973.589844 61973.625000 61973.625000
115 10.507346 61973.625000 61973.589844 61973.625000 61973.625000
116 10.598199 61973.625000 61973.589844 61973.625000 61973.625000
117 10.682004 61973.625000 61973.589844 61973.625000 61973.625000
118 10.769419 61973.625000 62524.671875 89527.656250 61973.625000
119 10.861605 61973.625000 61973.589844 61973.625000 61973.625000
120 10.956060 61973.625000 61973.589844 61973.625000 61973.625000
121 11.055215 61973.625000 61973.589844 61973.625000 61973.625000
122 11.151437 61973.625000 61973.589844 61973.625000 61973.625000
123 11.247696 61973.625000 62540.281250 90308.164062 61973.625000
124 11.344089 61973.625000 61973.589844 61973.625000 61973.625000
125 11.438974 61973.625000 61973.589844 61973.625000 61973.625000
126 11.530354 61973.625000 61973.589844 61973.625000 61973.625000
127 11.609723 61973.625000 61973.589844 61973.625000 61973.625000
128 11.697835 61973.625000 61973.589844 61973.625000 61973.625000
129 11.773459 61973.625000 61973.589844 61973.625000 61973.625000
130 11.866723 61973.625000 61973.589844 61973.625000 61973.625000
131 11.939703 61973.625000 61973.589844 61973.625000 61973.625000
132 12.018783 61973.625000 61973.589844 61973.625000 61973.625000
133 12.107115 61973.625000 61973.589844 61973.625000 61973.625000
134 12.203027 61973.625000 62522.558594 76038.164062 61973.625000
135 12.287312 61973.625000 62254.886719 76038.164062 61973.625000
136 12.377365 61973.625000 62185.210938 72554.789062 61973.625000
137 12.475439 61973.625000 61973.589844 61973.625000 61973.625000
138 12.580087 61973.625000 62104.789062 68534.070312 61973.625000
139 12.669841 61973.625000 62063.480469 66468.468750 61973.625000
140 12.765637 61973.625000 61973.589844 61973.625000 61973.625000
141 12.854353 61973.625000 61973.589844 61973.625000 61973.625000
142 12.944219 61973.625000 61973.589844 61973.625000 61973.625000
143 13.030727 61973.625000 61973.589844 61973.625000 61973.625000
144 13.130203 61973.625000 61973.589844 61973.625000 61973.625000
145 13.220456 61973.625000 61973.589844 61973.625000 61973.625000
146 13.310392 61973.625000 61973.589844 61973.625000 61973.625000
147 13.404334 61973.625000 61973.589844 61973.625000 61973.625000
148 13.490597 61973.625000 61973.589844 61973.625000 61973.625000
149 13.572910 61973.625000 61973.589844 61973.625000 61973.625000
150 13.663300 61973.625000 62145.808594 70584.710938 61973.625000
151 13.753324 61973.625000 62016.859375 64137.367188 61973.625000
152 13.847481 61973.625000 62163.031250 71445.773438 61973.625000
153 13.937121 61973.625000 62027.218750 64655.523438 61973.625000
154 14.028032 61973.625000 61973.589844 61973.625000 61973.625000
155 14.107565 61973.625000 61973.589844 61973.625000 61973.625000
156 14.207854 61973.625000 61973.589844 61973.625000 61973.625000
157 14.301521 61973.625000 61973.589844 61973.625000 61973.625000
158 14.409708 61973.625000 62027.851562 64686.593750 61973.625000
159 14.501968 61973.625000 61973.589844 61973.625000 61973.625000
160 14.597368 61973.625000 61973.589844 61973.625000 61973.625000
161 14.684972 61973.625000 61973.589844 61973.625000 61973.625000
162 14.782653 61973.625000 61973.589844 61973.625000 61973.625000
163 14.862653 61973.625000 61973.589844 61973.625000 61973.625000
164 14.947079 61973.625000 61973.589844 61973.625000 61973.625000
165 15.041195 61973.625000 61973.589844 61973.625000 61973.625000
166 15.127470 61973.625000 62240.929688 75340.679688 61973.625000
167 15.210780 61973.625000 62049.859375 65787.414062 61973.625000
168 15.284414 61973.625000 62051.960938 65892.554688 61973.625000
169 15.362840 61973.625000 62051.968750 65892.554688 61973.625000
170 15.461184 61973.625000 62465.578125 86573.289062 61973.625000
171 15.557888 61973.625000 62025.320312 64560.199219 61973.625000
172 15.640709 61973.625000 61973.589844 61973.625000 61973.625000
173 15.733729 61973.625000 62358.679688 81228.320312 61973.625000
174 15.826444 61973.625000 61973.589844 61973.625000 61973.625000
175 15.914631 61973.625000 61973.589844 61973.625000 61973.625000
176 16.010691 61973.625000 61973.589844 61973.625000 61973.625000
177 16.100121 61973.625000 62757.570312 101172.906250 61973.625000
178 16.195047 61973.625000 61991.589844 62873.886719 61973.625000
179 16.269535 61973.625000 61999.261719 63257.433594 61973.625000
180 16.363598 61973.625000 61973.589844 61973.625000 61973.625000
181 16.480871 61973.625000 61973.589844 61973.625000 61973.625000
182 16.579208 61973.625000 61973.589844 61973.625000 61973.625000
183 16.663811 61973.625000 61973.589844 61973.625000 61973.625000
184 16.757780 61973.625000 61973.589844 61973.625000 61973.625000
185 16.840176 61973.625000 61973.589844 61973.625000 61973.625000
186 16.930971 61973.625000 61973.589844 61973.625000 61973.625000
187 17.004223 61973.625000 61973.589844 61973.625000 61973.625000
188 17.097891 61973.625000 61973.589844 61973.625000 61973.625000
189 17.189217 61973.625000 61973.589844 61973.625000 61973.625000
190 17.278885 61973.625000 61973.589844 61973.625000 61973.625000
191 17.362177 61973.625000 61973.589844 61973.625000 61973.625000
192 17.458832 61973.625000 61973.589844 61973.625000 61973.625000
193 17.559452 61973.625000 61973.589844 61973.625000 61973.625000
194 17.657272 61973.625000 61973.589844 61973.625000 61973.625000
195 17.765768 61973.625000 61973.589844 61973.625000 61973.625000
196 17.857359 61973.625000 61973.589844 61973.625000 61973.625000
197 17.959000 61973.625000 61973.589844 61973.625000 61973.625000
198 18.060465 61973.625000 61973.589844 61973.625000 61973.625000
199 18.140171 61973.625000 61973.589844 61973.625000 61973.625000
200 18.233971 61973.625000 61973.589844 61973.625000 61973.625000
201 18.332869 61973.625000 61973.589844 61973.625000 61973.625000
202 18.422501 61973.625000 61973.589844 61973.625000 61973.625000
203 18.518732 61973.625000 62147.378906 70663.156250 61973.625000
204 18.609964 61973.625000 62987.378906 91331.140625 61973.625000
205 18.706205 61973.625000 62603.503906 91331.140625 61973.625000
206 18.796679 61973.625000 62560.746094 91331.140625 61973.625000
207 18.877228 61973.625000 61973.589844 61973.625000 61973.625000
208 18.964994 61973.625000 62208.859375 73737.304688 61973.625000
209 19.058992 61973.625000 61973.589844 61973.625000 61973.625000
210 19.154884 61973.625000 61973.589844 61973.625000 61973.625000
211 19.250933 61973.625000 61973.589844 61973.625000 61973.625000
212 19.350904 61973.625000 61973.589844 61973.625000 61973.625000
213 19.434944 61973.625000 61973.589844 61973.625000 61973.625000
214 19.528788 61973.625000 61973.589844 61973.625000 61973.625000
215 19.621672 61973.625000 61973.589844 61973.625000 61973.625000
216 19.729412 61973.625000 61973.589844 61973.625000 61973.625000
217 19.809233 61973.625000 61973.589844 61973.625000 61973.625000
218 19.906797 61973.625000 61973.589844 61973.625000 61973.625000
219 19.989380 61973.625000 61973.589844 61973.625000 61973.625000
220 20.064606 61973.625000 62999.558594 113272.445312 61973.625000
221 20.164091 61973.625000 62000.351562 63311.878906 61973.625000
222 20.253330 61973.625000 62270.371094 76812.726562 61973.625000
223 20.345936 61973.625000 62384.039062 82496.265625 61973.625000
224 20.445324 61973.625000 61973.589844 61973.625000 61973.625000
225 20.536936 61973.625000 61973.589844 61973.625000 61973.625000
226 20.622885 61973.625000 62395.750000 83082.023438 61973.625000
227 20.704037 61973.625000 62258.898438 76239.429688 61973.625000
228 20.793884 61973.625000 62037.128906 65151.050781 61973.625000
229 20.883715 61973.625000 62581.878906 92388.460938 61973.625000
230 20.971989 61973.625000 61973.589844 61973.625000 61973.625000
231 21.079075 61973.625000 62229.750000 74781.929688 61973.625000
232 21.192919 61973.625000 62047.980469 65693.539062 61973.625000
233 21.282703 61973.625000 62045.898438 65589.460938 61973.625000
234 21.365889 61973.625000 61978.171875 62202.933594 61973.625000
235 21.468542 61973.625000 61973.589844 61973.625000 61973.625000
236 21.552729 61973.625000 62170.250000 71806.601562 61973.625000
237 21.647566 61973.625000 62163.128906 71451.046875 61973.625000
238 21.740952 61973.625000 61973.589844 61973.625000 61973.625000
239 21.843222 61973.625000 61973.589844 61973.625000 61973.625000
240 21.935312 61973.625000 61973.589844 61973.625000 61973.625000
241 22.020979 61973.625000 61973.589844 61973.625000 61973.625000
242 22.111273 61973.625000 61973.589844 61973.625000 61973.625000
243 22.202532 61973.625000 61973.589844 61973.625000 61973.625000
244 22.289677 61973.625000 61973.589844 61973.625000 61973.625000
245 22.392380 61973.625000 61973.589844 61973.625000 61973.625000
246 22.483156 61973.625000 61973.589844 61973.625000 61973.625000
247 22.579241 61973.625000 61973.589844 61973.625000 61973.625000
248 22.650019 61973.625000 61973.589844 61973.625000 61973.625000
249 22.732588 61973.625000 61973.589844 61973.625000 61973.625000
250 22.836008 61973.625000 61973.589844 61973.625000 61973.625000
251 22.925816 61973.625000 61973.589844 61973.625000 61973.625000
252 23.020500 61973.625000 61973.589844 61973.625000 61973.625000
253 23.120083 61973.625000 61973.589844 61973.625000 61973.625000
254 23.204964 61973.625000 61973.589844 61973.625000 61973.625000
255 23.276386 61973.625000 61973.589844 61973.625000 61973.625000
256 23.361382 61973.625000 61973.589844 61973.625000 61973.625000
257 23.458117 61973.625000 62498.300781 88209.445312 61973.625000
258 23.564856 61973.625000 62037.468750 65167.628906 61973.625000
259 23.670637 61973.625000 61989.570312 62772.621094 61973.625000
260 23.763884 61973.625000 61973.589844 61973.625000 61973.625000
261 23.851645 61973.625000 61973.589844 61973.625000 61973.625000
262 23.937988 61973.625000 62206.128906 73600.750000 61973.625000
263 24.023668 61973.625000 61973.589844 61973.625000 61973.625000
264 24.120173 61973.625000 61973.589844 61973.625000 61973.625000
265 24.212624 61973.625000 62125.738281 69581.164062 61973.625000
266 24.298836 61973.625000 62464.738281 84775.617188 61973.625000
267 24.383240 61973.625000 62499.429688 84775.617188 61973.625000
268 24.476341 61973.625000 62211.480469 71879.859375 61973.625000
269 24.578035 61973.625000 62915.964844 99186.226562 61973.625000
270 24.662340 61973.625000 62717.984375 99186.226562 61973.625000
271 24.749435 61973.625000 62788.074219 99186.226562 61973.625000
272 24.842108 61973.625000 62790.753906 99186.226562 61973.625000
273 24.921558 61973.625000 62768.476562 99186.226562 61973.625000
274 25.006546 61973.625000 62717.843750 99186.226562 61973.625000
275 25.097452 61973.625000 61973.589844 61973.625000 61973.625000
276 25.179808 61973.625000 61973.589844 61973.625000 61973.625000
277 25.273876 61973.625000 61973.589844 61973.625000 61973.625000
278 25.354389 61973.625000 62641.921875 95390.554688 61973.625000
279 25.436604 61973.625000 61987.039062 62646.488281 61973.625000
280 25.553078 61973.625000 61973.589844 61973.625000 61973.625000
281 25.650433 61973.625000 61973.589844 61973.625000 61973.625000
282 25.746475 61973.625000 61973.589844 61973.625000 61973.625000
283 25.839911 61973.625000 61973.589844 61973.625000 61973.625000
284 25.924948 61973.625000 61973.589844 61973.625000 61973.625000
285 26.017307 61973.625000 61973.589844 61973.625000 61973.625000
286 26.107885 61973.625000 61973.589844 61973.625000 61973.625000
287 26.199852 61973.625000 61973.589844 61973.625000 61973.625000
288 26.306572 61973.625000 61973.589844 61973.625000 61973.625000
289 26.396706 61973.625000 61973.589844 61973.625000 61973.625000
290 26.487419 61973.625000 61973.589844 61973.625000 61973.625000
291 26.578705 61973.625000 62308.531250 78720.710938 61973.625000
292 26.665016 61973.625000 61973.589844 61973.625000 61973.625000
293 26.753613 61973.625000 62350.628906 80825.601562 61973.625000
294 26.839121 61973.625000 61973.589844 61973.625000 61973.625000
295 26.924244 61973.625000 61973.589844 61973.625000 61973.625000
296 27.015356 61973.625000 62032.898438 64939.589844 61973.625000
297 27.102535 61973.625000 61973.589844 61973.625000 61973.625000
298 27.201900 61973.625000 61973.589844 61973.625000 61973.625000
299 27.293320 61973.625000 61973.589844 61973.625000 61973.625000
300 27.388180 61973.625000 61973.589844 61973.625000 61973.625000
301 27.478624 61973.625000 61973.589844 61973.625000 61973.625000
302 27.575373 61973.625000 62598.269531 93207.960938 61973.625000
303 27.668137 61973.625000 61983.210938 62455.011719 61973.625000
304 27.757187 61973.625000 61978.460938 62217.507812 61973.625000
305 27.840940 61973.625000 61982.738281 62431.214844 61973.625000
306 27.939953 61973.625000 62089.539062 67771.546875 61973.625000
307 28.039722 61973.625000 61973.589844 61973.625000 61973.625000
308 28.131439 61973.625000 61973.589844 61973.625000 61973.625000
309 28.229630 61973.625000 61973.589844 61973.625000 61973.625000
310 28.308094 61973.625000 61973.589844 61973.625000 61973.625000
311 28.398590 61973.625000 62122.351562 69411.687500 61973.625000
312 28.504061 61973.625000 61984.300781 62509.453125 61973.625000
313 28.591164 61973.625000 61973.589844 61973.625000 61973.625000
314 28.682364 61973.625000 61973.589844 61973.625000 61973.625000
315 28.764593 61973.625000 61973.589844 61973.625000 61973.625000
316 28.846548 61973.625000 62036.628906 65125.777344 61973.625000
317 28.930960 61956.812500 62762.550781 95753.437500 61973.625000
318 29.039083 61956.812500 62811.660156 95753.437500 61956.812500
319 29.123096 61956.812500 62662.269531 95753.437500 61956.812500
320 29.211168 61956.812500 62661.605469 95753.437500 61956.812500
321 29.309435 61956.812500 62660.925781 95753.437500 61956.812500
322 29.406935 61956.812500 62660.253906 95753.437500 61956.812500
323 29.495085 61956.812500 62659.585938 95753.437500 61956.812500
324 29.586723 61956.812500 62658.914062 95753.437500 61956.812500
325 29.679996 61956.812500 62658.234375 95753.437500 61956.812500
326 29.800873 61956.812500 62657.566406 95753.437500 61956.812500
327 29.905560 61956.812500 62656.894531 95753.437500 61956.812500
328 30.008099 61956.812500 62656.226562 95753.437500 61956.812500
329 30.086529 61956.812500 62655.546875 95753.437500 61956.812500
330 30.164112 61956.812500 62654.875000 95753.437500 61956.812500
331 30.253254 61956.812500 62654.195312 95753.437500 61956.812500
332 30.346430 61956.812500 62653.523438 95753.437500 61956.812500
333 30.441280 61956.812500 63401.515625 99389.851562 61956.812500
334 30.533960 61956.812500 63400.828125 99389.851562 61956.812500
335 30.620092 61956.812500 64572.300781 107091.492188 61956.812500
336 30.708113 61956.812500 63395.945312 95753.437500 61956.812500
337 30.803452 61956.812500 63395.273438 95753.437500 61956.812500
338 30.898727 61956.812500 63394.605469 95753.437500 61956.812500
339 30.991896 61956.812500 63393.933594 95753.437500 61956.812500
340 31.081659 61956.812500 63393.265625 95753.437500 61956.812500
341 31.162935 61956.812500 64289.214844 95753.437500 61956.812500
342 31.267660 61956.812500 63944.683594 89756.265625 61956.812500
343 31.347256 61956.812500 63944.003906 89756.265625 61956.812500
344 31.446260 61956.812500 64039.585938 89756.265625 61956.812500
345 31.528008 61956.812500 63849.714844 89756.265625 61956.812500
346 31.622658 61956.812500 63677.414062 89756.265625 61956.812500
347 31.694017 61956.812500 63281.375000 89756.265625 61956.812500
348 31.803917 61956.812500 62782.203125 89756.265625 61956.812500
349 31.879738 61956.812500 62512.761719 89756.265625 61956.812500
350 31.972317 61956.812500 62492.503906 88743.343750 61956.812500
351 32.050537 61956.812500 61956.769531 61956.812500 61956.812500
352 32.131607 61956.812500 61956.769531 61956.812500 61956.812500
353 32.224998 61956.812500 61956.769531 61956.812500 61956.812500
354 32.321934 61956.812500 61956.769531 61956.812500 61956.812500
355 32.405354 61956.812500 61956.769531 61956.812500 61956.812500
356 32.508400 61956.812500 61956.769531 61956.812500 61956.812500
357 32.591480 61956.812500 61956.769531 61956.812500 61956.812500
358 32.691940 61956.812500 61956.769531 61956.812500 61956.812500
359 32.794167 61956.812500 62272.515625 77744.062500 61956.812500
360 32.884029 61956.812500 61956.769531 61956.812500 61956.812500
361 32.962311 61956.812500 61956.769531 61956.812500 61956.812500
362 33.050484 61956.812500 61956.769531 61956.812500 61956.812500
363 33.145744 61956.812500 62629.105469 95573.492188 61956.812500
364 33.244240 61956.812500 61995.191406 63877.609375 61956.812500
365 33.323177 61956.812500 61956.769531 61956.812500 61956.812500
366 33.414303 61956.812500 61956.769531 61956.812500 61956.812500
367 33.503891 61956.812500 61956.769531 61956.812500 61956.812500
368 33.586868 61956.812500 61956.769531 61956.812500 61956.812500
369 33.664749 61956.812500 61956.769531 61956.812500 61956.812500
370 33.761738 61956.812500 61956.769531 61956.812500 61956.812500
371 33.853271 61956.812500 61956.769531 61956.812500 61956.812500
372 33.951408 61956.812500 61956.769531 61956.812500 61956.812500
373 34.036732 61956.812500 61956.769531 61956.812500 61956.812500
374 34.121464 61956.812500 61956.769531 61956.812500 61956.812500
375 34.203102 61956.812500 62561.296875 92182.898438 61956.812500
376 34.296947 61956.812500 62503.343750 89285.484375 61956.812500
377 34.387993 61956.812500 61975.500000 62893.292969 61956.812500
378 34.488880 61956.812500 61956.769531 61956.812500 61956.812500
379 34.587811 61956.812500 61956.769531 61956.812500 61956.812500
380 34.669384 61956.812500 61956.769531 61956.812500 61956.812500
381 34.770576 61956.812500 62495.566406 88896.546875 61956.812500
382 34.835159 61956.812500 62120.636719 70150.023438 61956.812500
383 34.934517 61956.812500 62024.078125 65322.085938 61956.812500
384 35.038353 61956.812500 61956.769531 61956.812500 61956.812500
385 35.127838 61956.812500 61956.769531 61956.812500 61956.812500
386 35.220074 61956.812500 61956.769531 61956.812500 61956.812500
387 35.309513 61956.812500 61956.769531 61956.812500 61956.812500
388 35.415470 61956.812500 61956.769531 61956.812500 61956.812500
389 35.501881 61956.812500 61956.769531 61956.812500 61956.812500
390 35.606548 61956.812500 61956.769531 61956.812500 61956.812500
391 35.693653 61956.812500 62423.011719 85268.671875 61956.812500
392 35.776665 61956.812500 61956.769531 61956.812500 61956.812500
393 35.866707 61956.812500 61956.769531 61956.812500 61956.812500
394 35.951427 61956.812500 61956.769531 61956.812500 61956.812500
395 36.050137 61956.812500 61956.769531 61956.812500 61956.812500
396 36.152493 61956.812500 61956.769531 61956.812500 61956.812500
397 36.230011 61956.812500 61956.769531 61956.812500 61956.812500
398 36.319305 61956.812500 62568.691406 92552.773438 61956.812500
399 36.406380 61956.812500 62048.300781 66533.179688 61956.812500
400 36.489983 61956.812500 61956.769531 61956.812500 61956.812500
401 36.580769 61956.812500 61956.769531 61956.812500 61956.812500
402 36.663296 61956.812500 62417.738281 85005.101562 61956.812500
403 36.756634 61956.812500 61956.769531 61956.812500 61956.812500
404 36.851452 61956.812500 61956.769531 61956.812500 61956.812500
405 36.935905 61956.812500 61956.769531 61956.812500 61956.812500
406 37.028198 61956.812500 61956.769531 61956.812500 61956.812500
407 37.123783 61956.812500 61956.769531 61956.812500 61956.812500
408 37.217480 61956.812500 61956.769531 61956.812500 61956.812500
409 37.310863 61956.812500 61956.769531 61956.812500 61956.812500
410 37.397591 61956.812500 61956.769531 61956.812500 61956.812500
411 37.497494 61956.812500 61956.769531 61956.812500 61956.812500
412 37.573898 61956.812500 61956.769531 61956.812500 61956.812500
413 37.672760 61956.812500 61956.769531 61956.812500 61956.812500
414 37.743473 61956.812500 61956.769531 61956.812500 61956.812500
415 37.832691 61956.812500 61956.769531 61956.812500 61956.812500
416 37.911388 61956.812500 61956.769531 61956.812500 61956.812500
417 37.996387 61956.812500 61956.769531 61956.812500 61956.812500
418 38.094025 61956.812500 61956.769531 61956.812500 61956.812500
419 38.184574 61956.812500 61956.769531 61956.812500 61956.812500
420 38.259621 61956.812500 61956.769531 61956.812500 61956.812500
421 38.355999 61956.812500 62119.453125 70090.882812 61956.812500
422 38.456123 61956.812500 61987.230469 63479.632812 61956.812500
423 38.541599 61956.812500 61973.789062 62807.687500 61956.812500
424 38.644409 61956.812500 62637.156250 95975.976562 61956.812500
425 38.734310 61956.812500 61965.089844 62372.585938 61956.812500
426 38.821926 61956.812500 61956.769531 61956.812500 61956.812500
427 38.906677 61956.812500 61956.769531 61956.812500 61956.812500
428 38.986465 61956.812500 61956.769531 61956.812500 61956.812500
429 39.071667 61956.812500 61956.769531 61956.812500 61956.812500
430 39.153217 61956.812500 61956.769531 61956.812500 61956.812500
431 39.232658 61956.812500 61997.429688 63989.636719 61956.812500
432 39.329414 61956.812500 62135.445312 70890.531250 61956.812500
433 39.415771 61956.812500 62023.375000 65287.039062 61956.812500
434 39.505211 61956.812500 61956.769531 61956.812500 61956.812500
435 39.605316 61956.812500 61956.769531 61956.812500 61956.812500
436 39.699627 61956.812500 61956.769531 61956.812500 61956.812500
437 39.786430 61956.812500 62383.105469 83273.523438 61956.812500
438 39.877583 61956.812500 62380.191406 83127.656250 61956.812500
439 39.971889 61956.812500 62091.480469 68692.281250 61956.812500
440 40.063480 61956.812500 61957.136719 61974.843750 61956.812500
441 40.153893 61956.812500 61956.769531 61956.812500 61956.812500
442 40.234711 61956.812500 61956.769531 61956.812500 61956.812500
443 40.335320 61956.812500 61956.769531 61956.812500 61956.812500
444 40.428364 61736.660156 62415.640625 84900.328125 61956.812500
445 40.530216 61736.660156 61952.371094 61956.812500 61736.660156
446 40.637589 61736.660156 61952.371094 61956.812500 61736.660156
447 40.729324 61736.660156 61943.566406 61956.812500 61736.660156
448 40.822186 61691.734375 62067.593750 68598.750000 61736.660156
449 40.913929 61633.148438 62057.890625 68598.750000 61691.734375
450 41.013554 61633.148438 62046.121094 68598.750000 61633.148438
451 41.124058 61633.148438 62042.875000 68598.750000 61633.148438
452 41.215519 61609.460938 62039.636719 68598.750000 61633.148438
453 41.313618 61579.195312 62034.613281 68598.750000 61609.460938
454 41.401493 61579.195312 62032.253906 68598.750000 61579.195312
455 41.492805 61579.195312 62031.695312 68598.750000 61579.195312
456 41.591904 61579.195312 62030.835938 68598.750000 61579.195312
457 41.685497 61555.507812 62027.781250 68598.750000 61579.195312
458 41.780998 61555.507812 62024.921875 68598.750000 61555.507812
459 41.874569 61497.972656 62015.816406 68598.750000 61555.507812
460 41.969353 61398.929688 62010.570312 68598.750000 61497.972656
461 42.052944 61398.929688 62393.140625 81289.335938 61398.929688
462 42.134888 61398.929688 62647.074219 81289.335938 61398.929688
463 42.233440 61398.929688 62644.863281 81289.335938 61398.929688
464 42.319958 61398.929688 62639.808594 81289.335938 61398.929688
465 42.409801 61398.929688 62634.296875 81289.335938 61398.929688
466 42.502655 61398.929688 62627.558594 81289.335938 61398.929688
467 42.604534 61398.929688 62613.199219 81289.335938 61398.929688
468 42.712341 61398.929688 62590.886719 81289.335938 61398.929688
469 42.801617 61398.929688 62624.101562 81289.335938 61398.929688
470 42.900002 61398.929688 62601.785156 81289.335938 61398.929688
471 43.000420 61398.929688 62579.476562 81289.335938 61398.929688
472 43.095936 61398.929688 62557.160156 81289.335938 61398.929688
473 43.195763 61398.929688 62534.843750 81289.335938 61398.929688
474 43.289764 61398.929688 63095.476562 90546.398438 61398.929688
475 43.379951 61398.929688 63137.816406 90546.398438 61398.929688
476 43.467606 61398.929688 63115.500000 90546.398438 61398.929688
477 43.559479 61398.929688 63093.183594 90546.398438 61398.929688
478 43.655430 61398.929688 63070.871094 90546.398438 61398.929688
479 43.744236 61398.929688 63048.554688 90546.398438 61398.929688
480 43.829208 61398.929688 63026.238281 90546.398438 61398.929688
481 43.924919 61398.929688 63003.925781 90546.398438 61398.929688
482 43.999763 61398.929688 62981.613281 90546.398438 61398.929688
483 44.104710 61398.929688 62959.304688 90546.398438 61398.929688
484 44.193848 61398.929688 62936.996094 90546.398438 61398.929688
485 44.272663 61398.929688 62870.308594 90546.398438 61398.929688
486 44.360928 61398.929688 63188.300781 90546.398438 61398.929688
487 44.457150 61398.929688 62725.843750 90546.398438 61398.929688
488 44.552574 61398.929688 61872.070312 85055.812500 61398.929688
489 44.638268 61398.929688 61398.933594 61398.929688 61398.929688
490 44.731194 61398.929688 61811.593750 82031.835938 61398.929688
491 44.828884 61398.929688 61398.933594 61398.929688 61398.929688
492 44.912819 61398.929688 61398.933594 61398.929688 61398.929688
493 45.010303 61398.929688 61398.933594 61398.929688 61398.929688
494 45.100624 61398.929688 61398.933594 61398.929688 61398.929688
495 45.195698 61398.929688 61398.933594 61398.929688 61398.929688
496 45.286430 61398.929688 61398.933594 61398.929688 61398.929688
497 45.371521 61398.929688 61398.933594 61398.929688 61398.929688
498 45.446297 61398.929688 61687.109375 75807.726562 61398.929688
499 45.515209 61398.929688 61398.933594 61398.929688 61398.929688
500 45.615192 61398.929688 61501.574219 66531.015625 61398.929688
501 45.700283 61398.929688 61398.933594 61398.929688 61398.929688
502 45.788124 61398.929688 61398.933594 61398.929688 61398.929688
503 45.897232 61398.929688 61398.933594 61398.929688 61398.929688
504 45.998096 61398.929688 61398.933594 61398.929688 61398.929688
505 46.092888 61398.929688 61398.933594 61398.929688 61398.929688
506 46.169579 61398.929688 61400.496094 61476.898438 61398.929688
507 46.263191 61398.929688 61398.933594 61398.929688 61398.929688
508 46.348530 61398.929688 61963.125000 89608.351562 61398.929688
509 46.446327 61398.929688 61398.933594 61398.929688 61398.929688
510 46.532478 61398.929688 61398.933594 61398.929688 61398.929688
511 46.622189 61398.929688 61398.933594 61398.929688 61398.929688
512 46.721199 61398.929688 61398.933594 61398.929688 61398.929688
513 46.812584 61398.929688 61398.933594 61398.929688 61398.929688
514 46.909546 61398.929688 61628.871094 72895.632812 61398.929688
515 47.003674 61398.929688 61445.488281 63726.613281 61398.929688
516 47.081711 61398.929688 61398.933594 61398.929688 61398.929688
517 47.168137 61398.929688 61398.933594 61398.929688 61398.929688
518 47.250927 61398.929688 61398.933594 61398.929688 61398.929688
519 47.332588 61398.929688 61398.933594 61398.929688 61398.929688
520 47.433956 61398.929688 61398.933594 61398.929688 61398.929688
521 47.526707 61398.929688 61398.933594 61398.929688 61398.929688
522 47.617912 61398.929688 61398.933594 61398.929688 61398.929688
523 47.712414 61398.929688 61398.933594 61398.929688 61398.929688
524 47.823536 61398.929688 61398.933594 61398.929688 61398.929688
525 47.924595 61398.929688 61398.933594 61398.929688 61398.929688
526 48.008541 61398.929688 61398.933594 61398.929688 61398.929688
527 48.092358 61398.929688 61611.796875 72042.000000 61398.929688
528 48.192627 61398.929688 61568.363281 69870.500000 61398.929688
529 48.285477 61398.929688 61455.574219 64230.917969 61398.929688
530 48.366985 61398.929688 61398.933594 61398.929688 61398.929688
531 48.449471 61398.929688 61398.933594 61398.929688 61398.929688
532 48.538666 61398.929688 61398.933594 61398.929688 61398.929688
533 48.627701 61398.929688 61398.933594 61398.929688 61398.929688
534 48.723057 61398.929688 62022.773438 92590.789062 61398.929688
535 48.808674 61398.929688 61398.933594 61398.929688 61398.929688
536 48.899143 61398.929688 61670.964844 75000.492188 61398.929688
537 49.005753 61398.929688 61398.933594 61398.929688 61398.929688
538 49.099731 61398.929688 61398.933594 61398.929688 61398.929688
539 49.181423 61398.929688 61398.933594 61398.929688 61398.929688
540 49.272606 61398.929688 61398.933594 61398.929688 61398.929688
541 49.347935 61398.929688 61398.933594 61398.929688 61398.929688
542 49.443336 61398.929688 61398.933594 61398.929688 61398.929688
543 49.534142 61398.929688 61398.933594 61398.929688 61398.929688
544 49.632744 61398.929688 61398.933594 61398.929688 61398.929688
545 49.715176 61398.929688 61398.933594 61398.929688 61398.929688
546 49.809074 61398.929688 61398.933594 61398.929688 61398.929688
547 49.894802 61292.566406 61446.804688 63792.386719 61398.929688
548 49.986115 61292.566406 61396.804688 61398.929688 61292.566406
549 50.068108 61292.566406 61396.808594 61398.929688 61292.566406
550 50.164886 61292.566406 61392.554688 61398.929688 61292.566406
551 50.245785 61292.566406 61904.933594 87124.445312 61292.566406
552 50.332722 61292.566406 62500.105469 90479.671875 61292.566406
553 50.421352 61292.566406 62620.109375 90479.671875 61292.566406
554 50.513741 61292.566406 62753.324219 90479.671875 61292.566406
555 50.605820 61292.566406 62749.171875 90479.671875 61292.566406
556 50.697601 61292.566406 62744.910156 90479.671875 61292.566406
557 50.782913 61292.566406 63388.718750 93695.523438 61292.566406
558 50.872631 61292.566406 63386.300781 90479.671875 61292.566406
559 50.961620 61292.566406 63081.031250 87124.445312 61292.566406
560 51.050777 61292.566406 63076.781250 87124.445312 61292.566406
561 51.151199 61292.566406 63072.531250 87124.445312 61292.566406
562 51.239368 61292.566406 63068.281250 87124.445312 61292.566406
563 51.319191 61292.566406 63064.031250 87124.445312 61292.566406
564 51.409931 61292.566406 63218.843750 87124.445312 61292.566406
565 51.511753 61292.566406 63961.675781 98646.421875 61292.566406
566 51.610359 61292.566406 63493.070312 87124.445312 61292.566406
567 51.699280 61292.566406 63488.820312 87124.445312 61292.566406
568 51.794899 61292.566406 63840.804688 87124.445312 61292.566406
569 51.879505 61292.566406 63602.636719 79757.210938 61292.566406
570 51.979630 61292.566406 63598.273438 79757.210938 61292.566406
571 52.074677 61292.566406 63576.210938 79757.210938 61292.566406
572 52.168159 61292.566406 63418.554688 79757.210938 61292.566406
573 52.260448 61292.566406 63025.359375 79757.210938 61292.566406
574 52.356316 61292.566406 62583.558594 79757.210938 61292.566406
575 52.443722 61292.566406 61944.589844 79757.210938 61292.566406
576 52.516388 61292.566406 61661.859375 79757.210938 61292.566406
577 52.609989 61292.566406 61292.566406 61292.566406 61292.566406
578 52.698879 61292.566406 61292.566406 61292.566406 61292.566406
579 52.793583 61292.566406 61292.566406 61292.566406 61292.566406
580 52.887661 61292.566406 61292.566406 61292.566406 61292.566406
581 52.985741 61292.566406 61292.566406 61292.566406 61292.566406
582 53.079945 61292.566406 61292.566406 61292.566406 61292.566406
583 53.181938 61292.566406 61739.804688 83654.640625 61292.566406
584 53.275585 61292.566406 61292.566406 61292.566406 61292.566406
585 53.371544 61292.566406 61292.566406 61292.566406 61292.566406
586 53.474255 61292.566406 61292.566406 61292.566406 61292.566406
587 53.576977 61292.566406 61292.566406 61292.566406 61292.566406
588 53.672329 61292.566406 61292.566406 61292.566406 61292.566406
589 53.758785 61292.566406 61292.566406 61292.566406 61292.566406
590 53.850082 61292.566406 61323.105469 62819.617188 61292.566406
591 53.936329 61292.566406 61323.105469 62819.617188 61292.566406
592 54.029034 61292.566406 61292.566406 61292.566406 61292.566406
593 54.120945 61292.566406 61292.566406 61292.566406 61292.566406
594 54.219707 61292.566406 61292.566406 61292.566406 61292.566406
595 54.306866 61292.566406 61292.566406 61292.566406 61292.566406
596 54.388336 61292.566406 61292.566406 61292.566406 61292.566406
597 54.468945 61292.566406 62027.089844 98018.843750 61292.566406
598 54.551422 61292.566406 61292.566406 61292.566406 61292.566406
599 54.645947 61292.566406 61292.566406 61292.566406 61292.566406
600 54.737804 61292.566406 61292.566406 61292.566406 61292.566406
601 54.820438 61292.566406 61292.566406 61292.566406 61292.566406
602 54.912056 61292.566406 61292.566406 61292.566406 61292.566406
603 54.998528 61292.566406 61292.566406 61292.566406 61292.566406
604 55.085289 61292.566406 61292.566406 61292.566406 61292.566406
605 55.185364 61292.566406 61292.566406 61292.566406 61292.566406
606 55.283909 61292.566406 61511.050781 72216.718750 61292.566406
607 55.364742 61292.566406 61379.269531 65627.695312 61292.566406
608 55.456509 61292.566406 61292.566406 61292.566406 61292.566406
609 55.533833 61292.566406 61292.566406 61292.566406 61292.566406
610 55.629555 61292.566406 61648.589844 79093.828125 61292.566406
611 55.730335 61292.566406 61292.566406 61292.566406 61292.566406
612 55.806267 61292.566406 61292.566406 61292.566406 61292.566406
613 55.888645 61292.566406 61292.566406 61292.566406 61292.566406
614 55.978306 61292.566406 61292.566406 61292.566406 61292.566406
615 56.073841 61292.566406 61292.566406 61292.566406 61292.566406
616 56.163265 61292.566406 61822.335938 87781.210938 61292.566406
617 56.252625 61292.566406 61477.140625 70521.179688 61292.566406
618 56.330250 61292.566406 61525.453125 72936.914062 61292.566406
619 56.425678 61292.566406 61537.285156 68581.304688 61292.566406
620 56.509056 61292.566406 61842.425781 81053.375000 61292.566406
621 56.617527 61292.566406 61438.339844 68581.304688 61292.566406
622 56.727032 61292.566406 61292.566406 61292.566406 61292.566406
623 56.825649 61292.566406 61292.566406 61292.566406 61292.566406
624 56.916454 61292.566406 61292.566406 61292.566406 61292.566406
625 57.010941 61292.566406 61292.566406 61292.566406 61292.566406
626 57.096821 61292.566406 61471.886719 70258.531250 61292.566406
627 57.185925 61292.566406 61292.566406 61292.566406 61292.566406
628 57.284878 61292.566406 61292.566406 61292.566406 61292.566406
629 57.377232 61292.566406 61846.718750 89000.351562 61292.566406
630 57.464447 61292.566406 61454.898438 69409.304688 61292.566406
631 57.554436 61292.566406 61787.601562 86044.414062 61292.566406
632 57.636192 61292.566406 61292.566406 61292.566406 61292.566406
633 57.732971 61292.566406 61292.566406 61292.566406 61292.566406
634 57.819088 61292.566406 61292.566406 61292.566406 61292.566406
635 57.913265 61292.566406 62092.796875 101304.242188 61292.566406
636 57.999409 61292.566406 61486.468750 70987.812500 61292.566406
637 58.089592 61292.566406 61292.566406 61292.566406 61292.566406
638 58.181751 61292.566406 61292.566406 61292.566406 61292.566406
639 58.278927 61292.566406 61292.566406 61292.566406 61292.566406
640 58.373280 61292.566406 61292.566406 61292.566406 61292.566406
641 58.452038 61292.566406 61292.566406 61292.566406 61292.566406
642 58.537155 61292.566406 61292.566406 61292.566406 61292.566406
643 58.617897 61292.566406 61292.566406 61292.566406 61292.566406
644 58.722775 61292.566406 61292.566406 61292.566406 61292.566406
645 58.818310 61292.566406 61292.566406 61292.566406 61292.566406
646 58.915081 61292.566406 61292.566406 61292.566406 61292.566406
647 59.013767 61292.566406 61292.566406 61292.566406 61292.566406
648 59.102753 61292.566406 61292.566406 61292.566406 61292.566406
649 59.192848 61292.566406 61292.566406 61292.566406 61292.566406
650 59.278625 61292.566406 61424.976562 67913.054688 61292.566406
651 59.376438 61292.566406 61292.566406 61292.566406 61292.566406
652 59.465984 61292.566406 61292.566406 61292.566406 61292.566406
653 59.552586 61292.566406 61292.566406 61292.566406 61292.566406
654 59.640278 61292.566406 61292.566406 61292.566406 61292.566406
655 59.722221 61292.566406 61292.566406 61292.566406 61292.566406
656 59.808830 61292.566406 61834.335938 88381.187500 61292.566406
657 59.891773 61292.566406 61575.296875 75429.000000 61292.566406
658 59.982407 61292.566406 61811.175781 87223.070312 61292.566406
659 60.065273 61292.566406 61292.566406 61292.566406 61292.566406
660 60.161503 61292.566406 61292.566406 61292.566406 61292.566406
661 60.257114 61292.566406 61292.566406 61292.566406 61292.566406
662 60.329639 61292.566406 61292.566406 61292.566406 61292.566406
663 60.410793 61292.566406 61292.566406 61292.566406 61292.566406
664 60.497387 61292.566406 61292.566406 61292.566406 61292.566406
665 60.606281 61292.566406 61292.566406 61292.566406 61292.566406
666 60.700409 61292.566406 61292.566406 61292.566406 61292.566406
667 60.794617 61292.566406 61292.566406 61292.566406 61292.566406
668 60.879578 61292.566406 61292.566406 61292.566406 61292.566406
669 60.969543 61292.566406 61292.566406 61292.566406 61292.566406
670 61.070080 61292.566406 61878.445312 90586.593750 61292.566406
671 61.173485 61292.566406 61292.566406 61292.566406 61292.566406
672 61.255253 61292.566406 61292.566406 61292.566406 61292.566406
673 61.341991 61292.566406 61292.566406 61292.566406 61292.566406
674 61.431808 61292.566406 61292.566406 61292.566406 61292.566406
675 61.518311 61292.566406 61292.566406 61292.566406 61292.566406
676 61.604317 61292.566406 61292.566406 61292.566406 61292.566406
677 61.705231 61292.566406 61292.566406 61292.566406 61292.566406
678 61.794422 61292.566406 61292.566406 61292.566406 61292.566406
679 61.899956 61292.566406 61292.566406 61292.566406 61292.566406
680 61.995838 61292.566406 61292.566406 61292.566406 61292.566406
681 62.089081 61292.566406 61292.566406 61292.566406 61292.566406
682 62.174320 61292.566406 61292.566406 61292.566406 61292.566406
683 62.268410 61292.566406 61292.566406 61292.566406 61292.566406
684 62.354927 61292.566406 61292.566406 61292.566406 61292.566406
685 62.443264 61292.566406 61292.566406 61292.566406 61292.566406
686 62.518818 61292.566406 61292.566406 61292.566406 61292.566406
687 62.604839 61292.566406 61292.566406 61292.566406 61292.566406
688 62.688335 61292.566406 61292.566406 61292.566406 61292.566406
689 62.779999 61292.566406 61783.976562 85863.148438 61292.566406
690 62.863247 61292.566406 61361.281250 64728.203125 61292.566406
691 62.943840 61292.566406 61353.738281 64351.183594 61292.566406
692 63.025459 61292.566406 61292.566406 61292.566406 61292.566406
693 63.111649 61292.566406 61292.566406 61292.566406 61292.566406
694 63.202682 61292.566406 61292.566406 61292.566406 61292.566406
695 63.306137 61292.566406 61292.566406 61292.566406 61292.566406
696 63.402313 61292.566406 61292.566406 61292.566406 61292.566406
697 63.482506 61292.566406 61292.566406 61292.566406 61292.566406
698 63.563442 61292.566406 61292.566406 61292.566406 61292.566406
699 63.656921 61292.566406 61671.804688 80254.625000 61292.566406
700 63.749023 61292.566406 61341.609375 63744.664062 61292.566406
701 63.851772 61292.566406 61363.515625 64840.031250 61292.566406
702 63.952377 61292.566406 61353.359375 64332.324219 61292.566406
703 64.039558 61292.566406 61361.714844 64750.070312 61292.566406
704 64.122818 61292.566406 62292.246094 111276.570312 61292.566406
705 64.215553 61292.566406 61347.015625 64015.039062 61292.566406
706 64.305664 61292.566406 61292.566406 61292.566406 61292.566406
707 64.402962 61292.566406 61292.566406 61292.566406 61292.566406
708 64.486412 61292.566406 61292.566406 61292.566406 61292.566406
709 64.572746 61292.566406 61292.566406 61292.566406 61292.566406
710 64.659447 61292.566406 61292.566406 61292.566406 61292.566406
711 64.758888 61292.566406 61292.566406 61292.566406 61292.566406
712 64.852623 61292.566406 61292.566406 61292.566406 61292.566406
713 64.954697 61292.566406 61385.933594 65961.140625 61292.566406
714 65.054276 61292.566406 61292.566406 61292.566406 61292.566406
715 65.153427 61292.566406 61292.566406 61292.566406 61292.566406
716 65.245193 61292.566406 61340.789062 63703.742188 61292.566406
717 65.352158 61292.566406 61292.566406 61292.566406 61292.566406
718 65.450775 61292.566406 61292.566406 61292.566406 61292.566406
719 65.531746 61292.566406 61292.566406 61292.566406 61292.566406
720 65.635002 61292.566406 61292.566406 61292.566406 61292.566406
721 65.729591 61292.566406 61292.566406 61292.566406 61292.566406
722 65.828796 61292.566406 61292.566406 61292.566406 61292.566406
723 65.904968 61292.566406 61292.566406 61292.566406 61292.566406
724 66.009575 61292.566406 61292.566406 61292.566406 61292.566406
725 66.089058 61292.566406 61292.566406 61292.566406 61292.566406
726 66.177429 61292.566406 61292.566406 61292.566406 61292.566406
727 66.269989 61292.566406 61292.566406 61292.566406 61292.566406
728 66.352951 61292.566406 61292.566406 61292.566406 61292.566406
729 66.436302 61292.566406 61443.949219 68861.718750 61292.566406
730 66.526787 61292.566406 61461.101562 68861.718750 61292.566406
731 66.605797 61292.566406 61545.054688 68861.718750 61292.566406
732 66.697662 61292.566406 61443.949219 68861.718750 61292.566406
733 66.808533 61292.566406 61292.566406 61292.566406 61292.566406
734 66.897415 61292.566406 61292.566406 61292.566406 61292.566406
735 66.991035 61292.566406 61292.566406 61292.566406 61292.566406
736 67.089752 61292.566406 61900.109375 91669.929688 61292.566406
737 67.173264 61292.566406 61393.386719 66333.507812 61292.566406
738 67.259026 61292.566406 61371.933594 65261.121094 61292.566406
739 67.363815 61292.566406 61292.566406 61292.566406 61292.566406
740 67.436897 61292.566406 61292.566406 61292.566406 61292.566406
741 67.520081 61292.566406 61292.566406 61292.566406 61292.566406
742 67.621040 61292.566406 61292.566406 61292.566406 61292.566406
743 67.707108 61292.566406 61292.566406 61292.566406 61292.566406
744 67.793472 61292.566406 61292.566406 61292.566406 61292.566406
745 67.886353 61292.566406 61292.566406 61292.566406 61292.566406
746 67.974464 61292.566406 61292.566406 61292.566406 61292.566406
747 68.061447 61292.566406 61292.566406 61292.566406 61292.566406
748 68.148628 61292.566406 61292.566406 61292.566406 61292.566406
749 68.242653 61292.566406 61292.566406 61292.566406 61292.566406
750 68.338379 61292.566406 61292.566406 61292.566406 61292.566406
751 68.441795 61292.566406 61292.566406 61292.566406 61292.566406
752 68.528709 61292.566406 61788.578125 86093.242188 61292.566406
753 68.633621 61292.566406 61306.253906 61977.085938 61292.566406
754 68.731285 61292.566406 62046.070312 95639.054688 61292.566406
755 68.824944 61292.566406 62014.273438 95639.054688 61292.566406
756 68.913857 61292.566406 62004.546875 95639.054688 61292.566406
757 69.013786 61292.566406 61979.496094 95639.054688 61292.566406
758 69.096382 61292.566406 61292.566406 61292.566406 61292.566406
759 69.189842 61292.566406 61292.566406 61292.566406 61292.566406
760 69.277466 61292.566406 61292.566406 61292.566406 61292.566406
761 69.359856 61292.566406 61292.566406 61292.566406 61292.566406
762 69.455956 61292.566406 61292.566406 61292.566406 61292.566406
763 69.549789 61292.566406 61292.566406 61292.566406 61292.566406
764 69.628548 61292.566406 61292.566406 61292.566406 61292.566406
765 69.733559 61292.566406 61764.050781 84866.976562 61292.566406
766 69.813339 61292.566406 62386.410156 90391.398438 61292.566406
767 69.928864 61292.566406 61808.910156 84866.976562 61292.566406
768 70.007416 61292.566406 61854.996094 84866.976562 61292.566406
769 70.101448 61292.566406 61765.070312 84866.976562 61292.566406
770 70.198479 61292.566406 61925.675781 84866.976562 61292.566406
771 70.305458 61292.566406 61800.820312 84866.976562 61292.566406
772 70.406670 61292.566406 61891.101562 84866.976562 61292.566406
773 70.507240 61292.566406 61838.871094 84866.976562 61292.566406
774 70.592285 61292.566406 61764.054688 84866.976562 61292.566406
775 70.681068 61292.566406 61292.566406 61292.566406 61292.566406
776 70.764275 61292.566406 61292.566406 61292.566406 61292.566406
777 70.849342 61292.566406 61292.566406 61292.566406 61292.566406
778 70.938843 61292.566406 61292.566406 61292.566406 61292.566406
779 71.023903 61292.566406 61292.566406 61292.566406 61292.566406
780 71.122093 61292.566406 61292.566406 61292.566406 61292.566406
781 71.227074 61292.566406 61292.566406 61292.566406 61292.566406
782 71.302589 61292.566406 61292.566406 61292.566406 61292.566406
783 71.387619 61292.566406 61292.566406 61292.566406 61292.566406
784 71.484482 61292.566406 61292.566406 61292.566406 61292.566406
785 71.576019 61292.566406 61292.566406 61292.566406 61292.566406
786 71.683762 61292.566406 61292.566406 61292.566406 61292.566406
787 71.757179 61292.566406 61292.566406 61292.566406 61292.566406
788 71.835838 61292.566406 61292.566406 61292.566406 61292.566406
789 71.915199 61292.566406 61292.566406 61292.566406 61292.566406
790 72.002007 61292.566406 61292.566406 61292.566406 61292.566406
791 72.086594 61292.566406 61292.566406 61292.566406 61292.566406
792 72.178078 61292.566406 61292.566406 61292.566406 61292.566406
793 72.277725 61292.566406 61292.566406 61292.566406 61292.566406
794 72.378487 61292.566406 61292.566406 61292.566406 61292.566406
795 72.464050 61292.566406 61292.566406 61292.566406 61292.566406
796 72.548019 61292.566406 61292.566406 61292.566406 61292.566406
797 72.640045 61292.566406 61292.566406 61292.566406 61292.566406
798 72.736038 61292.566406 61446.429688 68985.757812 61292.566406
799 72.815346 61292.566406 61634.046875 70902.468750 61292.566406
800 72.916603 61292.566406 61484.765625 70902.468750 61292.566406
801 73.004822 61292.566406 61292.566406 61292.566406 61292.566406
802 73.095116 61292.566406 61292.566406 61292.566406 61292.566406
803 73.183846 61292.566406 61292.566406 61292.566406 61292.566406
804 73.279076 61162.140625 61847.843750 89056.593750 61292.566406
805 73.360985 61162.140625 61289.953125 61292.566406 61162.140625
806 73.447624 61162.140625 61289.953125 61292.566406 61162.140625
807 73.538857 61162.140625 61284.738281 61292.566406 61162.140625
808 73.648811 61162.140625 61279.519531 61292.566406 61162.140625
809 73.749344 61162.140625 61274.304688 61292.566406 61162.140625
810 73.830025 61162.140625 61930.765625 83903.429688 61162.140625
811 73.926537 60769.738281 62034.558594 83903.429688 61162.140625
812 74.023933 60769.738281 62264.980469 83903.429688 60769.738281
813 74.129669 60769.738281 62259.765625 83903.429688 60769.738281
814 74.222427 60657.507812 62244.070312 83903.429688 60769.738281
815 74.312592 60657.507812 62340.664062 83903.429688 60657.507812
816 74.406799 60657.507812 62196.328125 83903.429688 60657.507812
817 74.499290 60608.566406 62189.601562 83903.429688 60657.507812
818 74.601776 60608.566406 62168.433594 83903.429688 60608.566406
819 74.685516 60608.566406 62146.531250 83903.429688 60608.566406
820 74.763565 60608.566406 62144.570312 83903.429688 60608.566406
821 74.853363 60600.714844 62142.613281 83903.429688 60608.566406
822 74.951881 60600.714844 62141.238281 83903.429688 60600.714844
823 75.046844 60600.714844 62119.101562 83903.429688 60600.714844
824 75.152275 60585.777344 62251.171875 83903.429688 60600.714844
825 75.255348 60585.777344 62385.011719 83903.429688 60585.777344
826 75.357475 60585.777344 62722.136719 83903.429688 60585.777344
827 75.456841 60585.777344 62803.429688 83903.429688 60585.777344
828 75.543015 60561.511719 63096.664062 83903.429688 60585.777344
829 75.637360 60561.511719 63839.609375 99063.085938 60561.511719
830 75.723755 60561.511719 63854.531250 99063.085938 60561.511719
831 75.817520 60561.511719 63853.558594 99063.085938 60561.511719
832 75.903893 60561.511719 64705.785156 103221.304688 60561.511719
833 75.984512 60561.511719 64492.156250 103221.304688 60561.511719
834 76.062340 60561.511719 64491.183594 103221.304688 60561.511719
835 76.162308 60561.511719 64478.683594 103221.304688 60561.511719
836 76.247887 60561.511719 64463.121094 103221.304688 60561.511719
837 76.345871 60561.511719 64436.488281 103221.304688 60561.511719
838 76.443207 60561.511719 64407.246094 103221.304688 60561.511719
839 76.543419 60561.511719 64378.000000 103221.304688 60561.511719
840 76.640633 60561.511719 64348.761719 103221.304688 60561.511719
841 76.728264 60561.511719 64319.515625 103221.304688 60561.511719
842 76.816444 60561.511719 64290.269531 103221.304688 60561.511719
843 76.920181 60561.511719 64261.023438 103221.304688 60561.511719
844 77.019836 60561.511719 64231.781250 103221.304688 60561.511719
845 77.105385 60561.511719 64202.535156 103221.304688 60561.511719
846 77.202942 60561.511719 64437.945312 103221.304688 60561.511719
847 77.301765 60561.511719 64408.699219 103221.304688 60561.511719
848 77.393715 60561.511719 64379.460938 103221.304688 60561.511719
849 77.484413 60561.511719 64268.164062 103221.304688 60561.511719
850 77.590813 60561.511719 64225.175781 103221.304688 60561.511719
851 77.670639 60561.511719 64000.250000 103221.304688 60561.511719
852 77.760735 60561.511719 63732.179688 103221.304688 60561.511719
853 77.833382 60561.511719 63323.125000 103221.304688 60561.511719
854 77.909004 60561.511719 62746.699219 103221.304688 60561.511719
855 78.014397 60561.511719 61881.539062 103221.304688 60561.511719
856 78.112740 60561.511719 62093.429688 103221.304688 60561.511719
857 78.195770 60561.511719 61555.179688 103221.304688 60561.511719
858 78.275558 60561.511719 61414.699219 103221.304688 60561.511719
859 78.359406 60561.511719 60561.503906 60561.511719 60561.511719
860 78.451347 60561.511719 60561.503906 60561.511719 60561.511719
861 78.552917 60561.511719 60561.503906 60561.511719 60561.511719
862 78.656120 60561.511719 60561.503906 60561.511719 60561.511719
863 78.746193 60561.511719 60561.503906 60561.511719 60561.511719
864 78.851822 60561.511719 60561.503906 60561.511719 60561.511719
865 78.952370 60561.511719 60561.503906 60561.511719 60561.511719
866 79.043091 60561.511719 61201.855469 92579.031250 60561.511719
867 79.117661 60561.511719 60561.503906 60561.511719 60561.511719
868 79.216377 60561.511719 60561.503906 60561.511719 60561.511719
869 79.302414 60561.511719 60561.503906 60561.511719 60561.511719
870 79.394806 60561.511719 60561.503906 60561.511719 60561.511719
871 79.489693 60561.511719 60984.109375 81691.750000 60561.511719
872 79.590485 60561.511719 61182.988281 86088.804688 60561.511719
873 79.666618 60561.511719 61214.371094 86088.804688 60561.511719
874 79.754143 60561.511719 61072.050781 86088.804688 60561.511719
875 79.847290 60561.511719 60561.503906 60561.511719 60561.511719
876 79.944733 60561.511719 60561.503906 60561.511719 60561.511719
877 80.027130 60561.511719 60561.503906 60561.511719 60561.511719
878 80.113174 60561.511719 61339.464844 99459.726562 60561.511719
879 80.211494 60561.511719 61339.468750 99459.726562 60561.511719
880 80.299713 60561.511719 60940.070312 79489.914062 60561.511719
881 80.382004 60561.511719 60940.074219 79489.914062 60561.511719
882 80.458885 60561.511719 60561.503906 60561.511719 60561.511719
883 80.554489 60561.511719 60561.503906 60561.511719 60561.511719
884 80.656876 60561.511719 60561.503906 60561.511719 60561.511719
885 80.756828 60561.511719 60568.738281 60923.296875 60561.511719
886 80.852341 60561.511719 60561.503906 60561.511719 60561.511719
887 80.949219 60561.511719 60561.503906 60561.511719 60561.511719
888 81.035072 60561.511719 60765.906250 69334.398438 60561.511719
889 81.126556 60561.511719 60736.964844 69334.398438 60561.511719
890 81.209427 60561.511719 60561.503906 60561.511719 60561.511719
891 81.288147 60561.511719 60561.503906 60561.511719 60561.511719
892 81.359886 60561.511719 60561.503906 60561.511719 60561.511719
893 81.443741 60561.511719 60561.503906 60561.511719 60561.511719
894 81.535629 60561.511719 60561.503906 60561.511719 60561.511719
895 81.625420 60561.511719 60786.843750 71828.679688 60561.511719
896 81.710167 60561.511719 60561.503906 60561.511719 60561.511719
897 81.791054 60561.511719 60561.503906 60561.511719 60561.511719
898 81.886780 60561.511719 60561.503906 60561.511719 60561.511719
899 81.987396 60561.511719 60561.503906 60561.511719 60561.511719
900 82.083015 60561.511719 60561.503906 60561.511719 60561.511719
901 82.180954 60561.511719 60969.546875 80963.679688 60561.511719
902 82.264183 60561.511719 60561.503906 60561.511719 60561.511719
903 82.356911 60561.511719 60561.503906 60561.511719 60561.511719
904 82.457321 60561.511719 60561.503906 60561.511719 60561.511719
905 82.551872 60561.511719 60902.230469 77597.742188 60561.511719
906 82.636887 60561.511719 60583.785156 61675.707031 60561.511719
907 82.725792 60561.511719 60570.761719 61024.433594 60561.511719
908 82.802971 60561.511719 60571.089844 61040.957031 60561.511719
909 82.878143 60561.511719 60620.710938 63521.957031 60561.511719
910 82.973747 60561.511719 60943.089844 74309.593750 60561.511719
911 83.055946 60561.511719 60836.464844 74309.593750 60561.511719
912 83.158401 60561.511719 60561.503906 60561.511719 60561.511719
913 83.252144 60561.511719 60561.503906 60561.511719 60561.511719
914 83.349281 60561.511719 61236.628906 94317.765625 60561.511719
915 83.431427 60561.511719 60615.230469 63247.894531 60561.511719
916 83.526901 60561.511719 61021.441406 83558.343750 60561.511719
917 83.621552 60561.511719 60561.503906 60561.511719 60561.511719
918 83.716339 60561.511719 60561.503906 60561.511719 60561.511719
919 83.808891 60561.511719 60561.503906 60561.511719 60561.511719
920 83.894852 60561.511719 60561.503906 60561.511719 60561.511719
921 83.992493 60561.511719 60561.503906 60561.511719 60561.511719
922 84.078835 60561.511719 60561.503906 60561.511719 60561.511719
923 84.162498 60561.511719 60561.503906 60561.511719 60561.511719
924 84.242882 60561.511719 60561.503906 60561.511719 60561.511719
925 84.336472 60561.511719 60561.503906 60561.511719 60561.511719
926 84.430267 60561.511719 60561.503906 60561.511719 60561.511719
927 84.526848 60561.511719 60561.503906 60561.511719 60561.511719
928 84.620613 60561.484375 60561.503906 60561.511719 60561.511719
929 84.717766 60561.484375 60561.503906 60561.511719 60561.484375
930 84.817337 60561.484375 60561.503906 60561.511719 60561.484375
931 84.911835 60561.484375 60601.046875 62538.726562 60561.484375
932 85.005379 60561.484375 60687.074219 64862.945312 60561.484375
933 85.092896 60561.484375 60687.074219 64862.945312 60561.484375
934 85.185425 60561.484375 61639.390625 103732.359375 60561.484375
935 85.280479 60561.484375 61641.421875 103732.359375 60561.484375
936 85.367554 60561.484375 61695.429688 103732.359375 60561.484375
937 85.445190 60561.484375 61695.429688 103732.359375 60561.484375
938 85.544434 60561.484375 62046.164062 103732.359375 60561.484375
939 85.637192 60561.484375 62046.164062 103732.359375 60561.484375
940 85.728851 60561.484375 62046.164062 103732.359375 60561.484375
941 85.831573 60561.484375 62046.164062 103732.359375 60561.484375
942 85.931946 60561.484375 62046.164062 103732.359375 60561.484375
943 86.022453 60561.484375 62046.164062 103732.359375 60561.484375
944 86.120544 60561.484375 62046.164062 103732.359375 60561.484375
945 86.210266 60561.484375 62046.164062 103732.359375 60561.484375
946 86.303757 60561.484375 62046.164062 103732.359375 60561.484375
947 86.390305 60561.484375 62046.160156 103732.359375 60561.484375
948 86.496338 60561.484375 62761.246094 103732.359375 60561.484375
949 86.577599 60561.484375 62761.238281 103732.359375 60561.484375
950 86.665878 60561.484375 62761.238281 103732.359375 60561.484375
951 86.764725 60561.484375 62859.625000 103732.359375 60561.484375
952 86.864075 60561.484375 62820.078125 103732.359375 60561.484375
953 86.973877 60561.484375 62732.015625 103732.359375 60561.484375
954 87.059937 60561.484375 62579.621094 103732.359375 60561.484375
955 87.156128 60561.484375 61775.644531 103732.359375 60561.484375
956 87.251930 60561.484375 61424.910156 103732.359375 60561.484375
957 87.334137 60561.484375 60561.496094 60561.484375 60561.484375
958 87.423538 60561.484375 60561.496094 60561.484375 60561.484375
959 87.508263 60561.484375 60561.496094 60561.484375 60561.484375
960 87.601814 60561.484375 60561.496094 60561.484375 60561.484375
961 87.689377 60561.484375 60561.496094 60561.484375 60561.484375
962 87.785103 60561.484375 60561.496094 60561.484375 60561.484375
963 87.875946 60561.484375 60561.496094 60561.484375 60561.484375
964 87.965782 60561.484375 60561.496094 60561.484375 60561.484375
965 88.067734 60561.484375 60561.496094 60561.484375 60561.484375
966 88.163216 60561.484375 60561.496094 60561.484375 60561.484375
967 88.250328 60561.484375 60561.496094 60561.484375 60561.484375
968 88.349014 60561.484375 60561.496094 60561.484375 60561.484375
969 88.427696 60561.484375 60561.496094 60561.484375 60561.484375
970 88.530128 60561.484375 60561.496094 60561.484375 60561.484375
971 88.617050 60561.484375 60561.496094 60561.484375 60561.484375
972 88.717056 60561.484375 60561.496094 60561.484375 60561.484375
973 88.815933 60561.484375 60561.496094 60561.484375 60561.484375
974 88.901047 60561.484375 60561.496094 60561.484375 60561.484375
975 88.990967 60561.484375 60561.496094 60561.484375 60561.484375
976 89.084686 60561.484375 60561.496094 60561.484375 60561.484375
977 89.172890 60561.484375 60561.496094 60561.484375 60561.484375
978 89.260628 60561.484375 60561.496094 60561.484375 60561.484375
979 89.344666 60561.484375 60561.496094 60561.484375 60561.484375
980 89.434128 60561.484375 60561.496094 60561.484375 60561.484375
981 89.532173 60561.484375 60561.496094 60561.484375 60561.484375
982 89.625755 60561.484375 60561.496094 60561.484375 60561.484375
983 89.718864 60561.484375 60561.496094 60561.484375 60561.484375
984 89.808342 60561.484375 60561.496094 60561.484375 60561.484375
985 89.891731 60561.484375 61034.371094 84205.234375 60561.484375
986 89.984657 60561.484375 61064.625000 78039.320312 60561.484375
987 90.058258 60561.484375 60735.945312 68239.921875 60561.484375
988 90.149086 60561.484375 60736.656250 68239.921875 60561.484375
989 90.237671 60561.484375 60715.066406 68239.921875 60561.484375
990 90.336899 60561.484375 60561.496094 60561.484375 60561.484375
991 90.424789 60561.484375 60561.496094 60561.511719 60561.484375
992 90.505630 60561.484375 60700.421875 67507.679688 60561.484375
993 90.592125 60561.484375 60561.496094 60561.484375 60561.484375
994 90.680435 60561.484375 60561.496094 60561.484375 60561.484375
995 90.782303 60561.484375 60561.496094 60561.484375 60561.484375
996 90.863701 60561.484375 60561.496094 60561.484375 60561.484375
997 90.944260 60561.484375 60561.496094 60561.484375 60561.484375
998 91.036324 60561.484375 60561.496094 60561.484375 60561.484375
999 91.132973 60561.484375 60685.500000 66761.750000 60561.484375
1000 91.242989 60561.484375 60942.160156 79594.546875 60561.484375
1001 91.337311 60561.484375 60561.496094 60561.484375 60561.484375
1002 91.433456 60561.484375 60561.496094 60561.484375 60561.484375
1003 91.531715 60561.484375 60561.496094 60561.484375 60561.484375
1004 91.622101 60561.484375 60778.550781 71414.046875 60561.484375
1005 91.722755 60561.484375 60561.496094 60561.511719 60561.484375
1006 91.818283 60561.484375 60577.394531 61356.472656 60561.484375
1007 91.916695 60561.484375 60561.496094 60561.511719 60561.484375
1008 92.005775 60561.484375 60561.496094 60561.511719 60561.484375
1009 92.108467 60561.484375 60561.496094 60561.484375 60561.484375
1010 92.197235 60561.484375 60561.496094 60561.484375 60561.484375
1011 92.272766 60561.484375 60561.496094 60561.484375 60561.484375
1012 92.361992 60561.484375 60561.496094 60561.484375 60561.484375
1013 92.444672 60561.484375 60561.496094 60561.484375 60561.484375
1014 92.530258 60561.484375 60867.660156 75869.718750 60561.484375
1015 92.602989 60561.484375 60676.101562 66291.562500 60561.484375
1016 92.704124 60561.484375 60566.035156 60788.480469 60561.484375
1017 92.791817 60561.484375 60836.343750 74303.804688 60561.484375
1018 92.880302 60561.484375 60561.496094 60561.484375 60561.484375
1019 92.958382 60561.484375 60561.496094 60561.511719 60561.484375
1020 93.050392 60561.484375 60656.863281 65329.933594 60561.484375
1021 93.152466 60561.484375 61238.316406 94130.914062 60561.484375
1022 93.243027 60561.484375 61232.886719 94130.914062 60561.484375
1023 93.335403 60561.484375 60561.496094 60561.484375 60561.484375
1024 93.431190 60561.484375 60561.496094 60561.484375 60561.484375
1025 93.527184 60561.484375 60561.496094 60561.484375 60561.484375
1026 93.623985 60561.484375 60561.496094 60561.484375 60561.484375
1027 93.710709 60561.484375 60561.496094 60561.484375 60561.484375
1028 93.801292 60561.484375 60561.496094 60561.484375 60561.484375
1029 93.897049 60561.484375 60561.496094 60561.484375 60561.484375
1030 93.986183 60561.484375 60970.929688 81033.046875 60561.484375
1031 94.071739 60561.484375 60794.929688 72233.257812 60561.484375
1032 94.165237 60561.484375 61049.343750 83998.320312 60561.484375
1033 94.274757 60561.484375 61128.320312 83998.320312 60561.484375
1034 94.367294 60561.484375 61139.140625 83998.320312 60561.484375
1035 94.451195 60561.484375 60907.531250 67712.210938 60561.484375
1036 94.542831 60561.484375 61347.800781 88584.101562 60561.484375
1037 94.639076 60561.484375 61279.089844 88584.101562 60561.484375
1038 94.729073 60561.484375 61342.664062 88584.101562 60561.484375
1039 94.817703 60561.484375 61277.320312 88584.101562 60561.484375
1040 94.895767 60561.484375 60640.171875 64495.238281 60561.484375
1041 94.983986 60561.484375 60561.496094 60561.484375 60561.484375
1042 95.074944 60561.484375 60561.496094 60561.484375 60561.484375
1043 95.168304 60561.484375 60561.496094 60561.484375 60561.484375
1044 95.265625 60561.484375 61692.031250 117088.257812 60561.484375
1045 95.366882 60561.484375 60561.496094 60561.484375 60561.484375
1046 95.460609 60561.484375 60561.496094 60561.484375 60561.484375
1047 95.552986 60561.484375 60694.300781 67201.750000 60561.484375
1048 95.641289 60561.484375 60561.496094 60561.484375 60561.484375
1049 95.721703 60561.484375 60561.496094 60561.484375 60561.484375
1050 95.821526 60561.484375 60561.496094 60561.484375 60561.484375
1051 95.917511 60561.484375 60561.496094 60561.484375 60561.484375
1052 96.021172 60561.484375 60561.496094 60561.484375 60561.484375
1053 96.126602 60561.484375 60561.496094 60561.484375 60561.484375
1054 96.235153 60561.484375 60561.496094 60561.484375 60561.484375
1055 96.327286 60561.484375 60561.496094 60561.484375 60561.484375
1056 96.426216 60561.484375 60561.496094 60561.484375 60561.484375
1057 96.516685 60561.484375 60561.496094 60561.484375 60561.484375
1058 96.601967 60561.484375 60561.496094 60561.484375 60561.484375
1059 96.673180 60561.484375 60561.496094 60561.484375 60561.484375
1060 96.753922 60561.484375 60561.496094 60561.484375 60561.484375
1061 96.849960 60561.484375 60561.496094 60561.484375 60561.484375
1062 96.948181 60561.484375 60561.496094 60561.484375 60561.484375
1063 97.037651 60561.484375 60749.648438 69969.109375 60561.484375
1064 97.142761 60561.484375 60561.496094 60561.484375 60561.484375
1065 97.238441 60561.484375 60561.496094 60561.484375 60561.484375
1066 97.333160 60561.484375 60561.496094 60561.484375 60561.484375
1067 97.419296 60561.484375 60561.496094 60561.484375 60561.484375
1068 97.508224 60561.484375 60561.496094 60561.484375 60561.484375
1069 97.594788 60561.484375 60622.625000 63617.832031 60561.484375
1070 97.689926 60561.484375 60561.496094 60561.484375 60561.484375
1071 97.803375 60561.484375 60561.496094 60561.484375 60561.484375
1072 97.893745 60561.484375 60561.496094 60561.484375 60561.484375
1073 97.988602 60561.484375 60561.496094 60561.484375 60561.484375
1074 98.082611 60561.484375 60561.496094 60561.484375 60561.484375
1075 98.184830 60561.484375 60561.496094 60561.484375 60561.484375
1076 98.290878 60561.484375 60561.496094 60561.484375 60561.484375
1077 98.399796 60561.484375 60561.496094 60561.484375 60561.484375
1078 98.502953 60561.484375 60561.496094 60561.511719 60561.484375
1079 98.607536 60561.484375 60568.511719 60912.035156 60561.484375
1080 98.692970 60561.484375 60591.328125 62053.195312 60561.484375
1081 98.776772 60561.484375 60561.496094 60561.484375 60561.484375
1082 98.880760 60561.484375 60561.496094 60561.484375 60561.484375
1083 98.976265 60561.484375 60561.496094 60561.484375 60561.484375
1084 99.062408 60561.484375 60561.496094 60561.484375 60561.484375
1085 99.157822 60561.484375 60561.496094 60561.484375 60561.484375
1086 99.258797 60561.484375 60561.496094 60561.484375 60561.484375
1087 99.357826 60561.484375 60561.496094 60561.484375 60561.484375
1088 99.437798 60561.484375 60561.496094 60561.484375 60561.484375
1089 99.531563 60561.484375 60561.496094 60561.484375 60561.484375
1090 99.638863 60561.484375 60561.496094 60561.484375 60561.484375
1091 99.733971 60561.484375 60561.496094 60561.484375 60561.484375
1092 99.824593 60561.484375 60561.496094 60561.484375 60561.484375
1093 99.900002 60561.484375 60561.496094 60561.484375 60561.484375
1094 99.993187 60561.484375 60561.496094 60561.484375 60561.484375
1095 100.078377 60561.484375 60561.496094 60561.484375 60561.484375
1096 100.170097 60561.484375 60561.496094 60561.484375 60561.484375
1097 100.256081 60561.484375 60642.128906 64593.097656 60561.484375
1098 100.352623 60561.484375 60567.394531 60856.320312 60561.484375
1099 100.444290 60561.484375 60580.859375 61529.539062 60561.484375
1100 100.528709 60561.484375 60612.128906 63093.222656 60561.484375
1101 100.624725 60561.484375 60566.839844 60828.765625 60561.484375
1102 100.711662 60561.484375 60604.160156 62694.574219 60561.484375
1103 100.814285 60561.484375 60583.238281 61648.648438 60561.484375
1104 100.906006 60561.484375 60561.496094 60561.511719 60561.484375
1105 100.997314 60561.484375 60561.496094 60561.484375 60561.484375
1106 101.097290 60561.484375 60561.496094 60561.484375 60561.484375
1107 101.187202 60561.484375 60561.496094 60561.484375 60561.484375
1108 101.290627 60561.484375 60561.496094 60561.484375 60561.484375
1109 101.389366 60561.484375 60913.898438 78181.679688 60561.484375
1110 101.477745 60561.484375 60594.406250 62206.855469 60561.484375
1111 101.569839 60561.484375 60561.496094 60561.484375 60561.484375
1112 101.657440 60561.484375 60561.496094 60561.484375 60561.484375
1113 101.748039 60561.484375 60561.496094 60561.484375 60561.484375
1114 101.831612 60561.484375 60561.496094 60561.484375 60561.484375
1115 101.918900 60561.484375 60561.496094 60561.484375 60561.484375
1116 102.018867 60561.484375 60561.496094 60561.484375 60561.484375
1117 102.103455 60561.484375 60561.496094 60561.484375 60561.484375
1118 102.198135 60561.484375 60561.496094 60561.484375 60561.484375
1119 102.296471 60561.484375 60561.496094 60561.484375 60561.484375
1120 102.386604 60561.484375 61191.468750 92060.250000 60561.484375
1121 102.487183 60561.484375 60597.996094 62386.285156 60561.484375
1122 102.586067 60561.484375 60717.218750 68347.765625 60561.484375
1123 102.667755 60561.484375 60575.695312 61271.351562 60561.484375
1124 102.739967 60561.484375 60894.175781 77195.359375 60561.484375
1125 102.831314 60561.484375 60561.496094 60561.484375 60561.484375
1126 102.918404 60561.484375 60561.496094 60561.484375 60561.484375
1127 103.022247 60561.484375 60561.496094 60561.484375 60561.484375
1128 103.111664 60561.484375 60561.496094 60561.484375 60561.484375
1129 103.204483 60561.484375 60561.496094 60561.484375 60561.484375
1130 103.308006 60561.484375 60561.496094 60561.484375 60561.484375
1131 103.401222 60561.484375 60561.496094 60561.484375 60561.484375
1132 103.492737 60561.484375 60561.496094 60561.484375 60561.484375
1133 103.585281 60561.484375 60561.496094 60561.484375 60561.484375
1134 103.677086 60561.484375 60561.496094 60561.484375 60561.484375
1135 103.764191 60561.484375 60561.496094 60561.484375 60561.484375
1136 103.854675 60561.484375 60561.496094 60561.484375 60561.484375
1137 103.948418 60561.484375 60561.496094 60561.484375 60561.484375
1138 104.030640 60561.484375 60561.496094 60561.484375 60561.484375
1139 104.122963 60561.484375 60561.496094 60561.484375 60561.484375
1140 104.221779 60561.484375 60561.496094 60561.484375 60561.484375
1141 104.319122 60561.484375 60561.496094 60561.484375 60561.484375
1142 104.419327 60561.484375 60561.496094 60561.484375 60561.484375
1143 104.508034 60561.484375 60561.496094 60561.484375 60561.484375
1144 104.612083 60561.484375 60702.449219 67609.171875 60561.484375
1145 104.706123 60561.484375 60642.828125 64628.250000 60561.484375
1146 104.795059 60561.484375 60590.808594 62027.144531 60561.484375
1147 104.887741 60561.484375 60577.234375 61348.343750 60561.484375
1148 104.974083 60561.484375 60589.820312 61977.566406 60561.484375
1149 105.069000 60561.484375 60586.980469 61835.621094 60561.484375
1150 105.162918 60561.484375 60620.828125 63528.210938 60561.484375
1151 105.257271 60561.484375 60561.496094 60561.484375 60561.484375
1152 105.343338 60561.484375 60561.496094 60561.484375 60561.484375
1153 105.409439 60561.484375 60561.496094 60561.484375 60561.484375
1154 105.497017 60561.484375 60561.496094 60561.511719 60561.484375
1155 105.598770 60561.484375 60819.828125 73478.093750 60561.484375
1156 105.687454 60561.484375 60783.101562 67199.539062 60561.484375
1157 105.782379 60561.484375 60774.664062 67199.539062 60561.484375
1158 105.881210 60561.484375 61597.613281 77318.867188 60561.484375
1159 105.967918 60561.484375 61413.421875 77318.867188 60561.484375
1160 106.063438 60561.484375 61004.660156 77318.867188 60561.484375
1161 106.141380 60561.484375 60896.640625 77318.867188 60561.484375
1162 106.232971 60561.484375 60561.496094 60561.484375 60561.484375
1163 106.309654 60561.484375 60561.496094 60561.484375 60561.484375
1164 106.402481 60561.484375 60561.496094 60561.484375 60561.484375
1165 106.495354 60561.484375 60561.496094 60561.484375 60561.484375
1166 106.584854 60561.484375 60561.496094 60561.484375 60561.484375
1167 106.676918 60561.484375 60561.496094 60561.484375 60561.484375
1168 106.771439 60561.484375 60561.496094 60561.484375 60561.484375
1169 106.856003 60561.484375 60561.496094 60561.484375 60561.484375
1170 106.936760 60561.484375 60561.496094 60561.484375 60561.484375
1171 107.030960 60561.484375 60561.496094 60561.484375 60561.484375
1172 107.122429 60561.484375 60561.496094 60561.484375 60561.484375
1173 107.226357 60561.484375 60561.496094 60561.484375 60561.484375
1174 107.307220 60561.484375 60561.496094 60561.484375 60561.484375
1175 107.402893 60561.484375 60919.414062 78457.468750 60561.484375
1176 107.478523 60561.484375 60765.421875 65903.500000 60561.484375
1177 107.559608 60561.484375 60698.726562 65903.500000 60561.484375
1178 107.660080 60561.484375 60668.335938 65903.500000 60561.484375
1179 107.754555 60561.484375 60668.335938 65903.500000 60561.484375
1180 107.838417 60561.484375 60561.496094 60561.484375 60561.484375
1181 107.924446 60561.484375 60561.496094 60561.484375 60561.484375
1182 108.022583 60561.484375 60561.496094 60561.484375 60561.484375
1183 108.116745 60561.484375 60561.496094 60561.484375 60561.484375
1184 108.218719 60561.484375 60561.496094 60561.484375 60561.484375
1185 108.308098 60561.484375 60653.328125 65153.269531 60561.484375
1186 108.400780 60561.484375 60594.234375 62198.363281 60561.484375
1187 108.492264 60561.484375 60647.511719 64862.250000 60561.484375
1188 108.585678 60561.484375 60595.371094 62255.074219 60561.484375
1189 108.673065 60561.484375 60804.238281 72698.687500 60561.484375
1190 108.764854 60561.484375 60561.496094 60561.484375 60561.484375
1191 108.870979 60561.484375 60561.496094 60561.484375 60561.484375
1192 108.955963 60561.484375 60561.496094 60561.484375 60561.484375
1193 109.046318 60561.484375 61235.925781 94283.015625 60561.484375
1194 109.125038 60561.484375 60707.726562 67872.890625 60561.484375
1195 109.219345 60561.484375 60561.496094 60561.484375 60561.484375
1196 109.298698 60561.484375 60561.496094 60561.484375 60561.484375
1197 109.382439 60561.484375 60561.496094 60561.484375 60561.484375
1198 109.465294 60561.484375 60561.496094 60561.484375 60561.484375
1199 109.552567 60561.484375 60561.496094 60561.484375 60561.484375
1200 109.638443 60561.484375 60972.335938 79110.718750 60561.484375
1201 109.731209 60561.484375 60932.480469 79110.718750 60561.484375
1202 109.813766 60561.484375 60561.496094 60561.484375 60561.484375
1203 109.906006 60561.484375 60561.496094 60561.484375 60561.484375
1204 109.989861 60561.484375 60561.496094 60561.484375 60561.484375
1205 110.090294 60561.484375 60561.496094 60561.484375 60561.484375
1206 110.185242 60561.484375 60561.496094 60561.484375 60561.484375
1207 110.283691 60561.484375 60917.136719 78343.367188 60561.484375
1208 110.382080 60561.484375 60630.546875 64013.882812 60561.484375
1209 110.458336 60561.484375 60614.050781 63189.046875 60561.484375
1210 110.543503 60561.484375 61400.789062 102526.117188 60561.484375
1211 110.640877 60561.484375 60561.496094 60561.484375 60561.484375
1212 110.723083 60561.484375 60561.496094 60561.484375 60561.484375
1213 110.814514 60561.484375 60561.496094 60561.484375 60561.484375
1214 110.908600 60561.484375 60561.496094 60561.484375 60561.484375
1215 110.992500 60561.484375 60561.496094 60561.484375 60561.484375
1216 111.071609 60561.484375 60561.496094 60561.484375 60561.484375
1217 111.166824 60561.484375 60561.496094 60561.484375 60561.484375
1218 111.267593 60561.484375 60561.496094 60561.484375 60561.484375
1219 111.368309 60561.484375 60561.496094 60561.511719 60561.484375
1220 111.455406 60561.484375 60561.496094 60561.484375 60561.484375
1221 111.542290 60561.484375 60561.496094 60561.484375 60561.484375
1222 111.645432 60561.484375 60561.496094 60561.484375 60561.484375
1223 111.718727 60561.484375 60561.496094 60561.484375 60561.484375
1224 111.812683 60561.484375 60561.496094 60561.484375 60561.484375
1225 111.901787 60561.484375 60561.496094 60561.484375 60561.484375
1226 112.000397 60561.484375 61297.605469 97367.007812 60561.484375
1227 112.098099 60561.484375 60567.769531 60875.199219 60561.484375
1228 112.184158 60561.484375 60832.445312 74108.976562 60561.484375
1229 112.269012 60561.484375 60652.515625 65112.496094 60561.484375
1230 112.365273 60561.484375 60568.503906 60911.875000 60561.484375
1231 112.467682 60561.484375 60561.496094 60561.484375 60561.484375
1232 112.565918 60561.484375 60561.496094 60561.484375 60561.484375
1233 112.646278 60561.484375 60561.496094 60561.484375 60561.484375
1234 112.746704 60561.484375 60561.496094 60561.484375 60561.484375
1235 112.831322 60561.484375 60561.496094 60561.484375 60561.484375
1236 112.912605 60561.484375 60561.496094 60561.484375 60561.484375
1237 113.008057 60561.484375 60935.074219 79240.367188 60561.484375
1238 113.101112 60561.484375 60618.480469 63410.570312 60561.484375
1239 113.182907 60561.484375 60561.496094 60561.484375 60561.484375
1240 113.270241 60561.484375 60561.496094 60561.484375 60561.484375
1241 113.353195 60561.484375 60561.496094 60561.484375 60561.484375
1242 113.447716 60561.484375 60561.496094 60561.484375 60561.484375
1243 113.525581 60561.484375 60561.496094 60561.484375 60561.484375
1244 113.639664 60561.484375 60561.496094 60561.484375 60561.484375
1245 113.725014 60561.484375 60561.496094 60561.511719 60561.484375
1246 113.816971 60561.484375 60626.261719 63799.535156 60561.484375
1247 113.898209 60561.484375 60598.796875 62426.488281 60561.484375
1248 114.001640 60561.484375 60561.496094 60561.484375 60561.484375
1249 114.100060 60561.484375 60561.496094 60561.484375 60561.484375
1250 114.208046 60561.484375 60561.496094 60561.484375 60561.484375
1251 114.312462 60561.484375 60561.496094 60561.484375 60561.484375
1252 114.411591 60561.484375 60561.496094 60561.484375 60561.484375
1253 114.512955 60561.484375 60561.496094 60561.484375 60561.484375
1254 114.598579 60561.484375 60561.496094 60561.484375 60561.484375
1255 114.683281 60561.484375 61036.613281 84317.304688 60561.484375
1256 114.764557 60561.484375 60610.671875 63020.113281 60561.484375
1257 114.859627 60561.484375 60574.218750 61197.765625 60561.484375
1258 114.951668 60561.484375 60602.289062 62601.132812 60561.484375
1259 115.049248 60561.484375 60732.000000 69086.765625 60561.484375
1260 115.147728 60561.484375 60576.796875 61326.421875 60561.484375
1261 115.227089 60561.484375 60561.496094 60561.484375 60561.484375
1262 115.309555 60561.484375 60561.496094 60561.484375 60561.484375
1263 115.407166 60561.484375 60561.496094 60561.484375 60561.484375
1264 115.504066 60561.484375 60561.496094 60561.484375 60561.484375
1265 115.592484 60561.484375 60561.496094 60561.484375 60561.484375
1266 115.681602 60561.484375 60561.496094 60561.484375 60561.484375
1267 115.775299 60561.484375 60561.496094 60561.484375 60561.484375
1268 115.853203 60561.484375 60561.496094 60561.484375 60561.484375
1269 115.929260 60561.484375 60561.496094 60561.484375 60561.484375
1270 116.029549 60561.484375 60561.496094 60561.484375 60561.484375
1271 116.114479 60561.484375 60561.496094 60561.484375 60561.484375
1272 116.204147 60561.484375 60561.496094 60561.484375 60561.484375
1273 116.296082 60561.484375 60561.496094 60561.484375 60561.484375
1274 116.386925 60561.484375 61323.738281 88409.882812 60561.484375
1275 116.495750 60561.484375 61230.863281 88409.882812 60561.484375
1276 116.592529 60561.484375 60702.214844 64528.140625 60561.484375
1277 116.689423 60561.484375 60640.828125 64528.140625 60561.484375
1278 116.775093 60561.484375 60561.496094 60561.484375 60561.484375
1279 116.867897 60561.484375 61187.238281 91848.695312 60561.484375
1280 116.962723 60561.484375 61336.941406 96198.476562 60561.484375
1281 117.060898 60561.484375 61880.820312 96198.476562 60561.484375
1282 117.152534 60561.484375 61116.628906 83291.125000 60561.484375
1283 117.235214 60561.484375 60733.796875 65877.476562 60561.484375
1284 117.325661 60561.484375 60678.843750 63860.449219 60561.484375
1285 117.426620 60561.484375 60627.476562 63860.449219 60561.484375
1286 117.524483 60561.484375 60561.496094 60561.484375 60561.484375
1287 117.611565 60561.484375 60561.496094 60561.484375 60561.484375
1288 117.710274 60561.484375 60561.496094 60561.484375 60561.484375
1289 117.813393 60561.484375 60561.496094 60561.484375 60561.484375
1290 117.906799 60561.484375 60561.496094 60561.484375 60561.484375
1291 117.997742 60561.484375 60561.496094 60561.484375 60561.484375
1292 118.088120 60561.484375 60561.496094 60561.484375 60561.484375
1293 118.167923 60561.484375 60561.496094 60561.484375 60561.484375
1294 118.255676 60561.484375 60561.496094 60561.484375 60561.484375
1295 118.351852 60561.484375 60561.496094 60561.484375 60561.484375
1296 118.446877 60561.484375 60561.496094 60561.484375 60561.484375
1297 118.533409 60561.484375 60561.496094 60561.484375 60561.484375
1298 118.629807 60561.484375 60561.496094 60561.484375 60561.484375
1299 118.717865 60561.484375 60561.496094 60561.484375 60561.484375
1300 118.806709 60561.484375 60561.496094 60561.484375 60561.484375
1301 118.894127 60561.484375 60561.496094 60561.484375 60561.484375
1302 118.989731 60561.484375 60561.496094 60561.484375 60561.484375
1303 119.076813 60561.484375 60561.496094 60561.484375 60561.484375
1304 119.171646 60561.484375 60561.496094 60561.484375 60561.484375
1305 119.259163 60561.484375 60561.496094 60561.484375 60561.484375
1306 119.360886 60561.484375 60561.496094 60561.511719 60561.484375
1307 119.441330 60561.484375 60561.496094 60561.484375 60561.484375
1308 119.525520 60561.484375 60561.496094 60561.484375 60561.484375
1309 119.617653 60561.484375 60561.496094 60561.484375 60561.484375
1310 119.702400 60561.484375 60561.496094 60561.484375 60561.484375
1311 119.788437 60561.484375 60561.496094 60561.484375 60561.484375
1312 119.882309 60561.484375 60561.496094 60561.484375 60561.484375
1313 119.976463 60561.484375 60561.496094 60561.484375 60561.484375
1314 120.063789 60561.484375 60666.265625 65799.851562 60561.484375
1315 120.158836 60561.484375 60561.496094 60561.484375 60561.484375
1316 120.243073 60561.484375 60561.496094 60561.484375 60561.484375
1317 120.336746 60561.484375 61273.003906 96136.812500 60561.484375
1318 120.438789 60561.484375 61019.496094 83461.296875 60561.484375
1319 120.527710 60561.484375 60569.050781 60939.234375 60561.484375
1320 120.618034 60561.484375 60620.691406 63521.250000 60561.484375
1321 120.701515 60561.484375 60679.046875 66438.968750 60561.484375
1322 120.794182 60561.484375 60596.550781 62314.128906 60561.484375
1323 120.881424 60561.484375 60561.496094 60561.484375 60561.484375
1324 120.965149 60561.484375 60561.496094 60561.484375 60561.484375
1325 121.052101 60561.484375 60561.496094 60561.484375 60561.484375
1326 121.147217 60561.484375 60561.496094 60561.484375 60561.484375
1327 121.232811 60561.484375 60561.496094 60561.484375 60561.484375
1328 121.310150 60561.484375 60561.496094 60561.484375 60561.484375
1329 121.402397 60561.484375 60561.496094 60561.484375 60561.484375
1330 121.502907 60561.484375 60561.496094 60561.484375 60561.484375
1331 121.598228 60561.484375 60701.480469 67560.609375 60561.484375
1332 121.694183 60561.484375 60650.058594 64989.542969 60561.484375
1333 121.791954 60561.484375 60948.109375 76033.507812 60561.484375
1334 121.880272 60561.484375 60907.003906 76033.507812 60561.484375
1335 121.960182 60561.484375 60880.449219 76033.507812 60561.484375
1336 122.058899 60561.484375 60926.511719 76033.507812 60561.484375
1337 122.158180 60561.484375 60874.179688 76033.507812 60561.484375
1338 122.246140 60561.484375 61021.140625 76033.507812 60561.484375
1339 122.339622 60561.484375 60870.933594 76033.507812 60561.484375
1340 122.424484 60561.484375 60561.496094 60561.484375 60561.484375
1341 122.515503 60561.484375 60561.496094 60561.484375 60561.484375
1342 122.617905 60561.484375 60561.496094 60561.484375 60561.484375
1343 122.710968 60561.484375 60561.496094 60561.484375 60561.484375
1344 122.800240 60561.484375 60561.496094 60561.484375 60561.484375
1345 122.895149 60561.484375 60561.496094 60561.484375 60561.484375
1346 122.984085 60561.484375 60561.496094 60561.484375 60561.484375
1347 123.075645 60561.484375 60561.496094 60561.484375 60561.484375
1348 123.166496 60561.484375 60561.496094 60561.484375 60561.484375
1349 123.261124 60561.484375 61241.988281 94586.210938 60561.484375
1350 123.353851 60561.484375 61273.664062 95952.679688 60561.484375
1351 123.452248 60561.484375 61564.445312 95952.679688 60561.484375
1352 123.549797 60561.484375 61325.476562 95952.679688 60561.484375
1353 123.641571 60561.484375 61269.320312 95952.679688 60561.484375
1354 123.716957 60561.484375 60561.496094 60561.484375 60561.484375
1355 123.802933 60561.484375 60561.496094 60561.484375 60561.484375
1356 123.887955 60561.484375 61096.875000 87330.484375 60561.484375
1357 123.959999 60561.484375 60566.734375 60823.324219 60561.484375
1358 124.055946 60561.484375 60561.496094 60561.484375 60561.484375
1359 124.146683 60561.484375 60667.160156 65844.546875 60561.484375
1360 124.236183 60561.484375 60561.496094 60561.484375 60561.484375
1361 124.314438 60561.484375 60770.671875 71020.210938 60561.484375
1362 124.415375 60561.484375 60662.355469 65604.406250 60561.484375
1363 124.501740 60561.484375 60561.496094 60561.484375 60561.484375
1364 124.583229 60561.484375 60561.496094 60561.484375 60561.484375
1365 124.675522 60561.484375 60561.496094 60561.484375 60561.484375
1366 124.757248 60561.484375 60561.496094 60561.484375 60561.484375
1367 124.852066 60561.484375 60561.496094 60561.484375 60561.484375
1368 124.941162 60561.484375 60561.496094 60561.484375 60561.484375
1369 125.038940 60561.484375 60852.089844 75091.085938 60561.484375
1370 125.117844 60561.484375 60601.281250 62550.566406 60561.484375
1371 125.206299 60561.484375 60561.496094 60561.511719 60561.484375
1372 125.294914 60561.484375 60566.695312 60821.320312 60561.484375
1373 125.390259 60561.484375 60688.203125 66896.984375 60561.484375
1374 125.475266 60561.484375 60561.496094 60561.484375 60561.484375
1375 125.574883 60561.484375 60561.496094 60561.484375 60561.484375
1376 125.663025 60561.484375 60561.496094 60561.484375 60561.484375
1377 125.763000 60561.484375 60561.496094 60561.511719 60561.484375
1378 125.853737 60561.484375 60588.765625 61924.917969 60561.484375
1379 125.939232 60561.484375 60618.550781 63414.046875 60561.484375
1380 126.037529 60561.484375 60561.496094 60561.484375 60561.484375
1381 126.132576 60561.484375 60561.496094 60561.484375 60561.484375
1382 126.213867 60561.484375 60561.496094 60561.484375 60561.484375
1383 126.311714 60561.484375 60561.496094 60561.484375 60561.484375
1384 126.402687 60561.484375 60561.496094 60561.484375 60561.484375
1385 126.481125 60561.484375 60561.496094 60561.484375 60561.484375
1386 126.571999 60561.484375 61069.238281 82430.976562 60561.484375
1387 126.659569 60561.484375 61203.488281 82430.976562 60561.484375
1388 126.749626 60561.484375 61261.816406 82430.976562 60561.484375
1389 126.844231 60561.484375 61133.738281 72322.539062 60561.484375
1390 126.941437 60561.484375 60894.679688 72322.539062 60561.484375
1391 127.045013 60561.484375 60635.589844 64266.304688 60561.484375
1392 127.127373 60561.484375 60561.496094 60561.484375 60561.484375
1393 127.221306 60561.484375 60561.496094 60561.484375 60561.484375
1394 127.303902 60561.484375 60561.496094 60561.484375 60561.484375
1395 127.400169 60561.484375 60561.496094 60561.484375 60561.484375
1396 127.500778 60561.484375 60561.496094 60561.484375 60561.484375
1397 127.601418 60561.484375 60561.496094 60561.484375 60561.484375
1398 127.693207 60561.484375 60561.496094 60561.484375 60561.484375
1399 127.786949 60561.484375 60561.496094 60561.484375 60561.484375
1400 127.889542 60561.484375 60561.496094 60561.484375 60561.484375
1401 127.975807 60561.484375 60561.496094 60561.484375 60561.484375
1402 128.073944 60561.484375 60561.496094 60561.484375 60561.484375
1403 128.174698 60561.484375 61244.468750 94710.281250 60561.484375
1404 128.254013 60561.484375 60802.000000 72586.695312 60561.484375
1405 128.355011 60561.484375 60599.390625 62456.035156 60561.484375
1406 128.454086 60561.484375 60561.496094 60561.484375 60561.484375
1407 128.541931 60561.484375 60561.496094 60561.511719 60561.484375
1408 128.629623 60561.484375 60561.496094 60561.484375 60561.484375
1409 128.721359 60561.484375 60561.496094 60561.484375 60561.484375
1410 128.817444 60561.484375 60561.496094 60561.484375 60561.484375
1411 128.908478 60561.484375 60561.496094 60561.484375 60561.484375
1412 129.009247 60561.484375 60561.496094 60561.484375 60561.484375
1413 129.107117 60561.484375 60561.496094 60561.484375 60561.484375
1414 129.190933 60561.484375 60561.496094 60561.484375 60561.484375
1415 129.284241 60561.484375 60561.496094 60561.484375 60561.484375
1416 129.370193 60561.484375 60561.496094 60561.484375 60561.484375
1417 129.463287 60561.484375 60561.496094 60561.484375 60561.484375
1418 129.557175 60561.484375 60561.496094 60561.484375 60561.484375
1419 129.634338 60561.484375 61068.320312 76942.203125 60561.484375
1420 129.722397 60561.484375 61147.574219 76942.203125 60561.484375
1421 129.804565 60561.484375 60868.175781 68721.117188 60561.484375
1422 129.899338 60561.484375 60743.164062 66347.015625 60561.484375
1423 129.975815 60561.484375 60712.453125 66347.015625 60561.484375
1424 130.070831 60561.484375 60677.203125 66347.015625 60561.484375
1425 130.153107 60561.484375 60561.496094 60561.484375 60561.484375
1426 130.233170 60561.484375 60561.496094 60561.484375 60561.484375
1427 130.331070 60561.484375 60561.496094 60561.484375 60561.484375
1428 130.422501 60561.484375 60561.496094 60561.484375 60561.484375
