0 0.000001 70290.625000 72777.007812 75689.953125 70290.625000
1 0.089336 69767.859375 72777.007812 75689.953125 70290.625000
2 0.182230 68791.687500 72690.257812 75689.953125 69767.859375
3 0.269540 68197.109375 72561.093750 75689.953125 68791.687500
4 0.380006 67820.335938 72408.875000 75689.953125 68197.109375
5 0.469974 67328.101562 72228.562500 75689.953125 67820.335938
6 0.544787 67170.445312 72093.781250 75689.953125 67328.101562
7 0.624889 66583.945312 71988.312500 75689.953125 67170.445312
8 0.724475 66583.937500 71855.515625 75689.953125 66583.945312
9 0.802975 66507.976562 72464.007812 102423.804688 66583.937500
10 0.900891 66251.148438 72293.507812 102423.804688 66507.976562
11 0.990664 65890.828125 72193.101562 102423.804688 66251.148438
12 1.072159 65443.578125 72076.039062 102423.804688 65890.828125
13 1.160886 64864.070312 71968.382812 102423.804688 65443.578125
14 1.240681 64628.921875 71826.125000 102423.804688 64864.070312
15 1.328859 64561.460938 71845.382812 102423.804688 64628.921875
16 1.420362 64441.414062 71539.468750 102423.804688 64561.460938
17 1.510678 64206.867188 70901.695312 72821.757812 64441.414062
18 1.610636 63886.558594 70870.742188 72821.757812 64206.867188
19 1.703377 63676.851562 71147.937500 80992.953125 63886.558594
20 1.798022 63544.335938 70988.343750 74860.234375 63676.851562
21 1.887609 63544.328125 70762.132812 72821.757812 63544.335938
22 1.984837 63428.878906 70725.289062 72821.757812 63544.328125
23 2.075751 63073.652344 70692.187500 72821.757812 63428.878906
24 2.169831 62948.414062 70650.054688 72821.757812 63073.652344
25 2.259223 62768.800781 70595.289062 72821.757812 62948.414062
26 2.347041 62636.503906 70726.257812 72844.820312 62768.800781
27 2.437152 62634.066406 70538.007812 72821.757812 62636.503906
28 2.529798 62530.828125 70513.429688 72821.757812 62634.066406
29 2.602394 62462.234375 70491.828125 72821.757812 62530.828125
30 2.677022 62462.234375 70466.656250 72821.757812 62462.234375
31 2.745274 62462.195312 70454.515625 72821.757812 62462.234375
32 2.836126 62462.183594 70439.171875 72821.757812 62462.195312
33 2.905796 62410.671875 70423.953125 72821.757812 62462.183594
34 2.989826 62246.960938 70415.046875 72821.757812 62410.671875
35 3.061599 62207.066406 70409.578125 72821.757812 62246.960938
36 3.145649 62194.906250 70389.351562 72821.757812 62207.066406
37 3.225069 62174.011719 70372.429688 72730.117188 62194.906250
38 3.315837 62145.132812 70359.546875 72730.117188 62174.011719
39 3.405942 62098.921875 70354.406250 72730.117188 62145.132812
40 3.488461 62098.921875 70335.437500 72730.117188 62098.921875
41 3.582814 62098.921875 70400.257812 72730.117188 62098.921875
42 3.660191 62078.605469 70361.718750 72730.117188 62098.921875
43 3.756119 61968.460938 70356.539062 72730.117188 62078.605469
44 3.851755 61968.460938 70347.921875 72730.117188 61968.460938
45 3.932210 61968.460938 70328.781250 72730.117188 61968.460938
46 4.023466 61779.105469 70321.265625 72730.117188 61968.460938
47 4.112600 61779.105469 70312.562500 72730.117188 61779.105469
48 4.202706 61645.699219 70786.101562 87339.945312 61779.105469
49 4.297468 61584.578125 70319.445312 72730.117188 61645.699219
50 4.383694 61557.921875 70307.687500 72730.117188 61584.578125
51 4.467727 61557.871094 70883.882812 90641.742188 61557.921875
52 4.574965 61557.867188 71268.062500 105670.007812 61557.871094
53 4.657566 61557.867188 70406.226562 72730.117188 61557.867188
54 4.740079 61557.867188 70397.484375 72730.117188 61557.867188
55 4.820787 61504.269531 71159.125000 101484.859375 61557.867188
56 4.918223 61504.253906 70363.906250 72730.117188 61504.269531
57 5.005082 61504.253906 70359.187500 72730.117188 61504.253906
58 5.087638 61504.253906 70356.492188 72730.117188 61504.253906
59 5.182098 61504.226562 70356.132812 72730.117188 61504.253906
60 5.268038 61504.226562 70355.328125 72730.117188 61504.226562
61 5.356047 61486.261719 70349.742188 72730.117188 61504.226562
62 5.436292 61486.261719 70345.796875 72730.117188 61486.261719
63 5.518248 61486.230469 70322.156250 72730.117188 61486.261719
64 5.598563 61486.230469 70308.132812 72730.117188 61486.230469
65 5.684012 61486.230469 70298.593750 72730.117188 61486.230469
66 5.776640 61486.230469 70293.453125 72730.117188 61486.230469
67 5.872900 61486.230469 70284.546875 72730.117188 61486.230469
68 5.953421 61486.230469 70284.187500 72730.117188 61486.230469
69 6.049491 61315.101562 70264.164062 72730.117188 61486.230469
70 6.127359 61315.101562 70238.242188 72730.117188 61315.101562
71 6.219083 61315.082031 70235.765625 72730.117188 61315.101562
72 6.312335 61315.082031 70227.343750 72730.117188 61315.082031
73 6.387671 61315.082031 70217.976562 72730.117188 61315.082031
74 6.479682 61315.082031 70556.984375 88980.789062 61315.082031
75 6.575135 61315.082031 70037.703125 72730.117188 61315.082031
76 6.666851 61315.082031 70026.562500 72730.117188 61315.082031
77 6.757539 61315.082031 70023.078125 72730.117188 61315.082031
78 6.835869 61315.082031 70019.656250 72730.117188 61315.082031
79 6.930500 61315.082031 70019.656250 72730.117188 61315.082031
80 7.011740 61315.082031 70013.851562 72730.117188 61315.082031
81 7.096190 61315.082031 70013.851562 72730.117188 61315.082031
82 7.177332 61315.082031 70013.843750 72730.117188 61315.082031
83 7.256260 61315.082031 70013.843750 72730.117188 61315.082031
84 7.352001 61315.082031 69990.242188 72730.117188 61315.082031
85 7.437771 61315.082031 69965.445312 72730.117188 61315.082031
86 7.510841 61315.082031 69937.117188 72730.117188 61315.082031
87 7.594863 61315.082031 69937.117188 72730.117188 61315.082031
88 7.694096 61315.082031 69937.117188 72730.117188 61315.082031
89 7.784201 61315.082031 69937.117188 72730.117188 61315.082031
90 7.867776 61315.082031 69937.117188 72730.117188 61315.082031
91 7.950762 61315.082031 69937.117188 72730.117188 61315.082031
92 8.031098 61315.082031 69937.117188 72730.117188 61315.082031
93 8.121018 61315.082031 69937.117188 72730.117188 61315.082031
94 8.210343 61315.082031 70095.953125 72730.117188 61315.082031
95 8.303247 61315.082031 70095.953125 72730.117188 61315.082031
96 8.390663 61315.082031 70095.953125 72730.117188 61315.082031
97 8.472059 61315.082031 70064.523438 72730.117188 61315.082031
98 8.562569 61315.082031 70064.523438 72730.117188 61315.082031
99 8.645450 61315.082031 70063.429688 72730.117188 61315.082031
100 8.724867 61315.082031 70030.187500 72730.117188 61315.082031
101 8.808794 61315.082031 69981.289062 72730.117188 61315.082031
102 8.898722 61315.082031 69980.078125 72730.117188 61315.082031
103 8.982766 61315.082031 69976.851562 72730.117188 61315.082031
104 9.073176 61315.082031 69976.851562 72730.117188 61315.082031
105 9.154597 61315.082031 69921.000000 72730.117188 61315.082031
106 9.241892 61315.082031 69957.281250 72730.117188 61315.082031
107 9.332844 61315.078125 69951.156250 72730.117188 61315.082031
108 9.429417 61315.078125 69951.156250 72730.117188 61315.078125
109 9.504425 61315.074219 69949.593750 72730.117188 61315.078125
110 9.599816 61315.074219 69949.593750 72730.117188 61315.074219
111 9.692394 61315.074219 69921.000000 72730.117188 61315.074219
112 9.768338 61315.074219 69921.000000 72730.117188 61315.074219
113 9.857353 61315.074219 69921.000000 72730.117188 61315.074219
114 9.936395 61315.074219 69921.000000 72730.117188 61315.074219
115 10.021950 61315.074219 70060.664062 72730.117188 61315.074219
116 10.104062 61315.074219 70060.664062 72730.117188 61315.074219
117 10.196611 61315.074219 69921.000000 72730.117188 61315.074219
118 10.287564 61315.074219 69921.000000 72730.117188 61315.074219
119 10.421920 61315.074219 69762.171875 72730.117188 61315.074219
120 10.520636 61315.074219 70294.062500 87909.750000 61315.074219
121 10.613288 61315.074219 69777.906250 72730.117188 61315.074219
122 10.696777 61315.074219 69777.906250 72730.117188 61315.074219
123 10.787792 61315.074219 69777.906250 72730.117188 61315.074219
124 10.880146 61315.074219 69777.906250 72730.117188 61315.074219
125 10.962614 61315.074219 69777.906250 72730.117188 61315.074219
126 11.057060 61315.074219 69777.906250 72730.117188 61315.074219
127 11.140283 61315.074219 69777.906250 72730.117188 61315.074219
128 11.221453 61315.074219 69777.906250 72730.117188 61315.074219
129 11.308674 61315.074219 70304.117188 87625.468750 61315.074219
130 11.397811 61315.074219 69800.312500 72730.117188 61315.074219
131 11.492497 61315.074219 69800.312500 72730.117188 61315.074219
132 11.593203 61315.074219 69800.312500 72730.117188 61315.074219
133 11.682012 61315.074219 69800.312500 72730.117188 61315.074219
134 11.761878 61315.074219 69800.312500 72730.117188 61315.074219
135 11.834562 61315.074219 69800.312500 72730.117188 61315.074219
136 11.920279 61315.074219 69800.312500 72730.117188 61315.074219
137 12.017802 61315.074219 69800.312500 72730.117188 61315.074219
138 12.097824 61315.074219 69800.312500 72730.117188 61315.074219
139 12.182802 61315.074219 69800.312500 72730.117188 61315.074219
140 12.278770 61315.074219 69903.125000 72730.117188 61315.074219
141 12.379000 61315.074219 69880.218750 72730.117188 61315.074219
142 12.467672 61315.074219 69857.812500 72730.117188 61315.074219
143 12.552260 61315.074219 69955.687500 72730.117188 61315.074219
144 12.630884 61315.074219 69951.007812 72730.117188 61315.074219
145 12.715337 61315.074219 69850.242188 72730.117188 61315.074219
146 12.803259 61315.074219 69762.171875 72730.117188 61315.074219
147 12.899888 61315.074219 69762.171875 72730.117188 61315.074219
148 12.994324 61315.074219 69762.171875 72730.117188 61315.074219
149 13.075797 61315.074219 69762.171875 72730.117188 61315.074219
150 13.143958 61315.074219 69762.171875 72730.117188 61315.074219
151 13.236317 61315.074219 69762.171875 72730.117188 61315.074219
152 13.344089 61315.074219 69762.171875 72730.117188 61315.074219
153 13.424980 61315.074219 69762.171875 72730.117188 61315.074219
154 13.494215 61315.074219 69762.171875 72730.117188 61315.074219
155 13.586643 61315.074219 69533.867188 72730.117188 61315.074219
156 13.665246 61315.074219 69533.867188 72730.117188 61315.074219
157 13.748560 61315.074219 70104.273438 89835.000000 61315.082031
158 13.831993 61315.074219 70104.273438 89835.000000 61315.082031
159 13.932066 61315.074219 70104.273438 89835.000000 61315.082031
160 14.028155 61315.074219 70104.273438 89835.000000 61315.082031
161 14.096159 61315.074219 70350.750000 89835.000000 61315.082031
162 14.180589 61315.074219 69802.835938 73639.226562 61315.082031
163 14.266419 61315.074219 70268.007812 85697.546875 61315.082031
164 14.341629 61315.074219 70350.203125 89807.085938 61315.082031
165 14.426836 61315.074219 70289.468750 86770.070312 61315.082031
166 14.519884 61315.074219 69796.023438 73639.226562 61315.082031
167 14.612261 61315.074219 69796.023438 73639.226562 61315.082031
168 14.701559 61315.074219 69796.023438 73639.226562 61315.082031
169 14.778848 61315.074219 69796.023438 73639.226562 61315.082031
170 14.866171 61315.074219 69796.023438 73639.226562 61315.078125
171 14.946046 61315.074219 69780.375000 73639.226562 61315.078125
172 15.027824 61315.074219 69780.375000 73639.226562 61315.078125
173 15.110132 61315.074219 69780.375000 73639.226562 61315.078125
174 15.194295 61315.074219 69780.375000 73639.226562 61315.078125
175 15.287044 61315.074219 69780.375000 73639.226562 61315.078125
176 15.370392 61315.074219 69780.375000 73639.226562 61315.078125
177 15.457607 61315.074219 70221.796875 83386.117188 61315.078125
178 15.534996 61315.074219 69780.382812 73639.226562 61315.078125
179 15.624149 61315.074219 69780.382812 73639.226562 61315.078125
180 15.711747 61315.074219 69913.570312 79389.710938 61315.078125
181 15.810125 61315.074219 69981.750000 73639.226562 61315.078125
182 15.899671 61315.074219 69940.609375 73639.226562 61315.078125
183 15.981673 61315.074219 69780.382812 73639.226562 61315.078125
184 16.056055 61315.074219 69780.382812 73639.226562 61315.078125
185 16.138763 61315.074219 69780.382812 73639.226562 61315.078125
186 16.232126 61315.074219 70130.265625 78809.070312 61315.082031
187 16.308714 61315.074219 70129.468750 78809.070312 61315.082031
188 16.397783 61315.074219 69877.546875 73599.476562 61315.082031
189 16.472702 61315.074219 69877.546875 73599.476562 61315.082031
190 16.553061 61315.074219 69877.546875 73599.476562 61315.082031
191 16.631161 61315.074219 69779.601562 73599.476562 61315.082031
192 16.714478 61315.074219 69779.601562 73599.476562 61315.082031
193 16.804390 61315.074219 69779.601562 73599.476562 61315.082031
194 16.885252 61315.074219 69779.601562 73599.476562 61315.082031
195 16.958860 61315.074219 69779.601562 73599.476562 61315.082031
196 17.044800 61315.074219 69779.601562 73599.476562 61315.082031
197 17.144102 61315.074219 69779.601562 73599.476562 61315.082031
198 17.224869 61315.074219 69551.296875 73599.476562 61315.082031
199 17.320761 61315.074219 69551.296875 73599.476562 61315.082031
200 17.405096 61315.074219 69853.054688 76402.804688 61315.082031
201 17.480181 61315.074219 69551.304688 73599.476562 61315.082031
202 17.554380 61315.074219 70081.671875 87833.539062 61315.082031
203 17.638630 61315.074219 69779.609375 73599.476562 61315.082031
204 17.718479 61315.074219 69779.609375 73599.476562 61315.082031
205 17.786243 61315.074219 69779.609375 73599.476562 61315.082031
206 17.872374 61315.074219 69779.609375 73599.476562 61315.082031
207 17.952454 61315.074219 69779.609375 73599.476562 61315.082031
208 18.044312 61315.074219 69551.312500 73599.476562 61315.082031
209 18.134676 61315.074219 69323.007812 73599.476562 61315.082031
210 18.233873 61315.074219 69323.007812 73599.476562 61315.082031
211 18.311501 61315.074219 69323.007812 73599.476562 61315.082031
212 18.391237 61315.074219 69323.007812 73599.476562 61315.082031
213 18.488071 61315.074219 69323.007812 73599.476562 61315.082031
214 18.565794 61315.074219 69939.953125 92162.218750 61315.082031
215 18.647087 61315.074219 69551.312500 73599.476562 61315.082031
216 18.739817 61315.074219 69551.312500 73599.476562 61315.082031
217 18.832989 61315.074219 69551.312500 73599.476562 61315.082031
218 18.922846 61315.074219 69551.312500 73599.476562 61315.082031
219 18.996420 61315.074219 69551.312500 73599.476562 61315.082031
220 19.071096 61315.074219 69551.312500 73599.476562 61315.082031
221 19.154123 61315.074219 69551.312500 73599.476562 61315.082031
222 19.246239 61315.074219 69551.312500 73599.476562 61315.082031
223 19.328819 61315.074219 70029.281250 85213.695312 61315.082031
224 19.407192 61315.074219 69779.617188 73599.476562 61315.082031
225 19.484568 61315.074219 69779.617188 73599.476562 61315.082031
226 19.567392 61315.074219 69779.617188 73599.476562 61315.082031
227 19.645308 61315.074219 69779.617188 73599.476562 61315.082031
228 19.721292 61315.074219 69779.617188 73599.476562 61315.082031
229 19.802366 61315.074219 69779.617188 73599.476562 61315.082031
230 19.888762 61315.074219 69779.617188 73599.476562 61315.082031
231 19.983992 61315.074219 69551.320312 73599.476562 61315.082031
232 20.068375 61315.074219 69551.320312 73599.476562 61315.082031
233 20.161516 61315.074219 69551.320312 73599.476562 61315.082031
234 20.249067 61315.074219 69551.312500 73599.476562 61315.082031
235 20.347107 61315.074219 69551.312500 73599.476562 61315.082031
236 20.450693 61315.074219 69551.312500 73599.476562 61315.082031
237 20.545120 61315.074219 69323.015625 73599.476562 61315.082031
238 20.639172 61315.074219 69094.718750 73599.476562 61315.082031
239 20.716152 61315.074219 69094.718750 73599.476562 61315.082031
240 20.809177 61315.074219 69013.843750 73599.476562 61315.082031
241 20.891396 61315.074219 69013.843750 73599.476562 61315.082031
242 20.978649 61315.074219 69013.843750 73599.476562 61315.082031
243 21.068352 61315.074219 69013.843750 73599.476562 61315.082031
244 21.150314 61315.074219 69013.843750 73599.476562 61315.082031
245 21.245028 61315.074219 68866.414062 73599.476562 61315.082031
246 21.336529 61315.074219 68638.117188 73599.476562 61315.082031
247 21.406197 61315.074219 68638.117188 73599.476562 61315.082031
248 21.500109 61315.074219 68638.117188 73599.476562 61315.078125
249 21.595692 61315.074219 68638.117188 73599.476562 61315.078125
250 21.685217 61315.074219 68638.117188 73599.476562 61315.078125
251 21.777254 61315.074219 68409.812500 73599.476562 61315.078125
252 21.857096 61315.074219 68181.515625 73599.476562 61315.078125
253 21.930861 61315.074219 68181.515625 73599.476562 61315.078125
254 22.010157 61315.074219 68181.515625 73599.476562 61315.078125
255 22.089031 61315.074219 68181.515625 73599.476562 61315.078125
256 22.181396 61315.074219 68181.515625 73599.476562 61315.078125
257 22.274778 61315.074219 68757.937500 90136.023438 61315.082031
258 22.350693 61315.074219 68740.546875 90136.023438 61315.082031
259 22.420193 61315.074219 68740.546875 90136.023438 61315.082031
260 22.507393 61315.074219 69514.125000 99994.007812 61315.082031
261 22.599388 61315.074219 69090.429688 90136.023438 61315.082031
262 22.705929 61315.074219 69090.429688 90136.023438 61315.082031
263 22.798847 61315.074219 69090.429688 90136.023438 61315.082031
264 22.884275 61315.074219 69090.429688 90136.023438 61315.082031
265 22.962940 61315.074219 69090.429688 90136.023438 61315.082031
266 23.055096 61315.074219 69090.429688 90136.023438 61315.082031
267 23.132456 61315.074219 69231.335938 90136.023438 61315.082031
268 23.213720 61315.074219 69231.343750 90136.023438 61315.082031
269 23.303444 61315.074219 69090.429688 90136.023438 61315.082031
270 23.385883 61315.074219 69090.429688 90136.023438 61315.082031
271 23.458696 61315.074219 68862.132812 90136.023438 61315.082031
272 23.526085 61315.074219 68862.132812 90136.023438 61315.082031
273 23.614096 61315.074219 69139.437500 90136.023438 61315.082031
274 23.704325 61315.074219 69749.617188 103238.523438 61315.082031
275 23.797907 61315.074219 69261.023438 90136.023438 61315.082031
276 23.883509 61315.074219 69261.023438 90136.023438 61315.082031
277 23.964199 61315.074219 69261.023438 90136.023438 61315.082031
278 24.052496 61315.074219 69261.023438 90136.023438 61315.082031
279 24.141088 61315.074219 69261.023438 90136.023438 61315.082031
280 24.231091 61315.074219 69261.023438 90136.023438 61315.082031
281 24.315950 61315.074219 69032.726562 90136.023438 61315.082031
282 24.408138 61315.074219 69713.796875 95368.640625 61315.082031
283 24.492928 61315.074219 69382.601562 90136.023438 61315.082031
284 24.583973 61315.074219 69382.601562 90136.023438 61315.082031
285 24.659727 61315.074219 69382.601562 90136.023438 61315.082031
286 24.755207 61315.074219 69568.718750 90136.023438 61315.082031
287 24.829651 61315.074219 69568.718750 90136.023438 61315.082031
288 24.910879 61315.074219 69382.601562 90136.023438 61315.082031
289 25.002539 61315.074219 69382.601562 90136.023438 61315.082031
290 25.087645 61315.074219 69804.359375 90136.023438 61315.082031
291 25.161741 61315.074219 69732.484375 90136.023438 61315.082031
292 25.255432 61315.074219 69732.484375 90136.023438 61315.082031
293 25.337385 61315.074219 69732.484375 90136.023438 61315.082031
294 25.400936 61315.074219 69732.484375 90136.023438 61315.082031
295 25.478672 61315.074219 69732.484375 90136.023438 61315.082031
296 25.568676 61315.074219 69732.484375 90136.023438 61315.082031
297 25.651108 61315.074219 69732.484375 90136.023438 61315.082031
298 25.731892 61315.074219 69732.484375 90136.023438 61315.082031
299 25.818089 61315.074219 69931.460938 90136.023438 61315.082031
300 25.909920 61315.074219 69931.460938 90136.023438 61315.082031
301 25.985008 61315.074219 69931.460938 90136.023438 61315.082031
302 26.067263 61315.074219 69732.484375 90136.023438 61315.082031
303 26.155985 61315.074219 69732.484375 90136.023438 61315.082031
304 26.240004 61315.074219 69504.187500 90136.023438 61315.082031
305 26.323004 61315.074219 69504.187500 90136.023438 61315.078125
306 26.410927 61315.074219 69504.187500 90136.023438 61315.078125
307 26.496365 61315.074219 69504.187500 90136.023438 61315.078125
308 26.597227 61315.074219 69504.187500 90136.023438 61315.078125
309 26.696854 61315.074219 69504.187500 90136.023438 61315.078125
310 26.785618 61315.074219 69275.882812 90136.023438 61315.078125
311 26.900385 61315.074219 69275.882812 90136.023438 61315.078125
312 26.977808 61315.074219 69275.882812 90136.023438 61315.078125
313 27.058943 61315.074219 69275.882812 90136.023438 61315.078125
314 27.145908 61315.074219 69275.882812 90136.023438 61315.078125
315 27.236078 61315.074219 69275.882812 90136.023438 61315.078125
316 27.322496 61315.074219 69275.882812 90136.023438 61315.078125
317 27.424667 61315.074219 69275.882812 90136.023438 61315.078125
318 27.511189 61315.074219 69275.882812 90136.023438 61315.078125
319 27.589249 61315.074219 69275.882812 90136.023438 61315.078125
320 27.667160 61315.074219 69275.882812 90136.023438 61315.078125
321 27.737965 61315.074219 69275.882812 90136.023438 61315.078125
322 27.822300 61315.074219 69275.882812 90136.023438 61315.078125
323 27.910648 61315.074219 69195.781250 90136.023438 61315.078125
324 28.000137 61315.074219 69195.781250 90136.023438 61315.078125
325 28.094952 61315.074219 69195.781250 90136.023438 61315.078125
326 28.186237 61315.074219 69195.781250 90136.023438 61315.078125
327 28.279823 61315.074219 69195.781250 90136.023438 61315.078125
328 28.365835 61315.074219 69195.781250 90136.023438 61315.078125
329 28.439352 61315.074219 69195.781250 90136.023438 61315.078125
330 28.516775 61315.074219 69195.781250 90136.023438 61315.078125
331 28.612202 61315.074219 69697.117188 90136.023438 61315.078125
332 28.686253 61315.074219 69542.445312 86381.843750 61315.078125
333 28.777590 61315.074219 69542.445312 86381.843750 61315.078125
334 28.864294 61315.074219 69894.695312 86381.843750 61315.078125
335 28.955473 61315.074219 69894.695312 86381.843750 61315.078125
336 29.030325 61315.074219 69894.695312 86381.843750 61315.078125
337 29.119757 61315.074219 69894.695312 86381.843750 61315.078125
338 29.191919 61315.074219 69894.695312 86381.843750 61315.078125
339 29.275717 61315.074219 69746.500000 86381.843750 61315.078125
340 29.363625 61315.074219 69746.500000 86381.843750 61315.078125
341 29.454636 61315.074219 69746.500000 86381.843750 61315.078125
342 29.539656 61315.074219 69746.500000 86381.843750 61315.078125
343 29.622864 61315.074219 69746.500000 86381.843750 61315.078125
344 29.715099 61315.074219 69709.320312 86381.843750 61315.078125
345 29.795139 61315.074219 70089.953125 86381.843750 61315.078125
346 29.883171 61315.074219 70396.554688 86381.843750 61315.078125
347 29.973169 61315.074219 70396.546875 86381.843750 61315.078125
348 30.064447 61315.074219 70558.335938 86381.843750 61315.078125
349 30.147341 61315.074219 70558.343750 86381.843750 61315.078125
350 30.243937 61315.074219 70558.343750 86381.843750 61315.078125
351 30.334028 61315.074219 70558.343750 86381.843750 61315.078125
352 30.412773 61315.074219 70811.906250 86381.843750 61315.078125
353 30.494686 61315.074219 70811.906250 86381.843750 61315.078125
354 30.600044 61315.074219 70811.906250 86381.843750 61315.078125
355 30.692965 61315.074219 70650.125000 86381.843750 61315.078125
356 30.767132 61315.074219 70650.125000 86381.843750 61315.078125
357 30.853500 61315.074219 70650.125000 86381.843750 61315.078125
358 30.944847 61315.074219 70650.125000 86381.843750 61315.078125
359 31.046911 61315.074219 70650.125000 86381.843750 61315.078125
360 31.134302 61315.074219 70650.125000 86381.843750 61315.078125
361 31.217487 61315.074219 70650.125000 86381.843750 61315.078125
362 31.288197 61315.074219 70650.125000 86381.843750 61315.078125
363 31.382523 61315.074219 70650.125000 86381.843750 61315.078125
364 31.475807 61315.074219 70650.125000 86381.843750 61315.078125
365 31.561523 61315.074219 70650.117188 86381.843750 61315.078125
366 31.649826 61315.074219 71146.187500 95674.296875 61315.078125
367 31.741089 61315.074219 70925.812500 86381.843750 61315.078125
368 31.842655 61315.074219 70925.804688 86381.843750 61315.078125
369 31.940777 61315.074219 71498.343750 89942.093750 61315.078125
370 32.022137 61315.074219 71119.257812 86381.843750 61315.078125
371 32.114487 61315.074219 71119.257812 86381.843750 61315.078125
372 32.199722 61315.074219 71119.257812 86381.843750 61315.078125
373 32.277969 61315.074219 70890.953125 86381.843750 61315.078125
374 32.360836 61315.074219 70662.656250 86381.843750 61315.078125
375 32.445293 61315.074219 71138.843750 86381.843750 61315.078125
376 32.523819 61315.074219 71059.265625 85124.796875 61315.078125
377 32.609829 61315.074219 70830.968750 85124.796875 61315.078125
378 32.691441 61315.074219 71428.179688 91175.843750 61315.078125
379 32.784821 61315.074219 71024.414062 85124.796875 61315.078125
380 32.872932 61315.074219 71024.414062 85124.796875 61315.078125
381 32.961102 61315.074219 71024.414062 85124.796875 61315.078125
382 33.045574 61315.074219 71024.414062 85124.796875 61315.078125
383 33.125607 61315.074219 71024.414062 85124.796875 61315.078125
384 33.200111 61315.074219 71024.414062 85124.796875 61315.078125
385 33.280602 61315.074219 71024.414062 85124.796875 61315.078125
386 33.371487 61315.074219 71024.414062 85124.796875 61315.078125
387 33.463268 61315.074219 71622.968750 91242.601562 61315.078125
388 33.552299 61315.074219 71446.156250 85124.796875 61315.078125
389 33.644997 61315.074219 71385.437500 85124.796875 61315.078125
390 33.737751 61315.074219 71557.187500 85124.796875 61315.078125
391 33.815907 61315.074219 71557.187500 85124.796875 61315.078125
392 33.906090 61315.074219 71557.187500 85124.796875 61315.078125
393 34.004795 61315.074219 71557.187500 85124.796875 61315.078125
394 34.080376 61315.074219 71557.187500 85124.796875 61315.078125
395 34.175613 61315.074219 71557.187500 85124.796875 61315.078125
396 34.243675 61315.074219 71557.187500 85124.796875 61315.078125
397 34.316097 61315.074219 71557.187500 85124.796875 61315.078125
398 34.406380 61315.074219 71557.187500 85124.796875 61315.078125
399 34.485897 61315.074219 71557.187500 85124.796875 61315.078125
400 34.566765 61315.074219 72354.687500 101189.945312 61315.078125
401 34.669041 61315.074219 71978.937500 85124.796875 61315.078125
402 34.747337 61315.074219 71978.937500 85124.796875 61315.078125
403 34.835754 61315.074219 71978.937500 85124.796875 61315.078125
404 34.934830 61315.074219 71978.937500 85124.796875 61315.078125
405 35.008991 61315.074219 71978.937500 85124.796875 61315.078125
406 35.094212 61315.074219 71978.937500 85124.796875 61315.078125
407 35.173935 61315.074219 71978.937500 85124.796875 61315.078125
408 35.260376 61315.074219 71978.937500 85124.796875 61315.078125
409 35.348259 61315.074219 71978.937500 85124.796875 61315.078125
410 35.430733 61315.074219 71978.937500 85124.796875 61315.078125
411 35.521248 61315.074219 71750.632812 85124.796875 61315.078125
412 35.611874 61315.074219 71750.632812 85124.796875 61315.078125
413 35.703018 61315.074219 71750.632812 85124.796875 61315.078125
414 35.780472 61315.074219 71522.328125 85124.796875 61315.078125
415 35.874805 61315.074219 71522.328125 85124.796875 61315.078125
416 35.971172 61315.074219 71522.328125 85124.796875 61315.078125
417 36.050522 61315.074219 71522.328125 85124.796875 61315.078125
418 36.147240 61315.074219 71522.328125 85124.796875 61315.078125
419 36.223843 61315.074219 71522.328125 85124.796875 61315.078125
420 36.317249 61315.074219 71522.328125 85124.796875 61315.078125
421 36.403645 61315.074219 71522.328125 85124.796875 61315.078125
422 36.479240 61315.074219 71294.031250 85124.796875 61315.078125
423 36.563850 61315.074219 71065.726562 85124.796875 61315.078125
424 36.644684 61315.074219 71282.898438 85124.796875 61315.078125
425 36.721867 61315.074219 71921.132812 101550.937500 61315.078125
426 36.809769 61315.074219 71538.164062 83588.367188 61315.078125
427 36.900845 61315.074219 71538.164062 83588.367188 61315.078125
428 37.000385 61315.074219 72113.937500 90103.679688 61315.078125
429 37.089611 61315.074219 71959.921875 83588.367188 61315.078125
430 37.162605 61315.074219 71851.585938 83588.367188 61315.078125
431 37.246479 61315.074219 71851.585938 83588.367188 61315.078125
432 37.324146 61315.074219 71851.585938 83588.367188 61315.078125
433 37.411892 61315.074219 71851.585938 83588.367188 61315.078125
434 37.499233 61315.074219 72050.882812 83588.367188 61315.078125
435 37.575752 61315.074219 72050.882812 83588.367188 61315.078125
436 37.647491 61315.074219 72050.882812 83588.367188 61315.078125
437 37.722980 61315.074219 72050.882812 83588.367188 61315.078125
438 37.821911 61315.074219 71843.664062 83588.367188 61315.078125
439 37.914646 61315.074219 71843.664062 83588.367188 61315.078125
440 38.008591 61315.074219 71843.664062 83588.367188 61315.078125
441 38.095268 61315.074219 72463.960938 92329.750000 61315.078125
442 38.182686 61315.074219 72265.421875 83588.367188 61315.078125
443 38.272697 61315.074219 72265.414062 83588.367188 61315.078125
444 38.343407 61315.074219 72265.414062 83588.367188 61315.078125
445 38.423817 61315.074219 72037.117188 83588.367188 61315.078125
446 38.510197 61315.074219 72360.906250 83588.367188 61315.078125
447 38.585205 61315.074219 72360.906250 83588.367188 61315.078125
448 38.676723 61315.074219 72431.734375 83588.367188 61315.078125
449 38.754711 61315.074219 72203.437500 83588.367188 61315.078125
450 38.848156 61315.074219 72203.437500 83588.367188 61315.078125
451 38.939465 61315.074219 72634.187500 83588.367188 61315.078125
452 39.021873 61315.074219 72610.476562 82852.710938 61315.078125
453 39.110939 61315.074219 72610.476562 82852.710938 61315.078125
454 39.204315 61315.074219 72610.476562 82852.710938 61315.078125
455 39.286911 61315.074219 72610.476562 82852.710938 61315.078125
456 39.375210 61315.074219 72610.476562 82852.710938 61315.078125
457 39.461071 61315.074219 72610.476562 82852.710938 61315.078125
458 39.553902 61315.074219 72610.476562 82852.710938 61315.078125
459 39.630142 61315.074219 72610.476562 82852.710938 61315.078125
460 39.700073 61315.074219 72610.476562 82852.710938 61315.078125
461 39.789185 61315.074219 72610.476562 82852.710938 61315.078125
462 39.856953 61315.074219 72610.476562 82852.710938 61315.078125
463 39.940559 61315.074219 72610.476562 82852.710938 61315.078125
464 40.024750 61315.074219 72610.476562 82852.710938 61315.078125
465 40.109375 61315.074219 72610.476562 82852.710938 61315.078125
466 40.192711 61315.074219 72610.476562 82852.710938 61315.078125
467 40.284721 61315.074219 72610.476562 82852.710938 61315.078125
468 40.381367 61315.074219 72610.476562 82852.710938 61315.078125
469 40.463490 61315.074219 72382.179688 82852.710938 61315.078125
470 40.550446 61315.074219 72382.179688 82852.710938 61315.078125
471 40.648315 61315.074219 72382.179688 82852.710938 61315.078125
472 40.743393 61315.074219 72382.179688 82852.710938 61315.078125
473 40.829617 61315.074219 72382.179688 82852.710938 61315.078125
474 40.909283 61315.074219 72382.179688 82852.710938 61315.078125
475 40.992943 61315.074219 72382.179688 82852.710938 61315.078125
476 41.063492 61315.074219 72382.179688 82852.710938 61315.078125
477 41.158783 61315.074219 72382.179688 82852.710938 61315.078125
478 41.237377 61315.074219 72382.179688 82852.710938 61315.078125
479 41.328838 61315.074219 72382.179688 82852.710938 61315.078125
480 41.411495 61315.074219 72382.179688 82852.710938 61315.078125
481 41.505600 61315.074219 72382.179688 82852.710938 61315.078125
482 41.600815 61315.074219 72382.179688 82852.710938 61315.078125
483 41.693737 61315.074219 72927.843750 88598.468750 61315.078125
484 41.784554 61315.074219 72575.632812 82852.710938 61315.078125
485 41.867977 61315.074219 72575.632812 82852.710938 61315.078125
486 41.958664 61315.074219 72575.632812 82852.710938 61315.078125
487 42.050636 61315.074219 72575.632812 82852.710938 61315.078125
488 42.132076 61315.074219 72347.328125 82852.710938 61315.078125
489 42.220028 61315.074219 72771.679688 82852.710938 61315.078125
490 42.312019 61315.074219 72885.757812 82532.492188 61315.078125
491 42.396381 61315.074219 72762.679688 82532.492188 61315.078125
492 42.483509 61315.074219 72762.679688 82532.492188 61315.078125
493 42.571674 61315.074219 72762.679688 82532.492188 61315.078125
494 42.666031 61315.074219 72762.679688 82532.492188 61315.078125
495 42.747532 61315.074219 72762.679688 82532.492188 61315.078125
496 42.839951 61315.074219 72762.679688 82532.492188 61315.078125
497 42.921997 61315.074219 72762.679688 82532.492188 61315.078125
498 43.002449 61315.074219 72762.679688 82532.492188 61315.078125
499 43.096375 61315.074219 73379.226562 92142.492188 61315.078125
500 43.173206 61315.074219 72956.132812 82532.492188 61315.078125
501 43.254513 61315.074219 72956.132812 82532.492188 61315.078125
502 43.389267 61315.074219 72956.132812 82532.492188 61315.078125
503 43.497894 61315.074219 72956.132812 82532.492188 61315.078125
504 43.585480 61315.074219 72727.828125 82532.492188 61315.078125
505 43.671627 61315.074219 73147.101562 82532.492188 61315.078125
506 43.754730 61315.074219 73297.476562 82532.492188 61315.078125
507 43.844769 61315.074219 73297.476562 82532.492188 61315.078125
508 43.928535 61315.074219 73780.476562 85465.296875 61315.078125
509 44.025776 61315.074219 73719.226562 82532.492188 61315.078125
510 44.112804 61315.074219 73719.226562 82532.492188 61315.078125
511 44.203129 61315.074219 73719.226562 82532.492188 61315.078125
512 44.291412 61315.074219 73568.851562 82532.492188 61315.078125
513 44.365067 61315.074219 73568.851562 82532.492188 61315.078125
514 44.454170 61315.074219 74244.750000 95110.007812 61315.078125
515 44.536442 61315.074219 73762.304688 82532.492188 61315.078125
516 44.625221 61315.074219 73762.304688 82532.492188 61315.078125
517 44.708080 61315.074219 73762.304688 82532.492188 61315.078125
518 44.805489 61315.074219 73762.304688 82532.492188 61315.078125
519 44.895729 61315.074219 73762.304688 82532.492188 61315.078125
520 44.986660 61315.074219 73762.304688 82532.492188 61315.078125
521 45.068790 61315.074219 73762.296875 82532.492188 61315.078125
522 45.163410 61315.074219 74060.546875 82532.492188 61315.078125
523 45.237858 61315.074219 74060.539062 82532.492188 61315.078125
524 45.323753 61315.074219 74060.539062 82532.492188 61315.078125
525 45.409744 61315.074219 74060.539062 82532.492188 61315.078125
526 45.495590 61315.074219 73832.242188 82532.492188 61315.078125
527 45.567276 61315.074219 73832.242188 82532.492188 61315.078125
528 45.631927 61315.074219 73832.242188 82532.492188 61315.078125
529 45.705864 61315.074219 73832.242188 82532.492188 61315.078125
530 45.782993 61315.074219 73578.671875 82532.492188 61315.078125
531 45.864780 61315.074219 73578.671875 82532.492188 61315.078125
532 45.953831 61315.074219 74354.843750 100123.578125 61315.078125
533 46.038994 61315.074219 74000.421875 82532.492188 61315.078125
534 46.122948 61315.074219 74000.421875 82532.492188 61315.078125
535 46.200012 61315.074219 73727.070312 82532.492188 61315.078125
536 46.285183 61315.074219 73727.070312 82532.492188 61315.078125
537 46.373917 61315.074219 73727.070312 82532.492188 61315.078125
538 46.445374 61315.074219 73727.070312 82532.492188 61315.078125
539 46.524090 61315.074219 73727.062500 82532.492188 61315.078125
540 46.602497 61315.074219 73727.062500 82532.492188 61315.078125
541 46.693375 61315.074219 73727.062500 82532.492188 61315.078125
542 46.792103 61315.074219 73727.062500 82532.492188 61315.078125
543 46.881767 61315.074219 73727.062500 82532.492188 61315.074219
544 46.962872 61315.074219 73449.757812 82532.492188 61315.074219
545 47.047100 61315.074219 73449.757812 82532.492188 61315.074219
546 47.133286 61315.074219 73449.757812 82532.492188 61315.074219
547 47.230999 61315.074219 73779.312500 82532.492188 61315.074219
548 47.321934 61315.074219 73779.312500 82532.492188 61315.074219
549 47.401993 61315.074219 73779.312500 82532.492188 61315.074219
550 47.500679 61315.074219 73481.078125 82532.492188 61315.074219
551 47.602146 61315.074219 73181.945312 82532.492188 61315.074219
552 47.690807 61315.074219 72875.335938 82532.492188 61315.074219
553 47.771626 61315.074219 72875.335938 82532.492188 61315.074219
554 47.858173 61315.074219 73338.703125 84483.250000 61315.074219
555 47.951000 61315.074219 73297.093750 82532.492188 61315.074219
556 48.048035 61315.074219 73297.093750 82532.492188 61315.074219
557 48.135239 61315.074219 73297.093750 82532.492188 61315.074219
558 48.206852 61315.074219 72973.296875 82532.492188 61315.074219
559 48.296169 61315.074219 72973.296875 82532.492188 61315.074219
560 48.373241 61315.074219 72973.296875 82532.492188 61315.074219
561 48.455467 61315.074219 72973.296875 82532.492188 61315.074219
562 48.542072 61315.074219 72973.296875 82532.492188 61315.074219
563 48.618149 61315.074219 72973.289062 82532.492188 61315.074219
564 48.702450 61315.074219 72973.289062 82532.492188 61315.074219
565 48.807411 61315.074219 72973.289062 82532.492188 61315.074219
566 48.883072 61315.074219 72973.289062 82532.492188 61315.074219
567 48.975372 61315.074219 72973.289062 82532.492188 61315.074219
568 49.066422 61315.074219 73500.039062 87652.359375 61315.074219
569 49.162117 61315.074219 73395.046875 82532.492188 61315.074219
570 49.249496 61315.074219 73395.046875 82532.492188 61315.074219
571 49.330406 61315.074219 73395.039062 82532.492188 61315.074219
572 49.420891 61315.074219 73395.039062 82532.492188 61315.074219
573 49.503139 61315.074219 73395.039062 82532.492188 61315.074219
574 49.596313 61315.074219 73395.039062 82532.492188 61315.074219
575 49.679722 61315.074219 73395.039062 82532.492188 61315.074219
576 49.759361 61315.074219 73395.039062 82532.492188 61315.074219
577 49.844757 61315.074219 73065.484375 82532.492188 61315.074219
578 49.930695 61315.074219 73065.484375 82532.492188 61315.074219
579 50.017056 61315.074219 73065.484375 82532.492188 61315.074219
580 50.108650 61315.074219 73065.484375 82532.492188 61315.074219
581 50.187126 61315.074219 73065.484375 82532.492188 61315.074219
582 50.260933 61315.074219 73065.484375 82532.492188 61315.074219
583 50.351269 61315.074219 73065.484375 82532.492188 61315.074219
584 50.425240 61315.074219 73322.828125 82532.492188 61315.074219
585 50.516872 61315.074219 73682.343750 82532.492188 61315.074219
586 50.595295 61315.074219 73767.281250 82532.492188 61315.074219
587 50.679028 61315.074219 73767.281250 82532.492188 61315.074219
588 50.765236 61315.074219 73767.281250 82532.492188 61315.074219
589 50.852661 61315.074219 73682.343750 82532.492188 61315.074219
590 50.942112 61315.074219 73682.343750 82532.492188 61315.074219
591 51.041351 61315.074219 73440.195312 82532.492188 61315.074219
592 51.135391 61315.074219 73440.195312 82532.492188 61315.074219
593 51.209660 61315.074219 73440.195312 82532.492188 61315.074219
594 51.298233 61315.074219 73440.195312 82532.492188 61315.074219
595 51.375774 61315.074219 73440.195312 82532.492188 61315.074219
596 51.472332 61315.074219 73440.195312 82532.492188 61315.074219
597 51.557571 61315.074219 73440.195312 82532.492188 61315.074219
598 51.646431 61315.074219 73440.195312 82532.492188 61315.074219
599 51.728882 61315.074219 73440.195312 82532.492188 61315.074219
600 51.811707 61315.074219 73440.195312 82532.492188 61315.074219
601 51.893604 61315.074219 73440.195312 82532.492188 61315.074219
602 51.979259 61315.074219 73440.195312 82532.492188 61315.074219
603 52.061970 61315.074219 73100.867188 82532.492188 61315.074219
604 52.142696 61315.074219 73100.867188 82532.492188 61315.074219
605 52.224533 61315.074219 73100.867188 82532.492188 61315.074219
606 52.316933 61315.074219 73100.867188 82532.492188 61315.074219
607 52.412231 61315.074219 73100.867188 82532.492188 61315.074219
608 52.481007 61315.074219 72750.992188 82532.492188 61315.074219
609 52.562084 61315.074219 72750.992188 82532.492188 61315.074219
