0 0.000001 70476.242188 72821.539062 74808.210938 70476.242188
1 0.094506 69718.765625 72821.539062 74808.210938 70476.242188
2 0.186156 69349.054688 71824.273438 73888.414062 69718.765625
3 0.278251 68879.500000 71018.570312 73784.406250 69349.054688
4 0.381328 67956.187500 70519.632812 74219.859375 68879.500000
5 0.465774 67598.000000 70546.507812 101525.156250 67956.187500
6 0.551539 67508.320312 69840.226562 86276.554688 67598.000000
7 0.632711 67074.031250 69454.671875 86276.554688 67508.320312
8 0.738166 66684.281250 70568.140625 110463.164062 67074.031250
9 0.824361 66336.750000 69561.312500 94112.562500 66684.281250
10 0.918644 65939.757812 69756.578125 91923.273438 66336.750000
11 1.011699 65757.015625 69184.953125 91923.273438 65939.757812
12 1.108186 65577.195312 68856.882812 91923.273438 65757.015625
13 1.207178 64877.996094 68485.515625 91923.273438 65577.195312
14 1.302984 64783.101562 68120.164062 91923.273438 64877.996094
15 1.393055 64691.660156 67816.359375 91923.273438 64783.101562
16 1.478019 64397.394531 67539.726562 91923.273438 64691.660156
17 1.555930 64236.914062 67306.554688 91923.273438 64397.394531
18 1.651261 64132.917969 67102.343750 91923.273438 64236.914062
19 1.739069 63976.484375 66880.062500 91923.273438 64132.917969
20 1.832636 63931.921875 67183.734375 91923.273438 63976.484375
21 1.934472 63863.695312 66746.015625 91923.273438 63931.921875
22 2.025282 63739.777344 66446.406250 91923.273438 63863.695312
23 2.127117 63572.882812 66655.335938 91923.273438 63739.777344
24 2.219979 63537.140625 66394.359375 91923.273438 63572.882812
25 2.305597 63533.378906 66517.992188 91923.273438 63537.140625
26 2.412910 63314.304688 66197.031250 91923.273438 63533.378906
27 2.503996 63290.027344 66076.398438 91923.273438 63314.304688
28 2.591758 63242.292969 65939.617188 91923.273438 63290.027344
29 2.691237 63192.328125 65849.031250 91923.273438 63242.292969
30 2.799016 63095.429688 65750.367188 91923.273438 63192.328125
31 2.895483 62965.484375 66119.562500 94475.851562 63095.429688
32 2.984035 62927.871094 65891.015625 91923.273438 62965.484375
33 3.085156 62927.824219 65691.070312 88174.015625 62927.871094
34 3.198550 62889.691406 65528.855469 88174.015625 62927.824219
35 3.286324 62794.019531 65281.183594 88174.015625 62889.691406
36 3.374146 62793.980469 65212.589844 88174.015625 62794.019531
37 3.477723 62790.078125 65541.828125 89530.007812 62793.980469
38 3.574907 62765.636719 65387.089844 88174.015625 62790.078125
39 3.676259 62715.144531 65180.421875 86314.234375 62765.636719
40 3.775968 62595.511719 64963.980469 83307.906250 62715.144531
41 3.863690 62595.511719 65109.281250 89233.343750 62595.511719
42 3.956118 62595.457031 64966.093750 85833.250000 62595.511719
43 4.047065 62586.632812 64833.941406 85833.250000 62595.457031
44 4.133441 62555.609375 64760.640625 85833.250000 62586.632812
45 4.222984 62555.597656 65301.226562 88454.406250 62555.609375
46 4.310820 62555.597656 65196.125000 88454.406250 62555.597656
47 4.407607 62523.898438 65030.078125 88454.406250 62555.597656
48 4.493453 62523.898438 64943.410156 88454.406250 62523.898438
49 4.588474 62523.656250 64796.480469 88454.406250 62523.898438
50 4.680752 62490.500000 65352.101562 90821.601562 62523.656250
51 4.783378 62464.460938 65553.773438 89232.796875 62490.500000
52 4.872431 62464.460938 65648.453125 89232.796875 62464.460938
53 4.972080 62464.460938 65703.617188 89232.796875 62464.460938
54 5.062499 62464.460938 65474.234375 89232.796875 62464.460938
55 5.155941 62432.968750 65709.937500 89232.796875 62464.460938
56 5.258828 62406.375000 65907.640625 89232.796875 62432.968750
57 5.352592 62406.359375 65791.492188 89232.796875 62406.375000
58 5.443011 62406.359375 65623.632812 89232.796875 62406.359375
59 5.525361 62390.898438 65557.367188 89232.796875 62406.359375
60 5.608963 62390.898438 65351.023438 89232.796875 62390.898438
61 5.702218 62390.898438 65132.750000 89232.796875 62390.898438
62 5.798802 62390.898438 65554.007812 89232.796875 62390.898438
63 5.894081 62390.886719 65352.085938 89232.796875 62390.898438
64 5.988518 62390.886719 66488.335938 96116.367188 62390.886719
65 6.074845 62343.074219 66059.750000 89232.796875 62390.886719
66 6.156527 62343.074219 66168.765625 87682.984375 62343.074219
67 6.241012 62343.066406 65847.039062 85185.773438 62343.074219
68 6.328979 62314.417969 65706.578125 83417.570312 62343.066406
69 6.418340 62260.289062 65881.351562 83417.570312 62314.417969
70 6.504496 62211.746094 65715.718750 83417.570312 62260.289062
71 6.603312 62211.691406 65675.281250 83417.570312 62211.746094
72 6.709189 62197.242188 65545.601562 83417.570312 62211.691406
73 6.790091 62197.242188 65409.105469 83417.570312 62197.242188
74 6.877381 62143.187500 65374.261719 83417.570312 62197.242188
75 6.960085 62143.187500 65530.746094 91049.468750 62143.187500
76 7.059215 62128.714844 65477.234375 90660.351562 62143.187500
77 7.148710 62128.714844 66058.718750 101134.101562 62128.714844
78 7.254941 62128.714844 66005.750000 99618.984375 62128.714844
79 7.367508 62128.714844 65845.328125 99618.984375 62128.714844
80 7.444291 62128.714844 65419.863281 99618.984375 62128.714844
81 7.532847 62128.714844 65502.824219 99618.984375 62128.714844
82 7.629684 62128.714844 65390.789062 99618.984375 62128.714844
83 7.720169 62128.714844 65318.730469 99618.984375 62128.714844
84 7.822255 62128.714844 65193.464844 99618.984375 62128.714844
85 7.904940 62128.714844 65087.113281 99618.984375 62128.714844
86 7.991211 62128.714844 65475.921875 99618.984375 62128.714844
87 8.088125 62128.714844 65771.335938 99618.984375 62128.714844
88 8.174731 62128.714844 66022.296875 99618.984375 62128.714844
89 8.255393 62128.714844 66238.132812 108468.609375 62128.714844
90 8.346166 62128.714844 65961.476562 101469.625000 62128.714844
91 8.434287 62128.714844 66666.437500 106471.414062 62128.714844
92 8.528418 62128.710938 66154.921875 101469.625000 62128.714844
93 8.624558 62128.710938 65928.718750 99573.414062 62128.710938
94 8.701784 62128.710938 65551.781250 95269.304688 62128.710938
95 8.792826 62128.710938 65478.683594 94126.132812 62128.710938
96 8.882428 62128.710938 65315.781250 94126.132812 62128.710938
97 8.986521 62128.710938 64959.613281 94126.132812 62128.710938
98 9.070384 62128.710938 64838.214844 94126.132812 62128.710938
99 9.159063 62128.707031 64649.179688 94126.132812 62128.710938
100 9.240782 62128.707031 64554.343750 94126.132812 62128.707031
101 9.343387 62128.707031 64445.058594 94126.132812 62128.707031
102 9.444944 62128.707031 65081.121094 129825.414062 62128.707031
103 9.546696 62128.707031 65178.355469 129825.414062 62128.707031
104 9.654880 62128.707031 65074.371094 129825.414062 62128.707031
105 9.742113 62128.707031 64913.773438 129825.414062 62128.707031
106 9.822339 62128.707031 64784.121094 129825.414062 62128.707031
107 9.920594 62128.707031 65386.296875 129825.414062 62128.707031
108 10.014102 62128.707031 65310.390625 129825.414062 62128.707031
109 10.108873 62128.707031 65142.796875 129825.414062 62128.707031
110 10.198105 62128.707031 64718.371094 129825.414062 62128.707031
111 10.305151 62128.707031 64795.210938 129825.414062 62128.707031
112 10.389474 62128.707031 64643.519531 129825.414062 62128.707031
113 10.496983 62128.707031 65016.343750 129825.414062 62128.707031
114 10.587584 62128.707031 64918.890625 129825.414062 62128.707031
115 10.677301 62128.707031 64793.160156 129825.414062 62128.707031
116 10.770517 62128.707031 65125.355469 129825.414062 62128.707031
117 10.868962 62128.707031 64950.304688 129825.414062 62128.707031
118 10.975083 62128.707031 64812.003906 129825.414062 62128.707031
119 11.071415 62128.707031 65768.664062 129825.414062 62128.707031
120 11.157679 62128.707031 65604.070312 129825.414062 62128.707031
121 11.249773 62128.707031 65120.421875 129825.414062 62128.707031
122 11.332911 62128.707031 64838.531250 129825.414062 62128.707031
123 11.427885 62128.707031 64624.175781 129825.414062 62128.707031
124 11.525726 62128.707031 62440.671875 72394.656250 62128.707031
125 11.604964 62128.707031 62440.316406 72394.656250 62128.707031
126 11.711763 62128.707031 62440.316406 72394.656250 62128.707031
127 11.811675 62128.707031 62437.753906 72394.656250 62128.707031
128 11.910212 62128.707031 62262.878906 67288.453125 62128.707031
129 11.984223 62128.707031 62229.128906 65776.625000 62128.707031
130 12.072064 62128.707031 62229.128906 65776.625000 62128.707031
131 12.160373 62128.707031 62229.128906 65776.625000 62128.707031
132 12.253954 62128.707031 62229.128906 65776.625000 62128.707031
133 12.338940 62128.707031 62443.566406 72575.164062 62128.707031
134 12.439724 62128.707031 62455.226562 71976.156250 62128.707031
135 12.524924 62128.707031 62784.199219 78643.031250 62128.707031
136 12.605733 62128.707031 62453.914062 71976.156250 62128.707031
137 12.697590 62128.707031 62207.203125 66052.054688 62128.707031
138 12.789892 62128.707031 62128.738281 62128.761719 62128.707031
139 12.879554 62128.707031 62128.738281 62128.761719 62128.707031
140 12.965453 62128.707031 62128.738281 62128.761719 62128.707031
141 13.038187 62128.707031 62802.148438 83124.312500 62128.707031
142 13.135351 62128.707031 62802.144531 83124.312500 62128.707031
143 13.231788 62128.707031 62510.945312 74803.546875 62128.707031
144 13.317143 62128.707031 63235.121094 82075.820312 62128.707031
145 13.406270 62128.707031 62755.558594 75433.789062 62128.707031
146 13.484858 62128.707031 62382.234375 74803.546875 62128.707031
147 13.587021 62128.707031 62382.234375 74803.546875 62128.707031
148 13.687233 62128.707031 62128.738281 62128.753906 62128.707031
149 13.783309 62128.707031 62128.738281 62128.746094 62128.707031
150 13.874958 62128.707031 62128.738281 62128.746094 62128.707031
151 13.980591 62128.707031 62128.738281 62128.746094 62128.707031
152 14.085696 62128.707031 62546.796875 83031.546875 62128.707031
153 14.184076 62128.707031 62385.800781 73420.632812 62128.707031
154 14.275158 62128.707031 62381.828125 73420.632812 62128.707031
155 14.355302 62128.707031 62381.828125 73420.632812 62128.707031
156 14.436869 62128.707031 62989.601562 92517.281250 62128.707031
157 14.527219 62128.707031 62694.484375 79123.921875 62128.707031
158 14.614425 62128.707031 62660.500000 79123.921875 62128.707031
159 14.702607 62128.707031 62316.085938 71495.921875 62128.707031
160 14.803305 62128.707031 62265.875000 68985.445312 62128.707031
161 14.894015 62128.707031 63874.246094 95885.820312 62128.707031
162 14.990694 62128.707031 63115.644531 86945.757812 62128.707031
163 15.089289 62128.707031 63098.914062 86945.757812 62128.707031
164 15.184283 62128.707031 63075.019531 86945.757812 62128.707031
165 15.275943 62128.707031 63336.328125 86945.757812 62128.707031
166 15.359557 62128.707031 62128.738281 62128.746094 62128.707031
167 15.448251 62128.707031 62489.179688 80150.531250 62128.707031
168 15.531737 62128.707031 62425.890625 76986.218750 62128.707031
169 15.630219 62128.707031 62128.738281 62128.742188 62128.707031
170 15.702828 62128.707031 62128.738281 62128.742188 62128.707031
171 15.790081 62128.707031 62326.000000 71991.554688 62128.707031
172 15.870759 62128.707031 62128.738281 62128.742188 62128.707031
173 15.954828 62128.707031 62128.738281 62128.742188 62128.707031
174 16.037237 62128.707031 62128.738281 62128.742188 62128.707031
175 16.127916 62128.707031 62128.738281 62128.742188 62128.707031
176 16.223454 62128.707031 62289.574219 70170.554688 62128.707031
177 16.306150 62128.707031 63022.703125 85559.937500 62128.707031
178 16.383499 62128.707031 63473.125000 92478.757812 62128.707031
179 16.471666 62128.707031 62436.980469 71717.351562 62128.707031
180 16.571878 62128.707031 62802.714844 79798.890625 62128.707031
181 16.657393 62128.707031 62245.210938 67952.148438 62128.707031
182 16.750395 62128.707031 62245.210938 67952.148438 62128.707031
183 16.851055 62128.707031 62333.460938 67952.148438 62128.707031
184 16.948652 62128.707031 62198.023438 65592.914062 62128.707031
185 17.032305 62128.707031 62992.859375 101870.601562 62128.707031
186 17.115545 62128.707031 62684.730469 86463.921875 62128.707031
187 17.218475 62128.707031 62198.023438 65592.914062 62128.707031
188 17.304482 62128.707031 62198.023438 65592.914062 62128.707031
189 17.387480 62128.707031 62198.023438 65592.914062 62128.707031
190 17.486446 62128.707031 62198.023438 65592.914062 62128.707031
191 17.583899 62128.707031 62198.023438 65592.914062 62128.707031
192 17.682320 62128.707031 62128.738281 62128.746094 62128.707031
193 17.763975 62128.707031 62128.738281 62128.746094 62128.707031
194 17.864923 62128.707031 62128.738281 62128.746094 62128.707031
195 17.959211 62128.707031 62128.734375 62128.746094 62128.707031
196 18.054276 62128.707031 62128.734375 62128.746094 62128.707031
197 18.133648 62128.707031 62364.070312 73895.398438 62128.707031
198 18.224264 62128.707031 62632.898438 75570.234375 62128.707031
199 18.325005 62128.707031 62515.546875 73895.398438 62128.707031
200 18.414412 62128.707031 62128.734375 62128.746094 62128.707031
201 18.514664 62128.707031 62128.734375 62128.746094 62128.707031
202 18.595949 62128.707031 62306.500000 71016.921875 62128.707031
203 18.694946 62128.707031 62306.500000 71016.921875 62128.707031
204 18.808729 62128.707031 62306.500000 71016.921875 62128.707031
205 18.900995 62128.707031 62306.500000 71016.921875 62128.707031
206 18.996374 62128.707031 62306.500000 71016.921875 62128.707031
207 19.092794 62128.707031 62306.500000 71016.921875 62128.707031
208 19.187632 62128.707031 62306.500000 71016.921875 62128.707031
209 19.278467 62128.707031 62797.898438 85979.625000 62128.707031
210 19.365061 62128.707031 62935.785156 85636.500000 62128.707031
211 19.466269 62128.707031 63104.441406 94050.375000 62128.707031
212 19.567482 62128.707031 62754.664062 79868.671875 62128.707031
213 19.645576 62128.707031 62687.808594 79868.671875 62128.707031
214 19.730667 62128.707031 62312.378906 69834.859375 62128.707031
215 19.830776 62128.707031 62158.261719 63604.890625 62128.707031
216 19.927959 62128.707031 62657.804688 87813.492188 62128.707031
217 20.018101 62128.707031 62449.746094 78179.132812 62128.707031
218 20.105236 62128.707031 62128.734375 62128.753906 62128.707031
219 20.199677 62128.707031 62128.734375 62128.750000 62128.707031
220 20.288300 62128.707031 62505.886719 80986.234375 62128.707031
221 20.397760 62128.707031 63053.515625 82130.773438 62128.707031
222 20.490576 62128.707031 62839.218750 78361.265625 62128.707031
223 20.592896 62128.707031 62514.574219 75880.398438 62128.707031
224 20.694193 62128.707031 62489.628906 74633.156250 62128.707031
225 20.788889 62128.707031 62239.535156 67668.734375 62128.707031
226 20.877050 62128.707031 62128.734375 62128.753906 62128.707031
227 20.988819 62128.707031 62128.734375 62128.750000 62128.707031
228 21.069971 62128.707031 62685.351562 86410.140625 62128.707031
229 21.173120 62128.707031 62692.089844 82227.164062 62128.707031
230 21.261175 62128.707031 62688.003906 86542.820312 62128.707031
231 21.348375 62128.707031 62622.253906 85424.429688 62128.707031
232 21.432461 62128.707031 62622.253906 85424.429688 62128.707031
233 21.517918 62128.707031 63185.371094 85424.429688 62128.707031
234 21.608343 62128.707031 64310.781250 102515.343750 62128.707031
235 21.700890 62128.707031 63739.105469 102160.359375 62128.707031
236 21.796000 62128.707031 63590.558594 102160.359375 62128.707031
237 21.886772 62128.707031 64013.218750 102160.359375 62128.707031
238 21.995729 62128.707031 63986.355469 102160.359375 62128.707031
239 22.083895 62128.707031 62816.238281 79633.039062 62128.707031
240 22.179770 62128.707031 62766.578125 78578.546875 62128.707031
241 22.269009 62128.707031 62396.261719 71142.062500 62128.707031
242 22.367208 62128.707031 62128.738281 62128.769531 62128.707031
243 22.475981 62128.707031 62128.738281 62128.769531 62128.707031
244 22.571800 62128.707031 62128.738281 62128.769531 62128.707031
245 22.675076 62128.707031 62128.738281 62128.769531 62128.707031
246 22.757351 62128.707031 62996.128906 105498.203125 62128.710938
247 22.831940 62128.707031 62996.128906 105498.156250 62128.710938
248 22.922005 62128.707031 63999.058594 112275.117188 62128.710938
249 23.009794 62128.707031 63778.203125 105498.156250 62128.710938
250 23.112583 62128.707031 64252.488281 93184.523438 62128.707031
251 23.212351 62128.707031 63453.898438 91990.742188 62128.707031
252 23.294764 62128.707031 63400.960938 91990.742188 62128.707031
253 23.378460 62128.707031 63397.843750 91990.742188 62128.707031
254 23.466499 62128.707031 63350.738281 91990.742188 62128.707031
255 23.565887 62128.707031 62707.546875 81719.195312 62128.707031
256 23.669508 62128.707031 62496.796875 80531.617188 62128.707031
257 23.775646 62128.707031 62496.796875 80531.617188 62128.707031
258 23.874817 62128.707031 62496.796875 80531.617188 62128.707031
259 23.970531 62128.707031 63635.074219 96348.132812 62128.707031
260 24.064676 62128.707031 63526.429688 86501.328125 62128.707031
261 24.156511 62128.707031 62601.273438 80364.265625 62128.707031
262 24.263500 62128.707031 62601.273438 80364.265625 62128.707031
263 24.357773 62128.707031 62493.449219 80364.265625 62128.707031
264 24.451197 62128.707031 62628.015625 80364.265625 62128.707031
265 24.531385 62128.707031 62624.109375 80364.265625 62128.707031
266 24.623997 62128.707031 62128.738281 62128.746094 62128.707031
267 24.713896 62128.707031 62463.234375 78853.343750 62128.707031
268 24.822468 62128.707031 62451.566406 78269.937500 62128.707031
269 24.910229 62128.707031 62492.675781 72868.421875 62128.707031
270 25.008451 62128.707031 62775.414062 76265.828125 62128.707031
271 25.099949 62128.707031 62492.675781 72868.421875 62128.707031
272 25.202068 62128.707031 62482.960938 72382.726562 62128.707031
273 25.296440 62128.707031 62333.820312 72382.726562 62128.707031
274 25.385153 62128.707031 62579.046875 84643.976562 62128.707031
275 25.476202 62128.707031 63030.695312 84202.468750 62128.707031
276 25.564425 62128.707031 62585.683594 82615.812500 62128.707031
277 25.656759 62128.707031 63318.621094 96836.476562 62128.707031
278 25.748005 62128.707031 62985.441406 93708.867188 62128.707031
279 25.844267 62128.707031 62969.738281 93708.867188 62128.707031
280 25.943928 62128.707031 62760.339844 93708.867188 62128.707031
281 26.046099 62128.707031 62760.339844 93708.867188 62128.707031
282 26.140440 62128.707031 62760.339844 93708.867188 62128.707031
283 26.236111 62128.707031 62760.339844 93708.867188 62128.707031
284 26.338619 62128.707031 62801.984375 93708.867188 62128.707031
285 26.423124 62128.707031 62801.984375 93708.867188 62128.707031
286 26.525719 62128.707031 62839.753906 93708.867188 62128.707031
287 26.611069 62128.707031 62798.109375 93708.867188 62128.707031
288 26.693005 62128.707031 62130.648438 62224.312500 62128.707031
289 26.786772 62128.707031 62130.648438 62224.312500 62128.707031
290 26.888235 62128.707031 62130.648438 62224.312500 62128.707031
291 26.990932 62128.707031 62128.738281 62128.742188 62128.707031
292 27.086296 62128.707031 62128.738281 62128.742188 62128.707031
293 27.163055 62128.707031 62470.250000 79204.296875 62128.707031
294 27.250673 62128.707031 62286.035156 69993.570312 62128.707031
295 27.337011 62128.707031 62619.156250 78784.820312 62128.707031
296 27.426712 62128.707031 62414.769531 76430.289062 62128.707031
297 27.520329 62128.707031 62973.261719 90053.164062 62128.710938
298 27.604649 62128.707031 62862.835938 84531.914062 62128.710938
299 27.700739 62128.707031 62400.183594 75700.976562 62128.710938
300 27.794432 62128.707031 62177.613281 64572.457031 62128.710938
301 27.879812 62128.707031 62451.675781 78275.406250 62128.710938
302 27.962172 62128.707031 62419.199219 76651.640625 62128.710938
303 28.066996 62128.707031 62419.199219 76651.640625 62128.710938
304 28.156811 62128.707031 62419.199219 76651.640625 62128.710938
305 28.250532 62128.707031 62419.199219 76651.640625 62128.710938
306 28.340153 62128.707031 62419.199219 76651.640625 62128.710938
307 28.427935 62128.707031 62153.738281 63378.652344 62128.710938
308 28.523216 62128.707031 62153.738281 63378.652344 62128.710938
309 28.616381 62128.707031 62153.738281 63378.652344 62128.710938
310 28.697329 62128.707031 62153.738281 63378.652344 62128.710938
311 28.789640 62128.707031 62153.738281 63378.652344 62128.710938
312 28.869251 62128.707031 62153.738281 63378.652344 62128.710938
313 28.966604 62128.707031 62153.738281 63378.652344 62128.710938
314 29.047256 62128.707031 62153.738281 63378.652344 62128.710938
315 29.133884 62128.707031 62349.550781 71919.046875 62128.710938
316 29.235767 62128.707031 62241.234375 66503.500000 62128.710938
317 29.334148 62128.707031 62929.968750 89730.046875 62128.710938
318 29.446028 62128.707031 62241.234375 66503.500000 62128.710938
319 29.544296 62128.707031 62240.011719 66442.179688 62128.710938
320 29.632463 62128.707031 62240.011719 66442.179688 62128.710938
321 29.723101 62128.707031 62678.304688 85293.328125 62128.710938
322 29.826609 62128.707031 62215.011719 66442.179688 62128.710938
323 29.902424 62128.707031 62213.363281 66359.992188 62128.710938
324 30.001465 62128.707031 62596.835938 85533.289062 62128.710938
325 30.107347 62128.707031 62466.718750 79027.804688 62128.710938
326 30.198751 62128.707031 62407.179688 72832.929688 62128.710938
327 30.296230 62128.707031 62743.714844 92077.421875 62128.710938
328 30.396473 62128.707031 62635.996094 86825.093750 62128.710938
329 30.490768 62128.707031 62128.738281 62128.757812 62128.710938
330 30.572798 62128.707031 62128.738281 62128.750000 62128.710938
331 30.664856 62128.707031 62296.078125 70495.609375 62128.710938
332 30.754557 62128.707031 62396.218750 70080.359375 62128.710938
333 30.849989 62128.707031 62128.738281 62128.750000 62128.707031
334 30.949812 62128.707031 62128.738281 62128.750000 62128.707031
335 31.027920 62128.707031 62520.183594 81700.828125 62128.707031
336 31.117941 62128.707031 62128.738281 62128.750000 62128.707031
337 31.209524 62128.707031 62128.738281 62128.750000 62128.707031
338 31.302429 62128.707031 62128.738281 62128.742188 62128.707031
339 31.389990 62128.707031 62128.738281 62128.738281 62128.707031
340 31.491619 62128.707031 62530.750000 82229.085938 62128.707031
341 31.587255 62128.707031 62801.378906 85857.515625 62128.707031
342 31.686352 62128.707031 62782.503906 84913.695312 62128.707031
343 31.783203 62128.707031 62584.441406 84913.695312 62128.707031
344 31.873545 62128.707031 62594.035156 84913.695312 62128.707031
345 31.974443 62128.707031 62129.941406 62188.648438 62128.707031
346 32.057209 62128.707031 62453.000000 78341.617188 62128.707031
347 32.158779 62128.707031 62695.613281 77747.718750 62128.707031
348 32.249462 62128.707031 62363.503906 73866.882812 62128.707031
349 32.350906 62128.707031 62452.816406 71197.500000 62128.707031
350 32.445080 62128.707031 62271.441406 69263.710938 62128.707031
351 32.563190 62128.707031 62128.738281 62128.742188 62128.707031
352 32.666290 62128.707031 62300.121094 70697.718750 62128.707031
353 32.767120 62128.707031 62128.738281 62128.742188 62128.707031
354 32.858715 62128.707031 62438.824219 77632.914062 62128.707031
355 32.953552 62128.707031 63146.843750 97529.570312 62128.707031
356 33.038879 62128.707031 62966.804688 92286.304688 62128.707031
357 33.127552 62128.707031 62914.371094 92286.304688 62128.707031
358 33.221355 62128.707031 62311.218750 71252.656250 62128.707031
359 33.308464 62128.707031 62311.218750 71252.656250 62128.707031
360 33.396641 62128.707031 62311.218750 71252.656250 62128.707031
361 33.477055 62128.707031 62863.933594 89764.546875 62128.707031
362 33.576763 62128.707031 62962.304688 88805.218750 62128.707031
363 33.655327 62128.707031 62769.109375 79145.648438 62128.707031
364 33.743801 62128.707031 62182.089844 64796.179688 62128.707031
365 33.826424 62128.707031 62174.269531 64405.277344 62128.707031
366 33.922897 62128.707031 62251.585938 65994.437500 62128.707031
367 34.013767 62128.707031 62567.355469 81783.093750 62128.707031
368 34.108383 62128.707031 62531.910156 80316.109375 62128.707031
369 34.199776 62128.707031 62944.039062 82735.179688 62128.707031
370 34.297031 62128.707031 62531.910156 80316.109375 62128.707031
371 34.404499 62128.707031 62453.300781 76385.593750 62128.707031
372 34.484310 62128.707031 62448.636719 76385.593750 62128.707031
373 34.597610 62128.707031 62163.500000 63866.808594 62128.707031
374 34.689091 62128.707031 62128.738281 62128.742188 62128.707031
375 34.785168 62128.707031 62128.738281 62128.742188 62128.707031
376 34.883537 62128.707031 62128.738281 62128.742188 62128.707031
377 34.969440 62128.707031 63589.496094 105548.585938 62128.707031
378 35.054123 62128.707031 62719.195312 81400.367188 62128.707031
379 35.135521 62128.707031 62327.648438 72074.367188 62128.707031
380 35.230595 62128.707031 62321.855469 71784.390625 62128.707031
381 35.316917 62128.707031 63643.945312 82215.304688 62128.707031
382 35.416233 62128.707031 64085.031250 97267.242188 62128.707031
383 35.509991 62128.707031 63590.761719 96976.656250 62128.707031
384 35.608917 62128.707031 63286.828125 96976.656250 62128.714844
385 35.710320 62128.707031 62678.828125 70608.210938 62128.714844
386 35.806976 62128.707031 62450.863281 70608.210938 62128.710938
387 35.903114 62128.707031 62128.738281 62128.761719 62128.710938
388 35.993904 62128.707031 62128.738281 62128.761719 62128.710938
389 36.087971 62128.707031 62128.738281 62128.757812 62128.710938
390 36.173809 62128.707031 62128.738281 62128.746094 62128.710938
391 36.263359 62128.707031 62128.738281 62128.746094 62128.710938
392 36.362556 62128.707031 62128.738281 62128.746094 62128.710938
393 36.457920 62128.707031 62128.738281 62128.746094 62128.710938
394 36.549541 62128.707031 62221.761719 66779.578125 62128.710938
395 36.644672 62128.707031 62166.328125 64008.187500 62128.710938
396 36.742249 62128.707031 62449.570312 76290.757812 62128.710938
397 36.841923 62128.707031 62166.328125 64008.187500 62128.710938
398 36.935101 62128.707031 62573.375000 84360.367188 62128.710938
399 37.032768 62128.707031 62561.289062 83756.234375 62128.710938
400 37.127750 62128.707031 62561.289062 83756.234375 62128.710938
401 37.218761 62128.707031 62804.996094 83756.234375 62128.710938
402 37.309834 62128.707031 62128.738281 62128.742188 62128.710938
403 37.399647 62128.707031 62128.738281 62128.742188 62128.710938
404 37.491848 62128.707031 62128.738281 62128.753906 62128.710938
405 37.575966 62128.707031 62128.738281 62128.753906 62128.710938
406 37.669552 62128.707031 62471.093750 79246.617188 62128.710938
407 37.755646 62128.707031 62128.738281 62128.753906 62128.707031
408 37.849808 62128.707031 62128.738281 62128.753906 62128.707031
409 37.952728 62128.707031 62128.738281 62128.753906 62128.707031
410 38.036907 62128.707031 62128.738281 62128.753906 62128.707031
411 38.138523 62128.707031 62611.246094 86254.000000 62128.707031
412 38.234138 62128.707031 62611.246094 86254.000000 62128.707031
413 38.326653 62128.707031 62611.246094 86254.000000 62128.707031
414 38.420555 62128.707031 62611.246094 86254.000000 62128.707031
415 38.521362 62128.707031 62611.246094 86254.000000 62128.707031
416 38.616989 62128.707031 62611.246094 86254.000000 62128.707031
417 38.712200 62128.707031 63018.320312 86254.000000 62128.707031
418 38.806782 62128.707031 62971.460938 86254.000000 62128.707031
419 38.901218 62128.707031 62306.121094 70997.726562 62128.707031
420 38.990173 62128.707031 62643.503906 87866.968750 62128.707031
421 39.077888 62128.707031 62639.000000 87641.695312 62128.707031
422 39.160088 62128.707031 62639.000000 87641.695312 62128.707031
423 39.252232 62128.707031 62128.738281 62128.738281 62128.707031
424 39.350719 62128.707031 62128.738281 62128.738281 62128.707031
425 39.451973 62128.707031 62128.738281 62128.738281 62128.707031
426 39.554867 62128.707031 62128.738281 62128.738281 62128.707031
427 39.650124 62128.707031 62483.085938 79845.843750 62128.707031
428 39.750816 62128.707031 62460.171875 78700.367188 62128.707031
429 39.838062 62128.707031 62522.480469 78700.367188 62128.707031
430 39.926495 62128.707031 62460.171875 78700.367188 62128.707031
431 40.030048 62128.707031 62128.738281 62128.738281 62128.707031
432 40.118847 62128.707031 62128.738281 62128.738281 62128.707031
433 40.214096 62128.707031 62128.738281 62128.734375 62128.707031
434 40.296425 62128.707031 62128.738281 62128.734375 62128.707031
435 40.386341 62128.707031 62245.019531 67942.710938 62128.707031
436 40.470432 62128.707031 62128.738281 62128.738281 62128.707031
437 40.571857 62128.707031 62128.738281 62128.738281 62128.707031
438 40.655186 62128.707031 62312.476562 71315.429688 62128.707031
439 40.764233 62128.707031 63815.015625 108622.890625 62128.707031
440 40.850033 62128.707031 62830.390625 97211.273438 62128.707031
441 40.942612 62128.707031 62819.976562 96690.437500 62128.707031
442 41.035686 62128.707031 62128.738281 62128.738281 62128.707031
443 41.123501 62128.707031 62763.054688 93844.390625 62128.707031
444 41.204529 62128.707031 62653.511719 88367.312500 62128.707031
445 41.293980 62128.707031 63271.625000 93034.515625 62128.707031
446 41.404736 62128.707031 63227.839844 90845.281250 62128.707031
447 41.482765 62128.707031 62989.214844 90845.281250 62128.707031
448 41.583637 62128.707031 62412.449219 76314.156250 62128.707031
449 41.678066 62128.707031 62355.480469 73465.718750 62128.707031
450 41.773533 62128.707031 62484.406250 73465.718750 62128.707031
451 41.864769 62128.707031 62257.664062 68575.039062 62128.707031
452 41.962349 62128.707031 62251.515625 68267.382812 62128.707031
453 42.049706 62128.707031 62251.515625 68267.382812 62128.707031
454 42.159733 62128.707031 62128.738281 62128.738281 62128.707031
455 42.261223 62128.707031 62246.468750 68015.406250 62128.707031
456 42.354984 62128.707031 62128.738281 62128.742188 62128.707031
457 42.454037 62128.707031 62128.738281 62128.742188 62128.707031
458 42.546654 62128.707031 62128.738281 62128.742188 62128.707031
459 42.646320 62128.707031 62128.738281 62128.742188 62128.707031
460 42.745312 62128.707031 62515.910156 81487.398438 62128.707031
461 42.842625 62128.707031 62482.726562 79828.117188 62128.707031
462 42.947319 62128.707031 62504.625000 79828.117188 62128.707031
463 43.045673 62128.707031 62504.625000 79828.117188 62128.707031
464 43.147106 62128.707031 62482.726562 79828.117188 62128.707031
465 43.233181 62128.707031 62482.726562 79828.117188 62128.707031
466 43.325764 62128.707031 63131.808594 94583.015625 62128.707031
467 43.407795 62128.707031 63458.699219 93735.703125 62128.707031
468 43.508148 62128.707031 62674.671875 79762.890625 62128.707031
469 43.596733 62128.707031 62242.296875 67806.523438 62128.707031
470 43.683960 62128.707031 62435.570312 71792.578125 62128.707031
471 43.780056 62128.707031 62700.996094 75400.054688 62128.707031
472 43.871208 62128.707031 63306.988281 105699.789062 62128.707031
473 43.974720 62128.707031 62435.570312 71792.578125 62128.707031
474 44.081253 62128.707031 62434.238281 71726.031250 62128.707031
475 44.177681 62128.707031 62434.238281 71726.031250 62128.707031
476 44.256580 62128.707031 62530.824219 71726.031250 62128.707031
477 44.357395 62128.707031 62227.140625 67048.789062 62128.707031
478 44.455143 62128.707031 62241.886719 66269.429688 62128.707031
479 44.543560 62128.707031 62798.378906 91470.039062 62128.707031
480 44.627308 62128.707031 62385.121094 70806.859375 62128.707031
481 44.719879 62128.707031 62184.351562 64909.253906 62128.707031
482 44.814308 62128.707031 62180.746094 64729.113281 62128.707031
483 44.913525 62128.707031 62180.746094 64729.113281 62128.707031
484 44.996433 62128.707031 62180.746094 64729.113281 62128.707031
485 45.080315 62128.707031 62922.953125 101839.398438 62128.707031
486 45.175014 62128.707031 62944.175781 96777.382812 62128.707031
487 45.278637 62128.707031 62915.121094 96777.382812 62128.707031
488 45.359367 62128.707031 62886.933594 96777.382812 62128.707031
489 45.429298 62128.707031 62599.191406 85651.203125 62128.707031
490 45.523621 62128.707031 62599.191406 85651.203125 62128.707031
491 45.616287 62128.707031 62794.523438 95417.906250 62128.707031
492 45.716404 62128.707031 62246.835938 66504.898438 62128.707031
493 45.802521 62128.707031 62392.804688 70955.476562 62128.714844
494 45.909531 62128.707031 62392.800781 70955.453125 62128.714844
495 46.016289 62128.707031 62392.800781 70955.453125 62128.714844
496 46.112530 62128.707031 62128.738281 62128.742188 62128.714844
497 46.219959 62128.707031 62128.738281 62128.742188 62128.714844
498 46.304745 62128.707031 62128.738281 62128.742188 62128.714844
499 46.396290 62128.707031 62128.738281 62128.742188 62128.714844
500 46.492516 62128.707031 62128.738281 62128.742188 62128.714844
501 46.576687 62128.707031 62128.738281 62128.742188 62128.710938
502 46.669060 62128.707031 63219.058594 99747.976562 62128.710938
503 46.751423 62128.707031 62128.738281 62128.742188 62128.710938
504 46.846992 62128.707031 62457.113281 78547.562500 62128.710938
505 46.943268 62128.707031 62420.613281 72159.218750 62128.710938
506 47.044933 62128.707031 62215.773438 66480.476562 62128.710938
507 47.128201 62128.707031 62720.546875 79523.210938 62128.710938
508 47.212582 62128.707031 63112.968750 94655.835938 62128.710938
509 47.306412 62128.707031 62875.410156 82777.695312 62128.710938
510 47.392834 62128.707031 62372.878906 74335.789062 62128.710938
511 47.506523 62128.707031 62328.515625 72117.617188 62128.710938
512 47.598305 62128.707031 62128.738281 62128.753906 62128.710938
513 47.685711 62128.707031 62128.738281 62128.753906 62128.710938
514 47.784935 62128.707031 62128.738281 62128.753906 62128.710938
515 47.868191 62128.707031 62128.738281 62128.753906 62128.710938
516 47.954887 62128.707031 62128.738281 62128.742188 62128.710938
517 48.036728 62128.707031 62128.738281 62128.742188 62128.707031
518 48.124424 62128.707031 62128.738281 62128.742188 62128.707031
519 48.218529 62128.707031 62239.378906 67660.742188 62128.707031
520 48.310684 62128.707031 62128.738281 62128.742188 62128.707031
521 48.408001 62128.707031 62128.738281 62128.742188 62128.707031
522 48.508759 62128.707031 62407.554688 76069.320312 62128.707031
523 48.593971 62128.707031 62250.406250 68212.039062 62128.707031
524 48.674252 62128.707031 62128.738281 62128.742188 62128.707031
525 48.748898 62128.707031 62128.738281 62128.742188 62128.707031
526 48.832073 62128.707031 62539.601562 82671.609375 62128.707031
527 48.930141 62128.707031 62128.738281 62128.742188 62128.707031
528 49.033447 62128.707031 62128.738281 62128.742188 62128.707031
529 49.126617 62128.707031 62128.738281 62128.742188 62128.707031
530 49.209286 62128.707031 62235.515625 67467.500000 62128.707031
531 49.311665 62128.707031 62235.515625 67467.500000 62128.707031
532 49.404728 62128.707031 62235.515625 67467.500000 62128.707031
533 49.495255 62128.707031 62128.738281 62128.742188 62128.707031
534 49.580048 62128.707031 62128.738281 62128.742188 62128.707031
535 49.675632 62128.707031 62128.738281 62128.742188 62128.707031
536 49.776333 62128.707031 62128.738281 62128.742188 62128.707031
537 49.858105 62128.707031 62128.738281 62128.742188 62128.707031
538 49.951218 62128.707031 62128.738281 62128.742188 62128.707031
539 50.043522 62128.707031 62128.738281 62128.742188 62128.707031
540 50.138081 62128.707031 62128.738281 62128.742188 62128.707031
541 50.233799 62128.707031 62128.738281 62128.742188 62128.707031
542 50.336334 62128.707031 62128.738281 62128.742188 62128.707031
543 50.431095 62128.707031 62128.738281 62128.742188 62128.707031
544 50.529346 62128.707031 62128.738281 62128.742188 62128.707031
545 50.631744 62128.707031 62602.058594 85794.726562 62128.707031
546 50.721306 62128.707031 62602.000000 85791.750000 62128.707031
547 50.829296 62128.707031 62602.000000 85791.750000 62128.707031
548 50.916855 62128.707031 63132.054688 88631.234375 62128.707031
549 50.999496 62128.707031 62969.050781 85791.750000 62128.707031
550 51.097271 62128.707031 62794.121094 80518.914062 62128.707031
551 51.192165 62128.707031 62361.921875 73787.859375 62128.707031
552 51.271839 62128.707031 62291.980469 70290.648438 62128.707031
553 51.377850 62128.707031 62379.203125 70290.648438 62128.707031
554 51.473946 62128.707031 62212.968750 66340.164062 62128.707031
555 51.570072 62128.707031 62212.968750 66340.164062 62128.707031
556 51.663784 62128.707031 62343.441406 68652.000000 62128.707031
557 51.748363 62128.707031 62212.968750 66340.164062 62128.707031
558 51.834736 62128.707031 62128.738281 62128.746094 62128.707031
559 51.922592 62128.707031 62128.738281 62128.746094 62128.707031
560 52.010220 62128.707031 62128.738281 62128.746094 62128.707031
561 52.102345 62128.707031 62128.738281 62128.746094 62128.707031
562 52.169456 62128.707031 62128.738281 62128.746094 62128.707031
563 52.269855 62128.707031 62939.214844 89106.164062 62128.707031
564 52.375546 62128.707031 62913.000000 87795.382812 62128.707031
565 52.458019 62128.707031 62885.898438 87681.148438 62128.707031
566 52.538097 62128.707031 62937.585938 87681.148438 62128.707031
567 52.632446 62128.707031 62640.375000 75639.945312 62128.710938
568 52.722935 62128.707031 63201.261719 80270.117188 62128.710938
569 52.824734 62128.707031 62830.074219 75639.921875 62128.710938
570 52.912682 62128.707031 63188.109375 85924.539062 62128.710938
571 53.000000 62128.707031 62489.949219 73767.265625 62128.710938
572 53.095688 62128.707031 62456.949219 72464.992188 62128.710938
573 53.187893 62128.707031 62417.203125 72464.992188 62128.710938
574 53.269390 62128.707031 62562.429688 72464.992188 62128.710938
575 53.372559 62128.707031 62463.675781 72464.992188 62128.710938
576 53.465519 62128.707031 62436.214844 72464.992188 62128.710938
577 53.553745 62128.707031 62436.214844 72464.992188 62128.710938
578 53.664021 62128.707031 62630.785156 76894.640625 62128.710938
579 53.738964 62128.707031 62335.464844 72464.992188 62128.710938
580 53.848652 62128.707031 62844.101562 87754.406250 62128.710938
581 53.939751 62128.707031 63001.210938 82942.210938 62128.710938
582 54.025993 62128.707031 62323.488281 71866.375000 62128.710938
583 54.105522 62128.707031 62646.328125 78270.429688 62128.710938
584 54.201313 62128.707031 62634.343750 77671.148438 62128.710938
585 54.301926 62128.707031 62634.343750 77671.148438 62128.710938
586 54.394669 62128.707031 62602.875000 77671.148438 62128.710938
587 54.466442 62128.707031 63049.328125 100229.679688 62128.710938
588 54.563473 62128.707031 62287.308594 70057.312500 62128.710938
589 54.654362 62128.707031 62986.089844 93851.281250 62128.710938
590 54.740955 62128.707031 62256.640625 65562.640625 62128.710938
591 54.827652 62128.707031 62621.449219 81985.609375 62128.710938
592 54.924690 62128.707031 62564.410156 81985.609375 62128.710938
593 55.026855 62128.707031 62525.875000 81985.609375 62128.710938
594 55.111095 62128.707031 62747.191406 81985.609375 62128.710938
595 55.194496 62128.707031 62707.000000 81985.609375 62128.710938
596 55.298141 62128.707031 62834.484375 81985.609375 62128.710938
597 55.401752 62128.707031 62241.093750 67746.601562 62128.710938
598 55.492840 62128.707031 62128.738281 62128.746094 62128.710938
599 55.585049 62128.707031 62882.691406 99826.226562 62128.710938
