0 0.000001 69962.726562 72994.070312 75607.773438 69962.726562
1 0.086071 69405.898438 72994.070312 75607.773438 69962.726562
2 0.174881 69405.375000 72906.937500 75607.773438 69405.898438
3 0.255570 68445.945312 73106.382812 83161.289062 69405.375000
4 0.334410 68063.679688 72999.351562 83161.289062 68445.945312
5 0.421205 68063.656250 72847.718750 83161.289062 68063.679688
6 0.501030 67936.671875 72708.546875 83161.289062 68063.656250
7 0.574553 67393.242188 72549.078125 83161.289062 67936.671875
8 0.663689 67118.937500 72536.242188 83161.289062 67393.242188
9 0.754880 66557.203125 72316.515625 83161.289062 67118.937500
10 0.846384 66410.421875 72139.750000 83161.289062 66557.203125
11 0.938778 66131.445312 71996.562500 83161.289062 66410.421875
12 1.016178 65879.359375 71853.968750 83161.289062 66131.445312
13 1.087680 65784.085938 71696.445312 83161.289062 65879.359375
14 1.173727 65391.011719 71543.984375 83161.289062 65784.085938
15 1.251624 65201.347656 71378.554688 83161.289062 65391.011719
16 1.341136 64898.289062 71218.531250 83161.289062 65201.347656
17 1.427976 64831.222656 71057.375000 83161.289062 64898.289062
18 1.508718 64831.210938 70885.976562 83161.289062 64831.222656
19 1.587914 64342.378906 70704.812500 83161.289062 64831.210938
20 1.665769 64161.101562 70505.453125 83161.289062 64342.378906
21 1.760229 64089.648438 70291.804688 83161.289062 64161.101562
22 1.831630 63796.523438 69937.140625 75607.773438 64089.648438
23 1.894472 63739.917969 69821.632812 75607.773438 63796.523438
24 1.970085 63739.902344 69601.312500 70596.398438 63739.917969
25 2.043937 63723.527344 69581.929688 70596.398438 63739.902344
26 2.140369 63702.074219 69569.117188 70596.398438 63723.527344
27 2.234990 63677.207031 70071.992188 89815.992188 63702.074219
28 2.324490 63158.148438 69568.570312 70596.398438 63677.207031
29 2.395047 63152.277344 69528.953125 70596.398438 63158.148438
30 2.490384 63152.265625 69497.460938 70596.398438 63152.277344
31 2.585198 63152.261719 69492.132812 70596.398438 63152.265625
32 2.672051 63152.207031 69481.593750 70596.398438 63152.261719
33 2.760070 63152.203125 69474.218750 70596.398438 63152.207031
34 2.837107 62901.121094 69463.046875 70596.398438 63152.203125
35 2.918745 62849.457031 69444.343750 70596.398438 62901.121094
36 3.000753 62849.457031 69437.031250 70596.398438 62849.457031
37 3.093383 62836.316406 69802.382812 82578.773438 62849.457031
38 3.177990 62793.566406 69411.070312 70596.398438 62836.316406
39 3.257783 62793.562500 69398.601562 70596.398438 62793.566406
40 3.355607 62673.320312 69387.398438 70596.398438 62793.562500
41 3.432026 62606.941406 69380.093750 70596.398438 62673.320312
42 3.510608 62606.941406 69364.687500 70596.398438 62606.941406
43 3.589205 62606.941406 69357.312500 70596.398438 62606.941406
44 3.677627 62606.941406 69350.820312 70596.398438 62606.941406
45 3.750593 62558.035156 69338.398438 70596.398438 62606.941406
46 3.835392 62558.035156 69333.039062 70596.398438 62558.035156
47 3.936797 62558.035156 69330.468750 70596.398438 62558.035156
48 4.017757 62538.226562 69329.250000 70596.398438 62558.035156
49 4.103349 62538.222656 69325.812500 70596.398438 62538.226562
50 4.201241 62538.222656 69325.812500 70596.398438 62538.222656
51 4.286880 62538.222656 69323.953125 70596.398438 62538.222656
52 4.367093 62538.222656 69322.140625 70596.398438 62538.222656
53 4.448054 62538.222656 69318.820312 70596.398438 62538.222656
54 4.521495 62538.222656 69315.867188 70596.398438 62538.222656
55 4.602643 62538.222656 69313.367188 70596.398438 62538.222656
56 4.685375 62538.222656 69313.367188 70596.398438 62538.222656
57 4.764489 62538.222656 69313.367188 70596.398438 62538.222656
58 4.849424 62538.222656 69303.039062 70596.398438 62538.222656
59 4.928053 62538.222656 69303.039062 70596.398438 62538.222656
60 5.024517 62538.222656 69297.757812 70596.398438 62538.222656
61 5.108398 62538.222656 69297.031250 70596.398438 62538.222656
62 5.197897 62538.222656 69297.031250 70596.398438 62538.222656
63 5.291076 62538.222656 69286.093750 70596.398438 62538.222656
64 5.381697 62538.222656 69286.093750 70596.398438 62538.222656
65 5.456043 62431.570312 70184.250000 108021.406250 62538.222656
66 5.544411 62431.570312 70020.953125 108021.406250 62431.570312
67 5.627239 62431.550781 70017.593750 108021.406250 62431.570312
68 5.702328 62431.531250 70017.593750 108021.406250 62431.550781
69 5.791146 62431.531250 70017.593750 108021.406250 62431.531250
70 5.878005 62431.531250 70015.460938 108021.406250 62431.531250
71 5.950338 62423.394531 70013.328125 108021.406250 62431.531250
72 6.050348 62423.394531 70013.156250 108021.406250 62423.394531
73 6.127607 62423.351562 70013.156250 108021.406250 62423.394531
74 6.202848 62423.351562 70013.156250 108021.406250 62423.351562
75 6.289543 62423.351562 70013.000000 108021.406250 62423.351562
76 6.370169 62423.351562 70013.000000 108021.406250 62423.351562
77 6.462931 62423.351562 70012.828125 108021.406250 62423.351562
78 6.547360 62234.109375 70012.828125 108021.406250 62423.351562
79 6.634128 62234.109375 70009.046875 108021.406250 62234.109375
80 6.726700 62234.058594 70009.046875 108021.406250 62234.109375
81 6.801324 62234.058594 70009.046875 108021.406250 62234.058594
82 6.874843 62234.058594 70005.257812 108021.406250 62234.058594
83 6.969119 62234.058594 70005.257812 108021.406250 62234.058594
84 7.049112 62234.058594 70001.476562 108021.406250 62234.058594
85 7.138127 62234.058594 69995.398438 108021.406250 62234.058594
86 7.226030 62234.058594 69995.398438 108021.406250 62234.058594
87 7.308513 62198.242188 69995.390625 108021.406250 62234.058594
88 7.394946 62198.156250 69994.679688 108021.406250 62198.242188
89 7.475559 62198.156250 69987.882812 108021.406250 62198.156250
90 7.563068 62198.156250 69987.882812 108021.406250 62198.156250
91 7.644055 62198.156250 69986.437500 108021.406250 62198.156250
92 7.723128 62198.156250 69986.437500 108021.406250 62198.156250
93 7.802906 62198.156250 70381.007812 108021.406250 62198.156250
94 7.886024 62198.156250 69478.046875 82267.007812 62198.156250
95 7.972279 62198.156250 69929.273438 85474.289062 62198.156250
96 8.051817 62198.156250 69553.703125 82267.007812 62198.156250
97 8.123807 62198.156250 69540.210938 82267.007812 62198.156250
98 8.193041 62198.156250 69539.492188 82267.007812 62198.156250
99 8.284227 62198.156250 69536.703125 82267.007812 62198.156250
100 8.373501 62198.156250 69529.898438 82267.007812 62198.156250
101 8.455863 62198.156250 70692.773438 126236.468750 62198.156250
102 8.546677 62198.156250 69426.406250 82267.007812 62198.156250
103 8.629737 62198.156250 70219.609375 101858.296875 62198.156250
104 8.704041 62198.156250 69441.109375 82267.007812 62198.156250
105 8.775275 62198.156250 69441.078125 82267.007812 62198.156250
106 8.867233 62198.156250 69441.078125 82267.007812 62198.156250
107 8.950998 62198.156250 69440.953125 82267.007812 62198.156250
108 9.027330 62198.156250 69440.953125 82267.007812 62198.156250
109 9.114672 62198.156250 69440.000000 82267.007812 62198.156250
110 9.202529 62198.156250 69440.000000 82267.007812 62198.156250
111 9.289481 62198.156250 69425.218750 82267.007812 62198.156250
112 9.373095 62198.156250 69403.859375 82267.007812 62198.156250
113 9.451412 62198.156250 69403.859375 82267.007812 62198.156250
114 9.517274 62094.585938 69874.898438 90035.031250 62198.156250
115 9.589978 62094.585938 69316.093750 82267.007812 62094.585938
116 9.688285 62094.585938 69316.093750 82267.007812 62094.585938
117 9.771758 62094.585938 69314.023438 82267.007812 62094.585938
118 9.851432 62094.585938 69314.023438 82267.007812 62094.585938
119 9.930347 62069.250000 69311.953125 82267.007812 62094.585938
120 9.999280 62069.250000 69311.437500 82267.007812 62069.250000
121 10.081212 62069.195312 69311.437500 82267.007812 62069.250000
122 10.163120 62069.195312 69311.437500 82267.007812 62069.195312
123 10.244680 62069.195312 69310.929688 82267.007812 62069.195312
124 10.322886 62069.195312 69310.421875 82267.007812 62069.195312
125 10.399007 62069.195312 69310.421875 82267.007812 62069.195312
126 10.487863 62051.660156 69307.843750 82267.007812 62069.195312
127 10.550709 62051.660156 69307.140625 82267.007812 62051.660156
128 10.630471 61974.585938 69306.789062 82267.007812 62051.660156
129 10.708452 61974.585938 69304.898438 82267.007812 61974.585938
130 10.797288 61953.328125 69303.359375 82267.007812 61974.585938
131 10.886877 61953.328125 69300.140625 82267.007812 61953.328125
132 10.962721 61953.328125 69299.851562 82267.007812 61953.328125
133 11.051830 61953.328125 69299.000000 82267.007812 61953.328125
134 11.129095 61953.328125 69299.000000 82267.007812 61953.328125
135 11.210355 61953.324219 69298.570312 82267.007812 61953.328125
136 11.286456 61953.324219 69298.570312 82267.007812 61953.324219
137 11.358525 61953.324219 69293.679688 82267.007812 61953.324219
138 11.443880 61953.324219 69293.679688 82267.007812 61953.324219
139 11.527066 61953.324219 69293.679688 82267.007812 61953.324219
140 11.601926 61953.324219 69293.679688 82267.007812 61953.324219
141 11.703021 61953.324219 69288.781250 82267.007812 61953.324219
142 11.779346 61953.324219 69707.281250 83123.242188 61953.324219
143 11.859627 61953.324219 69599.851562 82267.007812 61953.324219
144 11.949355 61953.324219 69196.359375 77996.742188 61953.324219
145 12.031772 61953.324219 69327.843750 77996.742188 61953.324219
146 12.120616 61953.324219 69311.343750 77996.742188 61953.324219
147 12.215537 61953.324219 69311.343750 77996.742188 61953.324219
148 12.296506 61953.324219 69311.343750 77996.742188 61953.324219
149 12.381970 61953.324219 69311.343750 77996.742188 61953.324219
150 12.449264 61953.324219 69311.343750 77996.742188 61953.324219
151 12.523493 61953.324219 69311.343750 77996.742188 61953.324219
152 12.590751 61953.324219 69311.343750 77996.742188 61953.324219
153 12.669768 61953.324219 69311.343750 77996.742188 61953.324219
154 12.743536 61953.324219 69311.343750 77996.742188 61953.324219
155 12.815758 61953.324219 70077.445312 106146.906250 61953.324219
156 12.894741 61953.324219 69204.820312 77996.742188 61953.324219
157 12.983425 61953.324219 69204.828125 77996.742188 61953.324219
158 13.048657 61953.324219 69199.921875 77996.742188 61953.324219
159 13.129469 61953.324219 69199.921875 77996.742188 61953.324219
160 13.217831 61953.324219 69199.921875 77996.742188 61953.324219
161 13.311715 61953.324219 69199.921875 77996.742188 61953.324219
162 13.383968 61953.324219 69199.921875 77996.742188 61953.324219
163 13.450845 61953.324219 69188.687500 77996.742188 61953.324219
164 13.534066 61953.324219 69015.828125 77996.742188 61953.324219
165 13.605806 61953.324219 69015.828125 77996.742188 61953.324219
166 13.695745 61953.324219 69015.828125 77996.742188 61953.324219
167 13.788465 61953.324219 69015.828125 77996.742188 61953.324219
168 13.871977 61953.324219 69015.828125 77996.742188 61953.324219
169 13.948425 61953.324219 69015.812500 77996.742188 61953.324219
170 14.044752 61953.324219 69015.812500 77996.742188 61953.324219
171 14.129636 61953.324219 69136.757812 77996.742188 61953.324219
172 14.219164 61953.324219 69084.828125 77996.742188 61953.324219
173 14.322054 61953.324219 68963.898438 77996.742188 61953.324219
174 14.398857 61953.324219 68963.898438 77996.742188 61953.324219
175 14.476853 61953.324219 69534.835938 90500.460938 61953.324219
176 14.548557 61953.324219 69136.750000 77996.742188 61953.324219
177 14.628435 61953.324219 69136.757812 77996.742188 61953.324219
178 14.712664 61953.324219 69015.828125 77996.742188 61953.324219
179 14.770142 61953.324219 69015.828125 77996.742188 61953.324219
180 14.848122 61953.324219 69015.828125 77996.742188 61953.324219
181 14.934882 61953.324219 69015.828125 77996.742188 61953.324219
182 15.011870 61953.324219 69015.828125 77996.742188 61953.324219
183 15.091259 61953.324219 69015.828125 77996.742188 61953.324219
184 15.166960 61953.324219 69015.812500 77996.742188 61953.324219
185 15.252302 61953.324219 69015.812500 77996.742188 61953.324219
186 15.335060 61953.324219 69015.812500 77996.742188 61953.324219
187 15.422410 61953.324219 69015.812500 77996.742188 61953.324219
188 15.500199 61953.324219 69015.812500 77996.742188 61953.324219
189 15.586381 61953.324219 68842.953125 77996.742188 61953.324219
190 15.673484 61953.324219 68842.953125 77996.742188 61953.324219
191 15.756652 61953.320312 68842.953125 77996.742188 61953.324219
192 15.838079 61953.320312 69045.625000 77996.742188 61953.320312
193 15.922082 61953.320312 69084.460938 72086.843750 61953.320312
194 16.009308 61953.320312 68881.781250 71295.359375 61953.320312
195 16.104593 61953.320312 68957.335938 74373.515625 61953.320312
196 16.183504 61953.320312 68881.789062 71295.359375 61953.320312
197 16.285206 61953.320312 68881.796875 71295.359375 61953.320312
198 16.358431 61953.320312 68909.562500 71295.359375 61953.320312
199 16.440533 61953.320312 68881.796875 71295.359375 61953.320312
200 16.529358 61953.320312 68881.796875 71295.359375 61953.320312
201 16.621267 61953.320312 68881.796875 71295.359375 61953.320312
202 16.700214 61953.320312 68881.796875 71295.359375 61953.320312
203 16.780144 61953.320312 68881.796875 71295.359375 61953.320312
204 16.859159 61953.320312 68708.921875 71295.359375 61953.320312
205 16.946590 61953.320312 68708.921875 71295.359375 61953.320312
206 17.031858 61953.320312 68708.921875 71295.359375 61953.320312
207 17.123375 61953.320312 68708.921875 71295.359375 61953.320312
208 17.210665 61953.320312 68536.062500 71295.359375 61953.320312
209 17.292385 61953.320312 68536.062500 71295.359375 61953.320312
210 17.383623 61953.320312 68536.062500 71295.359375 61953.320312
211 17.471985 61953.320312 68536.062500 71295.359375 61953.320312
212 17.560619 61953.320312 68536.062500 71295.359375 61953.320312
213 17.643984 61953.320312 68536.062500 71295.359375 61953.320312
214 17.721561 61953.320312 68536.062500 71295.359375 61953.320312
215 17.792553 61953.320312 68536.062500 71295.359375 61953.320312
216 17.874395 61953.320312 68536.062500 71295.359375 61953.320312
217 17.943392 61953.320312 68363.203125 71295.359375 61953.320312
218 18.023661 61953.320312 68363.203125 71295.359375 61953.320312
219 18.105656 61953.320312 68363.203125 71295.359375 61953.320312
220 18.186701 61953.320312 68363.203125 71295.359375 61953.320312
221 18.270617 61953.320312 68363.203125 71295.359375 61953.320312
222 18.339510 61953.320312 68363.203125 71295.359375 61953.320312
223 18.418549 61953.320312 68363.203125 71295.359375 61953.320312
224 18.499985 61953.320312 68363.203125 71295.359375 61953.320312
225 18.573387 61953.320312 68363.203125 71295.359375 61953.320312
226 18.652916 61953.320312 68363.203125 71295.359375 61953.320312
227 18.726276 61953.320312 68363.203125 71295.359375 61953.320312
228 18.808231 61953.320312 68363.203125 71295.359375 61953.320312
229 18.895329 61953.320312 68363.203125 71295.359375 61953.320312
230 18.993872 61953.320312 68363.203125 71295.359375 61953.320312
231 19.079981 61953.320312 68363.203125 71295.359375 61953.320312
232 19.160236 61953.320312 68363.203125 71295.359375 61953.320312
233 19.235407 61953.320312 68363.203125 71295.359375 61953.320312
234 19.334991 61953.320312 68363.203125 71295.359375 61953.320312
235 19.411530 61953.320312 68190.343750 71295.359375 61953.320312
236 19.499176 61953.320312 68190.343750 71295.359375 61953.320312
237 19.563091 61953.320312 68190.343750 71295.359375 61953.320312
238 19.651852 61953.320312 68190.343750 71295.359375 61953.320312
239 19.735270 61953.320312 68190.343750 71295.359375 61953.320312
240 19.827610 61953.320312 68190.343750 71295.359375 61953.320312
241 19.911608 61953.320312 68017.484375 71295.359375 61953.320312
242 19.995428 61953.320312 68603.718750 91264.726562 61953.320312
243 20.068829 61953.320312 68190.343750 71295.359375 61953.320312
244 20.139681 61953.320312 68190.343750 71295.359375 61953.320312
245 20.215580 61953.320312 68190.343750 71295.359375 61953.320312
246 20.295601 61953.320312 68190.343750 71295.359375 61953.320312
247 20.366137 61953.320312 68190.343750 71295.359375 61953.320312
248 20.462236 61953.320312 68190.343750 71295.359375 61953.320312
249 20.543764 61953.320312 68190.343750 71295.359375 61953.320312
250 20.617968 61953.320312 68190.343750 71295.359375 61953.320312
251 20.702585 61953.320312 68190.343750 71295.359375 61953.320312
252 20.782188 61953.320312 68190.343750 71295.359375 61953.320312
253 20.871227 61953.320312 68190.343750 71295.359375 61953.320312
254 20.951223 61953.320312 68190.343750 71295.359375 61953.320312
255 21.041496 61953.320312 68190.343750 71295.359375 61953.320312
256 21.134018 61953.320312 68190.343750 71295.359375 61953.320312
257 21.222212 61953.320312 68190.343750 71295.359375 61953.320312
258 21.292149 61953.320312 68190.343750 71295.359375 61953.320312
259 21.370996 61953.320312 68190.343750 71295.359375 61953.320312
260 21.448040 61953.320312 68190.343750 71295.359375 61953.320312
261 21.518545 61953.320312 68190.343750 71295.359375 61953.320312
262 21.604601 61953.320312 68017.484375 71295.359375 61953.320312
263 21.678265 61953.320312 68017.484375 71295.359375 61953.320312
264 21.761992 61953.320312 68017.484375 71295.359375 61953.320312
265 21.841806 61953.320312 68017.484375 71295.359375 61953.320312
266 21.918163 61953.320312 67844.625000 71295.359375 61953.320312
267 21.995104 61953.320312 67844.617188 71295.359375 61953.320312
268 22.087648 61953.320312 67844.617188 71295.359375 61953.320312
269 22.170641 61953.320312 67844.617188 71295.359375 61953.320312
270 22.246090 61953.320312 68222.562500 89493.484375 61953.320312
271 22.328629 61953.320312 67844.617188 71295.359375 61953.320312
272 22.412975 61953.320312 67671.765625 71295.359375 61953.320312
273 22.501509 61953.320312 67671.765625 71295.359375 61953.320312
274 22.575672 61953.320312 67671.765625 71295.359375 61953.320312
275 22.672619 61953.320312 67671.765625 71295.359375 61953.320312
276 22.741913 61953.320312 68045.476562 80639.093750 61953.320312
277 22.843212 61953.320312 67671.757812 71295.359375 61953.320312
278 22.916777 61953.320312 67498.906250 71295.359375 61953.320312
279 23.004671 61953.320312 67498.906250 71295.359375 61953.320312
280 23.086901 61953.320312 67851.695312 79593.187500 61953.320312
281 23.170839 61953.320312 67671.757812 71295.359375 61953.320312
282 23.251177 61953.320312 67671.765625 71295.359375 61953.320312
283 23.331951 61953.320312 67671.765625 71295.359375 61953.320312
284 23.415052 61953.320312 67671.765625 71295.359375 61953.320312
285 23.492035 61953.320312 68026.828125 79706.687500 61953.320312
286 23.574661 61953.320312 67671.757812 71295.359375 61953.320312
287 23.657591 61953.320312 67671.765625 71295.359375 61953.320312
288 23.751360 61953.320312 67671.765625 71295.359375 61953.320312
289 23.842600 61953.320312 67671.765625 71295.359375 61953.320312
290 23.933981 61953.320312 67498.906250 71295.359375 61953.320312
291 24.022711 61953.320312 67498.906250 71295.359375 61953.320312
292 24.110891 61953.320312 67498.906250 71295.359375 61953.320312
293 24.186043 61953.320312 67326.031250 71295.359375 61953.320312
294 24.293568 61953.320312 67703.015625 80802.210938 61953.320312
295 24.375088 61953.320312 67326.039062 71295.359375 61953.320312
296 24.475721 61953.320312 67326.046875 71295.359375 61953.320312
297 24.553801 61953.320312 67326.046875 71295.359375 61953.320312
298 24.639631 61953.320312 67326.046875 71295.359375 61953.320312
299 24.725616 61953.320312 67326.046875 71295.359375 61953.320312
300 24.804148 61953.320312 67326.046875 71295.359375 61953.320312
301 24.888018 61953.320312 67326.031250 71295.359375 61953.320312
302 24.984558 61953.320312 67326.031250 71295.359375 61953.320312
303 25.062616 61953.320312 67326.031250 71295.359375 61953.320312
304 25.149059 61953.320312 67326.031250 71295.359375 61953.320312
305 25.234524 61953.320312 67326.031250 71295.359375 61953.320312
306 25.317259 61953.320312 67326.031250 71295.359375 61953.320312
307 25.407732 61953.320312 67326.031250 71295.359375 61953.320312
308 25.497072 61953.320312 67326.031250 71295.359375 61953.320312
309 25.581184 61953.320312 67326.031250 71295.359375 61953.320312
310 25.666555 61953.320312 67326.031250 71295.359375 61953.320312
311 25.757221 61953.320312 67326.031250 71295.359375 61953.320312
312 25.842987 61953.320312 67326.031250 71295.359375 61953.320312
313 25.916445 61953.320312 67326.031250 71295.359375 61953.320312
314 25.982504 61953.320312 67326.031250 71295.359375 61953.320312
315 26.062366 61953.320312 67153.171875 71295.359375 61953.320312
316 26.141172 61953.320312 67153.171875 71295.359375 61953.320312
317 26.220428 61953.320312 66980.312500 71295.359375 61953.320312
318 26.299118 61953.320312 67622.234375 94048.968750 61953.320312
319 26.398138 61953.320312 67153.171875 71295.359375 61953.320312
320 26.474501 61953.320312 67153.171875 71295.359375 61953.320312
321 26.557329 61953.320312 67153.171875 71295.359375 61953.320312
322 26.638660 61953.320312 67153.171875 71295.359375 61953.320312
323 26.724010 61953.320312 66980.312500 71295.359375 61953.320312
324 26.791780 61953.320312 66980.312500 71295.359375 61953.320312
325 26.870567 61953.320312 66980.312500 71295.359375 61953.320312
326 26.952633 61953.320312 66980.312500 71295.359375 61953.320312
327 27.031042 61953.320312 66980.312500 71295.359375 61953.320312
328 27.102484 61953.320312 66835.015625 71295.359375 61953.320312
329 27.175747 61953.320312 66835.015625 71295.359375 61953.320312
330 27.266951 61953.320312 66835.015625 71295.359375 61953.320312
331 27.345312 61953.320312 66835.015625 71295.359375 61953.320312
332 27.415716 61953.320312 66835.015625 71295.359375 61953.320312
333 27.500593 61953.320312 66835.015625 71295.359375 61953.320312
334 27.580620 61953.320312 66835.015625 71295.359375 61953.320312
335 27.666965 61953.320312 67393.484375 89876.632812 61953.320312
336 27.738068 61953.320312 66980.312500 71295.359375 61953.320312
337 27.814856 61953.320312 66980.312500 71295.359375 61953.320312
338 27.911781 61953.320312 66980.312500 71295.359375 61953.320312
339 27.993696 61953.320312 66980.312500 71295.359375 61953.320312
340 28.093174 61953.320312 66980.312500 71295.359375 61953.320312
341 28.182650 61953.320312 66980.312500 71295.359375 61953.320312
342 28.262217 61953.320312 66980.312500 71295.359375 61953.320312
343 28.357759 61953.320312 66980.312500 71295.359375 61953.320312
344 28.442087 61953.320312 66980.312500 71295.359375 61953.320312
345 28.510927 61953.320312 66980.312500 71295.359375 61953.320312
346 28.593536 61953.320312 67363.445312 81109.687500 61953.320312
347 28.665873 61953.320312 67153.171875 71295.359375 61953.320312
348 28.746370 61953.320312 67153.171875 71295.359375 61953.320312
349 28.825979 61953.320312 66980.312500 71295.359375 61953.320312
350 28.907665 61953.320312 66980.312500 71295.359375 61953.320312
351 28.992392 61953.320312 66807.453125 71295.359375 61953.320312
352 29.093555 61953.320312 66807.453125 71295.359375 61953.320312
353 29.164064 61953.320312 66634.593750 71295.359375 61953.320312
354 29.228592 61953.320312 66634.593750 71295.359375 61953.320312
355 29.292788 61953.320312 66461.734375 71295.359375 61953.320312
356 29.377548 61953.320312 66461.734375 71295.359375 61953.320312
357 29.470673 61953.320312 66461.734375 71295.359375 61953.320312
358 29.550608 61953.320312 66461.734375 71295.359375 61953.320312
359 29.638988 61953.320312 66461.734375 71295.359375 61953.320312
360 29.721371 61953.320312 66461.734375 71295.359375 61953.320312
361 29.795511 61953.320312 67184.687500 106743.515625 61953.320312
362 29.880154 61953.320312 66461.726562 71295.359375 61953.320312
363 29.953806 61953.320312 66461.734375 71295.359375 61953.320312
364 30.038054 61953.320312 66461.734375 71295.359375 61953.320312
365 30.107023 61953.320312 66461.734375 71295.359375 61953.320312
366 30.178167 61953.320312 66506.343750 71295.359375 61953.320312
367 30.251257 61953.320312 66378.085938 71295.359375 61953.320312
368 30.325600 61953.320312 66378.085938 71295.359375 61953.320312
369 30.402922 61953.320312 66378.085938 71295.359375 61953.320312
370 30.487467 61953.320312 66378.085938 71295.359375 61953.320312
371 30.558825 61953.320312 66378.085938 71295.359375 61953.320312
372 30.640057 61953.320312 66378.085938 71295.359375 61953.320312
373 30.719124 61953.320312 67265.054688 106301.867188 61953.320312
374 30.795725 61953.320312 66550.937500 71295.359375 61953.320312
375 30.881807 61953.320312 66550.945312 71295.359375 61953.320312
376 30.948370 61953.320312 66550.945312 71295.359375 61953.320312
377 31.033714 61953.320312 66506.343750 71295.359375 61953.320312
378 31.109579 61953.320312 66461.742188 71295.359375 61953.320312
379 31.191116 61953.320312 66461.742188 71295.359375 61953.320312
380 31.271061 61953.320312 66461.742188 71295.359375 61953.320312
381 31.358919 61953.320312 66461.742188 71295.359375 61953.320312
382 31.437796 61953.320312 66461.742188 71295.359375 61953.320312
383 31.517317 61953.320312 66461.742188 71295.359375 61953.320312
384 31.608604 61953.320312 66461.742188 71295.359375 61953.320312
385 31.691858 61953.320312 66461.742188 71295.359375 61953.320312
386 31.766844 61953.320312 66461.742188 71295.359375 61953.320312
387 31.849874 61953.320312 66461.742188 71295.359375 61953.320312
388 31.927948 61953.320312 66461.734375 71295.359375 61953.320312
389 32.019501 61953.320312 66288.875000 71295.359375 61953.320312
390 32.100147 61953.320312 66288.875000 71295.359375 61953.320312
391 32.180283 61953.320312 66288.875000 71295.359375 61953.320312
392 32.260857 61953.320312 66288.875000 71295.359375 61953.320312
393 32.347115 61953.320312 66288.875000 71295.359375 61953.320312
394 32.441982 61953.320312 66288.875000 71295.359375 61953.320312
395 32.538921 61953.320312 66288.875000 71295.359375 61953.320312
396 32.632404 61953.320312 66288.875000 71295.359375 61953.320312
397 32.709148 61953.320312 66288.875000 71295.359375 61953.320312
398 32.789547 61953.320312 66288.875000 71295.359375 61953.320312
399 32.870468 61953.320312 66288.875000 71295.359375 61953.320312
400 32.957642 61953.320312 66288.875000 71295.359375 61953.320312
401 33.045982 61953.320312 66288.875000 71295.359375 61953.320312
402 33.117973 61953.320312 67095.937500 102306.289062 61953.320312
403 33.195782 61953.320312 66461.726562 71295.359375 61953.320312
404 33.267643 61953.316406 66461.734375 71295.359375 61953.320312
405 33.341766 61953.316406 66461.734375 71295.359375 61953.316406
406 33.428783 61953.316406 66461.734375 71295.359375 61953.316406
407 33.519958 61953.316406 66461.734375 71295.359375 61953.316406
408 33.603767 61953.316406 66461.734375 71295.359375 61953.316406
409 33.686474 61953.316406 66461.734375 71295.359375 61953.316406
410 33.762932 61953.316406 66461.734375 71295.359375 61953.316406
411 33.849895 61953.316406 66461.734375 71295.359375 61953.316406
412 33.927536 61953.316406 66461.734375 71295.359375 61953.316406
413 34.009834 61953.316406 66461.734375 71295.359375 61953.316406
414 34.093704 61953.316406 66288.875000 71295.359375 61953.316406
415 34.170174 61953.316406 66725.132812 83766.429688 61953.316406
416 34.240891 61953.316406 66461.726562 71295.359375 61953.316406
417 34.323814 61953.316406 66288.875000 71295.359375 61953.316406
418 34.395714 61953.316406 66288.875000 71295.359375 61953.316406
419 34.479050 61953.316406 66288.875000 71295.359375 61953.316406
420 34.559349 61953.316406 66493.445312 72181.601562 61953.316406
421 34.644058 61953.316406 66461.726562 71295.359375 61953.316406
422 34.723068 61953.316406 66461.734375 71295.359375 61953.316406
423 34.806263 61953.316406 66461.734375 71295.359375 61953.316406
424 34.892056 61953.316406 66461.734375 71295.359375 61953.316406
425 34.977299 61953.316406 66461.734375 71295.359375 61953.316406
426 35.055759 61953.316406 66461.734375 71295.359375 61953.316406
427 35.133739 61953.316406 66461.734375 71295.359375 61953.316406
428 35.219101 61953.316406 66461.734375 71295.359375 61953.316406
429 35.301861 61953.316406 66461.734375 71295.359375 61953.316406
430 35.406464 61953.316406 66461.734375 71295.359375 61953.316406
431 35.500683 61953.316406 66461.734375 71295.359375 61953.316406
432 35.609467 61953.316406 66461.734375 71295.359375 61953.316406
433 35.697006 61953.316406 66288.875000 71295.359375 61953.316406
434 35.783607 61953.316406 66288.875000 71295.359375 61953.316406
435 35.869659 61953.316406 66288.875000 71295.359375 61953.316406
436 35.949497 61953.316406 66288.875000 71295.359375 61953.316406
437 36.030983 61953.316406 66288.875000 71295.359375 61953.316406
438 36.110775 61953.316406 66288.875000 71295.359375 61953.316406
439 36.189377 61953.316406 66288.875000 71295.359375 61953.316406
440 36.279476 61953.316406 66288.875000 71295.359375 61953.316406
441 36.358364 61953.316406 66288.875000 71295.359375 61953.316406
442 36.440063 61953.316406 66288.875000 71295.359375 61953.316406
443 36.514423 61953.316406 66288.875000 71295.359375 61953.316406
444 36.583778 61953.316406 66288.875000 71295.359375 61953.316406
445 36.672070 61953.316406 66288.875000 71295.359375 61953.316406
446 36.741280 61953.316406 66991.828125 97100.632812 61953.316406
447 36.819351 61953.316406 66538.132812 71295.359375 61953.316406
448 36.900219 61953.316406 66755.554688 72824.195312 61953.316406
449 36.983368 61953.316406 66711.000000 71295.359375 61953.316406
450 37.077873 61953.316406 66711.007812 71295.359375 61953.316406
451 37.172935 61953.316406 66711.007812 71295.359375 61953.316406
452 37.246197 61953.316406 66711.007812 71295.359375 61953.316406
453 37.324490 61953.316406 66711.007812 71295.359375 61953.316406
454 37.394958 61953.316406 66711.007812 71295.359375 61953.316406
455 37.468285 61953.316406 66711.007812 71295.359375 61953.316406
456 37.553520 61953.316406 66711.007812 71295.359375 61953.316406
457 37.640808 61953.316406 66711.007812 71295.359375 61953.316406
458 37.727310 61953.316406 66711.007812 71295.359375 61953.316406
459 37.806854 61953.316406 66711.007812 71295.359375 61953.316406
460 37.896389 61953.316406 66710.992188 71295.359375 61953.316406
461 37.980106 61953.316406 66710.992188 71295.359375 61953.316406
462 38.061733 61953.316406 66710.992188 71295.359375 61953.316406
463 38.144650 61953.316406 66710.992188 71295.359375 61953.316406
464 38.225906 61953.316406 66710.992188 71295.359375 61953.316406
465 38.297264 61953.316406 66710.992188 71295.359375 61953.316406
466 38.385025 61953.316406 66710.992188 71295.359375 61953.316406
467 38.470085 61953.316406 66710.992188 71295.359375 61953.316406
468 38.541019 61953.316406 66710.992188 71295.359375 61953.316406
469 38.620003 61953.316406 66710.992188 71295.359375 61953.316406
470 38.721447 61953.316406 66710.992188 71295.359375 61953.316406
471 38.801449 61953.316406 66634.593750 71295.359375 61953.316406
472 38.881741 61953.316406 66634.593750 71295.359375 61953.316406
473 38.977512 61953.316406 67371.335938 98790.507812 61953.316406
474 39.060081 61953.316406 66807.453125 71295.359375 61953.316406
475 39.145855 61953.316406 66807.453125 71295.359375 61953.316406
476 39.228664 61953.316406 66634.593750 71295.359375 61953.316406
477 39.307510 61953.316406 66634.593750 71295.359375 61953.316406
478 39.395271 61953.316406 66634.593750 71295.359375 61953.316406
479 39.468399 61953.316406 66634.593750 71295.359375 61953.316406
480 39.541416 61953.316406 66634.593750 71295.359375 61953.316406
481 39.623302 61953.316406 66634.593750 71295.359375 61953.316406
482 39.712151 61953.316406 66634.593750 71295.359375 61953.316406
483 39.803722 61953.316406 66461.734375 71295.359375 61953.316406
484 39.879711 61953.316406 66461.734375 71295.359375 61953.316406
485 39.948643 61953.316406 66461.734375 71295.359375 61953.316406
486 40.023212 61953.316406 66461.734375 71295.359375 61953.316406
487 40.110863 61953.316406 66461.734375 71295.359375 61953.316406
488 40.207661 61953.316406 66461.734375 71295.359375 61953.316406
489 40.297203 61953.316406 66461.734375 71295.359375 61953.316406
490 40.381447 61953.316406 66461.734375 71295.359375 61953.316406
491 40.471218 61953.316406 66628.757812 71295.359375 61953.320312
492 40.548332 61953.316406 66642.437500 71295.359375 61953.320312
493 40.624653 61953.316406 66642.437500 71295.359375 61953.320312
494 40.714203 61953.316406 67267.078125 93185.273438 61953.320312
495 40.799328 61953.316406 66815.289062 71295.359375 61953.320312
496 40.864521 61953.316406 66815.296875 71295.359375 61953.320312
497 40.950367 61953.316406 66815.296875 71295.359375 61953.320312
498 41.025566 61953.316406 66795.773438 71295.359375 61953.320312
499 41.096298 61953.316406 66795.773438 71295.359375 61953.320312
500 41.165016 61953.316406 66795.773438 71295.359375 61953.320312
501 41.241810 61953.316406 66795.773438 71295.359375 61953.320312
502 41.305008 61953.316406 66628.757812 71295.359375 61953.320312
503 41.386391 61953.316406 66628.757812 71295.359375 61953.320312
504 41.460373 61953.316406 66628.757812 71295.359375 61953.320312
505 41.535927 61953.316406 67625.515625 111791.296875 61953.320312
506 41.618706 61953.316406 67147.437500 79244.734375 61953.320312
507 41.701904 61953.316406 66974.468750 71295.359375 61953.320312
508 41.786701 61953.316406 66974.476562 71295.359375 61953.320312
509 41.869629 61953.316406 66974.476562 71295.359375 61953.320312
510 41.944702 61953.316406 66974.476562 71295.359375 61953.320312
511 42.017700 61953.316406 66974.476562 71295.359375 61953.320312
512 42.101559 61953.316406 66974.476562 71295.359375 61953.320312
513 42.198792 61953.316406 66974.476562 71295.359375 61953.320312
514 42.264740 61953.316406 66974.476562 71295.359375 61953.320312
515 42.330276 61953.316406 66974.476562 71295.359375 61953.320312
516 42.408695 61953.316406 66974.476562 71295.359375 61953.320312
517 42.505077 61953.316406 66807.468750 71295.359375 61953.320312
518 42.585232 61953.316406 66807.468750 71295.359375 61953.320312
519 42.674980 61953.316406 67178.867188 80523.367188 61953.320312
520 42.747276 61953.316406 67583.132812 88332.820312 61953.320312
521 42.813599 61953.316406 67228.398438 71295.359375 61953.320312
522 42.886795 61953.316406 67228.406250 71295.359375 61953.320312
523 42.967911 61953.316406 67228.406250 71295.359375 61953.320312
524 43.053761 61953.316406 67228.406250 71295.359375 61953.320312
525 43.133961 61953.316406 67228.406250 71295.359375 61953.320312
526 43.223518 61953.316406 67228.406250 71295.359375 61953.320312
527 43.306625 61953.316406 67228.406250 71295.359375 61953.320312
528 43.391617 61953.316406 67228.406250 71295.359375 61953.320312
529 43.474033 61953.316406 67228.406250 71295.359375 61953.320312
530 43.555546 61953.316406 67153.187500 71295.359375 61953.320312
531 43.632179 61953.316406 67153.187500 71295.359375 61953.320312
532 43.712376 61953.316406 67153.187500 71295.359375 61953.320312
533 43.784897 61953.316406 67153.187500 71295.359375 61953.320312
534 43.868671 61953.316406 67153.187500 71295.359375 61953.320312
535 43.951817 61953.316406 67153.187500 71295.359375 61953.320312
536 44.039234 61953.316406 67153.187500 71295.359375 61953.320312
537 44.117985 61953.316406 67153.187500 71295.359375 61953.320312
538 44.194931 61953.316406 67153.187500 71295.359375 61953.320312
539 44.269714 61953.316406 67641.734375 86380.921875 61953.320312
540 44.355000 61953.316406 67410.968750 74842.781250 61953.320312
541 44.430565 61953.316406 67326.039062 71295.359375 61953.320312
542 44.515926 61953.316406 67153.187500 71295.359375 61953.320312
543 44.611446 61953.316406 67229.234375 74398.937500 61953.320312
544 44.705067 61953.316406 67774.218750 93005.187500 61953.320312
545 44.789959 61953.316406 67326.039062 71295.359375 61953.320312
546 44.880867 61953.316406 67326.046875 71295.359375 61953.320312
547 44.960239 61953.316406 67326.046875 71295.359375 61953.320312
548 45.036392 61953.316406 67326.046875 71295.359375 61953.320312
549 45.117386 61953.316406 67326.046875 71295.359375 61953.320312
550 45.193546 61953.316406 67326.046875 71295.359375 61953.320312
551 45.276436 61953.316406 67326.046875 71295.359375 61953.320312
552 45.360497 61953.316406 67326.046875 71295.359375 61953.320312
553 45.438984 61953.316406 67326.046875 71295.359375 61953.320312
554 45.518906 61953.316406 67326.046875 71295.359375 61953.320312
555 45.588486 61953.316406 67153.187500 71295.359375 61953.320312
556 45.664963 61953.316406 67153.187500 71295.359375 61953.320312
557 45.743038 61953.316406 67153.187500 71295.359375 61953.320312
558 45.827232 61953.316406 67153.187500 71295.359375 61953.320312
559 45.908817 61953.316406 67153.187500 71295.359375 61953.320312
560 45.991844 61953.316406 67153.187500 71295.359375 61953.320312
561 46.060982 61953.316406 67153.187500 71295.359375 61953.320312
562 46.147518 61953.316406 67153.187500 71295.359375 61953.320312
563 46.228840 61953.316406 67153.187500 71295.359375 61953.320312
564 46.304962 61953.316406 67153.187500 71295.359375 61953.320312
565 46.377506 61953.316406 67153.187500 71295.359375 61953.320312
566 46.456200 61953.316406 67397.476562 74167.929688 61953.320312
567 46.532314 61953.316406 67326.039062 71295.359375 61953.320312
568 46.619202 61953.316406 67326.046875 71295.359375 61953.320312
569 46.708954 61953.316406 67326.046875 71295.359375 61953.320312
570 46.793530 61953.316406 67326.046875 71295.359375 61953.320312
571 46.882290 61953.316406 67153.187500 71295.359375 61953.320312
572 46.970516 61953.316406 67153.187500 71295.359375 61953.320312
573 47.070480 61953.316406 67153.171875 71295.359375 61953.320312
574 47.164925 61953.316406 67153.171875 71295.359375 61953.320312
575 47.243900 61953.316406 67153.171875 71295.359375 61953.320312
576 47.323250 61953.316406 67190.335938 72453.953125 61953.320312
577 47.395046 61953.316406 67153.179688 71295.359375 61953.320312
578 47.469952 61953.316406 66980.328125 71295.359375 61953.320312
579 47.555809 61953.316406 66980.312500 71295.359375 61953.320312
580 47.633022 61953.316406 66980.312500 71295.359375 61953.320312
581 47.714748 61953.316406 66980.312500 71295.359375 61953.320312
582 47.785912 61953.316406 66980.312500 71295.359375 61953.320312
583 47.864967 61953.316406 66980.312500 71295.359375 61953.320312
584 47.947456 61953.316406 66980.312500 71295.359375 61953.320312
585 48.031914 61953.316406 66980.312500 71295.359375 61953.320312
586 48.104641 61953.316406 67284.085938 77141.648438 61953.320312
587 48.197487 61953.316406 67153.171875 71295.359375 61953.320312
588 48.284744 61953.316406 67153.171875 71295.359375 61953.320312
589 48.360935 61953.316406 67153.171875 71295.359375 61953.320312
590 48.449192 61953.316406 67153.171875 71295.359375 61953.320312
591 48.519833 61953.316406 67352.468750 71917.601562 61953.324219
592 48.588112 61953.316406 67338.492188 71917.601562 61953.324219
593 48.675785 61953.316406 67338.492188 71917.601562 61953.324219
594 48.761265 61953.316406 67338.492188 71917.601562 61953.324219
595 48.847031 61953.316406 67338.476562 71917.601562 61953.324219
596 48.936001 61953.316406 67338.476562 71917.601562 61953.324219
597 49.029327 61953.316406 67338.476562 71917.601562 61953.324219
598 49.098217 61953.316406 67338.476562 71917.601562 61953.324219
599 49.176006 61953.316406 67338.476562 71917.601562 61953.324219
600 49.269798 61953.316406 67338.476562 71917.601562 61953.324219
601 49.355377 61953.316406 67338.476562 71917.601562 61953.324219
602 49.446362 61953.316406 67338.476562 71917.601562 61953.324219
603 49.532619 61953.316406 67338.476562 71917.601562 61953.324219
604 49.617752 61953.316406 67493.312500 78337.601562 61953.324219
605 49.685898 61953.316406 67415.171875 71917.601562 61953.324219
606 49.765862 61953.316406 67415.171875 71917.601562 61953.324219
607 49.847912 61953.316406 67415.171875 71917.601562 61953.324219
608 49.928890 61953.316406 67415.171875 71917.601562 61953.324219
609 50.014198 61953.316406 67794.773438 80933.351562 61953.324219
610 50.095280 61953.316406 67588.031250 71917.601562 61953.324219
611 50.175434 61953.316406 67588.031250 71917.601562 61953.320312
612 50.256275 61953.316406 67511.351562 71917.601562 61953.320312
613 50.351627 61953.316406 67511.351562 71917.601562 61953.320312
614 50.444645 61953.316406 67511.351562 71917.601562 61953.320312
615 50.538601 61953.316406 67338.476562 71917.601562 61953.320312
616 50.622807 61953.316406 67338.476562 71917.601562 61953.320312
617 50.704880 61953.316406 67338.476562 71917.601562 61953.320312
618 50.786552 61953.316406 67338.476562 71917.601562 61953.320312
619 50.866287 61953.316406 67338.476562 71917.601562 61953.320312
620 50.957352 61953.316406 67338.476562 71917.601562 61953.320312
621 51.030193 61953.316406 67782.156250 84137.171875 61953.320312
622 51.111485 61953.316406 67511.343750 71917.601562 61953.320312
623 51.201244 61953.316406 67511.343750 71917.601562 61953.320312
624 51.283329 61953.316406 67511.343750 71917.601562 61953.320312
625 51.368755 61953.316406 67511.343750 71917.601562 61953.320312
626 51.470173 61953.316406 67511.343750 71917.601562 61953.320312
627 51.546200 61953.316406 67511.343750 71917.601562 61953.320312
628 51.639656 61953.316406 67511.343750 71917.601562 61953.320312
629 51.716850 61953.316406 67511.343750 71917.601562 61953.320312
630 51.800480 61953.316406 67511.343750 71917.601562 61953.320312
631 51.874371 61953.316406 67511.343750 71917.601562 61953.320312
632 51.945808 61953.316406 67338.476562 71917.601562 61953.320312
633 52.035507 61953.316406 67165.617188 71917.601562 61953.320312
634 52.127621 61953.316406 67165.617188 71917.601562 61953.320312
635 52.210743 61953.316406 67165.617188 71917.601562 61953.320312
636 52.287201 61953.316406 67165.617188 71917.601562 61953.320312
637 52.376801 61953.316406 66992.757812 71917.601562 61953.320312
638 52.447865 61953.316406 66992.757812 71917.601562 61953.320312
639 52.524220 61953.316406 67344.250000 79528.062500 61953.320312
640 52.608532 61953.316406 67165.617188 71917.601562 61953.320312
641 52.685410 61953.316406 67165.617188 71917.601562 61953.320312
642 52.767223 61953.316406 67165.617188 71917.601562 61953.320312
643 52.853420 61953.316406 67004.312500 71917.601562 61953.320312
644 52.932640 61953.316406 67037.492188 71917.601562 61953.320312
645 53.013184 61953.316406 67037.476562 71917.601562 61953.320312
646 53.083385 61953.316406 67037.476562 71917.601562 61953.320312
647 53.161121 61953.316406 67037.476562 71917.601562 61953.320312
648 53.235065 61953.316406 67037.476562 71917.601562 61953.320312
649 53.316761 61953.316406 67037.476562 71917.601562 61953.320312
650 53.405357 61953.316406 67037.476562 71917.601562 61953.320312
651 53.482605 61953.316406 67025.937500 71917.601562 61953.320312
652 53.553051 61953.316406 67025.937500 71917.601562 61953.320312
653 53.642303 61953.316406 67075.500000 71917.601562 61953.320312
654 53.727184 61953.316406 67075.492188 71917.601562 61953.320312
655 53.811127 61953.316406 67075.492188 71917.601562 61953.320312
656 53.891697 61953.316406 67042.320312 71917.601562 61953.320312
657 53.979614 61953.316406 67042.320312 71917.601562 61953.320312
658 54.061409 61953.316406 67042.320312 71917.601562 61953.320312
659 54.130596 61953.316406 67042.320312 71917.601562 61953.320312
660 54.222130 61953.316406 66992.757812 71917.601562 61953.320312
661 54.309364 61953.316406 67407.007812 82665.882812 61953.320312
662 54.383751 61953.316406 66992.757812 71917.601562 61953.320312
663 54.463181 61953.316406 66992.757812 71917.601562 61953.320312
664 54.545197 61953.316406 66819.898438 71917.601562 61953.320312
665 54.629868 61953.316406 66647.039062 71917.601562 61953.320312
666 54.704830 61953.316406 66647.039062 71917.601562 61953.320312
667 54.791683 61953.316406 66934.882812 76345.570312 61953.320312
668 54.877121 61953.316406 66853.078125 71917.601562 61953.320312
669 54.961849 61953.316406 66853.078125 71917.601562 61953.320312
670 55.044514 61953.316406 66853.078125 71917.601562 61953.320312
671 55.117786 61953.316406 66853.078125 71917.601562 61953.320312
672 55.197727 61953.316406 66853.078125 71917.601562 61953.320312
673 55.269329 61953.316406 66853.078125 71917.601562 61953.320312
674 55.352764 61953.316406 66853.078125 71917.601562 61953.320312
675 55.433735 61953.316406 67508.421875 96379.367188 61953.320312
676 55.510410 61953.316406 66992.757812 71917.601562 61953.320312
677 55.590954 61953.316406 66992.757812 71917.601562 61953.320312
678 55.670055 61953.316406 66992.757812 71917.601562 61953.320312
679 55.752377 61953.316406 66992.757812 71917.601562 61953.320312
680 55.836277 61953.316406 66992.757812 71917.601562 61953.320312
681 55.913651 61953.316406 66992.757812 71917.601562 61953.320312
682 55.993279 61953.316406 66992.757812 71917.601562 61953.320312
683 56.077515 61953.316406 66992.757812 71917.601562 61953.320312
684 56.160431 61953.316406 66819.898438 71917.601562 61953.320312
685 56.234184 61953.316406 66819.898438 71917.601562 61953.320312
686 56.304161 61953.316406 66819.898438 71917.601562 61953.320312
687 56.410896 61953.316406 67134.492188 86325.710938 61953.320312
688 56.482632 61953.316406 66819.898438 71917.601562 61953.320312
689 56.561905 61953.316406 66819.898438 71917.601562 61953.320312
690 56.657738 61953.316406 66819.898438 71917.601562 61953.320312
691 56.748657 61953.316406 66819.898438 71917.601562 61953.320312
692 56.820042 61953.316406 66819.898438 71917.601562 61953.320312
693 56.907009 61953.316406 66819.898438 71917.601562 61953.320312
694 56.976238 61953.316406 66819.898438 71917.601562 61953.320312
695 57.050137 61953.316406 66819.898438 71917.601562 61953.320312
696 57.127544 61953.316406 66647.039062 71917.601562 61953.320312
697 57.199123 61953.316406 66474.179688 71917.601562 61953.320312
698 57.282379 61953.316406 66705.101562 82142.625000 61953.320312
699 57.362823 61953.316406 66474.179688 71917.601562 61953.320312
700 57.445236 61953.316406 66474.179688 71917.601562 61953.320312
701 57.535496 61953.316406 66474.179688 71917.601562 61953.320312
702 57.611629 61953.316406 66474.179688 71917.601562 61953.320312
703 57.699814 61953.316406 66474.179688 71917.601562 61953.320312
704 57.782169 61953.316406 67132.281250 94858.593750 61953.320312
705 57.854729 61953.316406 66647.039062 71917.601562 61953.320312
706 57.937225 61953.316406 66474.179688 71917.601562 61953.320312
707 58.027233 61953.316406 66474.179688 71917.601562 61953.320312
708 58.118145 61953.316406 67163.179688 96403.531250 61953.320312
709 58.212212 61953.316406 66647.039062 71917.601562 61953.320312
710 58.298119 61953.316406 66647.039062 71917.601562 61953.320312
711 58.365841 61953.316406 66647.039062 71917.601562 61953.320312
712 58.456413 61953.316406 66647.039062 71917.601562 61953.320312
713 58.545864 61953.316406 66647.039062 71917.601562 61953.320312
714 58.641563 61953.316406 66647.039062 71917.601562 61953.320312
715 58.713432 61953.316406 66647.039062 71917.601562 61953.320312
716 58.794975 61953.316406 66647.039062 71917.601562 61953.320312
717 58.867226 61953.316406 66647.039062 71917.601562 61953.320312
718 58.947350 61953.316406 66647.039062 71917.601562 61953.320312
719 59.037117 61953.316406 66647.039062 71917.601562 61953.320312
720 59.126896 61953.316406 66647.039062 71917.601562 61953.320312
721 59.206177 61953.316406 66647.039062 71917.601562 61953.320312
722 59.290607 61953.316406 66647.039062 71917.601562 61953.320312
723 59.375538 61953.316406 66647.039062 71917.601562 61953.320312
724 59.460426 61953.316406 66474.179688 71917.601562 61953.320312
725 59.546124 61953.316406 66474.179688 71917.601562 61953.320312
726 59.645657 61953.316406 66474.179688 71917.601562 61953.320312
727 59.735287 61953.316406 66474.179688 71917.601562 61953.320312
728 59.817524 61953.316406 66474.179688 71917.601562 61953.320312
729 59.906647 61953.316406 66474.179688 71917.601562 61953.320312
730 59.994698 61953.316406 66474.179688 71917.601562 61953.320312
731 60.071430 61953.316406 66474.179688 71917.601562 61953.320312
732 60.151962 61953.316406 66665.070312 71917.601562 61953.320312
733 60.241268 61953.316406 66465.789062 71498.023438 61953.320312
734 60.318687 61953.316406 66465.789062 71498.023438 61953.320312
735 60.410755 61953.316406 66465.789062 71498.023438 61953.320312
736 60.494919 61953.316406 66701.882812 73757.757812 61953.320312
737 60.590248 61953.316406 66638.648438 71498.023438 61953.320312
738 60.683990 61953.316406 66465.789062 71498.023438 61953.320312
739 60.765736 61953.316406 66465.789062 71498.023438 61953.320312
740 60.841969 61953.316406 66465.789062 71498.023438 61953.320312
741 60.920788 61953.316406 66465.789062 71498.023438 61953.320312
742 61.003922 61953.316406 66465.789062 71498.023438 61953.320312
743 61.084545 61953.316406 66292.929688 71498.023438 61953.320312
744 61.151150 61953.316406 66292.929688 71498.023438 61953.320312
745 61.235134 61953.316406 66292.929688 71498.023438 61953.320312
746 61.315712 61953.316406 66292.929688 71498.023438 61953.320312
747 61.400223 61953.316406 66120.070312 71498.023438 61953.320312
748 61.492409 61953.316406 66120.070312 71498.023438 61953.320312
749 61.578430 61953.316406 66120.070312 71498.023438 61953.320312
750 61.667171 61953.316406 65947.210938 71498.023438 61953.320312
751 61.750652 61953.316406 65947.210938 71498.023438 61953.320312
752 61.826321 61953.316406 65947.210938 71498.023438 61953.320312
753 61.913967 61953.316406 65947.210938 71498.023438 61953.320312
754 62.001328 61953.316406 65774.351562 71498.023438 61953.320312
755 62.089848 61953.316406 65601.492188 71498.023438 61953.320312
756 62.167599 61953.316406 65601.492188 71498.023438 61953.320312
757 62.245239 61953.316406 65601.492188 71498.023438 61953.320312
758 62.338902 61953.316406 65857.078125 74732.773438 61953.320312
759 62.419586 61953.316406 65774.351562 71498.023438 61953.320312
760 62.501038 61953.316406 65774.351562 71498.023438 61953.320312
761 62.566975 61953.316406 65601.492188 71498.023438 61953.320312
762 62.659241 61953.316406 65601.492188 71498.023438 61953.320312
763 62.751125 61953.316406 65601.492188 71498.023438 61953.320312
764 62.835743 61953.316406 65601.492188 71498.023438 61953.320312
765 62.916142 61953.316406 65428.628906 71498.023438 61953.320312
766 63.015152 61953.316406 65428.628906 71498.023438 61953.320312
767 63.090900 61953.316406 65428.628906 71498.023438 61953.320312
768 63.168064 61953.316406 65428.628906 71498.023438 61953.320312
769 63.247391 61953.316406 65428.628906 71498.023438 61953.320312
770 63.328411 61953.316406 65428.628906 71498.023438 61953.320312
771 63.402081 61953.316406 65428.628906 71498.023438 61953.320312
772 63.502445 61953.316406 65428.628906 71498.023438 61953.320312
773 63.593048 61953.316406 65428.628906 71498.023438 61953.320312
774 63.676460 61953.316406 65428.628906 71498.023438 61953.320312
775 63.755753 61953.316406 66308.460938 105944.687500 61953.320312
776 63.823208 61953.316406 65601.492188 71498.023438 61953.320312
777 63.903732 61953.316406 65428.628906 71498.023438 61953.320312
778 63.978958 61953.316406 65428.628906 71498.023438 61953.320312
779 64.055084 61953.316406 65428.628906 71498.023438 61953.320312
780 64.134567 61953.316406 65428.628906 71498.023438 61953.320312
781 64.223518 61953.316406 65428.628906 71498.023438 61953.320312
782 64.312943 61953.316406 65255.769531 71498.023438 61953.320312
783 64.392776 61953.316406 65255.769531 71498.023438 61953.320312
784 64.466774 61953.316406 65255.769531 71498.023438 61953.320312
785 64.552963 61953.316406 65255.769531 71498.023438 61953.320312
786 64.625542 61953.316406 65255.769531 71498.023438 61953.320312
787 64.713097 61953.316406 65082.910156 71498.023438 61953.320312
788 64.791374 61953.316406 65082.910156 71498.023438 61953.320312
789 64.873909 61953.316406 65082.910156 71498.023438 61953.320312
790 64.959625 61953.316406 65082.910156 71498.023438 61953.320312
791 65.040047 61953.316406 65082.910156 71498.023438 61953.320312
792 65.133659 61953.316406 65082.910156 71498.023438 61953.320312
793 65.216599 61953.316406 65082.910156 71498.023438 61953.320312
794 65.302284 61953.316406 65082.910156 71498.023438 61953.320312
795 65.384468 61953.316406 65082.910156 71498.023438 61953.320312
796 65.475639 61953.316406 65082.910156 71498.023438 61953.320312
797 65.556274 61953.316406 65082.910156 71498.023438 61953.320312
798 65.633591 61953.316406 65082.910156 71498.023438 61953.320312
799 65.720261 61953.316406 65082.910156 71498.023438 61953.320312
800 65.800926 61953.316406 65082.910156 71498.023438 61953.320312
801 65.875290 61953.316406 65082.910156 71498.023438 61953.320312
802 65.968689 61953.316406 65082.910156 71498.023438 61953.320312
803 66.055397 61953.316406 65082.910156 71498.023438 61953.320312
804 66.132973 61953.316406 65082.910156 71498.023438 61953.320312
805 66.198769 61953.316406 64910.050781 71498.023438 61953.320312
806 66.281158 61953.316406 64910.050781 71498.023438 61953.320312
807 66.352936 61953.316406 64910.050781 71498.023438 61953.320312
808 66.438576 61953.316406 64910.050781 71498.023438 61953.320312
809 66.531738 61953.316406 64910.050781 71498.023438 61953.320312
810 66.604240 61953.316406 64910.050781 71498.023438 61953.320312
811 66.687141 61953.316406 64910.050781 71498.023438 61953.320312
812 66.772995 61953.316406 64910.050781 71498.023438 61953.320312
813 66.874321 61953.316406 64910.050781 71498.023438 61953.320312
814 66.958527 61953.316406 64910.050781 71498.023438 61953.320312
815 67.048927 61953.316406 64910.050781 71498.023438 61953.320312
816 67.134003 61953.316406 64910.050781 71498.023438 61953.320312
817 67.203011 61953.316406 64910.050781 71498.023438 61953.320312
818 67.277756 61953.316406 64910.050781 71498.023438 61953.320312
819 67.358147 61953.316406 64910.050781 71498.023438 61953.320312
820 67.434769 61953.316406 64910.050781 71498.023438 61953.316406
821 67.533897 61953.316406 64910.050781 71498.023438 61953.316406
822 67.625229 61953.316406 64910.046875 71498.023438 61953.316406
823 67.701195 61953.316406 65476.390625 90270.421875 61953.320312
824 67.800674 61953.316406 65458.359375 90270.421875 61953.320312
825 67.898499 61953.316406 65458.359375 90270.421875 61953.320312
826 67.982658 61953.316406 65458.355469 90270.421875 61953.320312
827 68.051331 61953.316406 65458.355469 90270.421875 61953.320312
828 68.132286 61953.316406 65458.355469 90270.421875 61953.320312
829 68.214127 61953.316406 65458.355469 90270.421875 61953.320312
830 68.297966 61953.316406 65458.355469 90270.421875 61953.320312
831 68.376984 61953.316406 65458.355469 90270.421875 61953.320312
832 68.455116 61953.316406 65458.355469 90270.421875 61953.320312
833 68.523445 61953.316406 65458.355469 90270.421875 61953.320312
834 68.599808 61953.316406 65458.355469 90270.421875 61953.320312
835 68.691612 61953.316406 65458.355469 90270.421875 61953.320312
836 68.767899 61953.316406 65458.355469 90270.421875 61953.320312
837 68.850296 61953.316406 65458.355469 90270.421875 61953.320312
838 68.927376 61953.316406 65458.355469 90270.421875 61953.320312
839 69.004456 61953.316406 65458.355469 90270.421875 61953.320312
840 69.089722 61953.316406 65458.355469 90270.421875 61953.320312
841 69.168121 61953.316406 65458.355469 90270.421875 61953.320312
842 69.245277 61953.316406 65458.355469 90270.421875 61953.320312
843 69.328094 61953.316406 65458.355469 90270.421875 61953.320312
844 69.405075 61953.316406 65285.496094 90270.421875 61953.320312
845 69.483421 61953.316406 65285.496094 90270.421875 61953.320312
846 69.557983 61953.316406 65285.496094 90270.421875 61953.320312
847 69.629044 61953.316406 65285.496094 90270.421875 61953.320312
848 69.702515 61953.316406 65285.496094 90270.421875 61953.320312
849 69.786728 61953.316406 65285.496094 90270.421875 61953.320312
850 69.880722 61953.316406 65285.496094 90270.421875 61953.320312
851 69.956001 61953.316406 65112.636719 90270.421875 61953.320312
852 70.033379 61953.316406 65112.636719 90270.421875 61953.320312
853 70.108864 61953.316406 65112.636719 90270.421875 61953.320312
854 70.185493 61953.316406 65112.636719 90270.421875 61953.320312
855 70.265854 61953.316406 65112.636719 90270.421875 61953.320312
856 70.325668 61953.316406 65112.636719 90270.421875 61953.320312
857 70.410385 61953.316406 64939.773438 90270.421875 61953.320312
858 70.504730 61953.316406 64939.773438 90270.421875 61953.320312
859 70.597595 61953.316406 64939.773438 90270.421875 61953.320312
860 70.679657 61953.316406 64766.914062 90270.421875 61953.320312
861 70.755798 61953.316406 64766.914062 90270.421875 61953.320312
862 70.839531 61953.316406 64766.914062 90270.421875 61953.320312
863 70.926392 61953.316406 64766.914062 90270.421875 61953.320312
864 71.018288 61953.316406 64766.914062 90270.421875 61953.320312
865 71.099525 61953.316406 64766.914062 90270.421875 61953.320312
866 71.188766 61953.316406 64766.914062 90270.421875 61953.320312
867 71.269646 61953.316406 64766.914062 90270.421875 61953.320312
868 71.347916 61953.316406 64766.914062 90270.421875 61953.320312
869 71.429817 61953.316406 64766.914062 90270.421875 61953.320312
870 71.529640 61953.316406 64766.914062 90270.421875 61953.320312
871 71.628319 61953.316406 64766.914062 90270.421875 61953.320312
872 71.721199 61953.316406 64766.914062 90270.421875 61953.320312
873 71.816307 61953.316406 64766.914062 90270.421875 61953.320312
874 71.901711 61953.316406 64766.914062 90270.421875 61953.320312
875 71.980125 61953.316406 64766.914062 90270.421875 61953.320312
876 72.061859 61953.316406 64766.914062 90270.421875 61953.320312
877 72.136765 61953.316406 65117.988281 90270.421875 61953.320312
878 72.218727 61953.316406 64750.933594 79507.218750 61953.320312
879 72.297089 61953.316406 64750.933594 79507.218750 61953.320312
880 72.369576 61953.316406 64750.933594 79507.218750 61953.320312
881 72.449921 61953.316406 64750.933594 79507.218750 61953.320312
882 72.530518 61953.316406 64750.933594 79507.218750 61953.320312
883 72.610878 61953.316406 64750.933594 79507.218750 61953.320312
884 72.696632 61953.316406 64750.933594 79507.218750 61953.320312
885 72.768494 61953.316406 64750.933594 79507.218750 61953.320312
886 72.847321 61953.316406 64750.933594 79507.218750 61953.320312
887 72.928497 61953.316406 64750.933594 79507.218750 61953.320312
888 72.999870 61953.316406 64578.074219 79507.218750 61953.320312
889 73.080116 61953.316406 64578.074219 79507.218750 61953.320312
890 73.154518 61953.316406 64578.074219 79507.218750 61953.320312
891 73.243225 61953.316406 64578.070312 79507.218750 61953.320312
892 73.331741 61953.316406 64578.070312 79507.218750 61953.320312
893 73.430374 61953.316406 64405.210938 79507.218750 61953.320312
894 73.514977 61953.316406 64405.210938 79507.218750 61953.320312
895 73.585526 61953.316406 64405.210938 79507.218750 61953.320312
896 73.671486 61953.316406 64405.210938 79507.218750 61953.320312
897 73.755486 61953.316406 64232.351562 79507.218750 61953.320312
898 73.828621 61953.316406 64232.351562 79507.218750 61953.320312
899 73.910576 61953.316406 64232.351562 79507.218750 61953.320312
900 73.982437 61953.316406 64232.351562 79507.218750 61953.320312
901 74.064781 61953.316406 64232.351562 79507.218750 61953.320312
902 74.144676 61953.316406 64232.351562 79507.218750 61953.320312
903 74.220833 61953.316406 64232.351562 79507.218750 61953.320312
904 74.305305 61953.316406 64232.351562 79507.218750 61953.320312
