0 0.000002 69951.914062 72863.539062 74807.070312 69951.914062
1 0.086075 69027.523438 72863.539062 74807.070312 69951.914062
2 0.181286 69027.523438 73545.101562 100537.984375 69027.523438
3 0.277405 69027.523438 73529.281250 100537.984375 69200.609375
4 0.367965 69027.523438 73424.625000 100537.984375 69741.085938
5 0.449778 68522.898438 72732.382812 74233.820312 69047.593750
6 0.528477 68059.414062 72682.351562 74233.820312 68522.898438
7 0.599675 67274.304688 72628.953125 74233.820312 68059.414062
8 0.687422 67038.257812 72543.726562 74233.820312 67274.304688
9 0.773753 66769.468750 72445.867188 74233.820312 67038.257812
10 0.855546 66168.375000 72384.796875 74233.820312 66769.468750
11 0.932225 66026.742188 72333.953125 73852.906250 66168.375000
12 1.015601 66026.734375 72755.914062 91817.054688 66026.742188
13 1.106057 65553.484375 72427.718750 75960.867188 66026.734375
14 1.192261 65553.484375 72221.031250 73852.906250 65553.484375
15 1.279654 65241.414062 72184.914062 73852.906250 65553.484375
16 1.359059 64959.265625 72138.453125 73852.906250 65241.414062
17 1.441934 64912.785156 72145.453125 73852.835938 64959.265625
18 1.517056 64465.710938 72114.906250 73852.835938 64912.785156
19 1.596147 63719.738281 72066.500000 73852.835938 64465.710938
20 1.673112 63719.718750 72018.718750 73852.835938 63719.738281
21 1.762845 63719.718750 71974.632812 73852.835938 63719.718750
22 1.839905 63588.148438 72182.531250 73887.140625 63719.718750
23 1.920261 63588.125000 72024.437500 73852.835938 63588.148438
24 1.995685 63229.031250 71977.703125 73852.835938 63588.125000
25 2.086928 63229.027344 71929.007812 73852.835938 63229.031250
26 2.168943 63171.238281 71902.718750 73852.835938 63229.027344
27 2.253328 63132.640625 71862.476562 73852.835938 63171.238281
28 2.333270 63051.933594 71852.718750 73852.835938 63132.640625
29 2.421142 62576.746094 71829.671875 73852.835938 63051.933594
30 2.510640 62576.746094 71808.093750 73852.835938 62576.746094
31 2.601748 62576.746094 71786.171875 73852.835938 62576.746094
32 2.678869 62549.554688 72008.132812 75404.382812 62576.746094
33 2.767621 62395.011719 71779.578125 73852.835938 62549.554688
34 2.852399 62346.320312 71756.593750 73852.835938 62395.011719
35 2.952595 62185.160156 71716.546875 73852.835938 62346.320312
36 3.037671 62166.343750 71703.953125 73852.835938 62185.160156
37 3.120046 62166.343750 71689.632812 73852.835938 62166.343750
38 3.196000 61960.343750 71681.796875 73852.835938 62166.343750
39 3.279373 61950.753906 71672.085938 73852.835938 61960.343750
40 3.361356 61950.753906 71659.593750 73852.835938 61950.753906
41 3.440892 61950.753906 71649.687500 73852.835938 61950.753906
42 3.516083 61858.214844 71645.117188 73852.835938 61950.753906
43 3.608931 61858.214844 71641.460938 73852.835938 61858.214844
44 3.695293 61858.210938 71633.867188 73852.835938 61858.214844
45 3.787857 61858.210938 71625.531250 73852.835938 61858.210938
46 3.860935 61800.050781 71620.601562 73852.835938 61858.210938
47 3.941318 61773.460938 71612.882812 73852.835938 61800.050781
48 4.037309 61773.445312 71605.468750 73852.835938 61773.460938
49 4.122993 61751.242188 71598.695312 73852.835938 61773.445312
50 4.211323 61751.242188 71592.046875 73852.835938 61751.242188
51 4.293522 61706.000000 72071.242188 87364.343750 61751.242188
52 4.376063 61706.000000 71584.632812 73852.835938 61706.000000
53 4.458121 61706.000000 71575.703125 73852.835938 61706.000000
54 4.553522 61706.000000 71562.476562 73852.835938 61706.000000
55 4.644902 61706.000000 71562.421875 73852.835938 61706.000000
56 4.718486 61706.000000 71554.929688 73852.835938 61706.000000
57 4.795132 61706.000000 71537.906250 73852.835938 61706.000000
58 4.877108 61673.734375 71511.921875 73852.835938 61706.000000
59 4.966445 61673.734375 71508.750000 73852.835938 61673.734375
60 5.050579 61673.734375 71504.703125 73852.835938 61673.734375
61 5.131078 61673.734375 71504.578125 73852.835938 61673.734375
62 5.216758 61673.734375 71503.937500 73852.835938 61673.734375
63 5.298995 61673.734375 71503.343750 73852.835938 61673.734375
64 5.385018 61673.734375 71503.343750 73852.835938 61673.734375
65 5.471485 61673.734375 71502.703125 73852.835938 61673.734375
66 5.543391 61673.734375 71502.703125 73852.835938 61673.734375
67 5.643941 61673.730469 71477.953125 73852.835938 61673.734375
68 5.734535 61673.730469 71477.210938 73852.835938 61673.730469
69 5.804395 61673.730469 71476.718750 73852.835938 61673.730469
70 5.881022 61673.730469 71476.718750 73852.835938 61673.730469
71 5.970928 61673.718750 71475.562500 73852.835938 61673.730469
72 6.071514 61673.718750 71472.765625 73852.835938 61673.718750
73 6.167371 61673.718750 71472.742188 73852.835938 61673.718750
74 6.261222 61673.718750 71447.187500 73852.835938 61673.718750
75 6.332263 61673.718750 71447.187500 73852.835938 61673.718750
76 6.413536 61673.718750 71418.617188 73852.835938 61673.718750
77 6.491222 61673.718750 71418.617188 73852.835938 61673.718750
78 6.573595 61673.718750 71418.617188 73852.835938 61673.718750
79 6.647272 61673.710938 71418.617188 73852.835938 61673.718750
80 6.730038 61673.710938 71418.617188 73852.835938 61673.710938
81 6.819869 61673.710938 71418.617188 73852.835938 61673.710938
82 6.907134 61673.710938 71543.601562 73852.835938 61673.710938
83 6.995390 61673.710938 71506.320312 73852.835938 61673.710938
84 7.070558 61673.710938 72109.757812 98534.281250 61673.710938
85 7.145337 61673.710938 71359.984375 73852.835938 61673.710938
86 7.240658 61673.710938 71359.984375 73852.835938 61673.710938
87 7.329226 61673.710938 71358.843750 73852.835938 61673.710938
88 7.423240 61673.710938 71358.843750 73852.835938 61673.710938
89 7.490732 61673.710938 71358.843750 73852.835938 61673.710938
90 7.572408 61673.710938 71338.968750 73852.835938 61673.710938
91 7.657036 61673.710938 71262.656250 73852.835938 61673.710938
92 7.768237 61673.710938 71262.656250 73852.835938 61673.710938
93 7.850315 61673.710938 71262.656250 73852.835938 61673.710938
94 7.948008 61673.710938 71262.648438 73852.835938 61673.710938
95 8.031136 61673.710938 71262.648438 73852.835938 61673.710938
96 8.115224 61673.710938 71262.648438 73852.835938 61673.710938
97 8.180969 61673.710938 71262.648438 73852.835938 61673.710938
98 8.259934 61673.710938 71262.648438 73852.835938 61673.710938
99 8.344829 61673.710938 71262.648438 73852.835938 61673.710938
100 8.423478 61673.710938 71262.648438 73852.835938 61673.710938
101 8.499484 61673.710938 71262.648438 73852.835938 61673.710938
102 8.583976 61673.710938 71033.945312 73852.835938 61673.710938
103 8.669697 61673.710938 70803.468750 73852.835938 61673.710938
104 8.771019 61673.710938 70803.468750 73852.835938 61673.710938
105 8.858975 61673.710938 70572.890625 73852.835938 61673.710938
106 8.939475 61673.710938 70572.890625 73852.835938 61673.710938
107 9.002706 61673.710938 70704.031250 79796.703125 61673.710938
108 9.094386 61673.710938 70353.625000 73852.835938 61673.710938
109 9.179027 61673.710938 70353.625000 73852.835938 61673.710938
110 9.260357 61673.710938 70353.625000 73852.835938 61673.710938
111 9.332984 61673.710938 70869.937500 87489.281250 61673.710938
112 9.402944 61673.710938 70597.203125 73852.835938 61673.710938
113 9.479014 61673.710938 70597.203125 73852.835938 61673.710938
114 9.559638 61673.710938 70364.375000 73852.835938 61673.710938
115 9.638254 61673.710938 70364.375000 73852.835938 61673.710938
116 9.720026 61673.710938 70364.375000 73852.835938 61673.710938
117 9.783977 61673.710938 70364.375000 73852.835938 61673.710938
118 9.871316 61673.710938 70364.375000 73852.835938 61673.710938
119 9.949098 61673.710938 70364.375000 73852.835938 61673.710938
120 10.030146 61673.710938 70364.375000 73852.835938 61673.710938
121 10.125928 61673.710938 70364.375000 73852.835938 61673.710938
122 10.205424 61673.710938 70364.375000 73852.835938 61673.710938
123 10.286906 61673.710938 70364.375000 73852.835938 61673.710938
124 10.369268 61673.710938 70364.375000 73852.835938 61673.710938
125 10.446972 61673.710938 70131.406250 73852.835938 61673.710938
126 10.532658 61673.710938 70131.406250 73852.835938 61673.710938
127 10.616715 61673.710938 70305.132812 73852.835938 61673.710938
128 10.693618 61673.710938 70305.132812 73852.835938 61673.710938
129 10.781817 61673.710938 70305.132812 73852.835938 61673.710938
130 10.869902 61673.710938 70131.406250 73852.835938 61673.710938
131 10.950568 61673.710938 70527.281250 81467.898438 61673.710938
132 11.026397 61673.710938 70374.984375 73852.835938 61673.710938
133 11.116357 61673.710938 70374.984375 73852.835938 61673.710938
134 11.203782 61673.710938 70374.984375 73852.835938 61673.710938
135 11.289124 61673.710938 70374.984375 73852.835938 61673.710938
136 11.357376 61673.710938 70141.773438 73852.835938 61673.710938
137 11.437835 61673.710938 70141.773438 73852.835938 61673.710938
138 11.516502 61673.710938 70141.773438 73852.835938 61673.710938
139 11.602478 61673.710938 70141.773438 73852.835938 61673.710938
140 11.685637 61673.710938 70141.773438 73852.835938 61673.710938
141 11.766932 61673.710938 70339.585938 83265.054688 61673.710938
142 11.862762 61673.710938 70151.343750 73852.835938 61673.710938
143 11.948042 61673.710938 70151.343750 73852.835938 61673.710938
144 12.043168 61673.710938 70151.343750 73852.835938 61673.710938
145 12.151342 61673.710938 70151.343750 73852.835938 61673.710938
146 12.234090 61673.710938 70173.218750 73852.835938 61673.710938
147 12.315836 61673.710938 70173.218750 73852.835938 61673.710938
148 12.398803 61673.710938 70173.218750 73852.835938 61673.710938
149 12.473318 61673.710938 70173.218750 73852.835938 61673.710938
150 12.556326 61673.710938 70173.218750 73852.835938 61673.710938
151 12.633620 61673.710938 70173.218750 73852.835938 61673.710938
152 12.726767 61673.710938 70592.664062 82646.304688 61673.710938
153 12.801529 61673.710938 70416.789062 73852.835938 61673.710938
154 12.892900 61673.710938 70394.914062 73852.835938 61673.710938
155 12.969047 61673.710938 70394.914062 73852.835938 61673.710938
156 13.055373 61673.710938 70686.625000 76259.039062 61673.710938
157 13.146370 61673.710938 70402.195312 73852.835938 61673.710938
158 13.223571 61673.710938 70402.195312 73852.835938 61673.710938
159 13.298171 61673.710938 70402.195312 73852.835938 61673.710938
160 13.382566 61673.710938 70402.195312 73852.835938 61673.710938
161 13.474482 61673.710938 70402.195312 73852.835938 61673.710938
162 13.547275 61673.710938 70165.406250 73852.835938 61673.710938
163 13.640266 61673.710938 70165.406250 73852.835938 61673.710938
164 13.735032 61673.710938 70165.406250 73852.835938 61673.710938
165 13.824256 61673.710938 70165.406250 73852.835938 61673.710938
166 13.897393 61673.710938 70165.406250 73852.835938 61673.710938
167 13.987298 61673.710938 70345.812500 73852.835938 61673.710938
168 14.072330 61673.710938 70345.812500 73852.835938 61673.710938
169 14.149200 61673.710938 70345.812500 73852.835938 61673.710938
170 14.223202 61673.710938 70290.023438 73852.835938 61673.710938
171 14.296661 61673.710938 70290.023438 73852.835938 61673.710938
172 14.379954 61673.710938 70165.406250 73852.835938 61673.710938
173 14.453597 61673.710938 70165.406250 73852.835938 61673.710938
174 14.528518 61673.710938 70406.484375 73852.835938 61673.710938
175 14.597257 61673.710938 70406.484375 73852.835938 61673.710938
176 14.670987 61673.710938 70406.484375 73852.835938 61673.710938
177 14.756395 61673.710938 70406.484375 73852.835938 61673.710938
178 14.836271 61673.710938 70169.015625 73852.835938 61673.710938
179 14.927176 61673.710938 70709.562500 88701.359375 61673.710938
180 15.010974 61673.710938 70412.593750 73852.835938 61673.710938
181 15.092244 61673.710938 70640.390625 73852.835938 61673.710938
182 15.168125 61673.710938 70640.390625 73852.835938 61673.710938
183 15.256834 61673.710938 70640.390625 73852.835938 61673.710938
184 15.344860 61673.710938 70412.593750 73852.835938 61673.710938
185 15.430330 61673.710938 70412.593750 73852.835938 61673.710938
186 15.510059 61673.710938 70412.593750 73852.835938 61673.710938
187 15.590416 61673.710938 70412.593750 73852.835938 61673.710938
188 15.688548 61673.710938 70412.593750 73852.835938 61673.710938
189 15.778665 61673.710938 70412.593750 73852.835938 61673.710938
190 15.869577 61673.710938 70494.187500 73852.835938 61673.710938
191 15.966288 61673.710938 70757.062500 74817.476562 61673.710938
192 16.057913 61673.710938 70737.773438 73852.835938 61673.710938
193 16.140373 61673.710938 70737.773438 73852.835938 61673.710938
194 16.219999 61673.710938 70737.773438 73852.835938 61673.710938
195 16.307360 61673.710938 70656.171875 73852.835938 61673.710938
196 16.381741 61673.710938 70656.171875 73852.835938 61673.710938
197 16.475803 61673.710938 70417.687500 73852.835938 61673.710938
198 16.554623 61673.710938 70417.687500 73852.835938 61673.710938
199 16.647339 61673.710938 70417.687500 73852.835938 61673.710938
200 16.734125 61673.710938 70417.687500 73852.835938 61673.710938
201 16.820627 61673.710938 70417.687500 73852.835938 61673.710938
202 16.909788 61673.710938 70417.687500 73852.835938 61673.710938
203 16.990355 61673.710938 70417.687500 73852.835938 61673.710938
204 17.084370 61673.710938 70417.687500 73852.835938 61673.710938
205 17.175383 61673.710938 70417.687500 73852.835938 61673.710938
206 17.251995 61673.710938 70195.429688 73852.835938 61673.710938
207 17.336132 61673.710938 70195.429688 73852.835938 61673.710938
208 17.416767 61673.710938 70195.429688 73852.835938 61673.710938
209 17.506136 61673.710938 70195.429688 73852.835938 61673.710938
210 17.600023 61673.710938 70195.429688 73852.835938 61673.710938
211 17.689304 61673.710938 70195.429688 73852.835938 61673.710938
212 17.762684 61673.710938 70195.429688 73852.835938 61673.710938
213 17.842152 61673.710938 70195.429688 73852.835938 61673.710938
214 17.923759 61673.710938 70195.429688 73852.835938 61673.710938
215 18.010843 61673.710938 70178.796875 73852.835938 61673.710938
216 18.100286 61673.710938 70178.796875 73852.835938 61673.710938
217 18.191204 61673.710938 70178.796875 73852.835938 61673.710938
218 18.283508 61673.710938 70178.796875 73852.835938 61673.710938
219 18.364120 61673.710938 70178.796875 73852.835938 61673.710938
220 18.448908 61673.710938 70178.796875 73852.835938 61673.710938
221 18.536167 61673.710938 70178.796875 73852.835938 61673.710938
222 18.610443 61673.710938 70178.796875 73852.835938 61673.710938
223 18.686247 61673.710938 70178.796875 73852.835938 61673.710938
224 18.770121 61673.710938 70408.609375 73852.835938 61673.710938
225 18.866156 61673.710938 70178.796875 73852.835938 61673.710938
226 18.933254 61673.710938 70178.796875 73852.835938 61673.710938
227 19.031021 61673.710938 70178.796875 73852.835938 61673.710938
228 19.121441 61673.710938 70178.796875 73852.835938 61673.710938
229 19.203629 61673.710938 70485.804688 77024.109375 61673.710938
230 19.285540 61673.710938 70663.562500 73852.835938 61673.710938
231 19.379354 61673.710938 70424.539062 73852.835938 61673.710938
232 19.458023 61673.710938 70424.539062 73852.835938 61673.710938
233 19.545851 61673.710938 70424.539062 73852.835938 61673.710938
234 19.627211 61673.710938 71025.640625 91728.976562 61673.710938
235 19.702740 61673.710938 70428.226562 73852.835938 61673.710938
236 19.784510 61673.710938 70428.226562 73852.835938 61673.710938
237 19.885361 61673.710938 70428.226562 73852.835938 61673.710938
238 19.962936 61673.710938 70428.226562 73852.835938 61673.710938
239 20.043859 61673.710938 70428.226562 73852.835938 61673.710938
240 20.123253 61673.710938 70428.226562 73852.835938 61673.710938
241 20.212133 61673.710938 70428.226562 73852.835938 61673.710938
242 20.295313 61673.710938 70188.015625 73852.835938 61673.710938
243 20.393633 61673.710938 70188.015625 73852.835938 61673.710938
244 20.484488 61673.710938 70188.015625 73852.835938 61673.710938
245 20.568741 61673.710938 69947.507812 73852.835938 61673.710938
246 20.647631 61673.710938 69947.507812 73852.835938 61673.710938
247 20.729385 61673.710938 69706.992188 73852.835938 61673.710938
248 20.804605 61673.710938 69706.992188 73852.835938 61673.710938
249 20.886915 61673.710938 69706.992188 73852.835938 61673.710938
250 20.979757 61673.710938 69706.992188 73852.835938 61673.710938
251 21.061440 61673.710938 69706.992188 73852.835938 61673.710938
252 21.139463 61673.710938 69706.992188 73852.835938 61673.710938
253 21.208284 61673.710938 69706.992188 73852.835938 61673.710938
254 21.272570 61673.710938 69706.992188 73852.835938 61673.710938
255 21.356144 61673.710938 69706.992188 73852.835938 61673.710938
256 21.439508 61673.710938 69706.992188 73852.835938 61673.710938
257 21.533716 61673.710938 69706.992188 73852.835938 61673.710938
258 21.619024 61673.710938 69706.992188 73852.835938 61673.710938
259 21.685083 61673.710938 69706.992188 73852.835938 61673.710938
260 21.750154 61673.710938 69706.992188 73852.835938 61673.710938
261 21.829420 61673.710938 69465.914062 73852.835938 61673.710938
262 21.920740 61673.710938 69465.914062 73852.835938 61673.710938
263 22.003717 61673.710938 69465.914062 73852.835938 61673.710938
264 22.090528 61673.710938 69465.914062 73852.835938 61673.710938
265 22.181587 61673.710938 69465.914062 73852.835938 61673.710938
266 22.274744 61673.710938 69465.914062 73852.835938 61673.710938
267 22.371593 61673.710938 69465.914062 73852.835938 61673.710938
268 22.459961 61673.710938 69224.726562 73852.835938 61673.710938
269 22.541855 61673.710938 69224.726562 73852.835938 61673.710938
270 22.620672 61673.710938 69224.726562 73852.835938 61673.710938
271 22.709419 61673.710938 69224.726562 73852.835938 61673.710938
272 22.796038 61673.710938 69224.726562 73852.835938 61673.710938
273 22.875801 61673.710938 69224.726562 73852.835938 61673.710938
274 22.945978 61673.710938 69224.726562 73852.835938 61673.710938
275 23.021385 61673.710938 69224.726562 73852.835938 61673.710938
276 23.116528 61673.710938 69224.726562 73852.835938 61673.710938
277 23.210775 61673.710938 69224.726562 73852.835938 61673.710938
278 23.296467 61673.710938 69224.726562 73852.835938 61673.710938
279 23.378857 61673.710938 69224.726562 73852.835938 61673.710938
280 23.447348 61673.710938 69224.726562 73852.835938 61673.710938
281 23.527840 61673.710938 69224.726562 73852.835938 61673.710938
282 23.614016 61673.710938 69224.726562 73852.835938 61673.710938
283 23.704216 61673.710938 69224.726562 73852.835938 61673.710938
284 23.798796 61673.710938 69224.726562 73852.835938 61673.710938
285 23.881836 61673.710938 69224.726562 73852.835938 61673.710938
286 23.970438 61673.710938 69224.726562 73852.835938 61673.710938
287 24.043488 61673.710938 69224.726562 73852.835938 61673.710938
288 24.128016 61673.710938 69224.726562 73852.835938 61673.710938
289 24.234619 61673.710938 69224.726562 73852.835938 61673.710938
290 24.319544 61673.710938 69224.726562 73852.835938 61673.710938
291 24.399933 61673.710938 68981.148438 73852.835938 61673.710938
292 24.488567 61673.710938 68737.562500 73852.835938 61673.710938
293 24.575584 61673.710938 68737.562500 73852.835938 61673.710938
294 24.660652 61673.710938 68737.562500 73852.835938 61673.710938
295 24.751633 61673.710938 68737.562500 73852.835938 61673.710938
296 24.851301 61673.710938 68737.562500 73852.835938 61673.710938
297 24.931393 61673.710938 68737.562500 73852.835938 61673.710938
298 25.010456 61673.710938 68737.562500 73852.835938 61673.710938
299 25.099564 61673.710938 68737.562500 73852.835938 61673.710938
300 25.170139 61673.710938 68737.562500 73852.835938 61673.710938
301 25.257839 61673.710938 68737.562500 73852.835938 61673.710938
302 25.350933 61673.710938 68737.562500 73852.835938 61673.710938
303 25.439159 61673.710938 68737.562500 73852.835938 61673.710938
304 25.522188 61673.710938 69077.851562 78688.179688 61673.710938
305 25.605335 61673.710938 68737.562500 73852.835938 61673.710938
306 25.689928 61673.710938 68493.984375 73852.835938 61673.710938
307 25.774292 61673.710938 68493.984375 73852.835938 61673.710938
308 25.867804 61673.710938 68493.984375 73852.835938 61673.710938
309 25.953756 61673.710938 68493.984375 73852.835938 61673.710938
310 26.052908 61673.710938 68493.984375 73852.835938 61673.710938
311 26.122114 61673.710938 68493.984375 73852.835938 61673.710938
312 26.196823 61673.710938 68493.984375 73852.835938 61673.710938
313 26.294088 61673.710938 68493.984375 73852.835938 61673.710938
314 26.374512 61673.710938 68493.984375 73852.835938 61673.710938
315 26.458839 61673.710938 68493.984375 73852.835938 61673.710938
316 26.542480 61673.710938 68493.984375 73852.835938 61673.710938
317 26.622946 61673.710938 68493.984375 73852.835938 61673.710938
318 26.712444 61673.710938 68493.984375 73852.835938 61673.710938
319 26.795399 61673.710938 68493.984375 73852.835938 61673.710938
320 26.878298 61673.710938 68250.406250 73852.835938 61673.710938
321 26.971815 61673.710938 68459.625000 73852.835938 61673.710938
322 27.061100 61673.710938 68459.632812 73852.835938 61673.710938
323 27.138857 61673.710938 68459.632812 73852.835938 61673.710938
324 27.221027 61673.710938 68459.632812 73852.835938 61673.710938
325 27.293674 61673.710938 68459.632812 73852.835938 61673.710938
326 27.379856 61673.710938 68459.632812 73852.835938 61673.710938
327 27.470381 61673.710938 68250.406250 73852.835938 61673.710938
328 27.568064 61673.710938 68250.406250 73852.835938 61673.710938
329 27.644424 61673.710938 68006.828125 73852.835938 61673.710938
330 27.753256 61673.710938 68006.828125 73852.835938 61673.710938
331 27.839788 61673.710938 68006.828125 73852.835938 61673.710938
332 27.928852 61673.710938 67763.242188 73852.835938 61673.710938
333 28.006884 61673.710938 67763.242188 73852.835938 61673.710938
334 28.087076 61673.710938 67763.242188 73852.835938 61673.710938
335 28.163164 61673.710938 67763.242188 73852.835938 61673.710938
336 28.248720 61673.710938 67763.242188 73852.835938 61673.710938
337 28.335443 61673.710938 67519.664062 73852.835938 61673.710938
338 28.441879 61673.710938 67755.250000 73852.835938 61673.710938
339 28.533899 61673.710938 67755.250000 73852.835938 61673.710938
340 28.604542 61673.710938 67755.250000 73852.835938 61673.710938
341 28.696466 61673.710938 67755.250000 73852.835938 61673.710938
342 28.772875 61673.710938 67755.250000 73852.835938 61673.710938
343 28.861113 61673.710938 67755.250000 73852.835938 61673.710938
344 28.927586 61673.710938 67519.664062 73852.835938 61673.710938
345 29.006027 61673.710938 67519.664062 73852.835938 61673.710938
346 29.088509 61673.710938 67519.664062 73852.835938 61673.710938
347 29.179432 61673.710938 67519.664062 73852.835938 61673.710938
348 29.274672 61673.710938 67519.664062 73852.835938 61673.710938
349 29.367283 61673.710938 67519.664062 73852.835938 61673.710938
350 29.441313 61673.710938 67519.664062 73852.835938 61673.710938
351 29.521317 61673.710938 67519.664062 73852.835938 61673.710938
352 29.604387 61673.710938 67519.664062 73852.835938 61673.710938
353 29.684664 61673.710938 67519.664062 73852.835938 61673.710938
354 29.753824 61673.710938 67519.664062 73852.835938 61673.710938
355 29.845753 61673.710938 67276.085938 73852.835938 61673.710938
356 29.928444 61673.710938 67276.085938 73852.835938 61673.710938
357 29.998447 61673.710938 67276.085938 73852.835938 61673.710938
358 30.077747 61673.710938 67276.085938 73852.835938 61673.710938
359 30.149946 61673.710938 67276.085938 73852.835938 61673.710938
360 30.227472 61673.710938 67276.085938 73852.835938 61673.710938
361 30.299871 61673.710938 67276.085938 73852.835938 61673.710938
362 30.385653 61673.710938 67276.085938 73852.835938 61673.710938
363 30.469831 61673.710938 67377.437500 73852.835938 61673.710938
364 30.547266 61673.710938 67377.437500 73852.835938 61673.710938
365 30.639786 61673.710938 67377.437500 73852.835938 61673.710938
366 30.729809 61673.710938 67377.437500 73852.835938 61673.710938
367 30.795500 61673.710938 67377.437500 73852.835938 61673.710938
368 30.879860 61673.710938 67377.437500 73852.835938 61673.710938
369 30.957420 61673.710938 67377.437500 73852.835938 61673.710938
370 31.044992 61673.710938 67377.437500 73852.835938 61673.710938
371 31.123365 61673.710938 67377.437500 73852.835938 61673.710938
372 31.219219 61673.710938 67377.437500 73852.835938 61673.710938
373 31.289185 61673.710938 67377.437500 73852.835938 61673.710938
374 31.377224 61673.710938 67377.437500 73852.835938 61673.710938
375 31.467970 61673.710938 67377.437500 73852.835938 61673.710938
376 31.555931 61673.710938 67377.437500 73852.835938 61673.710938
377 31.656874 61673.710938 67276.085938 73852.835938 61673.710938
378 31.742643 61673.710938 67276.085938 73852.835938 61673.710938
379 31.830492 61673.710938 67276.085938 73852.835938 61673.710938
380 31.907198 61673.710938 67032.507812 73852.835938 61673.710938
381 31.989573 61673.710938 67534.992188 86798.281250 61673.710938
382 32.087791 61673.710938 67132.453125 73852.835938 61673.710938
383 32.168613 61673.710938 67132.453125 73852.835938 61673.710938
384 32.247520 61673.710938 67132.453125 73852.835938 61673.710938
385 32.337540 61673.710938 67132.453125 73852.835938 61673.710938
386 32.413216 61673.710938 67132.453125 73852.835938 61673.710938
387 32.500198 61673.710938 67132.453125 73852.835938 61673.710938
388 32.588078 61673.710938 67132.453125 73852.835938 61673.710938
389 32.658096 61673.710938 67132.453125 73852.835938 61673.710938
390 32.744205 61673.710938 67032.507812 73852.835938 61673.710938
391 32.842876 61673.710938 67032.507812 73852.835938 61673.710938
392 32.929829 61673.710938 67032.507812 73852.835938 61673.710938
393 33.012688 61673.710938 67032.507812 73852.835938 61673.710938
394 33.106316 61673.710938 67251.609375 73852.835938 61673.710938
395 33.172058 61673.710938 67227.132812 73852.835938 61673.710938
396 33.241703 61673.710938 67227.132812 73852.835938 61673.710938
397 33.330532 61673.710938 67227.132812 73852.835938 61673.710938
398 33.406761 61673.710938 67227.132812 73852.835938 61673.710938
399 33.491165 61673.710938 67227.132812 73852.835938 61673.710938
400 33.588322 61673.710938 67008.031250 73852.835938 61673.710938
401 33.668610 61673.710938 67008.031250 73852.835938 61673.710938
402 33.742996 61673.710938 67008.031250 73852.835938 61673.710938
403 33.828121 61673.710938 67008.031250 73852.835938 61673.710938
404 33.899979 61673.710938 67008.031250 73852.835938 61673.710938
405 33.997799 61673.710938 67008.031250 73852.835938 61673.710938
406 34.093719 61673.710938 67634.203125 92982.320312 61673.710938
407 34.179230 61673.710938 67251.609375 73852.835938 61673.710938
408 34.239811 61673.710938 67251.609375 73852.835938 61673.710938
409 34.308529 61673.710938 67251.609375 73852.835938 61673.710938
410 34.400513 61673.710938 67251.609375 73852.835938 61673.710938
411 34.477127 61673.710938 67251.609375 73852.835938 61673.710938
412 34.563519 61673.710938 67470.476562 73852.835938 61673.710938
413 34.651344 61673.710938 67251.609375 73852.835938 61673.710938
414 34.723221 61673.710938 67251.609375 73852.835938 61673.710938
415 34.804901 61673.710938 67251.609375 73852.835938 61673.710938
416 34.902039 61673.710938 67251.609375 73852.835938 61673.710938
417 34.987007 61673.710938 67251.609375 73852.835938 61673.710938
418 35.071297 61673.710938 67032.507812 73852.835938 61673.710938
419 35.152504 61673.710938 66788.921875 73852.835938 61673.710938
420 35.245415 61673.710938 66545.343750 73852.835938 61673.710938
421 35.327347 61673.710938 66545.343750 73852.835938 61673.710938
422 35.415398 61673.710938 66545.343750 73852.835938 61673.710938
423 35.506477 61673.710938 66545.343750 73852.835938 61673.710938
424 35.590408 61673.710938 66545.343750 73852.835938 61673.710938
425 35.668858 61673.710938 66545.343750 73852.835938 61673.710938
426 35.753330 61673.710938 66545.343750 73852.835938 61673.710938
427 35.835442 61673.710938 66545.343750 73852.835938 61673.710938
428 35.902424 61673.710938 66545.343750 73852.835938 61673.710938
429 35.990150 61673.710938 66545.343750 73852.835938 61673.710938
430 36.055695 61673.710938 66545.343750 73852.835938 61673.710938
431 36.143394 61673.710938 66545.343750 73852.835938 61673.710938
432 36.233955 61673.710938 66545.343750 73852.835938 61673.710938
433 36.309078 61673.710938 66545.343750 73852.835938 61673.710938
434 36.392643 61673.710938 66545.343750 73852.835938 61673.710938
435 36.488365 61673.710938 66545.343750 73852.835938 61673.710938
436 36.576385 61673.710938 66545.343750 73852.835938 61673.710938
437 36.664062 61673.710938 66545.343750 73852.835938 61673.710938
438 36.732391 61673.710938 66545.343750 73852.835938 61673.710938
439 36.822968 61673.710938 66545.343750 73852.835938 61673.710938
440 36.914841 61673.710938 66545.343750 73852.835938 61673.710938
441 36.991840 61673.710938 66301.765625 73852.835938 61673.710938
442 37.069298 61673.710938 66301.765625 73852.835938 61673.710938
443 37.138222 61673.710938 66301.765625 73852.835938 61673.710938
444 37.232449 61673.710938 66301.765625 73852.835938 61673.710938
445 37.337273 61673.710938 66301.765625 73852.835938 61673.710938
446 37.415417 61673.710938 66809.062500 87038.468750 61673.710938
447 37.504753 61673.710938 66545.343750 73852.835938 61673.710938
448 37.584011 61673.710938 66301.765625 73852.835938 61673.710938
449 37.664062 61673.710938 66301.765625 73852.835938 61673.710938
450 37.731983 61673.710938 66301.765625 73852.835938 61673.710938
451 37.820549 61673.710938 66301.765625 73852.835938 61673.710938
452 37.905857 61673.710938 66301.765625 73852.835938 61673.710938
453 38.000992 61673.710938 66058.187500 73852.835938 61673.710938
454 38.077221 61673.710938 66058.187500 73852.835938 61673.710938
455 38.163948 61673.710938 66058.187500 73852.835938 61673.710938
456 38.256500 61601.335938 66589.718750 88250.382812 61673.710938
457 38.345901 61601.335938 66300.312500 73852.835938 61601.335938
458 38.437817 61601.320312 66300.312500 73852.835938 61601.335938
459 38.516220 61601.320312 66300.312500 73852.835938 61601.320312
460 38.602341 61601.320312 66298.867188 73852.835938 61601.320312
461 38.696449 61601.320312 66297.421875 73852.835938 61601.320312
462 38.783485 61601.320312 66295.976562 73852.835938 61601.320312
463 38.854492 61601.320312 66294.531250 73852.835938 61601.320312
464 38.944069 61601.320312 66294.531250 73852.835938 61601.320312
465 39.025211 61601.320312 66294.531250 73852.835938 61601.320312
466 39.111629 61601.320312 66485.671875 73852.835938 61601.320312
467 39.193626 61601.320312 66485.671875 73852.835938 61601.320312
468 39.285461 61601.316406 66485.671875 73852.835938 61601.320312
469 39.366245 61601.316406 66485.671875 73852.835938 61601.316406
470 39.446503 61601.316406 66484.218750 73852.835938 61601.316406
471 39.525894 61601.316406 66484.218750 73852.835938 61601.316406
472 39.623035 61601.316406 66484.218750 73852.835938 61601.316406
473 39.707611 61601.316406 66484.218750 73852.835938 61601.316406
474 39.802864 61601.316406 66484.218750 73852.835938 61601.316406
475 39.901867 61601.316406 66484.218750 73852.835938 61601.316406
476 39.995739 61601.316406 66484.218750 73852.835938 61601.316406
477 40.078365 61601.316406 66484.218750 73852.835938 61601.316406
478 40.163273 61601.312500 66484.218750 73852.835938 61601.316406
479 40.236507 61601.312500 66484.218750 73852.835938 61601.312500
480 40.308384 61601.312500 66484.218750 73852.835938 61601.312500
481 40.399216 61601.312500 66482.773438 73852.835938 61601.312500
482 40.480801 61601.312500 66482.773438 73852.835938 61601.312500
483 40.568207 61601.312500 66482.773438 73852.835938 61601.312500
484 40.642574 61601.312500 66482.773438 73852.835938 61601.312500
485 40.713947 61601.312500 66481.328125 73852.835938 61601.312500
486 40.794125 61601.312500 66723.289062 73852.835938 61601.312500
487 40.891167 61601.312500 67326.546875 86859.937500 61601.312500
488 40.975456 61601.312500 67066.406250 73852.835938 61601.312500
489 41.068565 61601.312500 67385.789062 77642.632812 61601.320312
490 41.164043 61601.312500 67668.304688 77642.632812 61601.320312
491 41.249374 61601.312500 67592.500000 75799.343750 61601.320312
492 41.330589 61601.312500 67894.296875 76763.468750 61601.320312
493 41.409725 61601.312500 68512.242188 91995.898438 61601.332031
494 41.496792 61601.312500 68749.148438 91995.898438 61601.332031
495 41.580944 61601.312500 68871.203125 91995.898438 61601.312500
496 41.659023 61601.312500 68941.539062 91995.898438 61601.312500
497 41.735085 61601.312500 68941.539062 91995.898438 61601.312500
498 41.826153 61601.312500 68941.539062 91995.898438 61601.312500
499 41.907295 61601.312500 68940.093750 91995.898438 61601.312500
500 41.986874 61601.312500 68940.093750 91995.898438 61601.312500
501 42.059818 61601.312500 68966.953125 91995.898438 61601.312500
502 42.132931 61601.312500 68966.953125 91995.898438 61601.312500
503 42.237431 61601.312500 68966.953125 91995.898438 61601.312500
504 42.328999 61601.312500 68966.953125 91995.898438 61601.312500
505 42.408195 61601.312500 68966.953125 91995.898438 61601.312500
506 42.500134 61601.312500 68966.953125 91995.898438 61601.312500
507 42.586697 61601.312500 68966.953125 91995.898438 61601.312500
508 42.667175 61601.312500 69625.367188 94136.656250 61601.312500
509 42.749428 61601.312500 69220.992188 91995.898438 61601.312500
510 42.830460 61601.312500 69220.992188 91995.898438 61601.312500
511 42.906483 61601.312500 69220.992188 91995.898438 61601.312500
512 42.991322 61601.312500 69220.992188 91995.898438 61601.312500
513 43.078114 61601.312500 69219.539062 91995.898438 61601.312500
514 43.156658 61601.312500 69219.539062 91995.898438 61601.312500
515 43.245239 61601.312500 69219.539062 91995.898438 61601.312500
516 43.326061 61601.312500 69219.539062 91995.898438 61601.312500
517 43.420761 61601.312500 69218.093750 91995.898438 61601.312500
518 43.499790 61601.312500 69218.093750 91995.898438 61601.312500
519 43.586769 61601.312500 69218.093750 91995.898438 61601.312500
520 43.674583 61601.312500 69218.093750 91995.898438 61601.312500
521 43.746235 61601.312500 69218.093750 91995.898438 61601.312500
522 43.819790 61601.312500 69218.093750 91995.898438 61601.312500
523 43.909985 61601.312500 69218.093750 91995.898438 61601.312500
524 43.985577 61601.312500 69218.093750 91995.898438 61601.312500
525 44.065941 61601.312500 69216.648438 91995.898438 61601.312500
526 44.146912 61601.312500 69215.195312 91995.898438 61601.312500
527 44.216366 61601.312500 69807.132812 91995.898438 61601.312500
528 44.287289 61601.312500 69442.828125 91198.375000 61601.312500
529 44.357052 61601.312500 69442.828125 91198.375000 61601.312500
530 44.433704 61601.312500 69442.828125 91198.375000 61601.312500
531 44.527878 61601.312500 69442.828125 91198.375000 61601.312500
532 44.617516 61601.312500 69442.828125 91198.375000 61601.312500
533 44.705070 61601.312500 69442.828125 91198.375000 61601.312500
534 44.799332 61601.312500 69442.828125 91198.375000 61601.312500
535 44.882599 61601.312500 69442.828125 91198.375000 61601.312500
536 44.964691 61601.312500 69442.828125 91198.375000 61601.312500
537 45.052937 61601.312500 69442.828125 91198.375000 61601.312500
538 45.138920 61601.312500 69749.882812 91198.375000 61601.316406
539 45.225960 61601.312500 69889.609375 91198.375000 61601.316406
540 45.298328 61601.312500 69936.500000 91198.375000 61601.316406
541 45.389065 61601.312500 69932.312500 91198.375000 61601.316406
542 45.481365 61601.312500 69932.312500 91198.375000 61601.316406
543 45.558659 61601.312500 70278.093750 91198.375000 61601.316406
544 45.659447 61601.312500 69924.406250 78890.132812 61601.316406
545 45.744339 61601.312500 69924.406250 78890.132812 61601.316406
546 45.834011 61601.312500 69924.406250 78890.132812 61601.316406
547 45.921349 61601.312500 69924.406250 78890.132812 61601.316406
548 46.036236 61601.312500 69924.406250 78890.132812 61601.316406
549 46.108662 61601.312500 69922.023438 78890.132812 61601.316406
550 46.188656 61601.312500 69922.023438 78890.132812 61601.316406
551 46.273964 61601.312500 69922.023438 78890.132812 61601.316406
552 46.356171 61601.312500 70131.398438 78890.132812 61601.316406
553 46.425720 61601.312500 70150.906250 78890.132812 61601.316406
554 46.512810 61601.312500 70147.632812 78890.132812 61601.316406
555 46.605820 61601.312500 70147.632812 78890.132812 61601.316406
556 46.695248 61601.312500 70114.296875 78890.132812 61601.316406
557 46.781033 61601.312500 71202.351562 116004.320312 61601.316406
558 46.866718 61601.312500 70312.953125 78890.132812 61601.316406
559 46.945732 61601.312500 70312.953125 78890.132812 61601.316406
560 47.025139 61601.312500 70263.171875 78890.132812 61601.316406
561 47.116787 61601.312500 70565.992188 80228.070312 61601.316406
562 47.204773 61601.312500 70438.492188 78890.132812 61601.316406
563 47.291607 61601.312500 70366.695312 78890.132812 61601.316406
564 47.371613 61601.312500 70646.617188 78890.132812 61601.316406
565 47.469200 61601.312500 70570.640625 75597.375000 61601.316406
566 47.546432 61601.312500 70572.000000 75597.375000 61601.316406
567 47.637348 61601.312500 70572.000000 75597.375000 61601.316406
568 47.731670 61601.312500 70572.000000 75597.375000 61601.316406
569 47.810017 61601.312500 70572.000000 75597.375000 61601.316406
570 47.871185 61601.312500 70572.000000 75597.375000 61601.316406
571 47.952744 61601.312500 70572.000000 75597.375000 61601.316406
572 48.045498 61601.312500 70572.000000 75597.375000 61601.316406
573 48.113400 61601.312500 70572.000000 75597.375000 61601.316406
574 48.198895 61601.312500 70572.000000 75597.375000 61601.316406
575 48.290989 61601.312500 70572.000000 75597.375000 61601.316406
576 48.378590 61601.312500 70572.000000 75597.375000 61601.316406
577 48.467937 61601.312500 70570.640625 75597.375000 61601.316406
578 48.561939 61601.312500 70448.867188 75597.375000 61601.316406
579 48.651649 61601.312500 70448.867188 75597.375000 61601.316406
580 48.723202 61601.312500 70448.867188 75597.375000 61601.316406
581 48.804169 61601.312500 70448.867188 75597.375000 61601.316406
582 48.895336 61601.312500 70448.867188 75597.375000 61601.316406
583 48.974655 61601.312500 70448.867188 75597.375000 61601.316406
584 49.056240 61601.312500 70327.101562 75597.375000 61601.316406
585 49.133575 61601.312500 70202.796875 75597.375000 61601.316406
586 49.227730 61601.312500 70202.796875 75597.375000 61601.316406
587 49.304008 61601.312500 70202.796875 75597.375000 61601.316406
588 49.379204 61601.312500 70202.796875 75597.375000 61601.316406
589 49.460411 61601.312500 70342.140625 75597.375000 61601.316406
590 49.534420 61601.312500 70202.796875 75597.375000 61601.316406
591 49.620190 61601.312500 70202.796875 75597.375000 61601.316406
592 49.695667 61601.312500 70202.796875 75597.375000 61601.316406
593 49.783806 61601.312500 70202.796875 75597.375000 61601.316406
594 49.859310 61601.312500 70059.890625 75597.375000 61601.316406
595 49.948006 61601.312500 70059.890625 75597.375000 61601.316406
596 50.020195 61601.312500 70059.890625 75597.375000 61601.316406
597 50.119263 61601.312500 70059.890625 75597.375000 61601.312500
598 50.204239 61601.312500 70059.882812 75597.375000 61601.312500
599 50.286335 61601.312500 70059.882812 75597.375000 61601.312500
600 50.369919 61601.312500 70059.882812 75597.375000 61601.312500
601 50.454769 61601.312500 70407.820312 88262.281250 61601.316406
602 50.553688 61601.312500 70372.937500 88262.281250 61601.316406
603 50.630329 61601.312500 70372.937500 88262.281250 61601.316406
604 50.702045 61601.312500 70180.351562 88262.281250 61601.316406
605 50.773304 61601.312500 69970.968750 88262.281250 61601.316406
606 50.852600 61601.312500 69970.968750 88262.281250 61601.316406
607 50.947487 61601.312500 69970.968750 88262.281250 61601.316406
608 51.029919 61601.312500 69970.968750 88262.281250 61601.316406
609 51.134850 61601.312500 69970.968750 88262.281250 61601.316406
610 51.223961 61601.312500 69970.968750 88262.281250 61601.316406
611 51.326218 61601.312500 69970.968750 88262.281250 61601.316406
612 51.413269 61601.312500 69728.859375 88262.281250 61601.316406
613 51.509243 61601.312500 69728.859375 88262.281250 61601.316406
614 51.602894 61601.312500 69728.859375 88262.281250 61601.316406
615 51.693668 61601.312500 69728.859375 88262.281250 61601.316406
616 51.771065 61601.312500 70031.718750 88262.281250 61601.316406
617 51.854263 61601.312500 70031.718750 88262.281250 61601.316406
618 51.950645 61601.312500 70031.718750 88262.281250 61601.316406
619 52.016048 61601.312500 70031.718750 88262.281250 61601.316406
620 52.115185 61601.312500 70031.718750 88262.281250 61601.316406
621 52.203102 61601.312500 70031.718750 88262.281250 61601.316406
622 52.283283 61601.312500 70031.718750 88262.281250 61601.316406
623 52.363392 61601.312500 70031.718750 88262.281250 61601.316406
624 52.452053 61601.312500 70031.718750 88262.281250 61601.316406
625 52.532269 61601.312500 69788.312500 88262.281250 61601.316406
626 52.612259 61601.312500 69886.796875 88262.281250 61601.316406
627 52.691746 61601.312500 69886.796875 88262.281250 61601.316406
628 52.778137 61601.312500 69788.312500 88262.281250 61601.316406
629 52.861164 61601.312500 69788.312500 88262.281250 61601.316406
630 52.933891 61601.312500 69543.281250 88262.281250 61601.316406
631 53.016224 61601.312500 69543.281250 88262.281250 61601.316406
632 53.104195 61601.312500 69543.281250 88262.281250 61601.316406
633 53.195808 61601.312500 69543.281250 88262.281250 61601.316406
634 53.279362 61601.312500 69543.281250 88262.281250 61601.316406
635 53.363724 61601.312500 69543.281250 88262.281250 61601.316406
636 53.444115 61601.312500 69543.281250 88262.281250 61601.316406
637 53.522156 61601.312500 69543.281250 88262.281250 61601.316406
638 53.612587 61601.312500 69543.281250 88262.281250 61601.316406
639 53.692387 61601.312500 69543.281250 88262.281250 61601.316406
640 53.766937 61601.312500 69543.281250 88262.281250 61601.316406
641 53.845112 61601.312500 69636.093750 88262.281250 61601.316406
642 53.938969 61601.312500 69423.703125 78493.187500 61601.316406
643 54.014137 61601.312500 69423.703125 78493.187500 61601.316406
644 54.094288 61601.312500 69423.703125 78493.187500 61601.316406
645 54.171917 61601.312500 69423.703125 78493.187500 61601.316406
646 54.257980 61601.312500 69423.703125 78493.187500 61601.316406
647 54.354721 61601.312500 69423.703125 78493.187500 61601.316406
648 54.454838 61601.312500 69423.703125 78493.187500 61601.316406
649 54.528976 61601.312500 69423.703125 78493.187500 61601.316406
650 54.605946 61601.312500 69423.703125 78493.187500 61601.316406
651 54.677555 61601.312500 69178.671875 78493.187500 61601.316406
652 54.759460 61601.312500 69178.671875 78493.187500 61601.316406
653 54.844009 61601.312500 69178.671875 78493.187500 61601.316406
654 54.909843 61601.312500 69178.671875 78493.187500 61601.316406
655 54.999798 61601.312500 69178.671875 78493.187500 61601.316406
656 55.085083 61601.312500 69178.671875 78493.187500 61601.316406
657 55.156734 61601.312500 69178.671875 78493.187500 61601.316406
658 55.243443 61601.312500 68933.648438 78493.187500 61601.316406
659 55.331322 61601.312500 69239.820312 78493.187500 61601.316406
660 55.410709 61601.312500 69023.312500 78493.187500 61601.316406
661 55.501469 61601.312500 69023.312500 78493.187500 61601.316406
662 55.605518 61601.312500 69023.312500 78493.187500 61601.316406
663 55.679245 61601.312500 69023.312500 78493.187500 61601.312500
664 55.755489 61601.312500 69023.312500 78493.187500 61601.312500
665 55.829693 61601.312500 69023.312500 78493.187500 61601.312500
666 55.904133 61601.312500 69023.312500 78493.187500 61601.312500
667 55.986599 61601.312500 69023.312500 78493.187500 61601.312500
668 56.061810 61601.312500 69023.312500 78493.187500 61601.312500
669 56.142921 61601.312500 69023.312500 78493.187500 61601.312500
670 56.211807 61601.312500 69023.312500 78493.187500 61601.312500
671 56.280033 61601.312500 68994.789062 78493.187500 61601.312500
672 56.354073 61601.312500 68994.789062 78493.187500 61601.312500
673 56.452660 61601.312500 68994.789062 78493.187500 61601.312500
674 56.531399 61601.312500 68994.789062 78493.187500 61601.312500
675 56.610214 61601.312500 68994.789062 78493.187500 61601.312500
676 56.698009 61601.312500 68749.757812 78493.187500 61601.312500
677 56.783241 61601.312500 68749.757812 78493.187500 61601.312500
678 56.878525 61601.312500 68749.757812 78493.187500 61601.312500
679 56.956799 61601.312500 68749.757812 78493.187500 61601.312500
680 57.025318 61601.312500 68749.757812 78493.187500 61601.312500
681 57.107964 61601.312500 68749.757812 78493.187500 61601.312500
682 57.208454 61601.312500 68749.757812 78493.187500 61601.312500
683 57.288918 61601.312500 68749.757812 78493.187500 61601.312500
684 57.379280 61601.312500 68749.757812 78493.187500 61601.312500
685 57.466743 61601.312500 68749.757812 78493.187500 61601.312500
686 57.554745 61601.312500 68749.757812 78493.187500 61601.312500
687 57.637882 61601.312500 68749.757812 78493.187500 61601.312500
688 57.726299 61601.312500 68749.757812 78493.187500 61601.312500
689 57.816505 61601.312500 68504.726562 78493.187500 61601.312500
690 57.905880 61601.312500 68504.726562 78493.187500 61601.312500
691 57.990494 61601.312500 69081.523438 90440.851562 61601.312500
692 58.082932 61601.312500 68825.562500 78493.187500 61601.312500
693 58.172447 61601.312500 68825.562500 78493.187500 61601.312500
694 58.250614 61601.312500 68580.531250 78493.187500 61601.312500
695 58.323887 61601.312500 68580.531250 78493.187500 61601.312500
696 58.411739 61601.312500 68335.507812 78493.187500 61601.312500
697 58.508556 61601.312500 68335.500000 78493.187500 61601.312500
698 58.582890 61601.312500 68907.851562 90218.984375 61601.312500
699 58.653355 61601.312500 68656.328125 78493.187500 61601.312500
700 58.733276 61601.312500 68411.304688 78493.187500 61601.312500
701 58.809681 61601.312500 68411.304688 78493.187500 61601.312500
702 58.911278 61601.312500 68411.304688 78493.187500 61601.312500
703 59.006802 61601.312500 68411.304688 78493.187500 61601.312500
704 59.090225 61601.312500 68411.304688 78493.187500 61601.312500
705 59.180534 61601.312500 68411.304688 78493.187500 61601.312500
706 59.264404 61601.312500 68411.304688 78493.187500 61601.312500
707 59.356010 61601.312500 68411.304688 78493.187500 61601.312500
708 59.438080 61601.312500 68411.304688 78493.187500 61601.312500
709 59.520836 61601.312500 68411.304688 78493.187500 61601.312500
710 59.608536 61601.312500 68411.296875 78493.187500 61601.312500
711 59.699566 61601.312500 68411.296875 78493.187500 61601.312500
712 59.771576 61601.312500 68411.296875 78493.187500 61601.312500
713 59.858246 61601.312500 68411.296875 78493.187500 61601.312500
714 59.954391 61601.312500 68411.296875 78493.187500 61601.312500
715 60.023815 61601.312500 68411.296875 78493.187500 61601.312500
716 60.119633 61601.312500 68411.296875 78493.187500 61601.312500
717 60.216919 61601.312500 68411.296875 78493.187500 61601.312500
718 60.294617 61601.312500 68411.296875 78493.187500 61601.312500
719 60.376087 61601.312500 68166.273438 78493.187500 61601.312500
720 60.464035 61601.312500 68166.273438 78493.187500 61601.312500
721 60.547386 61601.312500 68166.273438 78493.187500 61601.312500
722 60.625816 61601.312500 68166.273438 78493.187500 61601.312500
723 60.699448 61601.312500 68166.273438 78493.187500 61601.312500
724 60.790520 61601.312500 68166.273438 78493.187500 61601.312500
725 60.872528 61601.312500 67921.242188 78493.187500 61601.312500
726 60.952740 61601.312500 67921.242188 78493.187500 61601.312500
727 61.022366 61601.312500 68040.515625 78493.187500 61601.312500
728 61.106773 61601.312500 68040.515625 78493.187500 61601.312500
729 61.191517 61601.312500 68040.515625 78493.187500 61601.312500
730 61.275467 61601.312500 68040.515625 78493.187500 61601.312500
731 61.350315 61601.312500 68490.445312 90061.250000 61601.312500
732 61.440868 61601.312500 68242.078125 78493.187500 61601.312500
733 61.518509 61601.312500 68242.078125 78493.187500 61601.312500
734 61.603256 61601.312500 68242.078125 78493.187500 61601.312500
735 61.689167 61601.312500 68242.078125 78493.187500 61601.312500
736 61.785973 61601.312500 68665.851562 82790.070312 61601.312500
737 61.851994 61601.312500 68562.898438 78493.187500 61601.312500
738 61.934361 61601.312500 68562.898438 78493.187500 61601.312500
739 62.009865 61601.312500 68562.898438 78493.187500 61601.312500
740 62.095798 61601.312500 68394.062500 78493.187500 61601.312500
741 62.169540 61601.312500 68394.062500 78493.187500 61601.312500
742 62.258411 61601.312500 68394.062500 78493.187500 61601.312500
743 62.340431 61601.312500 68394.062500 78493.187500 61601.312500
744 62.420319 61601.312500 68394.062500 78493.187500 61601.312500
745 62.492737 61601.312500 68394.062500 78493.187500 61601.312500
746 62.579426 61601.312500 68394.062500 78493.187500 61601.312500
747 62.660072 61601.312500 68394.062500 78493.187500 61601.312500
748 62.752876 61601.312500 68394.062500 78493.187500 61601.312500
749 62.819283 61601.312500 68394.062500 78493.187500 61601.312500
750 62.901829 61601.312500 68506.320312 78493.187500 61601.312500
751 62.967915 61601.312500 68506.320312 78493.187500 61601.312500
752 63.048878 61601.312500 68506.320312 78493.187500 61601.312500
753 63.144508 61601.312500 68506.320312 78493.187500 61601.312500
754 63.222893 61601.312500 68506.320312 78493.187500 61601.312500
755 63.306263 61601.312500 69297.593750 101164.601562 61601.312500
756 63.388176 61601.312500 68827.156250 78493.187500 61601.312500
757 63.480320 61601.312500 68827.156250 78493.187500 61601.312500
758 63.544968 61601.312500 68827.156250 78493.187500 61601.312500
759 63.615036 61601.312500 68827.156250 78493.187500 61601.312500
760 63.693432 61601.312500 68827.156250 78493.187500 61601.312500
761 63.775291 61601.312500 68877.515625 78493.187500 61601.312500
762 63.858192 61601.312500 68877.515625 78493.187500 61601.312500
763 63.931728 61601.312500 68827.156250 78493.187500 61601.312500
764 64.027527 61601.312500 68827.156250 78493.187500 61601.312500
765 64.104820 61601.312500 68750.968750 78493.187500 61601.312500
766 64.183533 61601.312500 68750.968750 78493.187500 61601.312500
767 64.253807 61601.312500 68750.968750 78493.187500 61601.312500
768 64.341599 61601.312500 68750.968750 78493.187500 61601.312500
769 64.428978 61601.312500 68638.703125 78493.187500 61601.312500
770 64.518272 61601.312500 68638.703125 78493.187500 61601.312500
771 64.602242 61601.312500 68638.703125 78493.187500 61601.312500
772 64.689781 61601.312500 68638.703125 78493.187500 61601.312500
773 64.771179 61601.312500 68638.703125 78493.187500 61601.312500
774 64.849297 61601.312500 68638.703125 78493.187500 61601.312500
775 64.944038 61601.312500 68393.671875 78493.187500 61601.312500
776 65.020912 61601.312500 68393.671875 78493.187500 61601.312500
777 65.099541 61601.312500 68651.132812 78493.187500 61601.312500
778 65.190689 61601.312500 68651.125000 78493.187500 61601.312500
779 65.290665 61601.312500 68651.125000 78493.187500 61601.312500
780 65.365891 61601.312500 68651.125000 78493.187500 61601.312500
781 65.445091 61601.312500 68651.125000 78493.187500 61601.312500
782 65.512177 61601.312500 68406.101562 78493.187500 61601.312500
783 65.587013 61601.312500 68406.101562 78493.187500 61601.312500
784 65.657524 61601.312500 68161.078125 78493.187500 61601.312500
785 65.741837 61601.312500 68161.078125 78493.187500 61601.312500
786 65.821846 61601.312500 68161.078125 78493.187500 61601.312500
787 65.886093 61601.312500 68161.078125 78493.187500 61601.312500
788 65.974213 61601.312500 68161.078125 78493.187500 61601.312500
789 66.057373 61601.312500 67916.046875 78493.187500 61601.312500
790 66.148216 61601.312500 67916.046875 78493.187500 61601.312500
791 66.230370 61601.312500 67916.046875 78493.187500 61601.312500
792 66.306351 61601.312500 67916.046875 78493.187500 61601.312500
793 66.375084 61601.312500 67916.046875 78493.187500 61601.312500
794 66.447899 61601.312500 67916.046875 78493.187500 61601.312500
795 66.531311 61601.312500 67916.046875 78493.187500 61601.312500
796 66.622643 61601.312500 67916.046875 78493.187500 61601.312500
797 66.698418 61601.312500 68243.156250 78493.187500 61601.312500
798 66.794098 61601.312500 68310.679688 78493.187500 61601.312500
799 66.882271 61601.312500 68310.679688 78493.187500 61601.312500
800 66.968826 61601.312500 68310.679688 78493.187500 61601.312500
801 67.048462 61601.312500 68310.679688 78493.187500 61601.312500
802 67.146133 61601.312500 68310.679688 78493.187500 61601.312500
803 67.224007 61601.312500 68236.867188 78493.187500 61601.312500
804 67.293869 61601.312500 67991.851562 78493.187500 61601.312500
805 67.369614 61601.312500 67991.851562 78493.187500 61601.312500
806 67.443054 61601.312500 67746.820312 78493.187500 61601.312500
807 67.522156 61601.312500 67746.820312 78493.187500 61601.312500
808 67.598816 61601.312500 67501.789062 78493.187500 61601.312500
809 67.687752 61601.312500 67501.789062 78493.187500 61601.312500
810 67.780563 61601.312500 67256.757812 78493.187500 61601.312500
811 67.864243 61601.312500 67256.757812 78493.187500 61601.312500
812 67.964928 61601.312500 67256.757812 78493.187500 61601.312500
813 68.043007 61601.312500 67256.757812 78493.187500 61601.312500
814 68.137871 61601.312500 67256.757812 78493.187500 61601.312500
815 68.227577 61601.312500 67256.757812 78493.187500 61601.312500
816 68.315529 61601.312500 67256.757812 78493.187500 61601.312500
817 68.406647 61601.312500 67256.757812 78493.187500 61601.312500
818 68.501976 61601.312500 67256.757812 78493.187500 61601.312500
819 68.583488 61601.312500 67256.757812 78493.187500 61601.312500
820 68.672714 61601.312500 67256.757812 78493.187500 61601.312500
821 68.757950 61601.312500 67256.757812 78493.187500 61601.312500
822 68.848946 61601.312500 67256.757812 78493.187500 61601.312500
823 68.934570 61601.312500 67731.492188 85337.859375 61601.312500
824 69.024673 61601.312500 67583.867188 78493.187500 61601.312500
825 69.108910 61601.312500 68219.367188 93376.335938 61601.312500
826 69.190720 61601.312500 68208.632812 93376.335938 61601.312500
827 69.278648 61601.312500 68208.632812 93376.335938 61601.312500
828 69.358696 61601.312500 68208.632812 93376.335938 61601.312500
829 69.434448 61601.312500 68208.632812 93376.335938 61601.312500
830 69.517601 61601.312500 68208.632812 93376.335938 61601.312500
831 69.598244 61601.312500 68208.632812 93376.335938 61601.312500
832 69.676910 61601.312500 68838.492188 105345.687500 61601.312500
833 69.762321 61601.312500 68702.984375 93376.335938 61601.312500
834 69.848465 61601.312500 68702.976562 93376.335938 61601.312500
835 69.930946 61601.312500 68702.976562 93376.335938 61601.312500
836 70.009590 61601.312500 68702.976562 93376.335938 61601.312500
837 70.104103 61601.312500 68457.953125 93376.335938 61601.312500
838 70.183777 61601.312500 68457.953125 93376.335938 61601.312500
839 70.253448 61601.312500 68457.953125 93376.335938 61601.312500
840 70.334091 61601.312500 68457.953125 93376.335938 61601.312500
841 70.413925 61601.312500 68457.953125 93376.335938 61601.312500
842 70.491585 61601.312500 68457.953125 93376.335938 61601.312500
843 70.573837 61601.312500 68457.953125 93376.335938 61601.312500
844 70.651810 61601.312500 68457.953125 93376.335938 61601.312500
845 70.750381 61601.312500 68212.921875 93376.335938 61601.312500
846 70.832359 61601.312500 68212.921875 93376.335938 61601.312500
847 70.909752 61601.312500 68212.921875 93376.335938 61601.312500
848 70.998863 61601.312500 68212.921875 93376.335938 61601.312500
849 71.088890 61601.312500 68212.921875 93376.335938 61601.312500
850 71.166115 61601.312500 68212.921875 93376.335938 61601.312500
851 71.263962 61601.312500 68212.921875 93376.335938 61601.312500
852 71.338615 61601.312500 67967.890625 93376.335938 61601.312500
853 71.416687 61601.312500 67967.890625 93376.335938 61601.312500
854 71.488358 61601.312500 67967.890625 93376.335938 61601.312500
855 71.570763 61601.312500 67967.890625 93376.335938 61601.312500
856 71.646812 61601.312500 67967.890625 93376.335938 61601.312500
857 71.733963 61601.312500 67967.890625 93376.335938 61601.312500
858 71.820526 61601.312500 67967.890625 93376.335938 61601.312500
859 71.898567 61601.312500 67967.890625 93376.335938 61601.312500
860 71.987015 61601.312500 67967.890625 93376.335938 61601.312500
861 72.063293 61601.312500 67967.890625 93376.335938 61601.312500
862 72.142601 61601.312500 67967.890625 93376.335938 61601.312500
863 72.226997 61601.312500 67967.890625 93376.335938 61601.312500
864 72.312119 61601.312500 67967.890625 93376.335938 61601.312500
865 72.398705 61601.312500 67967.890625 93376.335938 61601.312500
866 72.464973 61601.312500 67967.890625 93376.335938 61601.312500
867 72.542099 61601.312500 67967.890625 93376.335938 61601.312500
868 72.617775 61601.312500 68221.648438 93376.335938 61601.312500
869 72.708336 61601.312500 68221.640625 93376.335938 61601.312500
870 72.790230 61601.312500 68221.640625 93376.335938 61601.312500
871 72.869766 61601.312500 68221.640625 93376.335938 61601.312500
872 72.956940 61601.312500 68221.640625 93376.335938 61601.312500
873 73.038734 61601.312500 68221.640625 93376.335938 61601.312500
874 73.115112 61601.312500 68221.640625 93376.335938 61601.312500
875 73.202759 61601.312500 68221.640625 93376.335938 61601.312500
876 73.272079 61601.312500 68221.640625 93376.335938 61601.312500
877 73.362152 61601.312500 68221.640625 93376.335938 61601.312500
878 73.447655 61601.312500 68221.640625 93376.335938 61601.312500
879 73.537903 61601.312500 67976.609375 93376.335938 61601.312500
880 73.623955 61601.312500 68002.132812 93376.335938 61601.312500
881 73.717918 61601.312500 68002.132812 93376.335938 61601.312500
882 73.800079 61601.312500 67976.609375 93376.335938 61601.312500
883 73.876816 61601.312500 67976.609375 93376.335938 61601.312500
884 73.955666 61601.312500 67976.609375 93376.335938 61601.312500
885 74.048874 61601.312500 67976.609375 93376.335938 61601.312500
886 74.138252 61601.312500 67976.609375 93376.335938 61601.312500
887 74.222618 61601.312500 67976.609375 93376.335938 61601.312500
888 74.301888 61601.312500 67731.578125 93376.335938 61601.312500
889 74.385269 61601.312500 67731.578125 93376.335938 61601.312500
890 74.468330 61601.312500 67731.578125 93376.335938 61601.312500
891 74.561745 61601.312500 67731.578125 93376.335938 61601.312500
892 74.636368 61601.312500 67731.578125 93376.335938 61601.312500
893 74.718575 61601.312500 67731.578125 93376.335938 61601.312500
894 74.808006 61601.312500 67731.578125 93376.335938 61601.312500
895 74.875427 61601.312500 67731.578125 93376.335938 61601.312500
896 74.969368 61601.312500 67731.578125 93376.335938 61601.312500
897 75.057922 61601.312500 67731.578125 93376.335938 61601.312500
898 75.124542 61601.312500 67731.578125 93376.335938 61601.312500
899 75.216705 61601.312500 67731.578125 93376.335938 61601.312500
900 75.298820 61601.312500 67731.578125 93376.335938 61601.312500
901 75.391159 61601.312500 67731.578125 93376.335938 61601.312500
902 75.469513 61601.312500 67731.578125 93376.335938 61601.312500
903 75.556534 61601.312500 67731.578125 93376.335938 61601.312500
904 75.641640 61601.312500 67731.578125 93376.335938 61601.312500
905 75.720306 61601.312500 67731.578125 93376.335938 61601.312500
906 75.793388 61601.312500 67731.578125 93376.335938 61601.312500
907 75.877213 61601.312500 67731.578125 93376.335938 61601.312500
908 75.967499 61601.312500 67731.578125 93376.335938 61601.312500
909 76.055412 61601.312500 67731.578125 93376.335938 61601.312500
910 76.133980 61601.312500 67731.578125 93376.335938 61601.312500
911 76.211250 61601.312500 67967.546875 93376.335938 61601.312500
912 76.299988 61601.312500 67993.890625 93376.335938 61601.312500
913 76.387520 61601.312500 67993.890625 93376.335938 61601.312500
914 76.473839 61601.312500 67993.890625 93376.335938 61601.312500
915 76.569061 61601.312500 67993.890625 93376.335938 61601.312500
916 76.635262 61601.312500 67967.546875 93376.335938 61601.312500
917 76.730400 61601.312500 67731.578125 93376.335938 61601.312500
918 76.813240 61601.312500 67731.578125 93376.335938 61601.312500
919 76.878143 61601.312500 67731.578125 93376.335938 61601.312500
920 76.953400 61601.312500 67486.546875 93376.335938 61601.312500
921 77.039436 61601.312500 67486.546875 93376.335938 61601.312500
922 77.119247 61601.312500 67963.320312 93376.335938 61601.312500
923 77.207588 61601.312500 67963.328125 93376.335938 61601.312500
924 77.299477 61601.312500 67963.328125 93376.335938 61601.312500
925 77.395538 61601.312500 67963.328125 93376.335938 61601.312500
926 77.500832 61601.312500 67963.328125 93376.335938 61601.312500
927 77.577332 61601.312500 67718.296875 93376.335938 61601.312500
928 77.658920 61601.312500 67718.296875 93376.335938 61601.312500
929 77.730110 61601.312500 67718.296875 93376.335938 61601.312500
930 77.812973 61601.312500 67718.296875 93376.335938 61601.312500
931 77.900467 61601.312500 67718.296875 93376.335938 61601.312500
932 77.986557 61601.312500 67718.296875 93376.335938 61601.312500
933 78.077118 61601.312500 67804.820312 93376.335938 61601.312500
934 78.158653 61601.312500 67804.820312 93376.335938 61601.312500
935 78.237000 61601.312500 67718.296875 93376.335938 61601.312500
936 78.308296 61601.312500 67718.296875 93376.335938 61601.312500
937 78.390030 61601.312500 67718.296875 93376.335938 61601.312500
938 78.472893 61601.312500 67718.296875 93376.335938 61601.312500
939 78.561401 61601.312500 67862.039062 93376.335938 61601.312500
940 78.635101 61601.312500 67862.039062 93376.335938 61601.312500
941 78.690102 61601.312500 67862.039062 93376.335938 61601.312500
942 78.776558 61601.312500 67862.039062 93376.335938 61601.312500
943 78.866592 61601.312500 67862.039062 93376.335938 61601.312500
944 78.944916 61601.312500 67718.296875 93376.335938 61601.312500
945 79.041573 61601.312500 67718.296875 93376.335938 61601.312500
946 79.141121 61601.312500 67718.296875 93376.335938 61601.312500
947 79.235031 61601.312500 67823.148438 93376.335938 61601.312500
948 79.315651 61601.312500 67823.148438 93376.335938 61601.312500
949 79.401245 61601.312500 67823.148438 93376.335938 61601.312500
950 79.492218 61601.312500 67823.148438 93376.335938 61601.312500
951 79.572372 61601.312500 67718.296875 93376.335938 61601.312500
952 79.655991 61601.312500 67718.296875 93376.335938 61601.312500
953 79.768478 61601.312500 67718.296875 93376.335938 61601.312500
954 79.869751 61601.312500 67718.296875 93376.335938 61601.312500
955 79.960777 61601.312500 67718.296875 93376.335938 61601.312500
956 80.038193 61601.312500 67718.296875 93376.335938 61601.312500
957 80.132874 61601.312500 67718.296875 93376.335938 61601.312500
958 80.224915 61601.312500 67718.296875 93376.335938 61601.312500
959 80.310417 61601.312500 67718.296875 93376.335938 61601.312500
960 80.393402 61601.312500 67718.296875 93376.335938 61601.312500
961 80.489990 61601.312500 67718.296875 93376.335938 61601.312500
962 80.572304 61601.312500 67784.593750 93376.335938 61601.312500
963 80.657661 61601.312500 67784.593750 93376.335938 61601.312500
964 80.740677 61601.312500 67784.593750 93376.335938 61601.312500
965 80.824097 61601.312500 67784.593750 93376.335938 61601.312500
966 80.914948 61601.312500 67784.593750 93376.335938 61601.312500
967 81.006927 61601.312500 67527.148438 93376.335938 61601.312500
968 81.078926 61601.312500 67527.148438 93376.335938 61601.312500
969 81.154198 61601.312500 67527.148438 93376.335938 61601.312500
970 81.239105 61601.312500 67527.148438 93376.335938 61601.312500
971 81.322304 61601.312500 67527.148438 93376.335938 61601.312500
972 81.412544 61601.312500 67527.148438 93376.335938 61601.312500
973 81.491570 61601.312500 67527.148438 93376.335938 61601.312500
974 81.577477 61601.312500 67224.281250 93376.335938 61601.312500
975 81.661392 61601.312500 67224.281250 93376.335938 61601.312500
976 81.743149 61601.312500 67224.281250 93376.335938 61601.312500
977 81.822014 61601.312500 67224.281250 93376.335938 61601.312500
978 81.908524 61601.312500 67224.281250 93376.335938 61601.312500
