0 0.000000 70184.265625 72671.257812 75087.109375 70184.265625
1 0.109599 69071.054688 72671.257812 75087.109375 70184.265625
2 0.202169 68716.210938 71361.109375 74233.281250 69071.054688
3 0.292791 67858.554688 70570.023438 73072.718750 68716.210938
4 0.379355 67351.046875 69856.656250 72154.718750 67858.554688
5 0.492813 66785.429688 69287.867188 71487.250000 67351.046875
6 0.591220 66496.390625 68762.210938 71447.906250 66785.429688
7 0.701033 65991.195312 69010.664062 106387.429688 66496.390625
8 0.789711 65818.437500 68552.625000 100490.773438 65991.195312
9 0.896410 65639.109375 67828.132812 74194.960938 65818.437500
10 0.996654 65094.257812 67473.828125 73926.765625 65639.109375
11 1.101501 64818.546875 67097.468750 71929.554688 65094.257812
12 1.204866 64697.656250 67332.718750 90267.750000 64818.546875
13 1.290303 64485.269531 67146.687500 86438.875000 64697.656250
14 1.398509 64402.816406 66645.625000 74250.351562 64485.269531
15 1.496527 64059.941406 66422.617188 73913.164062 64402.816406
16 1.591514 63659.035156 66236.429688 70535.742188 64059.941406
17 1.688225 63512.632812 65988.312500 69938.367188 63659.035156
18 1.783031 63422.652344 65707.351562 69549.796875 63512.632812
19 1.890539 63296.457031 65530.460938 69474.351562 63422.652344
20 1.992904 63176.449219 66029.757812 98772.179688 63296.457031
21 2.103770 63087.949219 65862.437500 93798.406250 63176.449219
22 2.211712 62983.242188 65416.070312 80443.789062 63087.949219
23 2.315085 62960.707031 65914.085938 101901.460938 62983.242188
24 2.414624 62723.910156 65404.058594 90971.054688 62960.707031
25 2.512233 62723.910156 65222.683594 90225.421875 62723.910156
26 2.618430 62723.910156 65852.156250 104643.382812 62723.910156
27 2.701239 62723.910156 64995.238281 82132.812500 62723.910156
28 2.807368 62721.308594 64896.191406 83366.835938 62723.910156
29 2.911335 62721.308594 64812.019531 83366.835938 62721.308594
30 3.006787 62415.164062 65393.906250 98298.882812 62721.308594
31 3.098464 62294.167969 65148.988281 89288.218750 62415.164062
32 3.188786 62294.167969 64932.871094 88051.289062 62294.167969
33 3.300234 62233.402344 64467.035156 73677.242188 62294.167969
34 3.379562 62233.402344 64357.558594 73593.546875 62233.402344
35 3.477889 62233.402344 64138.148438 69630.078125 62233.402344
36 3.589308 62219.933594 64028.843750 69630.078125 62233.402344
37 3.695534 62219.933594 63965.746094 69264.164062 62219.933594
38 3.789784 62161.292969 64219.980469 75570.554688 62219.933594
39 3.874457 62161.292969 64073.363281 75570.554688 62161.292969
40 3.961641 62109.589844 63891.089844 68979.007812 62161.292969
41 4.064050 62019.746094 64289.296875 88837.250000 62109.589844
42 4.146354 62019.746094 64106.296875 83950.687500 62019.746094
43 4.247664 62019.746094 63702.195312 68208.281250 62019.746094
44 4.351010 62019.746094 63603.554688 67049.085938 62019.746094
45 4.447501 62019.746094 63832.234375 78477.328125 62019.746094
46 4.552892 62009.648438 63767.664062 78454.804688 62019.746094
47 4.665876 62009.648438 63436.750000 66871.015625 62009.648438
48 4.760151 62009.648438 63556.460938 71510.242188 62009.648438
49 4.858900 61937.062500 63484.410156 70680.273438 62009.648438
50 4.948299 61937.062500 63367.046875 66295.750000 61937.062500
51 5.055683 61937.062500 63389.691406 65928.265625 61937.062500
52 5.166215 61874.000000 63357.304688 65777.296875 61937.062500
53 5.259908 61874.000000 63311.988281 65623.835938 61874.000000
54 5.361435 61814.414062 63281.296875 65595.570312 61874.000000
55 5.471709 61814.414062 63228.574219 65595.570312 61814.414062
56 5.567548 61814.414062 63687.878906 86314.984375 61814.414062
57 5.665111 61814.414062 63284.753906 68470.164062 61814.414062
58 5.764355 61814.414062 63240.156250 67038.468750 61814.414062
59 5.873801 61741.921875 63193.738281 66004.125000 61814.414062
60 5.963986 61741.921875 63162.898438 66004.125000 61741.921875
61 6.072750 61741.921875 63686.484375 90693.476562 61741.921875
62 6.159111 61741.921875 64390.398438 100571.070312 61741.921875
63 6.259444 61741.921875 63468.128906 77788.101562 61741.921875
64 6.356202 61741.921875 63275.406250 66930.304688 61741.921875
65 6.450626 61741.921875 64271.214844 90294.781250 61741.921875
66 6.559999 61741.921875 63835.031250 86415.578125 61741.921875
67 6.660024 61741.921875 63735.074219 86355.445312 61741.921875
68 6.763676 61732.785156 63905.910156 81142.429688 61741.921875
69 6.865424 61732.785156 63604.015625 81048.031250 61732.785156
70 6.970052 61732.785156 64324.750000 88177.382812 61732.785156
71 7.060132 61732.785156 64155.851562 79728.921875 61732.785156
72 7.154805 61732.785156 63879.261719 76770.242188 61732.785156
73 7.255916 61732.785156 63584.156250 68519.070312 61732.785156
74 7.343244 61732.785156 63524.230469 68519.070312 61732.785156
75 7.439032 61732.785156 63621.988281 68826.914062 61732.785156
76 7.523217 61732.785156 63840.800781 78660.421875 61732.785156
77 7.618710 61730.128906 63702.316406 76259.968750 61732.785156
78 7.722831 61730.128906 63545.023438 69403.742188 61730.128906
79 7.821402 61730.128906 63475.656250 69220.312500 61730.128906
80 7.931503 61730.128906 64124.753906 88438.156250 61730.128906
81 8.034847 61730.128906 64067.320312 88438.156250 61730.128906
82 8.141355 61730.128906 63663.625000 72306.539062 61730.128906
83 8.231072 61730.128906 63582.171875 72194.781250 61730.128906
84 8.331960 61730.128906 64262.265625 100665.906250 61730.128906
85 8.442408 61730.128906 63778.203125 74791.664062 61730.128906
86 8.554353 61730.128906 63610.730469 71836.031250 61730.128906
87 8.643813 61730.128906 63514.683594 68569.429688 61730.128906
88 8.741055 61730.128906 63470.679688 68376.101562 61730.128906
89 8.824775 61730.128906 63907.414062 87412.437500 61730.128906
90 8.921457 61730.128906 63850.105469 86987.617188 61730.128906
91 9.023589 61730.128906 63780.199219 78472.179688 61730.128906
92 9.126764 61730.128906 63556.804688 73020.820312 61730.128906
93 9.216637 61730.128906 63535.050781 72920.820312 61730.128906
94 9.327378 61730.128906 63456.078125 72753.460938 61730.128906
95 9.423995 61730.128906 63397.304688 72613.937500 61730.128906
96 9.527350 61730.128906 64153.539062 86250.531250 61730.128906
97 9.622792 61730.128906 64464.710938 88366.828125 61730.128906
98 9.730196 61730.128906 63777.910156 81610.390625 61730.128906
99 9.824861 61730.128906 63470.828125 67554.328125 61730.128906
100 9.918850 61730.128906 63726.296875 78710.984375 61730.128906
101 9.999605 61730.128906 63746.601562 78062.460938 61730.128906
102 10.094445 61730.128906 63472.800781 67727.523438 61730.128906
103 10.193557 61730.128906 63429.535156 66568.703125 61730.128906
104 10.283995 61730.128906 63400.785156 66568.703125 61730.128906
105 10.375832 61730.128906 63365.484375 66560.382812 61730.128906
106 10.463563 61730.128906 63331.843750 66520.734375 61730.128906
107 10.562550 61730.128906 64093.906250 102813.804688 61730.128906
108 10.659297 61730.128906 63416.406250 67507.406250 61730.128906
109 10.751304 61730.128906 64184.468750 94391.015625 61730.128906
110 10.855035 61730.128906 63540.613281 69941.820312 61730.128906
111 10.954386 61730.128906 63460.480469 68408.734375 61730.128906
112 11.054383 61730.128906 63391.300781 68134.671875 61730.128906
113 11.167959 61730.128906 63815.250000 77323.476562 61730.128906
114 11.275299 61730.128906 63553.746094 70853.312500 62001.089844
115 11.385244 61730.128906 63426.808594 69359.093750 62001.089844
116 11.488298 61730.128906 63534.406250 78293.992188 62001.089844
117 11.587840 61730.128906 63255.218750 67060.539062 62001.089844
118 11.704978 61730.128906 63219.976562 66330.023438 62001.089844
119 11.809164 61730.128906 64072.921875 90281.203125 62001.089844
120 11.910198 61730.128906 63594.441406 81456.867188 62001.089844
121 12.002728 61730.128906 63702.203125 85139.906250 62001.089844
122 12.104281 61730.128906 63612.300781 81732.617188 62001.089844
123 12.208461 61730.128906 63273.835938 67519.960938 62001.089844
124 12.304929 61730.128906 63679.785156 86946.375000 62001.089844
125 12.407426 61730.128906 63246.695312 67636.937500 62001.089844
126 12.513181 61730.128906 63622.554688 85263.710938 62001.089844
127 12.609537 61730.128906 64103.683594 96796.664062 62001.089844
128 12.707643 61730.128906 63348.355469 73133.968750 62001.089844
129 12.809891 61730.128906 63182.750000 67447.320312 62001.089844
130 12.908407 61730.128906 63463.621094 81269.015625 62001.089844
131 13.012889 61730.128906 65115.425781 102277.375000 61848.074219
132 13.107601 61730.128906 64218.253906 85295.968750 61848.074219
133 13.193359 61730.128906 63865.679688 83604.648438 61848.074219
134 13.281591 61730.128906 63741.218750 81993.851562 61848.074219
135 13.376651 61730.128906 63628.625000 80424.976562 61848.074219
136 13.473906 61730.128906 63686.230469 79782.335938 61848.074219
137 13.576055 61730.128906 63546.480469 76626.054688 61848.074219
138 13.672799 61730.128906 63470.164062 75836.140625 61839.710938
139 13.779088 61730.128906 63424.640625 74835.117188 61775.621094
140 13.890216 61730.128906 64083.273438 90177.742188 61775.621094
141 14.002730 61730.128906 63858.203125 77159.367188 61775.621094
142 14.086635 61730.128906 63591.945312 72297.328125 61775.621094
143 14.190418 61730.128906 63524.023438 72047.015625 61775.621094
144 14.284914 61730.128906 64119.121094 104130.000000 61775.621094
145 14.378435 61730.128906 64718.226562 103312.031250 61775.621094
146 14.485695 61730.128906 64495.601562 102840.937500 61775.621094
147 14.579353 61730.128906 63730.296875 85162.390625 61775.621094
148 14.660457 61730.128906 63345.660156 68637.773438 61775.621094
149 14.751047 61730.128906 63307.488281 68637.773438 61775.621094
150 14.863795 61730.128906 63798.941406 89946.820312 61775.621094
151 14.964692 61730.128906 63711.605469 89268.351562 61775.621094
152 15.067163 61730.128906 64356.164062 95500.632812 61775.621094
153 15.162184 61730.128906 63769.339844 89050.718750 61775.621094
154 15.263023 61730.128906 63342.875000 68864.296875 61775.621094
155 15.362422 61730.128906 64128.164062 100117.437500 61775.621094
156 15.460933 61730.128906 63332.144531 68346.960938 61775.621094
157 15.551776 61730.128906 63718.339844 84845.609375 61775.621094
158 15.649308 61730.128906 63648.339844 84845.609375 61775.621094
159 15.740542 61730.128906 63472.691406 75458.875000 61775.621094
160 15.842067 61730.128906 63290.386719 67572.289062 61775.621094
161 15.916980 61730.128906 63249.265625 66953.750000 61775.621094
162 16.022085 61730.128906 63679.574219 85497.203125 61737.515625
163 16.135010 61730.128906 63527.296875 80571.617188 61737.515625
164 16.242121 61730.128906 63497.769531 80571.617188 61737.515625
165 16.345688 61730.128906 63365.449219 77911.625000 61737.515625
166 16.463026 61730.128906 63350.871094 75873.757812 61737.515625
167 16.558266 61700.203125 63117.699219 65847.750000 61737.515625
168 16.665697 61700.203125 63062.421875 65589.148438 61700.203125
169 16.771069 61636.464844 63594.398438 79975.984375 61700.203125
170 16.873297 61564.402344 63624.371094 85862.601562 61636.464844
171 16.970125 61564.402344 63552.839844 85819.828125 61564.402344
172 17.064430 61564.402344 63126.949219 67288.460938 61564.402344
173 17.170877 61564.402344 63073.453125 66278.890625 61564.402344
174 17.274878 61564.402344 63058.621094 66224.031250 61564.402344
175 17.377441 61564.402344 63266.621094 73775.843750 61564.402344
176 17.464916 61564.402344 63403.339844 75845.695312 61564.402344
177 17.563290 61564.402344 63178.339844 70302.703125 61564.402344
178 17.675360 61564.402344 63122.156250 70302.703125 61564.402344
179 17.765112 61564.402344 63048.593750 66954.351562 61564.402344
180 17.858498 61564.402344 63583.136719 85261.054688 61675.312500
181 17.961508 61564.402344 63323.074219 69328.976562 61675.312500
182 18.047224 61564.402344 63202.433594 67050.960938 61675.312500
183 18.156614 61564.402344 63168.996094 66446.773438 61675.312500
184 18.250980 61564.402344 63120.894531 66206.570312 61675.312500
185 18.348633 61564.402344 63352.964844 78844.125000 61675.312500
186 18.447760 61564.402344 63111.863281 68145.156250 61675.312500
187 18.550669 61564.402344 63036.398438 66360.992188 61675.312500
188 18.647099 61564.402344 63263.191406 80320.953125 61675.312500
189 18.736551 61564.402344 63897.253906 96528.742188 61675.312500
190 18.829870 61564.402344 63147.796875 69995.921875 61675.312500
191 18.931343 61564.402344 63080.281250 69995.921875 61675.312500
192 19.031649 61564.402344 63198.753906 71572.843750 61675.312500
193 19.129517 61564.402344 63093.871094 68345.187500 61675.312500
194 19.227394 61564.402344 63054.253906 68345.187500 61675.312500
195 19.335064 61564.402344 64089.000000 87430.625000 61675.312500
196 19.410360 61564.402344 63916.738281 81726.046875 61675.312500
197 19.508900 61564.402344 63360.144531 70212.882812 61675.312500
198 19.603041 61564.402344 63245.433594 69955.781250 61675.312500
199 19.711430 61564.402344 63527.339844 83772.609375 61675.312500
200 19.800863 61564.402344 63131.636719 68342.820312 61675.312500
201 19.904606 61564.402344 63056.980469 67319.703125 61675.312500
202 20.008287 61564.402344 63789.140625 86263.875000 61675.312500
203 20.108572 61564.402344 63305.976562 75830.289062 61675.312500
204 20.200657 61564.402344 63096.261719 67502.109375 61675.312500
205 20.303310 61564.402344 63058.898438 67289.335938 61675.312500
206 20.392660 61564.402344 64189.484375 105190.632812 61675.312500
207 20.485691 61564.402344 63896.875000 104952.140625 61675.312500
208 20.588240 61564.402344 63532.050781 80979.632812 61675.312500
209 20.698481 61564.402344 63509.601562 75961.515625 61675.312500
210 20.800436 61564.402344 63452.460938 75961.515625 61675.312500
211 20.902340 61564.402344 63405.726562 75961.515625 61664.027344
212 21.007845 61564.402344 63741.335938 85703.390625 61664.027344
213 21.107252 61564.402344 63592.148438 81344.945312 61664.027344
214 21.201672 61564.402344 63276.949219 68814.148438 61664.027344
215 21.302109 61564.402344 63695.644531 85070.359375 61664.027344
216 21.407892 61564.402344 63607.593750 83030.429688 61664.027344
217 21.515640 61564.402344 63586.375000 82902.750000 61664.027344
218 21.614964 61564.402344 63448.726562 78510.265625 61664.027344
219 21.703951 61564.402344 63401.644531 78462.882812 61664.027344
220 21.800097 61564.402344 63320.785156 75545.429688 61664.027344
221 21.903484 61564.402344 63258.714844 73311.734375 61664.027344
222 21.986149 61564.402344 63095.070312 67750.835938 61664.027344
223 22.085443 61564.402344 63057.886719 67232.812500 61664.027344
224 22.175266 61564.402344 63117.128906 67292.507812 61664.027344
225 22.276367 61564.402344 63780.300781 87138.007812 61664.027344
226 22.376753 61564.402344 63530.718750 83442.953125 61664.027344
227 22.470261 61564.402344 63196.980469 67192.015625 61664.027344
228 22.557203 61564.402344 63171.531250 67192.015625 61664.027344
229 22.650047 61564.402344 63133.929688 67192.015625 61664.027344
230 22.741632 61564.402344 63103.656250 66969.148438 61664.027344
231 22.844933 61564.402344 63369.570312 76711.195312 61664.027344
232 22.935251 61564.402344 63270.171875 73374.039062 61664.027344
233 23.034445 61564.402344 63133.453125 67397.054688 61664.027344
234 23.137400 61564.402344 63048.714844 66178.781250 61664.027344
235 23.230465 61564.402344 62988.710938 66087.601562 61664.027344
236 23.340050 61564.402344 63363.578125 74867.796875 61664.027344
237 23.447504 61564.402344 64118.671875 93588.781250 61664.027344
238 23.557722 61564.402344 64412.343750 92762.679688 61664.027344
239 23.655228 61564.402344 63879.054688 83149.601562 61664.027344
240 23.756449 61564.402344 63666.976562 76775.140625 61664.027344
241 23.845196 61564.402344 63908.195312 77008.804688 61664.027344
242 23.936953 61564.402344 64267.308594 89504.289062 61664.027344
243 24.036606 61564.402344 64059.566406 84383.226562 61664.027344
244 24.135271 61564.402344 63679.089844 70592.648438 61664.027344
245 24.237007 61564.402344 64444.164062 85382.234375 61664.027344
246 24.339266 61564.402344 64074.980469 84678.914062 61664.027344
247 24.434101 61564.402344 63682.691406 70462.875000 61664.027344
248 24.537655 61564.402344 63829.148438 76096.984375 61664.027344
249 24.635511 61564.402344 63613.660156 68359.968750 61664.027344
250 24.735186 61564.402344 63528.226562 68117.367188 61664.027344
251 24.828793 61564.402344 64047.121094 91146.765625 61664.027344
252 24.927090 61564.402344 63922.273438 88683.453125 61664.027344
253 25.026487 61564.402344 64133.675781 88247.632812 61664.027344
254 25.113436 61564.402344 63667.929688 79464.562500 61664.027344
255 25.221024 61564.402344 63873.964844 79020.539062 61664.027344
256 25.320400 61564.402344 63859.140625 75400.359375 61675.312500
257 25.416452 61564.402344 63517.808594 68398.320312 61675.312500
258 25.513103 61564.402344 63459.160156 67515.312500 61675.312500
259 25.601393 61564.402344 63427.195312 67515.312500 61675.312500
260 25.708689 61564.402344 63396.316406 67246.929688 61675.312500
261 25.808578 61564.402344 63549.996094 75454.882812 61675.312500
262 25.904701 61564.402344 64294.210938 106072.257812 61675.312500
263 26.001768 61564.402344 64032.140625 88997.164062 61675.312500
264 26.093275 61564.402344 63538.250000 75874.726562 61675.312500
265 26.192867 61564.402344 63459.468750 74558.984375 61675.312500
266 26.301529 61564.402344 63368.570312 71182.945312 61675.312500
267 26.422468 61564.402344 63224.843750 66919.640625 61675.312500
268 26.534733 61564.402344 63182.238281 66919.640625 61675.312500
269 26.634825 61564.402344 63158.375000 66779.953125 61675.312500
270 26.720655 61564.402344 63102.554688 66779.953125 61675.312500
271 26.819649 61564.402344 63036.125000 66489.117188 61675.312500
272 26.907871 61564.402344 63269.843750 69744.140625 61675.312500
273 27.009071 61564.402344 63722.171875 90606.195312 61675.312500
274 27.121038 61564.402344 63542.675781 83302.828125 61675.312500
275 27.236456 61564.402344 64256.363281 96930.726562 61675.312500
276 27.348761 61564.402344 63870.101562 96834.421875 61675.312500
277 27.445736 61564.402344 63616.695312 86480.789062 61675.312500
278 27.549885 61564.402344 63554.988281 84353.617188 61675.312500
279 27.652212 61564.402344 63398.253906 78208.117188 61675.312500
280 27.750565 61564.402344 64811.734375 111888.945312 61675.312500
281 27.846460 61564.402344 63451.148438 75136.367188 61675.312500
282 27.944059 61564.402344 63230.910156 68090.765625 61675.312500
283 28.049526 61564.402344 63306.996094 67829.406250 61675.312500
284 28.157156 61564.402344 63286.566406 67829.406250 61675.312500
285 28.254057 61564.402344 63509.101562 79535.617188 61675.312500
286 28.367912 61564.402344 63234.140625 67525.882812 61675.312500
287 28.482372 61564.402344 63165.859375 67156.382812 61675.312500
288 28.578436 61564.402344 63082.750000 66586.593750 61675.312500
289 28.676941 61564.402344 63052.808594 66586.593750 61675.312500
290 28.767076 61564.402344 63016.265625 66273.898438 61675.312500
291 28.862196 61564.402344 63883.128906 96035.593750 61675.312500
292 28.952185 61564.402344 63902.828125 91673.085938 61675.312500
293 29.036264 61564.402344 63803.671875 97902.882812 61675.312500
294 29.133608 61564.402344 63723.835938 94464.390625 61675.312500
295 29.215420 61564.402344 63682.714844 93554.796875 61675.312500
296 29.303288 61564.402344 63146.828125 68143.343750 61675.312500
297 29.408913 61564.402344 63100.964844 67384.132812 61675.312500
298 29.499607 61564.402344 63029.566406 66336.125000 61675.312500
299 29.598499 61564.402344 63242.750000 73641.992188 61675.312500
300 29.696461 61564.402344 63226.750000 73641.992188 61675.312500
301 29.801901 61564.402344 63214.203125 73641.992188 61675.312500
302 29.908834 61564.402344 63177.253906 73069.468750 61675.312500
303 29.993225 61564.402344 63008.164062 66419.476562 61675.312500
304 30.073397 61564.402344 63074.066406 66419.476562 61675.312500
305 30.170830 61564.402344 63705.464844 95584.703125 61675.312500
306 30.267763 61564.402344 63106.046875 67289.437500 61675.312500
307 30.359692 61564.402344 63095.000000 67067.382812 61675.312500
308 30.465500 61564.402344 63063.714844 66786.710938 61675.312500
309 30.559156 61564.402344 63444.925781 88812.382812 61675.312500
310 30.650473 61564.402344 63138.148438 70729.773438 61675.312500
311 30.751257 61564.402344 63105.914062 70385.773438 61675.312500
312 30.832220 61564.402344 63041.984375 69203.570312 61675.312500
313 30.916473 61564.402344 63036.039062 69203.570312 61675.312500
314 31.018934 61564.402344 63532.480469 89202.078125 61675.312500
315 31.117680 61564.402344 63475.058594 89117.312500 61675.312500
316 31.209389 61564.402344 62999.394531 66231.281250 61675.312500
317 31.317717 61564.402344 62988.421875 66231.281250 61675.312500
318 31.409531 61564.402344 62897.164062 65047.503906 61675.312500
319 31.498276 61564.402344 62884.445312 65047.503906 61675.312500
320 31.599911 61564.402344 63290.875000 83318.265625 61675.312500
321 31.712427 61564.402344 62913.710938 65904.875000 61675.312500
322 31.821049 61564.402344 63122.761719 75055.109375 61675.312500
323 31.928871 61564.402344 62867.828125 65586.242188 61675.312500
324 32.025303 61564.402344 62826.746094 64923.820312 61675.312500
325 32.126453 61564.402344 63192.093750 80873.843750 61598.679688
326 32.216724 61564.402344 62873.949219 66212.265625 61598.679688
327 32.324619 61564.402344 62900.859375 66324.773438 61598.679688
328 32.419785 61564.402344 62877.613281 66324.773438 61598.679688
329 32.511044 61564.402344 62869.878906 66324.773438 61598.679688
330 32.609367 61564.402344 62851.343750 66315.695312 61598.679688
331 32.711441 61564.402344 62838.359375 66299.320312 61598.679688
332 32.809822 61564.402344 63772.515625 110460.734375 61598.679688
333 32.905727 61564.402344 62856.093750 65754.429688 61598.679688
334 33.000725 61564.402344 62825.683594 65754.429688 61598.679688
335 33.098438 61564.402344 62807.449219 65703.960938 61598.679688
336 33.206814 61564.402344 62786.410156 65288.605469 61598.679688
337 33.306522 61564.402344 62768.136719 65288.605469 61598.679688
338 33.399773 61564.402344 62759.238281 65288.605469 61598.679688
339 33.505455 61564.402344 62733.703125 65288.605469 61598.679688
340 33.616528 61564.402344 62721.246094 64942.585938 61598.679688
341 33.725533 61564.402344 62712.964844 64942.585938 61598.679688
342 33.816029 61564.402344 62689.019531 64916.964844 61598.679688
343 33.903877 61518.285156 62990.265625 78576.937500 61598.679688
344 33.994614 61518.285156 62838.246094 72460.382812 61518.285156
345 34.093193 61518.285156 63445.210938 94866.585938 61518.285156
346 34.185398 61497.945312 62945.199219 74644.554688 61518.285156
347 34.282745 61497.945312 62866.550781 73839.375000 61497.945312
348 34.378834 61493.691406 62665.628906 65145.226562 61497.945312
349 34.478527 61493.691406 62715.921875 65458.195312 61493.691406
350 34.569927 61493.691406 62695.890625 65458.195312 61493.691406
351 34.664692 61493.691406 62673.320312 64876.125000 61493.691406
352 34.760113 61493.691406 62670.128906 64876.125000 61493.691406
353 34.855713 61493.691406 62655.179688 64876.125000 61493.691406
354 34.963608 61493.691406 62654.000000 64876.125000 61493.691406
355 35.060463 61493.691406 62652.140625 64876.125000 61493.691406
356 35.161530 61493.691406 63251.609375 95002.242188 61493.691406
357 35.258816 61493.691406 62652.789062 65351.152344 61493.691406
358 35.363106 61493.691406 62641.468750 65348.980469 61493.691406
359 35.459152 61483.316406 62638.171875 65348.980469 61493.691406
360 35.552288 61483.316406 62624.730469 65348.980469 61483.316406
361 35.656605 61483.316406 62605.843750 64750.679688 61483.316406
362 35.753029 61300.890625 62890.269531 77026.398438 61483.316406
363 35.840439 61300.890625 63198.796875 80315.445312 61300.890625
364 35.933025 61300.890625 63865.523438 87458.429688 61300.890625
365 36.044125 61300.890625 63086.046875 75217.562500 61300.890625
366 36.145809 61300.890625 62865.761719 67648.656250 61300.890625
367 36.245361 61300.890625 62840.960938 67648.656250 61300.890625
368 36.344833 61300.890625 62877.964844 67648.656250 61300.890625
369 36.446671 61300.890625 62852.984375 67648.656250 61300.890625
370 36.547775 61300.890625 62838.261719 66965.046875 61300.890625
371 36.639172 61300.890625 62834.378906 66965.046875 61300.890625
372 36.741047 61300.890625 62890.765625 66965.046875 61300.890625
373 36.828201 61300.890625 63203.945312 71614.367188 61300.890625
374 36.925014 61300.890625 63419.464844 75152.531250 61300.890625
375 37.001480 61300.890625 63180.015625 68956.562500 61300.890625
376 37.115097 61300.890625 63219.234375 67949.937500 61300.890625
377 37.205681 61300.890625 63177.445312 67462.726562 61300.890625
378 37.309460 61300.890625 63148.441406 66809.921875 61300.890625
379 37.425148 61300.890625 63124.246094 66666.078125 61300.890625
380 37.520721 61284.593750 63068.585938 66216.382812 61300.890625
381 37.621384 61284.593750 63031.175781 66216.382812 61284.593750
382 37.715816 61284.593750 62991.925781 65502.234375 61284.593750
383 37.804981 61284.593750 62941.355469 65502.234375 61284.593750
384 37.898457 61284.593750 63163.910156 75929.617188 61284.593750
385 38.004784 61284.593750 63450.898438 83199.343750 61284.593750
386 38.091022 61284.593750 63110.433594 68889.976562 61284.593750
387 38.197033 61284.593750 63049.429688 67591.765625 61284.593750
388 38.305786 61284.593750 63061.410156 67591.765625 61284.593750
389 38.404430 61284.593750 62976.855469 65404.628906 61284.593750
390 38.489838 61284.593750 62924.269531 64991.628906 61284.593750
391 38.592056 61284.593750 62878.679688 64991.628906 61284.593750
392 38.691315 61284.593750 62866.113281 64989.417969 61284.593750
393 38.795708 61284.593750 62853.976562 64989.417969 61284.593750
394 38.897346 61284.593750 62821.550781 64989.417969 61284.593750
395 39.010208 61284.593750 63364.175781 90912.492188 61284.593750
396 39.115665 61284.593750 62837.886719 65349.750000 61284.593750
397 39.203251 61284.593750 63477.246094 95985.507812 61284.593750
398 39.316326 61284.593750 62923.160156 68974.351562 61284.593750
399 39.404037 61284.593750 62884.238281 67741.898438 61284.593750
400 39.509972 61284.593750 63128.390625 75580.546875 61284.593750
401 39.602612 61284.593750 63372.441406 77949.242188 61284.593750
402 39.692230 61284.593750 63047.011719 73304.726562 61284.593750
403 39.787865 61284.593750 63274.535156 83739.734375 61284.593750
404 39.895245 61284.593750 63115.164062 74612.945312 61284.593750
405 39.996380 61284.593750 62930.375000 66556.335938 61284.593750
406 40.094444 61284.593750 62905.398438 65914.273438 61284.593750
407 40.186825 61284.593750 62845.765625 65566.281250 61284.593750
408 40.288906 61284.593750 62975.085938 69037.796875 61582.750000
409 40.402824 61284.593750 62958.894531 69037.796875 61582.750000
410 40.493919 61284.593750 62879.968750 66260.914062 61582.750000
411 40.585217 61284.593750 63447.363281 81807.828125 61582.750000
412 40.686665 61284.593750 63798.835938 86763.765625 61582.750000
413 40.781445 61284.593750 63334.449219 80470.359375 61582.750000
414 40.881310 61284.593750 63305.023438 80397.609375 61582.750000
415 40.986614 61284.593750 63535.003906 79756.601562 61582.750000
416 41.096169 61284.593750 63208.046875 75068.890625 61582.750000
417 41.207848 61284.593750 63128.191406 72936.882812 61582.750000
418 41.299080 61284.593750 64106.199219 111665.351562 61582.750000
419 41.405392 61284.593750 63136.558594 69075.359375 61582.750000
420 41.502827 61284.593750 63018.234375 66964.390625 61582.750000
421 41.600700 61284.593750 62943.878906 66128.859375 61582.750000
422 41.693993 61284.593750 63005.691406 67695.898438 61582.750000
423 41.795185 61284.593750 62959.054688 66309.773438 61541.726562
424 41.900337 61284.593750 63824.679688 109362.179688 61541.726562
425 42.003391 61284.593750 64128.171875 102205.546875 61541.726562
426 42.099945 61284.593750 63844.335938 87612.101562 61524.558594
427 42.198139 61284.593750 63884.046875 87494.960938 61524.558594
428 42.299686 61284.593750 63510.191406 87494.960938 61524.558594
429 42.391224 61284.593750 63059.320312 67004.375000 61524.558594
430 42.477276 61284.593750 63063.855469 67211.539062 61484.683594
431 42.566624 61284.593750 63395.460938 83675.632812 61484.683594
432 42.667057 61284.593750 63719.339844 83096.312500 61377.894531
433 42.783234 61284.593750 63310.371094 77332.453125 61365.859375
434 42.872147 61284.593750 63232.531250 75465.734375 61365.859375
435 42.972324 61284.593750 63138.156250 73858.398438 61365.859375
436 43.079735 61284.593750 63415.113281 78362.585938 61365.859375
437 43.182964 61284.593750 63697.585938 89232.296875 61365.859375
438 43.277039 61284.593750 63271.410156 71013.421875 61365.859375
439 43.379311 61284.593750 63254.386719 70900.640625 61365.859375
440 43.484840 61284.593750 63198.085938 70900.640625 61365.859375
441 43.591820 61284.593750 63050.156250 68015.195312 61365.859375
442 43.695759 61284.593750 63014.410156 67921.429688 61365.859375
443 43.788853 61284.593750 62978.390625 67921.429688 61365.859375
444 43.885311 61284.593750 62955.796875 67419.156250 61365.859375
445 43.993343 61284.593750 63319.093750 76030.710938 61365.859375
446 44.086346 61284.593750 63737.804688 98211.664062 61365.859375
447 44.187473 61284.593750 63087.535156 71115.507812 61365.859375
448 44.280804 61284.593750 62982.109375 67140.023438 61365.859375
449 44.376022 61284.593750 62963.710938 66747.210938 61365.859375
450 44.470795 61284.593750 63319.308594 83617.523438 61365.859375
451 44.579636 61284.593750 63774.234375 86272.351562 61365.859375
452 44.668995 61284.593750 63281.539062 80095.570312 61365.859375
453 44.781731 61284.593750 63194.925781 79289.218750 61365.859375
454 44.879353 61284.593750 64049.503906 107595.210938 61365.859375
455 44.990768 61284.593750 63253.746094 80508.734375 61365.859375
456 45.100693 61284.593750 63769.136719 90622.976562 61365.859375
457 45.200790 61284.593750 64198.566406 101093.851562 61365.859375
458 45.318504 61284.593750 63506.394531 87175.335938 61365.859375
459 45.421173 61284.593750 63620.101562 90097.085938 61365.859375
460 45.509724 61284.593750 63568.773438 89314.164062 61365.859375
461 45.620441 61284.593750 63701.285156 83848.351562 61365.859375
462 45.710190 61284.593750 63555.210938 80753.226562 61365.859375
463 45.809605 61284.593750 63452.875000 80688.328125 61365.859375
464 45.909374 61284.593750 63128.703125 68450.851562 61365.859375
465 46.010048 61284.593750 63075.621094 68415.164062 61365.859375
466 46.106625 61284.593750 63037.199219 68366.023438 61365.859375
467 46.206249 61284.593750 62964.429688 67083.953125 61365.859375
468 46.306904 61284.593750 62920.890625 67071.187500 61365.859375
469 46.393539 61284.593750 62865.781250 66835.742188 61365.859375
470 46.497578 61284.593750 62806.609375 66010.500000 61365.859375
471 46.593952 61284.593750 63328.234375 91079.460938 61365.859375
472 46.713299 61284.593750 62852.718750 67597.492188 61365.859375
473 46.801113 61284.593750 62797.796875 65537.351562 61365.859375
474 46.902836 61284.593750 62870.441406 66119.132812 61365.859375
475 46.988155 61284.593750 62815.640625 65399.781250 61365.859375
476 47.076611 61284.593750 64268.000000 108657.554688 61365.859375
477 47.176365 61284.593750 63866.828125 91260.437500 61365.859375
478 47.273815 61284.593750 63350.921875 89265.015625 61365.859375
479 47.379959 61284.593750 63302.035156 89094.148438 61365.859375
480 47.469105 61284.593750 62777.320312 66110.726562 61365.859375
481 47.584118 61284.593750 63313.109375 89635.617188 61365.859375
482 47.683475 61284.593750 62806.679688 65876.734375 61365.859375
483 47.783188 61284.593750 63394.835938 93576.070312 61365.859375
484 47.862930 61284.593750 63328.101562 92343.843750 61365.859375
485 47.944073 61284.593750 63425.855469 94561.796875 61338.812500
486 48.048584 61284.593750 62781.644531 65925.609375 61338.812500
487 48.125340 61284.593750 62767.746094 65747.085938 61338.812500
488 48.218796 61284.593750 62754.726562 65510.402344 61338.812500
489 48.301102 61284.593750 63271.003906 86022.898438 61338.812500
490 48.396770 61284.593750 63234.546875 86022.898438 61338.812500
491 48.499439 61284.593750 62767.320312 66378.687500 61338.812500
492 48.596001 61284.593750 63067.343750 78779.875000 61338.812500
493 48.682705 61284.593750 63021.289062 78779.875000 61338.812500
494 48.784008 61284.593750 63029.429688 79402.031250 61338.812500
495 48.871998 61284.593750 63003.113281 79402.031250 61338.812500
496 48.979507 61284.593750 62747.253906 66968.492188 61338.812500
497 49.071484 61284.593750 62716.144531 66584.429688 61316.273438
498 49.169670 61284.593750 63554.730469 88540.859375 61307.726562
499 49.273769 61284.593750 63641.613281 87670.992188 61307.726562
500 49.371391 61284.593750 63824.949219 89490.804688 61307.726562
501 49.464020 61284.593750 63139.433594 74914.914062 61307.726562
502 49.561459 61284.593750 63746.269531 102745.250000 61307.726562
503 49.660480 61284.593750 63302.765625 83103.500000 61307.726562
504 49.765995 61284.593750 62973.468750 68504.648438 61307.726562
505 49.863869 61284.593750 63138.300781 70736.695312 61307.726562
506 49.949799 61284.593750 63052.269531 70451.781250 61307.726562
507 50.051777 61284.593750 62971.929688 67839.367188 61307.726562
508 50.160282 61284.593750 63649.574219 98556.789062 61307.726562
509 50.246574 61284.593750 63543.539062 94727.585938 61307.726562
510 50.332977 61284.593750 63919.121094 91985.562500 61307.726562
511 50.436607 61284.593750 63802.871094 91774.375000 61307.726562
512 50.537727 61284.593750 63483.335938 90444.906250 61307.726562
513 50.623333 61284.593750 63713.816406 90232.953125 61307.726562
514 50.729927 61284.593750 63325.050781 76956.398438 61307.726562
515 50.847462 61284.593750 63209.886719 75102.851562 61307.726562
516 50.944492 61284.593750 63021.726562 72379.781250 61307.726562
517 51.063271 61284.593750 63395.195312 82401.593750 61307.726562
518 51.167198 61284.593750 63501.695312 81874.406250 61307.726562
519 51.268349 61284.593750 63368.851562 73733.117188 61307.726562
520 51.362049 61284.593750 63226.726562 71497.453125 61307.726562
521 51.454575 61284.593750 63137.300781 71063.007812 61307.726562
522 51.571533 61284.593750 63058.109375 70631.296875 61307.726562
523 51.679779 61284.593750 63213.738281 75111.031250 61307.726562
524 51.768528 61284.593750 62974.378906 68053.476562 61307.726562
525 51.864410 61284.593750 63334.800781 83910.773438 61307.726562
526 51.957783 61284.593750 63022.378906 67364.468750 61307.726562
527 52.046623 61284.593750 63344.660156 83488.421875 61307.726562
528 52.140747 61284.593750 63258.734375 81611.273438 61307.726562
529 52.229740 61284.593750 63389.074219 81138.101562 61307.726562
530 52.335011 61284.593750 63057.480469 73616.796875 61307.726562
531 52.437504 61284.593750 62891.750000 68410.820312 61307.726562
532 52.539433 61284.593750 62793.039062 68078.953125 61307.726562
533 52.653805 61284.593750 63462.683594 100740.648438 61307.726562
534 52.748142 61284.593750 63188.875000 89836.414062 61307.726562
535 52.833130 61284.593750 62705.250000 68134.187500 61307.726562
536 52.927048 61284.593750 62632.324219 65413.906250 61307.726562
537 53.030682 61284.593750 62587.914062 65413.906250 61307.726562
538 53.121044 61284.593750 62554.183594 65397.304688 61307.726562
539 53.221413 61284.593750 62518.148438 64990.261719 61307.726562
540 53.325951 61284.593750 62494.859375 64705.773438 61307.726562
541 53.426006 61284.593750 62447.230469 64630.031250 61307.726562
542 53.515614 61284.593750 62746.074219 76819.000000 61365.859375
543 53.607273 61284.593750 62611.250000 67484.445312 61365.859375
544 53.700031 61284.593750 62470.335938 66193.617188 61365.859375
545 53.792339 61284.593750 62709.894531 75361.242188 61365.859375
546 53.894836 61284.593750 62495.453125 66193.617188 61365.859375
547 53.984222 61284.593750 62448.941406 65314.503906 61365.859375
548 54.074257 61284.593750 62476.566406 64794.531250 61432.710938
549 54.189289 61284.593750 62476.304688 64671.949219 61432.710938
550 54.279045 61284.593750 62449.070312 64636.089844 61432.710938
551 54.376163 61284.593750 62431.308594 64636.089844 61432.710938
552 54.467941 61284.593750 62391.250000 64269.378906 61432.710938
553 54.565765 61284.593750 62802.761719 83275.625000 61432.710938
554 54.658203 61284.593750 62405.425781 64787.039062 61432.710938
555 54.755333 61284.593750 62401.843750 64787.039062 61432.710938
556 54.855972 61284.593750 62764.148438 78796.398438 61432.710938
557 54.958656 61284.593750 63024.351562 82522.781250 61432.710938
558 55.057713 61284.593750 62844.734375 79156.531250 61432.710938
559 55.143051 61284.593750 62746.609375 76774.210938 61432.710938
560 55.224609 61284.593750 63118.484375 78351.265625 61432.710938
561 55.308792 61284.593750 62615.988281 66080.914062 61432.710938
562 55.413853 61284.593750 63385.921875 101586.968750 61432.710938
563 55.513878 61284.593750 63342.539062 101586.968750 61432.710938
564 55.617828 61284.593750 63312.164062 101279.265625 61432.710938
565 55.711514 61284.593750 64274.148438 106440.617188 61432.710938
566 55.808727 61284.593750 64060.500000 89120.875000 61432.710938
567 55.901058 61284.593750 63324.621094 81718.218750 61432.710938
568 56.000084 61284.593750 63734.066406 79865.273438 61432.710938
569 56.092960 61284.593750 63146.390625 70853.062500 61432.710938
570 56.193336 61284.593750 63362.125000 82030.117188 61432.710938
571 56.287968 61284.593750 63220.968750 80592.554688 61432.710938
572 56.380852 61284.593750 63135.699219 80151.210938 61432.710938
573 56.473408 61284.593750 63221.765625 79814.695312 61432.710938
574 56.578735 61284.593750 62874.226562 67979.992188 61432.710938
575 56.674789 61284.593750 62880.843750 68619.960938 61432.710938
576 56.761688 61284.593750 62826.511719 68619.960938 61432.710938
577 56.883133 61284.593750 62765.835938 67632.078125 61330.511719
578 56.989738 61284.593750 63327.144531 85447.914062 61330.511719
579 57.093288 61284.593750 62917.554688 70748.210938 61330.511719
580 57.191048 61284.593750 62817.875000 67322.515625 61330.511719
581 57.292107 61284.593750 62802.523438 67322.515625 61330.511719
582 57.392399 61284.593750 62729.785156 67322.515625 61330.511719
583 57.495567 61284.593750 62672.691406 66165.921875 61330.511719
584 57.588158 61284.593750 62617.226562 65523.695312 61330.511719
585 57.678410 61284.593750 62990.316406 77152.250000 61330.511719
586 57.763237 61284.593750 63385.269531 85419.257812 61330.511719
587 57.858253 61284.593750 63501.503906 84855.070312 61330.511719
588 57.952209 61284.593750 63465.011719 84846.679688 61330.511719
589 58.068748 61284.593750 63023.679688 76913.406250 61330.511719
590 58.172249 61284.593750 62997.250000 76913.406250 61330.511719
591 58.269020 61284.593750 62887.343750 76913.406250 61330.511719
592 58.360889 61284.593750 62652.546875 65776.929688 61330.511719
593 58.467701 61284.593750 63100.609375 86429.117188 61330.511719
594 58.570053 61284.593750 63039.339844 84787.484375 61330.511719
595 58.663868 61284.593750 62634.308594 64895.820312 61330.511719
596 58.761986 61284.593750 62555.308594 64612.292969 61330.511719
597 58.854599 61284.593750 62513.765625 64612.292969 61330.511719
598 58.965752 61284.593750 62496.363281 64612.292969 61330.511719
599 59.060146 61284.593750 62489.785156 64612.292969 61330.511719
600 59.167049 61284.593750 63271.566406 102195.429688 61432.710938
601 59.272144 61284.593750 62709.140625 70388.992188 61432.710938
602 59.360970 61284.593750 62680.160156 70388.992188 61432.710938
603 59.459534 61284.593750 62538.539062 65554.476562 61432.710938
604 59.562355 61284.593750 62512.964844 65554.476562 61432.710938
605 59.661041 61284.593750 62478.070312 65339.058594 61432.710938
606 59.753094 61284.593750 62442.011719 64747.953125 61432.710938
607 59.840324 61284.593750 62418.871094 64747.953125 61432.710938
608 59.932430 61284.593750 62402.855469 64286.355469 61432.710938
609 60.029343 61284.593750 62390.316406 64232.191406 61432.710938
610 60.117023 61284.593750 62369.804688 64232.191406 61432.710938
611 60.205864 61284.593750 62348.300781 63890.117188 61432.710938
612 60.298527 61284.593750 62339.871094 63890.117188 61432.710938
613 60.401863 61284.593750 62862.960938 78619.804688 61432.710938
614 60.491154 61284.593750 62689.414062 78392.992188 61432.710938
615 60.584431 61284.593750 62430.625000 66333.921875 61432.710938
616 60.688953 61284.593750 63153.304688 99150.968750 61432.710938
617 60.781685 61284.593750 62514.800781 67972.273438 61432.710938
618 60.902641 61284.593750 62444.488281 65792.820312 61432.710938
619 61.009155 61284.593750 62433.246094 65792.820312 61432.710938
620 61.102913 61284.593750 62409.839844 65576.476562 61432.710938
621 61.206707 61284.593750 62399.253906 65546.468750 61432.710938
622 61.299152 61284.593750 62809.234375 84559.296875 61432.710938
623 61.390041 61284.593750 62425.546875 65987.312500 61432.710938
624 61.485123 61284.593750 62417.093750 65696.992188 61432.710938
625 61.585312 61284.593750 62397.246094 64970.343750 61432.710938
626 61.678444 61284.593750 62349.449219 64328.195312 61432.710938
627 61.783772 61284.593750 62341.656250 64328.195312 61432.710938
628 61.880753 61284.593750 62827.933594 87402.875000 61432.710938
629 61.979916 61284.593750 62404.183594 66341.289062 61432.710938
630 62.078529 61284.593750 63097.964844 97546.539062 61432.710938
631 62.171200 61284.593750 62952.550781 86070.593750 61432.710938
632 62.273861 61284.593750 62881.589844 84135.367188 61432.710938
633 62.378258 61284.593750 63306.660156 101785.078125 61432.710938
634 62.469746 61284.593750 63256.183594 96136.539062 61432.710938
635 62.573078 61284.593750 63453.785156 91910.015625 61432.710938
636 62.667011 61284.593750 63131.878906 82897.960938 61432.710938
637 62.759987 61284.593750 63736.761719 103889.632812 61432.710938
638 62.867104 61284.593750 63932.500000 102823.171875 61432.710938
639 62.959518 61284.593750 62849.816406 75006.101562 61432.710938
640 63.057312 61284.593750 62818.339844 75006.101562 61432.710938
641 63.154297 61284.593750 62778.406250 75006.101562 61432.710938
642 63.244793 61284.593750 62923.531250 81851.265625 61432.710938
643 63.336044 61284.593750 63447.046875 79787.078125 61432.710938
644 63.433495 61284.593750 62850.554688 72806.632812 61432.710938
645 63.532253 61284.593750 62799.695312 72806.632812 61432.710938
646 63.636101 61284.593750 62731.296875 71908.703125 61432.710938
647 63.736359 61284.593750 62615.109375 68573.031250 61432.710938
648 63.831722 61284.593750 62926.679688 80200.015625 61432.710938
649 63.933651 61284.593750 62804.621094 78806.914062 61432.710938
650 64.032242 61284.593750 62740.300781 77309.992188 61432.710938
651 64.118515 61284.593750 62490.699219 66671.578125 61432.710938
652 64.216110 61284.593750 62960.859375 86504.781250 61432.710938
653 64.301430 61284.593750 62519.753906 65821.476562 61432.710938
654 64.389763 61284.593750 62499.886719 65699.359375 61432.710938
655 64.497108 61284.593750 62465.968750 65699.359375 61432.710938
656 64.597603 61284.593750 63109.574219 95809.109375 61432.710938
657 64.693199 61284.593750 62491.718750 65862.664062 61432.710938
658 64.787407 61284.593750 62626.746094 70497.687500 61432.710938
659 64.890900 61284.593750 62566.980469 68618.265625 61432.710938
660 64.990372 61284.593750 62522.515625 67472.804688 61432.710938
661 65.088745 61284.593750 62439.265625 65321.597656 61432.710938
662 65.181061 61284.593750 62413.195312 65226.242188 61432.710938
663 65.261810 61284.593750 62988.460938 91872.734375 61432.710938
664 65.349510 61284.593750 62965.503906 91592.656250 61432.710938
665 65.443520 61284.593750 62491.625000 69310.929688 61432.710938
666 65.546280 61284.593750 62464.359375 69113.085938 61432.710938
667 65.640808 61284.593750 62366.718750 65375.843750 61432.710938
668 65.737762 61284.593750 62362.808594 65375.843750 61432.710938
669 65.840607 61284.593750 63497.410156 119723.398438 61432.710938
670 65.927841 61284.593750 63460.890625 119255.500000 61432.710938
671 66.032486 61284.593750 62379.664062 65801.570312 61432.710938
672 66.125336 61284.593750 62346.828125 65642.148438 61432.710938
673 66.223038 61284.593750 62333.160156 65642.148438 61294.093750
674 66.309105 61284.593750 62321.414062 65642.148438 61294.093750
675 66.409897 61284.593750 62316.281250 65642.148438 61294.093750
676 66.499603 61284.593750 62530.515625 74016.593750 61294.093750
677 66.589539 61284.593750 63065.921875 85219.359375 61294.093750
678 66.694672 61284.593750 62629.718750 74889.078125 61294.093750
679 66.792168 61284.593750 63480.406250 98816.250000 61294.093750
680 66.879501 61284.593750 63392.886719 95917.734375 61294.093750
681 66.965652 61284.593750 62803.378906 74330.140625 61294.093750
682 67.070747 61284.593750 62635.859375 67057.523438 61294.093750
683 67.160980 61284.593750 62574.843750 66620.210938 61294.093750
684 67.260094 61284.593750 62519.781250 66620.210938 61294.093750
685 67.346962 61284.593750 62673.425781 70956.054688 61294.093750
686 67.429726 61284.593750 62546.183594 65997.242188 61294.093750
687 67.528656 61284.593750 62496.695312 65997.242188 61294.093750
688 67.629059 61284.593750 63074.121094 92418.632812 61294.093750
689 67.720245 61284.593750 63008.789062 89759.234375 61294.093750
690 67.826035 61284.593750 63406.210938 88605.359375 61294.093750
691 67.925377 61284.593750 62941.328125 85699.890625 61294.093750
692 68.023697 61284.593750 62920.285156 85311.171875 61294.093750
693 68.109627 61284.593750 62810.878906 81863.070312 61294.093750
694 68.185371 61284.593750 62807.613281 78132.031250 61294.093750
695 68.284889 61284.593750 62930.015625 75072.578125 61294.093750
696 68.386841 61284.593750 62951.308594 73381.078125 61294.093750
697 68.483528 61284.593750 62774.199219 69449.320312 61294.093750
698 68.577194 61284.593750 62657.429688 67193.523438 61294.093750
699 68.677887 61284.593750 62521.605469 65461.316406 61294.093750
700 68.786560 61284.593750 62502.718750 65461.316406 61294.093750
701 68.873459 61284.593750 62786.109375 78068.820312 61294.093750
702 68.969421 61284.593750 62916.984375 81756.484375 61294.093750
703 69.068451 61284.593750 63295.843750 83293.929688 61294.093750
704 69.176559 61284.593750 63804.496094 109238.375000 61294.093750
705 69.259972 61284.593750 62920.890625 75879.062500 61294.093750
706 69.359802 61284.593750 62868.191406 75201.734375 61294.093750
707 69.468475 61284.593750 63366.000000 99250.226562 61294.093750
708 69.556206 61284.593750 63789.218750 94116.351562 61294.093750
709 69.651527 61284.593750 63227.628906 92996.601562 61294.093750
710 69.757111 61284.593750 63616.156250 92974.593750 61294.093750
711 69.866142 61284.593750 62981.015625 73337.445312 61294.093750
712 69.960350 61284.593750 63825.238281 90671.843750 61294.093750
713 70.051331 61284.593750 63303.726562 85132.031250 61294.093750
714 70.145950 61284.593750 63245.765625 85132.031250 61294.093750
715 70.240738 61284.593750 63857.535156 85089.609375 61294.093750
716 70.330185 61284.593750 63210.484375 74999.789062 61294.093750
717 70.424316 61284.593750 63087.871094 74999.789062 61294.093750
718 70.537750 61284.593750 63179.261719 74999.789062 61294.093750
719 70.637466 61284.593750 63030.644531 73832.210938 61294.093750
720 70.737076 61284.593750 63637.250000 91135.320312 61294.093750
721 70.830505 61284.593750 63376.675781 82546.484375 61294.093750
722 70.934875 61284.593750 62902.695312 67680.179688 61294.093750
723 71.029823 61284.593750 62863.179688 67680.179688 61294.093750
724 71.131798 61284.593750 62766.273438 66734.062500 61294.093750
725 71.231918 61284.593750 63244.875000 89352.820312 61294.093750
726 71.319885 61284.593750 62786.671875 67109.718750 61294.093750
727 71.405350 61284.593750 62741.460938 66239.679688 61294.093750
728 71.503906 61284.593750 63144.156250 87038.945312 61294.093750
729 71.608826 61284.593750 63136.578125 84939.257812 61294.093750
730 71.702110 61284.593750 62911.746094 75670.640625 61294.093750
731 71.794464 61284.593750 62881.898438 75398.882812 61294.093750
732 71.894119 61284.593750 62760.699219 71680.468750 61294.093750
733 71.984871 61284.593750 62553.054688 65475.398438 61294.093750
734 72.078751 61284.593750 62523.621094 65440.382812 61294.093750
735 72.178093 61284.593750 62497.898438 65430.023438 61294.093750
736 72.287292 61284.593750 63120.398438 90197.546875 61294.093750
737 72.393547 61284.593750 63024.433594 89169.718750 61294.093750
738 72.489388 61284.593750 62766.503906 78436.195312 61294.093750
739 72.586998 61284.593750 63090.664062 92726.210938 61294.093750
740 72.679459 61284.593750 62503.570312 67364.132812 61294.093750
741 72.799446 61284.593750 63000.359375 92199.812500 61294.093750
742 72.890450 61284.593750 62452.761719 65601.015625 61294.093750
743 72.979736 61284.593750 62443.753906 65552.898438 61294.093750
744 73.070038 61284.593750 63107.636719 96594.828125 61294.093750
745 73.160706 61284.593750 62526.933594 68039.203125 61294.093750
746 73.267570 61284.593750 62478.273438 67340.593750 61294.093750
747 73.365585 61284.593750 62413.953125 64953.109375 61294.093750
748 73.459206 61284.593750 62370.261719 64336.023438 61294.093750
749 73.563988 61284.593750 62349.136719 64336.023438 61294.093750
750 73.666656 61284.593750 62333.234375 64336.023438 61294.093750
751 73.772621 61284.593750 62944.816406 92901.843750 61294.093750
752 73.867516 61284.593750 62359.093750 64336.023438 61294.093750
753 73.974030 61284.593750 62393.738281 66560.843750 61294.093750
754 74.070831 61284.593750 62558.343750 73654.882812 61294.093750
755 74.172531 61284.593750 62493.828125 72001.882812 61294.093750
756 74.268074 61284.593750 62406.218750 67994.617188 61294.093750
757 74.366272 61284.593750 62398.773438 67994.617188 61294.093750
758 74.460243 61284.593750 62692.460938 78113.929688 61294.093750
759 74.544418 61284.593750 62618.929688 78063.804688 61294.093750
760 74.653557 61284.593750 62593.300781 77299.914062 61294.093750
761 74.753242 61284.593750 62345.503906 66121.773438 61294.093750
762 74.857826 61284.593750 62331.671875 65863.664062 61294.093750
763 74.958786 61284.593750 62281.816406 65863.664062 61294.093750
764 75.048653 61284.593750 62249.273438 65863.664062 61294.093750
765 75.148811 61284.593750 62198.074219 64687.835938 61294.093750
766 75.242722 61284.593750 62189.210938 64674.164062 61290.886719
767 75.348473 61284.593750 62253.625000 65667.359375 61290.886719
768 75.451805 61284.593750 62228.750000 65265.867188 61290.886719
769 75.542786 61284.593750 62210.980469 65182.125000 61290.886719
770 75.656525 61284.593750 62183.828125 63959.410156 61290.886719
771 75.754257 61284.593750 62161.968750 63894.406250 61290.886719
772 75.842026 61284.593750 62143.289062 63853.136719 61290.886719
773 75.923958 61284.593750 62375.921875 73117.867188 61294.093750
774 76.027847 61284.593750 62248.871094 66884.062500 61294.093750
775 76.132980 61284.593750 62671.906250 87756.250000 61294.093750
776 76.242241 61284.593750 62483.273438 77555.710938 61294.093750
777 76.336586 61284.593750 62779.156250 77706.265625 61294.093750
778 76.450027 61284.593750 62906.546875 84875.851562 61294.093750
779 76.562912 61284.593750 62619.039062 80563.718750 61294.093750
780 76.645882 61284.593750 62405.785156 71220.195312 61294.093750
781 76.743980 61284.593750 62394.156250 70991.812500 61294.093750
782 76.842110 61284.593750 62253.195312 65175.085938 61294.093750
783 76.945045 61284.593750 62702.730469 86112.070312 61294.093750
784 77.038490 61284.593750 62435.320312 74253.453125 61294.093750
785 77.140610 61284.593750 62419.089844 73982.570312 61294.093750
786 77.243881 61284.593750 62305.828125 68395.179688 61294.093750
787 77.339661 61284.593750 62283.644531 67927.250000 61294.093750
788 77.433342 61284.593750 62250.699219 65747.648438 61294.093750
789 77.548645 61284.593750 62288.949219 67789.468750 61294.093750
790 77.645363 61284.593750 62202.253906 64593.421875 61294.093750
791 77.767960 61284.593750 62193.863281 64593.421875 61294.093750
792 77.871880 61284.593750 62168.058594 64593.421875 61294.093750
793 77.968117 61284.593750 62158.046875 64593.421875 61294.093750
794 78.053886 61284.593750 62120.808594 64593.421875 61294.093750
795 78.155350 61284.593750 62087.726562 63847.441406 61294.093750
796 78.260338 61284.593750 62063.375000 63847.441406 61294.093750
797 78.360443 61284.593750 62395.046875 79335.703125 61294.093750
798 78.462318 61284.593750 62082.410156 64318.207031 61294.093750
799 78.554764 61284.593750 62079.214844 64318.207031 61294.093750
800 78.655975 61284.593750 62062.468750 64318.207031 61294.093750
801 78.763382 61284.593750 62716.761719 95117.843750 61294.093750
802 78.847794 61284.593750 62133.339844 64938.835938 61294.093750
803 78.933235 61284.593750 62843.160156 98371.140625 61294.093750
804 79.024361 61284.593750 62825.304688 98371.140625 61294.093750
805 79.124763 61284.593750 62211.851562 65783.164062 61294.093750
806 79.225197 61284.593750 62761.593750 88541.914062 61294.093750
807 79.313309 61284.593750 62631.929688 84632.398438 61294.093750
808 79.413109 61284.593750 62215.261719 64995.304688 61294.093750
809 79.518875 61284.593750 62548.328125 79151.742188 61294.093750
810 79.610939 61284.593750 62855.789062 80247.578125 61294.093750
811 79.718208 61284.593750 63453.355469 99683.398438 61294.093750
812 79.818504 61284.593750 62485.453125 69492.453125 61294.093750
813 79.921951 61284.593750 62353.476562 66044.210938 61294.093750
814 80.025665 61284.593750 62291.070312 65752.656250 61294.093750
815 80.125465 61284.593750 62250.925781 65092.535156 61294.093750
816 80.237747 61284.593750 62222.914062 65092.535156 61294.093750
817 80.346550 61284.593750 62214.746094 65092.535156 61294.093750
818 80.443611 61284.593750 62196.921875 65092.535156 61294.093750
819 80.544281 61284.593750 62171.925781 64700.828125 61294.093750
820 80.645393 61284.593750 62157.441406 64700.828125 61294.093750
821 80.736557 61284.593750 62361.601562 73173.468750 61294.093750
822 80.832581 61284.593750 62978.910156 93115.265625 61294.093750
823 80.926521 61284.593750 63752.238281 110162.218750 61294.093750
824 81.032906 61284.593750 62489.558594 77949.070312 61294.093750
825 81.127327 61284.593750 62470.996094 77774.679688 61294.093750
826 81.225403 61284.593750 63265.390625 103939.875000 61294.093750
827 81.319550 61284.593750 62302.128906 68648.382812 61294.093750
828 81.432671 61284.593750 62299.511719 68648.382812 61294.093750
829 81.546135 61284.593750 62221.726562 68648.382812 61294.093750
830 81.657478 61284.593750 62379.328125 75589.585938 61294.093750
831 81.767616 61284.593750 62255.589844 70960.859375 61294.093750
832 81.865257 61284.593750 63549.136719 96371.687500 61294.093750
833 81.965691 61284.593750 63193.488281 89733.562500 61294.093750
834 82.064163 61284.593750 62694.433594 88042.335938 61294.093750
835 82.153122 61284.593750 62962.898438 87120.132812 61294.093750
836 82.237083 61284.593750 63327.750000 89267.453125 61294.093750
837 82.339485 61284.593750 62635.964844 81079.835938 61294.093750
838 82.432922 61284.593750 62530.980469 78420.843750 61294.093750
839 82.528694 61284.593750 62667.261719 77984.812500 61294.093750
840 82.619652 61284.593750 62426.273438 74055.796875 61294.093750
841 82.717598 61284.593750 62967.003906 90806.828125 61294.093750
842 82.826439 61284.593750 63013.671875 88279.945312 61294.093750
843 82.907722 61284.593750 62534.101562 72451.289062 61294.093750
844 82.995888 61284.593750 62342.738281 67656.796875 61294.093750
845 83.106407 61284.593750 62288.386719 67656.796875 61294.093750
846 83.196320 61284.593750 62974.628906 97657.460938 61294.093750
847 83.292130 61284.593750 62948.453125 97546.320312 61294.093750
848 83.395729 61284.593750 62765.886719 89351.015625 61294.093750
849 83.495056 61284.593750 62685.460938 87530.648438 61294.093750
850 83.583191 61284.593750 62604.863281 84190.257812 61294.093750
851 83.689178 61284.593750 63112.464844 88810.562500 61294.093750
852 83.793060 61284.593750 62686.683594 88438.562500 61294.093750
853 83.886566 61284.593750 62519.593750 77109.015625 61294.093750
854 83.978561 61284.593750 62570.839844 76011.453125 61294.093750
855 84.079605 61284.593750 62344.843750 66736.585938 61294.093750
856 84.181854 61284.593750 62283.191406 66258.039062 61294.093750
857 84.289215 61284.593750 62268.625000 65990.570312 61294.093750
858 84.374168 61284.593750 62206.738281 65726.828125 61294.093750
859 84.484596 61284.593750 62204.300781 65726.828125 61294.093750
860 84.578056 61284.593750 62148.109375 64741.082031 61294.093750
861 84.698586 61284.593750 62774.808594 96213.734375 61294.093750
862 84.792320 61284.593750 62141.246094 65019.613281 61294.093750
863 84.884460 61284.593750 62694.574219 90894.054688 61294.093750
864 84.973740 61284.593750 62149.671875 64405.089844 61294.093750
865 85.062866 61284.593750 62137.976562 64405.089844 61294.093750
866 85.163040 61284.593750 62129.156250 64271.312500 61294.093750
867 85.255547 61284.593750 62117.753906 64253.203125 61294.093750
868 85.363121 61284.593750 62605.601562 87374.492188 61294.093750
869 85.463074 61284.593750 62587.703125 87374.492188 61294.093750
870 85.573944 61284.593750 63008.230469 86893.460938 61294.093750
871 85.671394 61284.593750 62654.546875 83252.226562 61294.093750
872 85.764221 61284.593750 62393.890625 72690.984375 61294.093750
873 85.848755 61284.593750 62238.960938 66039.125000 61294.093750
874 85.945816 61284.593750 62177.738281 66039.125000 61294.093750
875 86.037048 61284.593750 62124.941406 66039.125000 61294.093750
876 86.119148 61284.593750 62076.609375 66039.125000 61294.093750
877 86.212326 61284.593750 62018.191406 63587.863281 61294.093750
878 86.311630 61284.593750 61988.593750 63393.347656 61294.093750
879 86.406258 61284.593750 62337.964844 79379.835938 61294.093750
880 86.507362 61284.593750 62290.468750 77258.054688 61294.093750
