0 0.000001 70290.625000 72693.421875 75163.656250 70290.625000
1 0.096262 69535.648438 72693.421875 75163.656250 70290.625000
2 0.192341 68859.492188 72537.453125 75163.656250 69535.648438
3 0.283336 68235.812500 72267.828125 75163.656250 68859.492188
4 0.363411 67601.289062 72023.632812 75163.656250 68235.812500
5 0.449278 67119.156250 71844.523438 75163.656250 67601.289062
6 0.544045 66946.796875 71677.515625 75163.656250 67119.156250
7 0.640370 66670.382812 71488.101562 74605.257812 66946.796875
8 0.726605 66489.515625 71372.187500 74605.257812 66670.382812
9 0.809210 66208.968750 71262.812500 74605.257812 66489.515625
10 0.903891 65978.093750 71150.328125 74605.257812 66208.968750
11 0.998132 65721.320312 71027.390625 73238.992188 65978.093750
12 1.088429 65479.191406 70971.906250 73238.992188 65721.320312
13 1.174156 65172.843750 70868.484375 73238.992188 65479.191406
14 1.258876 65077.722656 70788.343750 73238.992188 65172.843750
15 1.351303 65077.687500 70973.117188 81095.265625 65077.722656
16 1.430443 65036.585938 70623.398438 73238.992188 65077.687500
17 1.527787 64739.371094 70575.859375 73238.992188 65036.585938
18 1.610293 64637.027344 70510.335938 73238.992188 64739.371094
19 1.698844 64364.328125 70458.281250 73238.992188 64637.027344
20 1.779298 64234.300781 70419.773438 73238.992188 64364.328125
21 1.867264 64196.218750 70387.453125 73238.992188 64234.300781
22 1.963621 64075.296875 70332.937500 73238.992188 64196.218750
23 2.047253 63935.023438 70307.906250 73238.992188 64075.296875
24 2.131935 63826.402344 70275.312500 73238.992188 63935.023438
25 2.207585 63826.402344 70228.265625 73238.992188 63826.402344
26 2.298200 63653.566406 70204.453125 73238.992188 63826.402344
27 2.379033 63653.566406 70180.179688 73238.992188 63653.566406
28 2.484270 63599.148438 70591.398438 92126.640625 63653.566406
29 2.571930 63499.230469 70009.953125 73238.992188 63599.148438
30 2.647755 63388.738281 69979.687500 73238.992188 63499.230469
31 2.742024 63388.738281 69957.648438 73238.992188 63388.738281
32 2.829389 63351.406250 69922.789062 73238.992188 63388.738281
33 2.929925 63064.992188 69905.734375 73238.992188 63351.406250
34 3.014380 63064.972656 69871.882812 73238.992188 63064.992188
35 3.100148 63059.082031 69836.632812 73238.992188 63064.972656
36 3.186297 62738.859375 69819.367188 73238.992188 63059.082031
37 3.291066 62673.460938 69795.156250 73238.992188 62738.859375
38 3.382638 62673.429688 69777.078125 73238.992188 62673.460938
39 3.462743 62539.375000 69758.164062 73238.992188 62673.429688
40 3.553714 62539.375000 69740.421875 73238.992188 62539.375000
41 3.634838 62539.375000 69724.093750 73238.992188 62539.375000
42 3.723968 62486.363281 69719.257812 73238.992188 62539.375000
43 3.808383 62486.363281 69706.093750 73238.992188 62486.363281
44 3.888430 62486.363281 69692.828125 73238.992188 62486.363281
45 3.967257 62486.363281 69678.218750 73238.992188 62486.363281
46 4.060641 62460.191406 69668.562500 73238.992188 62486.363281
47 4.145290 62460.191406 69659.656250 73238.992188 62460.191406
48 4.236528 62460.187500 69642.992188 73238.992188 62460.191406
49 4.318940 62455.566406 69632.242188 73238.992188 62460.187500
50 4.422478 62435.292969 69625.351562 73238.992188 62455.566406
51 4.518912 62414.507812 69614.078125 73238.992188 62435.292969
52 4.614185 62414.445312 69606.382812 73238.992188 62414.507812
53 4.703319 62414.445312 69601.578125 73238.992188 62414.445312
54 4.796825 62414.445312 69598.742188 73238.992188 62414.445312
55 4.878831 62315.554688 69598.132812 73238.992188 62414.445312
56 4.965455 62315.550781 69592.179688 73238.992188 62315.554688
57 5.043129 62315.550781 69582.906250 73238.992188 62315.550781
58 5.128339 62314.593750 69575.281250 73238.992188 62315.550781
59 5.220274 62314.585938 69570.851562 73238.992188 62314.593750
60 5.304239 62314.585938 69565.328125 73238.992188 62314.585938
61 5.383822 62314.585938 69564.187500 73238.992188 62314.585938
62 5.470940 62314.585938 69562.609375 73238.992188 62314.585938
63 5.554942 62314.585938 69561.367188 73238.992188 62314.585938
64 5.645634 62310.644531 69558.781250 73238.992188 62314.585938
65 5.726975 62310.644531 69550.960938 73238.992188 62310.644531
66 5.827611 62310.558594 69549.046875 73238.992188 62310.644531
67 5.913691 62310.558594 69548.968750 73238.992188 62310.558594
68 6.006094 62310.546875 69545.554688 73238.992188 62310.558594
69 6.102263 62310.546875 69545.476562 73238.992188 62310.546875
70 6.185027 62310.546875 69545.398438 73238.992188 62310.546875
71 6.261114 62310.546875 69545.398438 73238.992188 62310.546875
72 6.345235 62310.546875 69545.312500 73238.992188 62310.546875
73 6.430033 62284.460938 69545.226562 73238.992188 62310.546875
74 6.509281 62284.460938 69544.703125 73238.992188 62284.460938
75 6.598238 62284.460938 69543.007812 73238.992188 62284.460938
76 6.697990 62284.398438 69541.968750 73238.992188 62284.460938
77 6.786165 62284.398438 69541.148438 73238.992188 62284.398438
78 6.875294 62284.398438 69540.617188 73238.992188 62284.398438
79 6.942293 62284.378906 69540.179688 73238.992188 62284.398438
80 7.023232 62284.378906 69945.406250 83492.578125 62284.378906
81 7.131571 62284.378906 69569.156250 73238.992188 62284.378906
82 7.218894 62284.375000 69565.437500 73238.992188 62284.378906
83 7.301660 62284.375000 69564.914062 73238.992188 62284.375000
84 7.385262 62284.375000 69564.914062 73238.992188 62284.375000
85 7.464991 62284.375000 69563.812500 73238.992188 62284.375000
86 7.560480 62284.375000 69562.460938 73238.992188 62284.375000
87 7.649630 62284.375000 69549.601562 73238.992188 62284.375000
88 7.735580 62284.375000 69539.617188 73238.992188 62284.375000
89 7.832231 62284.375000 69539.617188 73238.992188 62284.375000
90 7.917062 62284.375000 69539.617188 73238.992188 62284.375000
91 8.001889 62284.375000 69535.820312 73238.992188 62284.375000
92 8.087721 62284.375000 69525.640625 73238.992188 62284.375000
93 8.169736 62284.375000 69525.031250 73238.992188 62284.375000
94 8.263548 62284.375000 69506.984375 73238.992188 62284.375000
95 8.347653 62284.375000 69506.984375 73238.992188 62284.375000
96 8.440763 62284.375000 69506.976562 73238.992188 62284.375000
97 8.521568 62284.375000 69506.976562 73238.992188 62284.375000
98 8.597897 62284.375000 70271.656250 100541.656250 62284.375000
99 8.663638 62284.375000 69521.937500 73238.992188 62284.375000
100 8.747149 62284.375000 69521.937500 73238.992188 62284.375000
101 8.835624 62284.375000 69521.937500 73238.992188 62284.375000
102 8.930296 62284.375000 69658.242188 73238.992188 62284.375000
103 9.019899 62284.375000 69651.398438 73238.992188 62284.375000
104 9.124719 62284.375000 69645.101562 73238.992188 62284.375000
105 9.212450 62284.375000 69643.367188 73238.992188 62284.375000
106 9.305945 62284.375000 69631.734375 73238.992188 62284.375000
107 9.402087 62239.867188 70092.000000 85305.843750 62284.375000
108 9.506854 62239.867188 69655.273438 73238.992188 62239.867188
109 9.588430 62239.847656 69597.656250 73238.992188 62239.867188
110 9.680233 62239.835938 69594.734375 73238.992188 62239.847656
111 9.764136 62239.835938 69593.843750 73238.992188 62239.835938
112 9.851118 62239.835938 70103.328125 87999.890625 62239.835938
113 9.929784 62178.406250 69620.117188 73238.992188 62239.835938
114 10.010093 61496.195312 70224.835938 92689.125000 62178.406250
115 10.092305 61496.195312 69603.054688 73238.992188 61496.195312
116 10.194858 61496.187500 69601.023438 73238.992188 61496.195312
117 10.275428 61496.187500 69587.375000 73238.992188 61496.187500
118 10.367725 61496.175781 69558.820312 73238.992188 61496.187500
119 10.450771 61496.167969 69545.132812 73238.992188 61496.175781
120 10.534729 61476.351562 70175.484375 94184.312500 61496.167969
121 10.630817 61462.437500 69561.968750 73238.992188 61476.351562
122 10.726706 61462.414062 69558.382812 73238.992188 61462.437500
123 10.825137 61462.414062 69557.031250 73238.992188 61462.414062
124 10.917664 61462.410156 69556.218750 73238.992188 61462.414062
125 11.008754 61462.406250 69539.437500 73238.992188 61462.410156
126 11.099165 61462.406250 69536.273438 73238.992188 61462.406250
127 11.180158 61462.406250 69697.414062 73238.992188 61462.406250
128 11.262671 61462.406250 69675.859375 73238.992188 61462.406250
129 11.369393 61462.406250 69675.187500 73238.992188 61462.406250
130 11.472042 61462.406250 69921.046875 74658.179688 61462.406250
131 11.549790 61462.406250 69702.765625 73238.992188 61462.406250
132 11.648762 61462.406250 69702.765625 73238.992188 61462.406250
133 11.743528 61462.406250 69682.179688 73238.992188 61462.406250
134 11.831831 61462.406250 69676.382812 73238.992188 61462.406250
135 11.915614 61462.406250 69675.546875 73238.992188 61462.406250
136 12.000334 61462.406250 69650.031250 73238.992188 61462.406250
137 12.091512 61462.406250 69626.906250 73238.992188 61462.406250
138 12.168565 61462.406250 69626.906250 73238.992188 61462.406250
139 12.259006 61462.406250 69626.507812 73238.992188 61462.406250
140 12.340343 61462.406250 69626.507812 73238.992188 61462.406250
141 12.421265 61462.406250 69617.390625 73238.992188 61462.406250
142 12.502816 61462.406250 69536.953125 73238.992188 61462.406250
143 12.592189 61462.406250 69710.031250 73238.992188 61462.406250
144 12.671903 61462.406250 69650.726562 73238.992188 61462.406250
145 12.758296 61462.406250 69648.046875 73238.992188 61462.406250
146 12.851063 61462.406250 69638.031250 73238.992188 61462.406250
147 12.934907 61462.406250 69623.132812 73238.992188 61462.406250
148 13.026967 61462.406250 69491.851562 73238.992188 61462.406250
149 13.110143 61462.406250 69420.648438 73238.992188 61462.406250
150 13.206809 61462.406250 69191.492188 73238.992188 61462.406250
151 13.297741 61462.406250 69191.492188 73238.992188 61462.406250
152 13.390183 61462.406250 69158.437500 73238.992188 61462.406250
153 13.461782 61462.406250 69876.289062 97355.335938 61462.406250
154 13.550260 61462.406250 69175.210938 73238.992188 61462.406250
155 13.626923 61462.406250 69175.210938 73238.992188 61462.406250
156 13.728860 61462.406250 68945.351562 73238.992188 61462.406250
157 13.822972 61462.406250 68945.351562 73238.992188 61462.406250
158 13.901952 61462.406250 69198.992188 74144.484375 61462.406250
159 13.988632 61462.406250 68950.843750 73238.992188 61462.406250
160 14.078426 61462.406250 68950.835938 73238.992188 61462.406250
161 14.173269 61462.406250 68950.835938 73238.992188 61462.406250
162 14.255397 61462.406250 68950.835938 73238.992188 61462.406250
163 14.352836 61462.402344 68950.312500 73238.992188 61462.406250
164 14.434626 61462.402344 68950.312500 73238.992188 61462.402344
165 14.529457 61462.402344 68950.312500 73238.992188 61462.402344
166 14.622603 61462.402344 68718.585938 73238.992188 61462.402344
167 14.704283 61462.398438 68522.953125 73238.992188 61462.402344
168 14.792487 61462.398438 68289.882812 73238.992188 61462.398438
169 14.888400 61462.398438 68289.882812 73238.992188 61462.398438
170 14.980484 61462.398438 68740.296875 83983.156250 61462.398438
171 15.070719 61462.398438 68547.234375 73238.992188 61462.398438
172 15.168337 61462.398438 68314.656250 73238.992188 61462.398438
173 15.252885 61462.398438 68314.656250 73238.992188 61462.398438
174 15.331995 61462.398438 68314.656250 73238.992188 61462.398438
175 15.420802 61462.398438 68314.656250 73238.992188 61462.398438
176 15.515898 61462.398438 68314.656250 73238.992188 61462.398438
177 15.611174 61462.398438 68314.656250 73238.992188 61462.398438
178 15.685494 61462.398438 68555.343750 86363.960938 61462.398438
179 15.767686 61462.398438 68647.187500 79179.843750 61462.398438
180 15.854982 61462.398438 68347.953125 73238.992188 61462.398438
181 15.933298 61462.398438 68347.953125 73238.992188 61462.398438
182 16.031513 61462.398438 68959.968750 84345.492188 61462.398438
183 16.123066 61462.398438 68502.312500 73238.992188 61462.398438
184 16.211252 61462.398438 68502.312500 73238.992188 61462.398438
185 16.314356 61462.398438 68502.312500 73238.992188 61462.398438
186 16.393806 61462.398438 68502.312500 73238.992188 61462.398438
187 16.473787 61462.398438 68502.312500 73238.992188 61462.398438
188 16.559807 61462.398438 68502.312500 73238.992188 61462.398438
189 16.649443 61462.398438 68502.312500 73238.992188 61462.398438
190 16.741714 61462.398438 68292.843750 73238.992188 61462.398438
191 16.809179 61462.398438 68057.312500 73238.992188 61462.398438
192 16.889284 61462.398438 68057.312500 73238.992188 61462.398438
193 16.982693 61462.398438 68057.312500 73238.992188 61462.398438
194 17.077051 61462.398438 68057.312500 73238.992188 61462.398438
195 17.159512 61462.398438 68057.312500 73238.992188 61462.398438
196 17.250755 61462.398438 68057.312500 73238.992188 61462.398438
197 17.325974 61462.398438 68057.312500 73238.992188 61462.398438
198 17.409672 61462.398438 68057.312500 73238.992188 61462.398438
199 17.512352 61462.398438 68513.507812 84272.562500 61462.398438
200 17.598627 61462.398438 68057.312500 73238.992188 61462.398438
201 17.686892 61462.398438 68508.601562 84027.187500 61462.398438
202 17.791565 61462.398438 68292.843750 73238.992188 61462.398438
203 17.879095 61462.398438 68057.312500 73238.992188 61462.398438
204 17.957636 61462.398438 68057.312500 73238.992188 61462.398438
205 18.046721 61462.398438 68105.054688 75626.140625 61462.398438
206 18.134235 61462.398438 68057.312500 73238.992188 61462.398438
207 18.222307 61462.398438 68057.312500 73238.992188 61462.398438
208 18.312416 61462.398438 67586.250000 73238.992188 61462.398438
209 18.398552 61462.398438 67350.718750 73238.992188 61462.398438
210 18.494045 61462.398438 67350.718750 73238.992188 61462.398438
211 18.578253 61462.398438 67115.187500 73238.992188 61462.398438
212 18.687103 61462.398438 67115.187500 73238.992188 61462.398438
213 18.773457 61462.398438 67115.187500 73238.992188 61462.398438
214 18.863464 61462.398438 67311.734375 73238.992188 61462.398438
215 18.946896 61462.398438 67115.187500 73238.992188 61462.398438
216 19.033983 61462.398438 67115.187500 73238.992188 61462.398438
217 19.106554 61462.398438 67115.187500 73238.992188 61462.398438
218 19.190319 61462.398438 67654.531250 88429.734375 61462.398438
219 19.268696 61462.398438 67769.453125 82399.031250 61462.398438
220 19.363001 61462.398438 67586.242188 73238.992188 61462.398438
221 19.457075 61462.398438 67671.718750 73238.992188 61462.398438
222 19.547203 61462.398438 67436.187500 73238.992188 61462.398438
223 19.628513 61462.398438 67436.187500 73238.992188 61462.398438
224 19.715910 61462.398438 67200.656250 73238.992188 61462.398438
225 19.827053 61462.398438 67200.656250 73238.992188 61462.398438
226 19.922148 61462.398438 66965.125000 73238.992188 61462.398438
227 20.023399 61462.398438 66965.125000 73238.992188 61462.398438
228 20.112719 61462.398438 66729.593750 73238.992188 61462.398438
229 20.201086 61462.398438 66729.593750 73238.992188 61462.398438
230 20.289284 61462.398438 66494.062500 73238.992188 61462.398438
231 20.392759 61462.398438 66258.531250 73238.992188 61462.398438
232 20.488295 61462.398438 66258.531250 73238.992188 61462.398438
233 20.571392 61462.398438 66258.531250 73238.992188 61462.398438
234 20.658108 61462.398438 66258.531250 73238.992188 61462.398438
235 20.749184 61462.398438 66258.531250 73238.992188 61462.398438
236 20.837473 61462.398438 66258.531250 73238.992188 61462.398438
237 20.915813 61462.398438 66258.531250 73238.992188 61462.398438
238 20.986702 61462.398438 66258.523438 73238.992188 61462.398438
239 21.071199 61462.398438 66258.523438 73238.992188 61462.398438
240 21.160667 61462.398438 66258.523438 73238.992188 61462.398438
241 21.239763 61462.398438 66258.523438 73238.992188 61462.398438
242 21.332476 61462.398438 66022.992188 73238.992188 61462.398438
243 21.425016 61462.398438 66680.671875 94346.281250 61462.398438
244 21.521175 61462.398438 66258.531250 73238.992188 61462.398438
245 21.615837 61462.398438 66258.531250 73238.992188 61462.398438
246 21.706940 61462.398438 66023.000000 73238.992188 61462.398438
247 21.800055 61462.398438 66022.992188 73238.992188 61462.398438
248 21.881571 61462.398438 66022.992188 73238.992188 61462.398438
249 21.961697 61462.398438 66022.992188 73238.992188 61462.398438
250 22.051804 61462.398438 66209.523438 73238.992188 61462.398438
251 22.137285 61462.398438 66209.523438 73238.992188 61462.398438
252 22.222820 61462.398438 66122.460938 73238.992188 61462.398438
253 22.324167 61462.398438 65886.929688 73238.992188 61462.398438
254 22.404572 61462.398438 65886.921875 73238.992188 61462.398438
255 22.483582 61462.398438 65886.921875 73238.992188 61462.398438
256 22.558077 61462.398438 65651.390625 73238.992188 61462.398438
257 22.649584 61462.398438 65651.390625 73238.992188 61462.398438
258 22.744808 61462.398438 65651.390625 73238.992188 61462.398438
259 22.822699 61462.398438 65651.390625 73238.992188 61462.398438
260 22.902248 61462.398438 65415.859375 73238.992188 61462.398438
261 22.989836 61462.398438 65415.855469 73238.992188 61462.398438
262 23.074301 61462.398438 65415.855469 73238.992188 61462.398438
263 23.162729 61462.398438 65230.925781 73238.992188 61462.398438
264 23.253531 61462.398438 65230.925781 73238.992188 61462.398438
265 23.339647 61462.398438 65230.925781 73238.992188 61462.398438
266 23.432304 61462.398438 65230.914062 73238.992188 61462.398438
267 23.516300 61462.398438 64995.386719 73238.992188 61462.398438
268 23.614998 61462.398438 64995.386719 73238.992188 61462.398438
269 23.704679 61462.398438 64995.386719 73238.992188 61462.398438
270 23.789972 61462.398438 65640.304688 105484.992188 61462.398438
271 23.873379 61462.398438 64995.390625 73238.992188 61462.398438
272 23.958481 61462.398438 64995.390625 73238.992188 61462.398438
273 24.045233 61462.398438 64995.390625 73238.992188 61462.398438
274 24.131351 61462.398438 64759.859375 73238.992188 61462.398438
275 24.211443 61462.398438 65369.644531 91952.093750 61462.398438
276 24.311016 61462.398438 64973.023438 73238.992188 61462.398438
277 24.410639 61462.398438 64973.023438 73238.992188 61462.398438
278 24.474289 61462.398438 64973.023438 73238.992188 61462.398438
279 24.571648 61462.398438 64973.019531 73238.992188 61462.398438
280 24.648342 61462.398438 64973.023438 73238.992188 61462.398438
281 24.738073 61462.398438 64973.023438 73238.992188 61462.398438
282 24.822983 61462.398438 64737.496094 73238.992188 61462.398438
283 24.902538 61462.398438 65493.468750 109919.437500 61462.398438
284 25.000393 61462.398438 64761.683594 73330.210938 61462.398438
285 25.092705 61462.398438 65757.742188 85028.640625 61462.398438
286 25.186169 61462.398438 65619.992188 85028.640625 61462.398438
287 25.275436 61462.398438 65466.726562 85028.640625 61462.398438
288 25.346512 61462.398438 65230.929688 73238.992188 61462.398438
289 25.437920 61462.398438 64759.871094 73238.992188 61462.398438
290 25.530327 61462.398438 64759.871094 73238.992188 61462.398438
291 25.619007 61462.398438 64524.339844 73238.992188 61462.398438
292 25.706034 61462.398438 64524.339844 73238.992188 61462.398438
293 25.779242 61462.398438 64288.804688 73238.992188 61462.398438
294 25.876986 61462.398438 64400.218750 78809.867188 61462.398438
295 25.965225 61462.398438 64328.718750 73238.992188 61462.398438
296 26.054953 61462.398438 64475.593750 73238.992188 61462.398438
297 26.150568 61462.398438 64604.730469 75262.664062 61462.398438
298 26.250727 61462.398438 64748.046875 73238.992188 61462.398438
299 26.346100 61462.398438 64708.128906 73238.992188 61462.398438
300 26.435408 61462.398438 64524.343750 73238.992188 61462.398438
301 26.533779 61462.398438 64524.343750 73238.992188 61462.398438
302 26.620363 61462.398438 64288.816406 73238.992188 61462.398438
303 26.717226 61462.398438 64288.808594 73238.992188 61462.398438
304 26.792368 61462.398438 64053.281250 73238.992188 61462.398438
305 26.886309 61462.398438 64053.281250 73238.992188 61462.398438
306 26.972673 61462.398438 64053.281250 73238.992188 61462.398438
307 27.060226 61462.398438 63817.750000 73238.992188 61462.398438
308 27.150763 61462.398438 63582.218750 73238.992188 61462.398438
309 27.228848 61462.398438 63582.218750 73238.992188 61462.398438
310 27.310265 61462.398438 64109.941406 87848.585938 61462.398438
311 27.393661 61462.398438 63817.750000 73238.992188 61462.398438
312 27.469875 61462.398438 63817.750000 73238.992188 61462.398438
313 27.563444 61462.398438 63817.750000 73238.992188 61462.398438
314 27.655664 61462.398438 63817.750000 73238.992188 61462.398438
315 27.748642 61462.398438 63582.218750 73238.992188 61462.398438
316 27.841663 61462.398438 63582.218750 73238.992188 61462.398438
317 27.929388 61462.398438 63582.218750 73238.992188 61462.398438
318 28.006212 61462.398438 63346.691406 73238.992188 61462.398438
319 28.104588 61462.398438 64041.625000 107985.789062 61462.398438
320 28.187904 61462.398438 63717.640625 80009.843750 61462.398438
321 28.269857 61462.398438 63582.226562 73238.992188 61462.398438
322 28.362312 61462.398438 63582.218750 73238.992188 61462.398438
323 28.450584 61462.398438 63582.218750 73238.992188 61462.398438
324 28.554213 61462.398438 63582.218750 73238.992188 61462.398438
325 28.640663 61462.398438 63582.214844 73238.992188 61462.398438
326 28.736040 61462.398438 63582.218750 73238.992188 61462.398438
327 28.817474 61462.398438 63582.214844 73238.992188 61462.398438
328 28.892197 61462.398438 63346.683594 73238.992188 61462.398438
329 28.988680 61462.398438 63111.156250 73238.992188 61462.398438
330 29.074268 61462.398438 63111.156250 73238.992188 61462.398438
331 29.159369 61462.398438 63111.156250 73238.992188 61462.398438
332 29.256916 61462.398438 63111.156250 73238.992188 61462.398438
333 29.362692 61462.398438 63111.156250 73238.992188 61462.398438
334 29.452896 61462.398438 62875.625000 73238.992188 61462.398438
335 29.545645 61462.398438 62640.093750 73238.992188 61462.398438
336 29.629633 61462.398438 62640.093750 73238.992188 61462.398438
337 29.717102 61462.398438 62640.093750 73238.992188 61462.398438
338 29.807224 61462.398438 62640.093750 73238.992188 61462.398438
339 29.889494 61462.398438 62404.566406 73238.992188 61462.398438
340 29.984615 61462.398438 62404.566406 73238.992188 61462.398438
341 30.073915 61462.398438 62404.566406 73238.992188 61462.398438
342 30.163744 61462.398438 62404.558594 73238.992188 61462.398438
343 30.249380 61462.398438 62404.558594 73238.992188 61462.398438
344 30.344038 61462.398438 62404.558594 73238.992188 61462.398438
345 30.416716 61462.398438 62169.031250 73238.992188 61462.398438
346 30.505278 61462.398438 61933.500000 73238.992188 61462.398438
347 30.605232 61462.398438 61697.968750 73238.992188 61462.398438
348 30.683458 61462.398438 62247.433594 88935.570312 61462.398438
349 30.772470 61462.398438 61697.976562 73238.992188 61462.398438
350 30.850328 61462.398438 61697.976562 73238.992188 61462.398438
351 30.944386 61462.398438 61697.968750 73238.992188 61462.398438
352 31.032080 61462.398438 61697.968750 73238.992188 61462.398438
353 31.116947 61462.398438 61697.968750 73238.992188 61462.398438
354 31.205189 61462.398438 61697.968750 73238.992188 61462.398438
355 31.284298 61462.398438 61697.968750 73238.992188 61462.398438
356 31.373171 61462.398438 61697.968750 73238.992188 61462.398438
357 31.460014 61462.398438 61697.968750 73238.992188 61462.398438
358 31.538227 61462.398438 61697.968750 73238.992188 61462.398438
359 31.616428 61462.398438 61462.441406 61462.445312 61462.398438
360 31.706747 61462.398438 61462.441406 61462.445312 61462.398438
361 31.797260 61462.398438 61462.441406 61462.457031 61462.398438
362 31.885441 61462.398438 61462.441406 61462.457031 61462.398438
363 31.975206 61462.398438 61462.441406 61462.457031 61462.398438
364 32.059608 61462.398438 62055.156250 91098.210938 61462.398438
365 32.152706 61462.398438 61462.445312 61462.457031 61462.398438
366 32.251587 61462.398438 61462.445312 61462.457031 61462.398438
367 32.323326 61462.398438 61462.441406 61462.457031 61462.398438
368 32.408512 61462.398438 61462.441406 61462.457031 61462.398438
369 32.495106 61462.398438 61462.441406 61462.457031 61462.398438
370 32.575867 61462.398438 61462.441406 61462.441406 61462.398438
371 32.673771 61462.398438 61462.441406 61462.441406 61462.398438
372 32.752335 61462.398438 61462.441406 61462.441406 61462.398438
373 32.854671 61462.398438 61462.441406 61462.441406 61462.398438
374 32.946823 61462.398438 61462.441406 61462.441406 61462.398438
375 33.035091 61462.394531 61462.441406 61462.441406 61462.398438
376 33.136772 61462.394531 61462.433594 61462.441406 61462.394531
377 33.223354 61462.394531 61462.441406 61462.441406 61462.394531
378 33.314945 61462.394531 61475.019531 62091.777344 61462.394531
379 33.402081 61462.394531 61475.023438 62091.777344 61462.394531
380 33.494980 61462.394531 61462.441406 61462.441406 61462.394531
381 33.569794 61462.394531 61462.433594 61462.441406 61462.394531
382 33.653294 61462.394531 61462.433594 61462.441406 61462.394531
383 33.746933 61462.394531 61462.433594 61462.441406 61462.394531
384 33.830425 61462.394531 61462.433594 61462.441406 61462.394531
385 33.910969 61462.394531 61462.433594 61462.441406 61462.394531
386 34.004791 61462.394531 61462.433594 61462.441406 61462.394531
387 34.091854 61462.394531 61462.433594 61462.441406 61462.394531
388 34.192287 61462.394531 61462.433594 61462.441406 61462.394531
389 34.287785 61462.394531 61462.433594 61462.441406 61462.394531
390 34.365280 61462.394531 61462.433594 61462.441406 61462.394531
391 34.457527 61462.394531 61462.433594 61462.441406 61462.394531
392 34.546101 61462.394531 61462.433594 61462.437500 61462.394531
393 34.644562 61462.394531 61462.433594 61462.437500 61462.394531
394 34.737209 61462.394531 61462.429688 61462.437500 61462.394531
395 34.820705 61462.394531 61462.433594 61462.437500 61462.394531
396 34.914818 61462.394531 61462.433594 61462.437500 61462.394531
397 34.999413 61462.394531 61462.429688 61462.437500 61462.394531
398 35.088676 61462.394531 61462.429688 61462.437500 61462.394531
399 35.175976 61462.394531 61462.429688 61462.437500 61462.394531
400 35.268055 61462.394531 61677.441406 72212.968750 61462.394531
401 35.354637 61462.394531 61750.300781 72212.968750 61462.394531
402 35.449738 61462.394531 61535.289062 65105.281250 61462.394531
403 35.534458 61462.394531 61535.289062 65105.281250 61462.394531
404 35.617073 61462.394531 61535.289062 65105.281250 61462.394531
405 35.703831 61462.394531 61535.289062 65105.281250 61462.394531
406 35.796913 61462.394531 61462.433594 61462.441406 61462.394531
407 35.888939 61462.394531 61462.429688 61462.441406 61462.394531
408 35.971508 61462.394531 61462.433594 61462.441406 61462.394531
409 36.061443 61462.394531 61462.433594 61462.441406 61462.394531
410 36.164631 61462.394531 61462.433594 61462.441406 61462.394531
411 36.262749 61462.394531 61565.511719 66616.476562 61462.394531
412 36.351860 61462.394531 61565.511719 66616.476562 61462.394531
413 36.451080 61462.394531 61462.429688 61462.441406 61462.394531
414 36.530800 61462.394531 61462.429688 61462.441406 61462.394531
415 36.617599 61462.394531 61462.429688 61462.437500 61462.394531
416 36.706177 61462.394531 61462.429688 61462.437500 61462.394531
417 36.801456 61462.394531 61462.429688 61462.437500 61462.394531
418 36.878902 61462.394531 61462.429688 61462.437500 61462.394531
419 36.953499 61462.394531 61462.429688 61462.437500 61462.394531
420 37.033684 61462.394531 61462.429688 61462.437500 61462.394531
421 37.121033 61462.394531 61462.429688 61462.437500 61462.394531
422 37.202888 61462.394531 61462.429688 61462.437500 61462.394531
423 37.286777 61462.394531 61462.429688 61462.437500 61462.394531
424 37.358513 61462.394531 61462.429688 61462.437500 61462.394531
425 37.457779 61462.394531 61462.429688 61462.437500 61462.394531
426 37.551304 61462.394531 61942.316406 85456.515625 61462.394531
427 37.645264 61462.394531 62026.214844 85456.515625 61462.394531
428 37.742565 61462.394531 61546.335938 65657.695312 61462.394531
429 37.835136 61462.394531 61546.335938 65657.695312 61462.394531
430 37.910328 61462.394531 61546.335938 65657.695312 61462.394531
431 38.002331 61462.394531 61546.335938 65657.695312 61462.394531
432 38.101696 61462.394531 61546.335938 65657.695312 61462.394531
433 38.185066 61462.394531 61546.335938 65657.695312 61462.394531
434 38.262535 61462.394531 62126.750000 90483.210938 61462.394531
435 38.338192 61462.394531 61560.441406 65657.695312 61462.394531
436 38.409447 61462.394531 61476.535156 62167.812500 61462.394531
437 38.479542 61462.394531 61462.429688 61462.441406 61462.394531
438 38.569233 61462.394531 61574.890625 67085.593750 61462.394531
439 38.665661 61462.394531 61574.890625 67085.593750 61462.394531
440 38.759869 61462.394531 61574.890625 67085.593750 61462.394531
441 38.855858 61462.394531 61574.890625 67085.593750 61462.394531
442 38.937088 61462.394531 61574.890625 67085.593750 61462.394531
443 39.023163 61462.394531 61574.890625 67085.593750 61462.394531
444 39.119122 61462.394531 61574.890625 67085.593750 61462.394531
445 39.210251 61462.394531 61574.890625 67085.593750 61462.394531
446 39.296986 61462.394531 61574.890625 67085.593750 61462.394531
447 39.383549 61462.394531 61462.429688 61462.437500 61462.394531
448 39.477524 61462.394531 62256.640625 101172.890625 61462.394531
449 39.555607 61462.394531 62256.640625 101172.890625 61462.394531
450 39.646084 61462.394531 62256.640625 101172.890625 61462.394531
451 39.740101 61462.394531 62684.628906 101172.890625 61462.394531
452 39.814484 61462.394531 61890.421875 82861.937500 61462.394531
453 39.898937 61462.394531 61462.429688 61462.449219 61462.394531
454 39.987625 61462.394531 61462.429688 61462.449219 61462.394531
455 40.066967 61462.394531 61462.429688 61462.449219 61462.394531
456 40.160469 61462.394531 61462.429688 61462.449219 61462.394531
457 40.252190 61462.394531 61462.429688 61462.449219 61462.394531
458 40.340473 61462.394531 61462.429688 61462.449219 61462.394531
459 40.436741 61462.394531 61462.429688 61462.449219 61462.394531
460 40.529427 61462.394531 61462.429688 61462.449219 61462.394531
461 40.628456 61462.394531 61462.429688 61462.437500 61462.394531
462 40.721703 61462.394531 61462.429688 61462.437500 61462.394531
463 40.821869 61462.394531 61462.429688 61462.437500 61462.394531
464 40.907555 61462.394531 61462.429688 61462.437500 61462.394531
465 40.988186 61462.394531 61462.429688 61462.437500 61462.394531
466 41.074360 61462.394531 61630.253906 69853.562500 61462.394531
467 41.165634 61462.394531 62033.003906 81600.132812 61462.394531
468 41.260426 61462.394531 61630.250000 69853.562500 61462.394531
469 41.353493 61462.394531 62062.195312 83059.617188 61462.394531
470 41.444969 61462.394531 62062.191406 83059.617188 61462.394531
471 41.536015 61462.394531 61630.250000 69853.562500 61462.394531
472 41.620815 61462.394531 61910.890625 75494.445312 61462.398438
473 41.701584 61462.394531 62034.503906 73238.976562 61462.398438
474 41.784977 61462.394531 62034.500000 73238.976562 61462.398438
475 41.896927 61462.394531 62034.500000 73238.976562 61462.398438
476 41.982616 61462.394531 61865.781250 73238.976562 61462.398438
477 42.072289 61462.394531 61630.250000 69853.562500 61462.398438
478 42.160824 61462.394531 61630.250000 69853.562500 61462.398438
479 42.247879 61462.394531 61630.250000 69853.562500 61462.398438
480 42.345108 61462.394531 61630.250000 69853.562500 61462.398438
481 42.438541 61462.394531 61630.250000 69853.562500 61462.398438
482 42.528687 61462.394531 61630.250000 69853.562500 61462.398438
483 42.619446 61462.394531 61729.839844 69853.562500 61462.398438
484 42.706158 61462.394531 61729.839844 69853.562500 61462.398438
485 42.785133 61462.394531 61562.019531 66441.976562 61462.398438
486 42.875484 61462.394531 61562.019531 66441.976562 61462.398438
487 42.968361 61462.394531 61562.019531 66441.976562 61462.398438
488 43.059586 61462.394531 61562.019531 66441.976562 61462.398438
489 43.151676 61462.394531 61562.019531 66441.976562 61462.398438
490 43.245590 61462.394531 61562.019531 66441.976562 61462.398438
491 43.342712 61462.394531 61562.019531 66441.976562 61462.398438
492 43.437344 61462.394531 61562.019531 66441.976562 61462.398438
493 43.533340 61462.394531 61562.019531 66441.976562 61462.398438
494 43.623287 61462.394531 61621.546875 66441.976562 61462.398438
495 43.715858 61462.394531 61621.546875 66441.976562 61462.398438
496 43.804680 61462.394531 61621.546875 66441.976562 61462.398438
497 43.888741 61462.394531 62093.046875 90016.835938 61462.398438
498 43.988152 61462.394531 62093.039062 90016.835938 61462.398438
499 44.092690 61462.394531 62093.039062 90016.835938 61462.398438
500 44.185497 61462.394531 62033.515625 90016.835938 61462.398438
501 44.265610 61462.394531 62033.515625 90016.835938 61462.398438
502 44.357258 61462.394531 62033.515625 90016.835938 61462.398438
503 44.466820 61462.394531 62033.515625 90016.835938 61462.398438
504 44.562527 61462.394531 62033.515625 90016.835938 61462.398438
505 44.657612 61462.394531 62033.515625 90016.835938 61462.398438
506 44.754932 61462.394531 62033.515625 90016.835938 61462.398438
507 44.830105 61462.394531 62033.515625 90016.835938 61462.398438
508 44.922787 61462.394531 62033.515625 90016.835938 61462.398438
509 44.997135 61462.394531 62033.515625 90016.835938 61462.398438
510 45.086494 61462.394531 62033.515625 90016.835938 61462.398438
511 45.183193 61462.394531 62033.515625 90016.835938 61462.398438
512 45.268867 61462.394531 62033.515625 90016.835938 61462.398438
513 45.358318 61462.394531 62033.515625 90016.835938 61462.398438
514 45.437000 61462.394531 62805.320312 100052.703125 61462.398438
515 45.511944 61462.394531 62033.515625 90016.835938 61462.398438
516 45.609589 61462.394531 62033.515625 90016.835938 61462.398438
517 45.683655 61462.394531 61462.429688 61462.445312 61462.398438
518 45.761688 61462.394531 61462.429688 61462.445312 61462.398438
519 45.853039 61462.394531 61462.429688 61462.445312 61462.398438
520 45.945591 61462.394531 61462.429688 61462.445312 61462.398438
521 46.038601 61462.394531 61462.429688 61462.441406 61462.398438
522 46.135391 61462.394531 61462.429688 61462.441406 61462.398438
523 46.233528 61462.394531 61462.429688 61462.441406 61462.398438
524 46.342548 61462.394531 61462.429688 61462.441406 61462.398438
525 46.430611 61462.394531 61819.960938 79338.765625 61462.398438
526 46.527821 61462.394531 61819.953125 79338.765625 61462.398438
527 46.616222 61462.394531 61819.953125 79338.765625 61462.398438
528 46.711464 61462.394531 61667.484375 71715.195312 61462.398438
529 46.803162 61462.394531 61796.070312 71715.195312 61462.398438
530 46.889874 61462.394531 61591.015625 67891.859375 61462.398438
531 46.964039 61462.394531 61591.015625 67891.859375 61462.398438
532 47.047287 61462.394531 61462.429688 61462.449219 61462.398438
533 47.137169 61462.394531 61462.429688 61462.445312 61462.398438
534 47.214600 61462.394531 61462.429688 61462.445312 61462.398438
535 47.294960 61462.394531 61462.429688 61462.445312 61462.398438
536 47.373264 61462.394531 61462.429688 61462.445312 61462.398438
537 47.453533 61462.394531 61462.429688 61462.445312 61462.398438
538 47.551407 61462.394531 61462.429688 61462.445312 61462.398438
539 47.635063 61462.394531 61462.429688 61462.445312 61462.398438
540 47.711536 61462.394531 61462.429688 61462.445312 61462.398438
541 47.805111 61462.394531 61462.429688 61462.441406 61462.398438
542 47.896820 61462.394531 61462.429688 61462.437500 61462.398438
543 47.986431 61462.394531 61462.429688 61462.437500 61462.398438
544 48.078247 61462.394531 61462.429688 61462.437500 61462.398438
545 48.176804 61462.394531 61462.429688 61462.437500 61462.398438
546 48.268959 61462.394531 62529.988281 93822.765625 61462.398438
547 48.368294 61462.394531 61882.781250 82480.117188 61462.398438
548 48.465023 61462.394531 61462.429688 61462.441406 61462.398438
549 48.554085 61462.394531 61462.429688 61462.441406 61462.398438
550 48.635216 61462.394531 61462.429688 61462.437500 61462.398438
551 48.710583 61462.394531 61462.429688 61462.437500 61462.398438
552 48.808559 61462.394531 61462.429688 61462.437500 61462.398438
553 48.898960 61462.394531 61462.429688 61462.437500 61462.398438
554 49.009792 61462.394531 61558.875000 66284.898438 61462.398438
555 49.100132 61462.394531 61987.546875 82607.726562 61462.398438
556 49.194904 61462.394531 61985.843750 72220.679688 61462.398438
557 49.274506 61462.394531 61774.046875 72220.679688 61462.398438
558 49.367130 61462.394531 61558.878906 66284.898438 61462.398438
559 49.475079 61462.394531 61558.878906 66284.898438 61462.398438
560 49.558960 61462.394531 61558.878906 66284.898438 61462.398438
561 49.644093 61462.394531 61921.574219 79597.085938 61462.398438
562 49.740387 61462.394531 61921.570312 79597.085938 61462.398438
563 49.830479 61462.394531 61921.570312 79597.085938 61462.398438
564 49.928360 61462.394531 61825.121094 79597.085938 61462.398438
565 50.019012 61462.394531 61825.121094 79597.085938 61462.398438
566 50.097618 61462.394531 62876.375000 90680.687500 61462.398438
567 50.185673 61462.394531 62490.589844 84806.742188 61462.398438
568 50.261658 61462.394531 62490.589844 84806.742188 61462.398438
569 50.344315 61462.394531 62490.589844 84806.742188 61462.398438
570 50.425282 61462.394531 62209.949219 84806.742188 61462.394531
571 50.511791 61462.394531 62209.949219 84806.742188 61462.394531
572 50.597912 61462.394531 62209.949219 84806.742188 61462.394531
573 50.686863 61462.394531 61743.066406 75494.328125 61462.394531
574 50.788139 61462.394531 61462.429688 61462.457031 61462.394531
575 50.871075 61462.394531 61462.429688 61462.457031 61462.394531
576 50.956905 61462.394531 61462.429688 61462.445312 61462.394531
577 51.067822 61462.394531 61462.429688 61462.445312 61462.394531
578 51.150070 61462.394531 61462.429688 61462.445312 61462.394531
579 51.243427 61462.394531 61462.429688 61462.441406 61462.394531
580 51.330040 61462.394531 61462.429688 61462.441406 61462.394531
581 51.427650 61462.394531 61462.429688 61462.437500 61462.394531
582 51.498283 61462.394531 61926.171875 84649.375000 61462.394531
583 51.584122 61462.394531 62654.109375 97859.492188 61462.394531
584 51.673592 61462.394531 61926.171875 84649.375000 61462.394531
585 51.762627 61462.394531 61926.171875 84649.375000 61462.394531
586 51.863468 61462.394531 61926.171875 84649.375000 61462.394531
587 51.957920 61462.394531 61926.171875 84649.375000 61462.394531
588 52.058132 61462.394531 61926.171875 84649.375000 61462.394531
589 52.154747 61462.394531 61926.171875 84649.375000 61462.394531
590 52.245823 61462.394531 61926.171875 84649.375000 61462.394531
591 52.345631 61462.394531 61926.171875 84649.375000 61462.394531
592 52.446640 61462.394531 61926.171875 84649.375000 61462.394531
593 52.540688 61462.394531 61926.171875 84649.375000 61462.394531
594 52.632034 61462.394531 61961.570312 84649.375000 61462.394531
595 52.721718 61462.394531 62090.601562 83374.101562 61462.394531
596 52.825241 61462.394531 61616.964844 69189.179688 61462.394531
597 52.916183 61462.394531 61616.964844 69189.179688 61462.394531
598 52.997204 61462.394531 61616.964844 69189.179688 61462.394531
599 53.079937 61462.394531 61462.429688 61462.445312 61462.394531
600 53.169758 61462.394531 61462.429688 61462.437500 61462.394531
601 53.269047 61462.394531 61462.429688 61462.437500 61462.394531
602 53.353336 61462.394531 61462.429688 61462.437500 61462.394531
603 53.440125 61462.394531 61462.429688 61462.437500 61462.394531
604 53.538456 61462.394531 61462.429688 61462.437500 61462.394531
605 53.617073 61462.394531 61462.429688 61462.437500 61462.394531
606 53.698925 61462.394531 61528.386719 64760.101562 61462.394531
607 53.780735 61462.394531 61610.128906 65549.882812 61462.394531
608 53.853436 61462.394531 61544.179688 65549.882812 61462.394531
609 53.929417 61462.394531 61544.179688 65549.882812 61462.394531
610 54.010639 61462.394531 61662.214844 67364.171875 61462.394531
611 54.101807 61462.394531 61662.214844 67364.171875 61462.394531
612 54.196030 61462.394531 61544.179688 65549.882812 61462.394531
613 54.292088 61462.394531 61544.179688 65549.882812 61462.394531
614 54.384022 61462.394531 62107.718750 89639.429688 61462.394531
615 54.466576 61462.394531 62179.343750 89639.429688 61462.394531
616 54.547726 61462.394531 62097.593750 89639.429688 61462.394531
617 54.620159 61462.394531 62097.593750 89639.429688 61462.394531
618 54.699394 61462.394531 62097.593750 89639.429688 61462.394531
619 54.782200 61462.394531 62025.968750 89639.429688 61462.394531
620 54.867237 61462.394531 61462.429688 61462.445312 61462.394531
621 54.949928 61462.394531 61462.429688 61462.445312 61462.394531
622 55.037102 61462.394531 61462.429688 61462.445312 61462.394531
623 55.117737 61462.394531 61846.808594 80681.242188 61462.394531
624 55.198261 61462.394531 61846.804688 80681.242188 61462.394531
625 55.279575 61462.394531 61846.804688 80681.242188 61462.394531
626 55.356495 61462.394531 61846.804688 80681.242188 61462.394531
627 55.444641 61462.394531 61462.429688 61462.441406 61462.394531
628 55.536591 61462.394531 61462.429688 61462.441406 61462.394531
629 55.626633 61462.394531 61462.429688 61462.441406 61462.394531
630 55.718529 61462.394531 61462.429688 61462.441406 61462.394531
631 55.814144 61462.394531 61462.429688 61462.441406 61462.394531
632 55.898331 61462.394531 61462.429688 61462.441406 61462.394531
633 55.988129 61462.394531 61852.113281 80946.656250 61462.394531
634 56.075699 61462.394531 61852.113281 80946.656250 61462.394531
635 56.152409 61462.394531 61852.113281 80946.656250 61462.394531
636 56.237461 61462.394531 61657.871094 71234.429688 61462.394531
637 56.337494 61462.394531 61782.628906 71234.429688 61462.394531
638 56.428806 61462.394531 61587.191406 67700.554688 61462.394531
639 56.519928 61462.394531 61587.191406 67700.554688 61462.394531
640 56.624542 61462.394531 61462.429688 61462.453125 61462.394531
641 56.703621 61462.394531 61487.343750 62708.304688 61462.394531
642 56.789948 61462.394531 61602.046875 67197.476562 61462.394531
643 56.859665 61462.394531 61602.046875 67197.476562 61462.394531
644 56.949905 61462.394531 61487.343750 62708.304688 61462.394531
645 57.037704 61462.394531 61487.343750 62708.304688 61462.394531
646 57.125557 61462.394531 61462.429688 61462.457031 61462.394531
647 57.221889 61462.394531 61462.429688 61462.453125 61462.394531
648 57.306454 61462.394531 61462.429688 61462.441406 61462.394531
649 57.391659 61462.394531 61462.429688 61462.441406 61462.394531
650 57.483639 61462.394531 61462.429688 61462.441406 61462.394531
651 57.571754 61462.394531 61462.429688 61462.437500 61462.394531
652 57.674320 61462.394531 61462.429688 61462.437500 61462.394531
653 57.758892 61462.394531 61462.429688 61462.437500 61462.394531
654 57.852715 61462.394531 61462.429688 61462.433594 61462.394531
655 57.946495 61462.394531 61462.429688 61462.433594 61462.394531
656 58.034374 61462.394531 61462.429688 61462.433594 61462.394531
657 58.104477 61462.394531 61462.429688 61462.433594 61462.394531
658 58.187145 61462.394531 61462.429688 61462.433594 61462.394531
659 58.279411 61462.394531 61462.429688 61462.433594 61462.394531
660 58.359440 61462.394531 61462.429688 61462.433594 61462.394531
661 58.460529 61462.394531 61462.429688 61462.433594 61462.394531
662 58.553753 61462.394531 61462.429688 61462.433594 61462.394531
663 58.652935 61462.394531 61462.429688 61462.433594 61462.394531
664 58.735123 61462.394531 61462.429688 61462.433594 61462.394531
665 58.826893 61462.394531 61462.429688 61462.433594 61462.394531
666 58.926289 61462.394531 61462.429688 61462.433594 61462.394531
667 59.006634 61462.394531 61462.429688 61462.433594 61462.394531
668 59.079781 61462.394531 61462.429688 61462.433594 61462.394531
669 59.154385 61462.394531 61462.429688 61462.433594 61462.394531
670 59.239399 61462.394531 61462.429688 61462.433594 61462.394531
671 59.347248 61462.394531 61462.429688 61462.433594 61462.394531
672 59.439159 61462.394531 61462.429688 61462.433594 61462.394531
673 59.520920 61462.394531 61462.429688 61462.433594 61462.394531
674 59.602497 61462.394531 61462.429688 61462.433594 61462.394531
675 59.696175 61462.394531 61462.429688 61462.433594 61462.394531
676 59.791191 61462.394531 61462.429688 61462.433594 61462.394531
677 59.879883 61462.394531 61462.429688 61462.433594 61462.394531
678 59.972569 61462.394531 61462.429688 61462.433594 61462.394531
679 60.050793 61462.394531 61462.429688 61462.433594 61462.394531
680 60.143089 61462.394531 61462.429688 61462.433594 61462.394531
681 60.225449 61462.394531 61462.429688 61462.433594 61462.394531
682 60.323647 61462.394531 61462.429688 61462.433594 61462.394531
683 60.407936 61462.394531 61462.429688 61462.433594 61462.394531
684 60.487713 61462.394531 61462.429688 61462.433594 61462.394531
685 60.580418 61462.394531 62310.335938 103857.750000 61462.394531
686 60.677914 61462.394531 62310.335938 103857.750000 61462.394531
687 60.776115 61462.394531 62826.886719 103857.750000 61462.394531
688 60.858257 61462.394531 62310.335938 103857.750000 61462.394531
689 60.947453 61462.394531 61462.429688 61462.437500 61462.394531
690 61.047157 61462.394531 62012.000000 88940.843750 61462.394531
691 61.128857 61462.394531 62011.996094 88940.843750 61462.394531
692 61.218971 61462.394531 62011.996094 88940.843750 61462.394531
693 61.304047 61462.394531 62011.996094 88940.843750 61462.394531
694 61.401207 61462.394531 62011.996094 88940.843750 61462.394531
695 61.478455 61462.394531 61462.429688 61462.437500 61462.394531
696 61.554348 61462.394531 62055.734375 91127.578125 61462.394531
697 61.656025 61462.394531 62055.730469 91127.578125 61462.394531
698 61.746395 61462.394531 62055.730469 91127.578125 61462.394531
699 61.816143 61462.394531 61462.429688 61462.445312 61462.394531
700 61.900639 61462.394531 61462.429688 61462.445312 61462.394531
701 61.979279 61462.394531 62304.449219 86377.734375 61462.394531
702 62.075382 61462.394531 62304.441406 86377.625000 61462.394531
703 62.163784 61462.394531 61960.730469 86377.625000 61462.394531
704 62.249962 61462.394531 61960.730469 86377.625000 61462.394531
705 62.339600 61462.394531 61960.730469 86377.625000 61462.394531
706 62.424679 61462.394531 61960.730469 86377.625000 61462.394531
707 62.519581 61462.394531 61960.730469 86377.625000 61462.394531
708 62.608799 61462.394531 61960.730469 86377.625000 61462.394531
709 62.689777 61462.394531 61462.429688 61462.445312 61462.394531
710 62.768764 61462.394531 61462.429688 61462.445312 61462.394531
711 62.840031 61462.394531 61462.429688 61462.445312 61462.394531
712 62.924885 61462.394531 62399.468750 86249.968750 61462.394531
713 63.006241 61462.394531 62759.304688 86249.968750 61462.394531
714 63.096367 61462.394531 62759.300781 86249.968750 61462.394531
715 63.192169 61462.394531 62759.300781 86249.968750 61462.394531
716 63.287922 61462.394531 62746.910156 86249.968750 61462.394531
717 63.375763 61462.394531 62746.910156 86249.968750 61462.394531
718 63.462009 61462.394531 62746.910156 86249.968750 61462.394531
719 63.544865 61462.394531 62399.464844 86249.968750 61462.394531
720 63.629505 61462.394531 62150.308594 83526.750000 61462.394531
721 63.714046 61462.394531 62097.710938 83526.750000 61462.394531
722 63.794277 61462.394531 62097.703125 83526.750000 61462.394531
723 63.863400 61462.394531 62234.253906 83526.750000 61462.394531
724 63.955269 61462.394531 62134.320312 75298.968750 61462.394531
725 64.052757 61462.394531 61969.800781 75298.968750 61462.394531
726 64.134819 61462.394531 61970.156250 75298.968750 61462.394531
727 64.223778 61462.394531 61768.988281 75298.968750 61462.394531
728 64.311745 61462.394531 61768.988281 75298.968750 61462.394531
729 64.401024 61462.394531 61492.261719 62954.085938 61462.394531
730 64.492996 61462.394531 62297.406250 101719.617188 61462.394531
731 64.597527 61462.394531 62297.398438 101719.617188 61462.394531
732 64.693047 61462.394531 62297.398438 101719.617188 61462.394531
733 64.790939 61462.394531 62297.398438 101719.617188 61462.394531
734 64.884407 61462.394531 62297.398438 101719.617188 61462.394531
735 64.976974 61462.394531 61492.261719 62954.085938 61462.394531
736 65.068810 61462.394531 61492.261719 62954.085938 61462.394531
737 65.148201 61462.394531 61492.261719 62954.085938 61462.394531
738 65.227333 61462.394531 61967.746094 85236.585938 61462.394531
739 65.323174 61462.394531 62743.074219 86732.656250 61462.394531
740 65.416939 61462.394531 62473.144531 86732.656250 61462.394531
741 65.504738 61462.394531 62443.316406 86732.656250 61462.394531
742 65.591751 61462.394531 62443.316406 86732.656250 61462.394531
743 65.681168 61462.394531 62443.316406 86732.656250 61462.394531
744 65.775909 61462.394531 62443.316406 86732.656250 61462.394531
745 65.867249 61462.394531 62443.316406 86732.656250 61462.394531
746 65.948326 61462.394531 62881.816406 86732.656250 61462.394531
747 66.040588 61462.394531 62881.808594 86732.656250 61462.394531
748 66.131042 61462.394531 62881.808594 86732.656250 61462.394531
749 66.216934 61462.394531 62881.808594 86732.656250 61462.394531
750 66.316696 61462.394531 62881.808594 86732.656250 61462.394531
751 66.395996 61462.394531 61937.910156 85236.585938 61462.394531
752 66.498947 61462.394531 61937.910156 85236.585938 61462.394531
753 66.599533 61462.394531 61937.910156 85236.585938 61462.394531
754 66.696419 61462.394531 61937.910156 85236.585938 61462.394531
755 66.799889 61462.394531 61937.910156 85236.585938 61462.394531
756 66.880867 61462.394531 61937.910156 85236.585938 61462.394531
757 66.972992 61462.394531 61462.429688 61462.441406 61462.394531
758 67.055283 61462.394531 61462.429688 61462.441406 61462.394531
759 67.143486 61462.394531 61462.425781 61462.441406 61462.394531
760 67.234970 61462.394531 61462.425781 61462.437500 61462.394531
761 67.320030 61462.394531 61907.515625 83716.812500 61462.394531
762 67.390327 61462.394531 61907.511719 83716.812500 61462.394531
763 67.465752 61462.394531 61907.511719 83716.812500 61462.394531
764 67.564606 61462.394531 62814.976562 106835.468750 61462.394531
765 67.649391 61462.394531 61907.511719 83716.812500 61462.394531
766 67.747055 61462.394531 61907.511719 83716.812500 61462.394531
767 67.836128 61462.394531 61462.425781 61462.441406 61462.394531
768 67.926804 61462.394531 61745.390625 75610.460938 61462.394531
769 68.022781 61462.394531 61462.429688 61462.449219 61462.394531
770 68.111900 61462.394531 61967.359375 86709.054688 61462.394531
771 68.201935 61462.394531 62527.808594 89484.984375 61462.394531
772 68.276421 61462.394531 62022.878906 89484.984375 61462.394531
773 68.369530 61462.394531 62066.468750 89484.984375 61462.394531
774 68.439949 61462.394531 61506.019531 63641.980469 61462.394531
775 68.518448 61462.394531 61506.019531 63641.980469 61462.394531
776 68.602608 61462.394531 61506.019531 63641.980469 61462.394531
777 68.684723 61462.394531 61462.429688 61462.449219 61462.394531
778 68.758713 61462.394531 61462.429688 61462.449219 61462.394531
779 68.844810 61462.394531 61462.429688 61462.449219 61462.394531
780 68.945793 61462.394531 61462.429688 61462.449219 61462.394531
781 69.026817 61462.394531 61462.429688 61462.445312 61462.394531
782 69.113861 61462.394531 61462.429688 61462.441406 61462.394531
783 69.204170 61462.394531 61462.429688 61462.441406 61462.394531
784 69.306465 61462.394531 61619.171875 69299.515625 61462.394531
785 69.391022 61462.394531 61462.429688 61462.441406 61462.394531
786 69.476311 61462.394531 61462.429688 61462.441406 61462.394531
787 69.565201 61462.394531 61462.429688 61462.441406 61462.394531
788 69.650482 61462.394531 61462.425781 61462.441406 61462.394531
789 69.742447 61462.394531 61462.425781 61462.441406 61462.394531
790 69.831764 61462.394531 61462.425781 61462.441406 61462.394531
791 69.910522 61462.394531 61462.425781 61462.441406 61462.394531
792 69.995285 61462.394531 61462.425781 61462.441406 61462.394531
793 70.083366 61462.394531 61462.425781 61462.441406 61462.394531
794 70.157013 61462.394531 62109.390625 93810.453125 61462.394531
795 70.244377 61462.394531 61462.425781 61462.441406 61462.394531
796 70.342209 61462.394531 61462.425781 61462.441406 61462.394531
797 70.425850 61462.394531 61462.425781 61462.441406 61462.394531
798 70.524696 61462.394531 61533.296875 65005.917969 61462.394531
799 70.617004 61462.394531 61533.296875 65005.917969 61462.394531
800 70.691238 61462.394531 61533.296875 65005.917969 61462.394531
801 70.784485 61462.394531 61533.296875 65005.917969 61462.394531
802 70.866913 61462.394531 61533.296875 65005.917969 61462.394531
803 70.952400 61462.394531 61533.296875 65005.917969 61462.394531
804 71.045830 61462.394531 61533.296875 65005.917969 61462.394531
805 71.132545 61462.394531 62016.605469 85627.710938 61462.394531
806 71.241478 61462.394531 61945.730469 85627.710938 61462.394531
807 71.339287 61462.394531 61945.730469 85627.710938 61462.394531
808 71.427505 61462.394531 61945.730469 85627.710938 61462.394531
809 71.520927 61462.394531 61945.730469 85627.710938 61462.394531
810 71.629517 61462.394531 61945.730469 85627.710938 61462.394531
811 71.697464 61462.394531 61462.425781 61462.437500 61462.394531
812 71.791901 61462.394531 61462.425781 61462.437500 61462.394531
813 71.887672 61462.394531 61462.425781 61462.437500 61462.394531
814 71.969604 61462.394531 62040.035156 90342.726562 61462.394531
815 72.045723 61462.394531 62237.730469 90342.726562 61462.394531
816 72.136032 61462.394531 61660.121094 71347.187500 61462.394531
817 72.216438 61462.394531 61576.238281 67153.218750 61462.394531
818 72.303680 61462.394531 61576.238281 67153.218750 61462.394531
819 72.378448 61462.394531 61576.238281 67153.218750 61462.394531
820 72.464073 61462.394531 61576.238281 67153.218750 61462.394531
821 72.582970 61462.394531 61576.238281 67153.218750 61462.394531
822 72.669479 61462.394531 61576.238281 67153.218750 61462.394531
823 72.746361 61462.394531 61576.238281 67153.218750 61462.394531
824 72.825211 61462.394531 62136.019531 89451.171875 61462.394531
825 72.912117 61462.394531 62136.015625 89451.171875 61462.394531
826 73.003670 61462.394531 62136.015625 89451.171875 61462.394531
827 73.094322 61462.394531 61576.238281 67153.218750 61462.394531
828 73.197983 61462.394531 61576.238281 67153.218750 61462.394531
829 73.281639 61462.394531 61576.238281 67153.218750 61462.394531
830 73.374290 61462.394531 62109.109375 88105.640625 61462.394531
831 73.462021 61462.394531 62109.109375 88105.640625 61462.394531
832 73.557076 61462.394531 62109.109375 88105.640625 61462.394531
833 73.644562 61462.394531 61828.804688 74090.429688 61462.394531
834 73.733757 61462.394531 61701.214844 67710.984375 61462.394531
835 73.821259 61462.394531 61576.246094 67153.218750 61462.394531
836 73.904770 61462.394531 61680.984375 67153.218750 61462.394531
837 73.986717 61462.394531 61576.246094 67153.218750 61462.394531
838 74.079391 61462.394531 61576.246094 67153.218750 61462.394531
839 74.176788 61462.394531 61462.429688 61462.441406 61462.394531
840 74.246704 61462.394531 61462.429688 61462.441406 61462.394531
841 74.338753 61462.394531 61462.429688 61462.441406 61462.394531
842 74.424057 61462.394531 61462.429688 61462.441406 61462.394531
843 74.515312 61462.394531 62057.488281 91215.554688 61462.394531
844 74.606941 61462.394531 62057.488281 91215.554688 61462.394531
845 74.687241 61462.394531 62675.214844 92348.578125 61462.394531
846 74.774361 61462.394531 62558.421875 91215.554688 61462.394531
847 74.862061 61462.394531 61963.359375 86508.960938 61462.394531
848 74.939186 61462.394531 62270.261719 86508.960938 61462.394531
849 75.036407 61462.394531 61769.328125 76807.445312 61462.394531
850 75.130974 61462.394531 61462.429688 61462.445312 61462.394531
851 75.205360 61462.394531 61462.429688 61462.441406 61462.394531
852 75.280960 61462.394531 61462.429688 61462.441406 61462.394531
853 75.388130 61462.394531 61462.429688 61462.441406 61462.394531
854 75.476448 61462.394531 61462.429688 61462.441406 61462.394531
855 75.554420 61462.394531 61462.429688 61462.441406 61462.394531
856 75.645271 61462.394531 61462.429688 61462.441406 61462.394531
857 75.723389 61462.394531 61667.699219 71725.781250 61462.394531
858 75.803055 61462.394531 61667.695312 71725.781250 61462.394531
859 75.880936 61462.394531 61462.429688 61462.441406 61462.394531
860 75.973343 61462.394531 61462.429688 61462.441406 61462.394531
861 76.065384 61462.394531 61462.429688 61462.441406 61462.394531
862 76.145157 61462.394531 61462.429688 61462.441406 61462.394531
863 76.238823 61462.394531 61462.429688 61462.441406 61462.394531
864 76.343193 61462.394531 61595.914062 68136.750000 61462.394531
865 76.423576 61462.394531 61669.039062 68136.750000 61462.394531
866 76.505653 61462.394531 61595.914062 68136.750000 61462.394531
867 76.594666 61462.394531 61595.914062 68136.750000 61462.394531
868 76.690826 61462.394531 61820.468750 72690.101562 61462.394531
869 76.784111 61462.394531 61686.980469 72690.101562 61462.394531
870 76.860435 61462.394531 61686.980469 72690.101562 61462.394531
871 76.951241 61462.394531 61462.429688 61462.441406 61462.394531
872 77.032005 61462.394531 61462.429688 61462.441406 61462.394531
873 77.114655 61462.394531 61462.429688 61462.441406 61462.394531
874 77.196983 61462.394531 61615.785156 69130.203125 61462.394531
875 77.293152 61462.394531 61615.785156 69130.179688 61462.394531
