0 0.000001 70632.289062 73208.781250 74759.945312 70632.289062
1 0.085560 69917.453125 73208.781250 74759.945312 70632.289062
2 0.164421 69917.453125 73229.070312 74759.945312 69917.453125
3 0.246082 69917.453125 73185.937500 74759.945312 69933.421875
4 0.337159 69093.953125 73276.562500 77843.445312 70063.453125
5 0.417361 67849.960938 73061.601562 77843.445312 69093.953125
6 0.496297 67396.203125 72931.484375 77843.445312 67849.960938
7 0.583702 66029.039062 72765.226562 77843.445312 67396.203125
8 0.677004 65626.484375 72616.828125 77843.445312 66029.039062
9 0.766248 65405.449219 72445.171875 77843.445312 65626.484375
10 0.855606 65405.449219 72308.632812 77843.445312 65405.449219
11 0.931771 65296.917969 72174.710938 77843.445312 65405.449219
12 1.018635 65039.570312 72016.171875 77843.445312 65296.917969
13 1.094751 64945.273438 71840.429688 77843.445312 65039.570312
14 1.187120 64414.832031 71767.468750 77843.445312 64945.273438
15 1.261275 64258.863281 71608.476562 73310.414062 64414.832031
16 1.346492 64160.820312 71551.851562 73310.414062 64258.863281
17 1.417513 64015.460938 71530.695312 73310.414062 64160.820312
18 1.504902 63906.832031 71502.765625 73310.414062 64015.460938
19 1.591598 63705.230469 71484.335938 73310.414062 63906.832031
20 1.676722 63705.230469 71449.335938 73310.414062 63705.230469
21 1.756604 63652.820312 71429.000000 73310.414062 63705.230469
22 1.830450 63312.617188 71395.867188 73310.414062 63652.820312
23 1.918303 63312.617188 71379.250000 73310.414062 63312.617188
24 2.000494 63312.617188 71369.726562 73310.414062 63312.617188
25 2.083184 63230.117188 71328.484375 73310.414062 63312.617188
26 2.169403 63230.117188 71315.101562 73310.414062 63230.117188
27 2.245018 62987.101562 71298.914062 73310.414062 63230.117188
28 2.318785 62830.140625 71282.695312 73310.414062 62987.101562
29 2.405682 62830.140625 71268.726562 73310.414062 62830.140625
30 2.487750 62830.140625 71255.812500 73310.414062 62830.140625
31 2.575033 62693.808594 71248.804688 73310.414062 62830.140625
32 2.655984 62666.214844 71223.382812 73310.414062 62693.808594
33 2.749699 62664.273438 71182.335938 73310.414062 62666.214844
34 2.826092 62616.843750 71175.296875 73310.414062 62664.273438
35 2.913661 62534.406250 71166.515625 73310.414062 62616.843750
36 3.001693 62440.171875 71162.062500 73310.414062 62534.406250
37 3.089708 62440.171875 71153.578125 73310.414062 62440.171875
38 3.161327 62440.171875 71146.328125 73310.414062 62440.171875
39 3.243034 62440.171875 71139.648438 73310.414062 62440.171875
40 3.319720 62435.113281 71135.328125 73310.414062 62440.171875
41 3.392935 62408.160156 71130.218750 73310.414062 62435.113281
42 3.482979 62403.101562 71105.273438 73310.414062 62408.160156
43 3.560011 62403.101562 71104.523438 73310.414062 62403.101562
44 3.639017 62403.101562 71103.164062 73310.414062 62403.101562
45 3.723618 62403.101562 71096.101562 73310.414062 62403.101562
46 3.801733 62403.101562 71095.078125 73310.414062 62403.101562
47 3.884369 62403.101562 71093.906250 73310.414062 62403.101562
48 3.962053 62403.101562 71092.671875 73310.414062 62403.101562
49 4.035850 62373.285156 71091.648438 73310.414062 62403.101562
50 4.120188 62373.285156 71065.726562 73310.414062 62373.285156
51 4.201610 62373.285156 70895.953125 73310.414062 62373.285156
52 4.275639 62373.285156 70949.117188 73310.414062 62373.285156
53 4.356229 62373.285156 70947.921875 73310.414062 62373.285156
54 4.438288 62373.285156 71068.984375 73310.414062 62373.285156
55 4.533474 62373.285156 71068.390625 73310.414062 62373.285156
56 4.629381 62373.285156 71014.031250 73310.414062 62373.285156
57 4.706163 62373.285156 70891.781250 73310.414062 62373.285156
58 4.781404 62373.285156 71077.421875 81776.843750 62373.285156
59 4.856141 62373.285156 70689.351562 73310.414062 62373.285156
60 4.939266 62373.285156 70486.914062 73310.414062 62373.285156
61 5.015737 62373.285156 70284.484375 73310.414062 62373.285156
62 5.082141 62373.285156 70082.054688 73310.414062 62373.285156
63 5.157922 62373.285156 69879.625000 73310.414062 62373.285156
64 5.238461 62373.285156 69677.187500 73310.414062 62373.285156
65 5.316202 62373.285156 69474.757812 73310.414062 62373.285156
66 5.394424 62373.285156 69272.328125 73310.414062 62373.285156
67 5.469898 62373.285156 69069.898438 73310.414062 62373.285156
68 5.544131 62373.285156 68867.460938 73310.414062 62373.285156
69 5.618234 62373.285156 68665.031250 73310.414062 62373.285156
70 5.688220 62373.285156 68462.593750 73310.414062 62373.285156
71 5.767874 62373.285156 68260.164062 73310.414062 62373.285156
72 5.850693 62373.285156 68057.726562 73310.414062 62373.285156
73 5.926042 62373.285156 67855.296875 73310.414062 62373.285156
74 6.001904 62373.285156 67652.867188 73310.414062 62373.285156
75 6.062219 62373.285156 67450.429688 73310.414062 62373.285156
76 6.138227 62373.285156 67248.000000 73310.414062 62373.285156
77 6.226744 62373.285156 67045.562500 73310.414062 62373.285156
78 6.313179 62373.285156 66843.132812 73310.414062 62373.285156
79 6.393123 62373.285156 66640.703125 73310.414062 62373.285156
80 6.478249 62373.285156 66438.265625 73310.414062 62373.285156
81 6.568940 62373.285156 66235.835938 73310.414062 62373.285156
82 6.648135 62373.285156 66033.398438 73310.414062 62373.285156
83 6.734949 62373.285156 66277.382812 84693.726562 62373.285156
84 6.806342 62373.285156 66261.062500 84693.726562 62373.285156
85 6.897566 62373.285156 66058.632812 84693.726562 62373.285156
86 6.976728 62373.285156 65856.203125 84693.726562 62373.285156
87 7.062373 62373.285156 65653.765625 84693.726562 62373.285156
88 7.143654 62373.285156 65451.328125 84693.726562 62373.285156
89 7.222766 62373.285156 65248.894531 84693.726562 62373.285156
90 7.296913 62373.285156 65046.460938 84693.726562 62373.285156
91 7.382753 62373.285156 64844.023438 84693.726562 62373.285156
92 7.458594 62373.285156 64641.589844 84693.726562 62373.285156
93 7.541925 62373.285156 64439.156250 84693.726562 62373.285156
94 7.631731 62373.285156 64236.718750 84693.726562 62373.285156
95 7.712223 62373.285156 64034.285156 84693.726562 62373.285156
96 7.788017 62373.285156 63831.851562 84693.726562 62373.285156
97 7.865310 62373.285156 63629.414062 84693.726562 62373.285156
98 7.940353 62373.285156 63712.308594 84693.726562 62373.285156
99 8.019527 62373.285156 63265.898438 76639.710938 62373.285156
100 8.096513 62373.285156 63063.464844 76639.710938 62373.285156
101 8.186889 62373.285156 62861.031250 76639.710938 62373.285156
102 8.264460 62373.285156 62658.593750 76639.710938 62373.285156
103 8.372464 62373.285156 62373.265625 62373.285156 62373.285156
104 8.478276 62373.285156 62373.265625 62373.285156 62373.285156
105 8.546023 62359.261719 62817.843750 80052.070312 62373.285156
106 8.629468 62359.261719 62726.558594 80052.070312 62359.261719
107 8.700788 62359.261719 62372.984375 62373.285156 62359.261719
108 8.791790 62359.261719 62372.703125 62373.285156 62359.261719
109 8.870111 62359.261719 62372.425781 62373.285156 62359.261719
110 8.964080 62359.261719 62372.144531 62373.285156 62359.261719
111 9.050158 62359.261719 62371.863281 62373.285156 62359.261719
112 9.139313 62359.261719 62371.585938 62373.285156 62359.261719
113 9.216386 62359.261719 62371.304688 62373.285156 62359.261719
114 9.296508 62359.261719 62371.023438 62373.285156 62359.261719
115 9.375738 62359.261719 62370.738281 62373.285156 62359.261719
116 9.458612 62359.261719 62370.460938 62373.285156 62359.261719
117 9.531535 62359.261719 62370.179688 62373.285156 62359.261719
118 9.616309 62359.261719 62369.898438 62373.285156 62359.261719
119 9.703961 62359.261719 62369.613281 62373.285156 62359.261719
120 9.781612 62359.261719 62369.335938 62373.285156 62359.261719
121 9.865450 62359.261719 62369.054688 62373.285156 62359.261719
122 9.941570 62359.261719 62368.773438 62373.285156 62359.261719
123 10.020812 62359.261719 62368.496094 62373.285156 62359.261719
124 10.111154 62359.261719 62368.214844 62373.285156 62359.261719
125 10.188952 62359.261719 62367.933594 62373.285156 62359.261719
126 10.270777 62359.261719 62367.656250 62373.285156 62359.261719
127 10.340147 62359.261719 62367.375000 62373.285156 62359.261719
128 10.417047 62359.261719 62367.093750 62373.285156 62359.261719
129 10.510623 62359.261719 62366.816406 62373.285156 62359.261719
130 10.579015 62359.261719 62366.535156 62373.285156 62359.261719
131 10.656383 62359.261719 62366.253906 62373.285156 62359.261719
132 10.732818 62359.261719 62365.976562 62373.285156 62359.261719
133 10.810709 62359.261719 62365.695312 62373.285156 62359.261719
134 10.893508 62359.261719 62805.523438 80797.882812 62359.261719
135 10.969667 62359.261719 62805.250000 80797.882812 62359.261719
136 11.042362 62359.261719 62804.968750 80797.882812 62359.261719
137 11.113294 62338.167969 63207.343750 82492.000000 62359.261719
138 11.203521 62338.167969 63006.699219 80797.882812 62338.167969
139 11.282168 62338.167969 63006.421875 80797.882812 62338.167969
140 11.373921 62338.167969 63006.000000 80797.882812 62338.167969
141 11.467445 62338.167969 63005.578125 80797.882812 62338.167969
142 11.543477 62338.167969 63416.820312 82942.375000 62338.167969
143 11.621214 62338.167969 63207.449219 80797.882812 62338.167969
144 11.711294 62338.167969 63700.210938 86997.281250 62338.167969
145 11.788477 62338.167969 64345.625000 103492.101562 62338.167969
146 11.876209 62338.167969 64020.519531 80797.882812 62338.167969
147 11.957629 62338.167969 64020.101562 80797.882812 62338.167969
148 12.029489 62338.167969 64151.156250 80797.882812 62338.167969
149 12.127995 62338.167969 64207.179688 80797.882812 62338.167969
150 12.207159 62338.167969 64206.761719 80797.882812 62338.167969
151 12.290515 62338.167969 64206.335938 80797.882812 62338.167969
152 12.383933 62338.167969 64205.914062 80797.882812 62338.167969
153 12.481624 62338.167969 64205.496094 80797.882812 62338.167969
154 12.545438 62338.167969 64205.074219 80797.882812 62338.167969
155 12.624873 62338.167969 64204.648438 80797.882812 62338.167969
156 12.696517 62338.167969 64878.875000 96070.281250 62338.167969
157 12.774762 62338.167969 64406.945312 80797.882812 62338.167969
158 12.863563 62338.167969 64406.523438 80797.882812 62338.167969
159 12.951248 62338.167969 64406.105469 80797.882812 62338.167969
160 13.019107 62338.167969 64405.679688 80797.882812 62338.167969
161 13.097810 62338.167969 64405.261719 80797.882812 62338.167969
162 13.183171 62338.167969 64404.835938 80797.882812 62338.167969
163 13.272058 62338.167969 64404.414062 80797.882812 62338.167969
164 13.355833 62338.167969 64403.988281 80797.882812 62338.167969
165 13.432485 62338.167969 64403.289062 80797.882812 62338.167969
166 13.514694 62338.167969 64402.585938 80797.882812 62338.167969
167 13.607593 62338.167969 64401.886719 80797.882812 62338.167969
168 13.688385 62338.167969 64401.179688 80797.882812 62338.167969
169 13.767821 62338.167969 64400.480469 80797.882812 62338.167969
170 13.836644 62338.167969 64399.773438 80797.882812 62338.167969
171 13.900701 62338.167969 64399.074219 80797.882812 62338.167969
172 13.978727 62338.167969 64398.371094 80797.882812 62338.167969
173 14.051926 62338.167969 64397.671875 80797.882812 62338.167969
174 14.137560 62338.167969 64396.964844 80797.882812 62338.167969
175 14.213667 62338.167969 64884.554688 86752.726562 62338.167969
176 14.298295 62338.167969 65237.578125 86779.226562 62338.167969
177 14.385125 62338.167969 64951.195312 86752.726562 62338.167969
178 14.475461 62338.167969 64950.488281 86752.726562 62338.167969
179 14.573123 62338.167969 64949.789062 86752.726562 62338.167969
180 14.650495 62338.167969 64949.085938 86752.726562 62338.167969
181 14.736373 62338.167969 64948.386719 86752.726562 62338.167969
182 14.809607 62338.167969 64947.683594 86752.726562 62338.167969
183 14.898694 62338.167969 64917.425781 86752.726562 62338.167969
184 14.973332 62338.167969 64860.980469 86752.726562 62338.167969
185 15.060195 62338.167969 65100.140625 86752.726562 62338.167969
186 15.139886 62338.167969 64701.765625 77884.398438 62338.167969
187 15.220232 62338.167969 64579.406250 77884.398438 62338.167969
188 15.303092 62338.167969 64791.714844 79527.492188 62338.167969
189 15.383603 62338.167969 64477.324219 77884.398438 62338.167969
190 15.467886 62338.167969 64274.191406 77884.398438 62338.167969
191 15.565288 62338.167969 64071.054688 77884.398438 62338.167969
192 15.640211 62338.167969 63867.921875 77884.398438 62338.167969
193 15.721204 62338.167969 63664.785156 77884.398438 62338.167969
194 15.810914 62338.167969 63461.648438 77884.398438 62338.167969
195 15.893622 62338.167969 63258.515625 77884.398438 62338.167969
196 15.970893 62338.167969 63055.378906 77884.398438 62338.167969
197 16.060511 62338.167969 62852.246094 77884.398438 62338.167969
198 16.138016 62338.167969 62649.109375 77884.398438 62338.167969
199 16.218113 62338.167969 62338.183594 62338.167969 62338.167969
200 16.291149 62338.167969 62338.183594 62338.167969 62338.167969
201 16.376417 62338.167969 62338.183594 62338.167969 62338.167969
202 16.463751 62338.167969 62664.855469 78671.820312 62338.167969
203 16.542652 62338.167969 62338.183594 62338.167969 62338.167969
204 16.627827 62338.167969 62338.183594 62338.167969 62338.167969
205 16.696993 62338.167969 62338.183594 62338.167969 62338.167969
206 16.771919 62338.167969 62338.183594 62338.167969 62338.167969
207 16.852676 62338.167969 62338.183594 62338.167969 62338.167969
208 16.929243 62338.167969 62338.183594 62338.167969 62338.167969
209 17.005827 62338.167969 62338.183594 62338.167969 62338.167969
210 17.074848 62338.167969 62338.183594 62338.167969 62338.167969
211 17.156059 62338.167969 62338.183594 62338.167969 62338.167969
212 17.220068 62338.167969 62338.183594 62338.167969 62338.167969
213 17.298426 62338.167969 62338.183594 62338.167969 62338.167969
214 17.378088 62338.167969 62338.183594 62338.167969 62338.167969
215 17.460432 62338.167969 62338.183594 62338.167969 62338.167969
216 17.542353 62338.167969 62338.183594 62338.167969 62338.167969
217 17.615021 62338.167969 62338.183594 62338.167969 62338.167969
218 17.710297 62338.167969 62338.183594 62338.167969 62338.167969
219 17.792528 62338.167969 62338.183594 62338.167969 62338.167969
220 17.876602 62338.167969 62338.183594 62338.167969 62338.167969
221 17.951868 62338.167969 62876.343750 89246.203125 62338.167969
222 18.036612 62338.167969 62469.855469 68921.671875 62338.167969
223 18.114822 62338.167969 62338.183594 62338.167969 62338.167969
224 18.196672 62338.167969 62338.183594 62338.167969 62338.167969
225 18.298731 62338.167969 62338.183594 62338.167969 62338.167969
226 18.382376 62338.167969 62338.183594 62338.167969 62338.167969
227 18.445805 62338.167969 62338.183594 62338.167969 62338.167969
228 18.530087 62338.167969 62338.183594 62338.167969 62338.167969
229 18.617615 62338.167969 62338.183594 62338.167969 62338.167969
230 18.696268 62338.167969 62338.183594 62338.167969 62338.167969
231 18.782932 62338.167969 62338.183594 62338.167969 62338.167969
232 18.870441 62338.167969 62338.183594 62338.167969 62338.167969
233 18.952646 62338.167969 62338.183594 62338.167969 62338.167969
234 19.044380 62338.167969 62338.183594 62338.167969 62338.167969
235 19.119471 62338.167969 62338.183594 62338.167969 62338.167969
236 19.213022 62338.167969 62338.183594 62338.167969 62338.167969
237 19.300123 62338.167969 62924.566406 91657.375000 62338.167969
238 19.358871 62338.167969 62541.320312 72494.882812 62338.167969
239 19.436605 62338.167969 62338.183594 62338.167969 62338.167969
240 19.519440 62338.167969 62338.183594 62338.167969 62338.167969
241 19.593416 62338.167969 62338.183594 62338.167969 62338.167969
242 19.672310 62338.167969 62338.183594 62338.167969 62338.167969
243 19.746284 62338.167969 62338.183594 62338.167969 62338.167969
244 19.826780 62338.167969 62338.183594 62338.167969 62338.167969
245 19.898584 62338.167969 62338.183594 62338.167969 62338.167969
246 19.976671 62338.167969 62338.183594 62338.167969 62338.167969
247 20.053171 62338.167969 62338.183594 62338.167969 62338.167969
248 20.136524 62338.167969 62338.183594 62338.167969 62338.167969
249 20.220589 62338.167969 62338.183594 62338.167969 62338.167969
250 20.296221 62338.167969 62338.183594 62338.167969 62338.167969
251 20.360624 62338.167969 62338.183594 62338.167969 62338.167969
252 20.448481 62338.167969 62338.183594 62338.167969 62338.167969
253 20.528263 62338.167969 62338.183594 62338.167969 62338.167969
254 20.616880 62338.167969 62338.183594 62338.167969 62338.167969
255 20.687073 62338.167969 62338.183594 62338.167969 62338.167969
256 20.765394 62338.167969 62338.183594 62338.167969 62338.167969
257 20.847624 62338.167969 62338.183594 62338.167969 62338.167969
258 20.935368 62338.167969 62338.183594 62338.167969 62338.167969
259 21.019524 62338.167969 62338.183594 62338.167969 62338.167969
260 21.092115 62338.167969 62338.183594 62338.167969 62338.167969
261 21.170256 62338.167969 62338.183594 62338.167969 62338.167969
262 21.245794 62338.167969 62338.183594 62338.167969 62338.167969
263 21.340956 62338.167969 62338.183594 62338.167969 62338.167969
264 21.420813 62338.167969 62338.183594 62338.167969 62338.167969
265 21.502375 62338.167969 62338.183594 62338.167969 62338.167969
266 21.597374 62338.167969 62338.183594 62338.167969 62338.167969
267 21.680260 62338.167969 62338.183594 62338.167969 62338.167969
268 21.765717 62338.167969 62338.183594 62338.167969 62338.167969
269 21.840437 62338.167969 62338.183594 62338.167969 62338.167969
270 21.924343 62338.167969 62338.183594 62338.167969 62338.167969
271 22.006235 62338.167969 62338.183594 62338.167969 62338.167969
272 22.079357 62338.167969 62338.183594 62338.167969 62338.167969
273 22.159067 62338.167969 62338.183594 62338.167969 62338.167969
274 22.237389 62338.167969 62338.183594 62338.167969 62338.167969
275 22.335024 62338.167969 62338.183594 62338.167969 62338.167969
276 22.409683 62338.167969 62338.183594 62338.167969 62338.167969
277 22.493290 62338.167969 62338.183594 62338.167969 62338.167969
278 22.582949 62338.167969 62338.183594 62338.167969 62338.167969
279 22.652668 62338.167969 62338.183594 62338.167969 62338.167969
280 22.729368 62338.167969 62338.183594 62338.167969 62338.167969
281 22.822466 62338.167969 62338.183594 62338.167969 62338.167969
282 22.900032 62338.167969 62338.183594 62338.167969 62338.167969
283 22.983936 62338.167969 62338.183594 62338.167969 62338.167969
284 23.054939 62338.167969 62338.183594 62338.167969 62338.167969
285 23.137909 62338.167969 62338.183594 62338.167969 62338.167969
286 23.226871 62338.167969 62338.183594 62338.167969 62338.167969
287 23.304337 62338.167969 62338.183594 62338.167969 62338.167969
288 23.378880 62338.167969 62338.183594 62338.167969 62338.167969
289 23.457676 62338.167969 62338.183594 62338.167969 62338.167969
290 23.526512 62338.167969 62338.183594 62338.167969 62338.167969
291 23.595903 62338.167969 62338.183594 62338.167969 62338.167969
292 23.690088 62338.167969 62338.183594 62338.167969 62338.167969
293 23.772629 62338.167969 62338.183594 62338.167969 62338.167969
294 23.851463 62338.167969 62338.183594 62338.167969 62338.167969
295 23.928936 62338.167969 62338.183594 62338.167969 62338.167969
296 24.008976 62338.167969 62338.183594 62338.167969 62338.167969
297 24.084793 62338.167969 62338.183594 62338.167969 62338.167969
298 24.170740 62338.167969 62338.183594 62338.167969 62338.167969
299 24.248072 62338.167969 62338.183594 62338.167969 62338.167969
300 24.329939 62338.167969 62338.183594 62338.167969 62338.167969
301 24.423040 62338.167969 62338.183594 62338.167969 62338.167969
302 24.523092 62338.167969 62338.183594 62338.167969 62338.167969
303 24.611223 62338.167969 62338.183594 62338.167969 62338.167969
304 24.687664 62338.167969 62338.183594 62338.167969 62338.167969
305 24.770887 62338.167969 62338.183594 62338.167969 62338.167969
306 24.857256 62338.167969 62338.183594 62338.167969 62338.167969
307 24.950304 62338.167969 62338.183594 62338.167969 62338.167969
308 25.025612 62338.167969 62338.183594 62338.167969 62338.167969
309 25.122087 62338.167969 62338.183594 62338.167969 62338.167969
310 25.203430 62338.167969 62338.183594 62338.167969 62338.167969
311 25.287848 62338.167969 62730.398438 81949.109375 62338.167969
312 25.357555 62338.167969 62540.230469 72440.539062 62338.167969
313 25.433096 62338.167969 62484.113281 69634.828125 62338.167969
314 25.506720 62338.167969 62355.378906 63198.105469 62338.167969
315 25.581173 62338.167969 62338.183594 62338.167969 62338.167969
316 25.672316 62338.167969 62338.183594 62338.167969 62338.167969
317 25.748705 62338.167969 62338.183594 62338.167969 62338.167969
318 25.830486 62338.167969 62338.183594 62338.167969 62338.167969
319 25.910732 62338.167969 62338.183594 62338.167969 62338.167969
320 26.003723 62338.167969 62338.183594 62338.167969 62338.167969
321 26.093077 62338.167969 62338.183594 62338.167969 62338.167969
322 26.168463 62338.167969 62338.183594 62338.167969 62338.167969
323 26.259624 62338.167969 62338.183594 62338.167969 62338.167969
324 26.327438 62338.167969 62338.183594 62338.167969 62338.167969
325 26.413712 62338.167969 62338.183594 62338.167969 62338.167969
326 26.487524 62338.167969 62338.183594 62338.167969 62338.167969
327 26.571833 62338.167969 62338.183594 62338.167969 62338.167969
328 26.665028 62338.167969 62338.183594 62338.167969 62338.167969
329 26.761524 62338.167969 62338.183594 62338.167969 62338.167969
330 26.838646 62338.167969 62338.183594 62338.167969 62338.167969
331 26.912825 62338.167969 62338.183594 62338.167969 62338.167969
332 26.996689 62338.167969 62338.183594 62338.167969 62338.167969
333 27.069395 62338.167969 62338.183594 62338.167969 62338.167969
334 27.141359 62338.167969 62338.183594 62338.167969 62338.167969
335 27.225872 62338.167969 62338.183594 62338.167969 62338.167969
336 27.309399 62338.167969 62338.183594 62338.167969 62338.167969
337 27.393879 62338.167969 62338.183594 62338.167969 62338.167969
338 27.472576 62338.167969 62338.183594 62338.167969 62338.167969
339 27.559675 62338.167969 62338.183594 62338.167969 62338.167969
340 27.645969 62338.167969 62338.183594 62338.167969 62338.167969
341 27.722788 62338.167969 62338.183594 62338.167969 62338.167969
342 27.800856 62338.167969 62338.183594 62338.167969 62338.167969
343 27.885893 62338.167969 62338.183594 62338.167969 62338.167969
344 27.964918 62338.167969 62338.183594 62338.167969 62338.167969
345 28.047108 62338.167969 62338.183594 62338.167969 62338.167969
346 28.117935 62338.167969 62338.183594 62338.167969 62338.167969
347 28.194984 62338.167969 62338.183594 62338.167969 62338.167969
348 28.277889 62338.167969 62338.183594 62338.167969 62338.167969
349 28.360657 62338.167969 62338.183594 62338.167969 62338.167969
350 28.443148 62338.167969 62338.183594 62338.167969 62338.167969
351 28.512239 62338.167969 62338.183594 62338.167969 62338.167969
352 28.595024 62338.167969 62338.183594 62338.167969 62338.167969
353 28.679314 62338.167969 62338.183594 62338.167969 62338.167969
354 28.747911 62338.167969 62338.183594 62338.167969 62338.167969
355 28.829954 62338.167969 62338.183594 62338.167969 62338.167969
356 28.913565 62338.167969 62338.183594 62338.167969 62338.167969
357 28.981459 62338.167969 62338.183594 62338.167969 62338.167969
358 29.074118 62338.167969 62338.183594 62338.167969 62338.167969
359 29.149822 62338.167969 62338.183594 62338.167969 62338.167969
360 29.233906 62338.167969 62338.183594 62338.167969 62338.167969
361 29.315771 62338.167969 62338.183594 62338.167969 62338.167969
362 29.395432 62338.167969 62338.183594 62338.167969 62338.167969
363 29.489708 62338.167969 62338.183594 62338.167969 62338.167969
364 29.567492 62338.167969 62338.183594 62338.167969 62338.167969
365 29.630491 62338.167969 62338.183594 62338.167969 62338.167969
366 29.700632 62338.167969 62338.183594 62338.167969 62338.167969
367 29.777485 62338.167969 62338.183594 62338.167969 62338.167969
368 29.855602 62338.167969 62338.183594 62338.167969 62338.167969
369 29.947519 62338.167969 62338.183594 62338.167969 62338.167969
370 30.006851 62338.167969 62338.183594 62338.167969 62338.167969
371 30.089617 62338.167969 62338.183594 62338.167969 62338.167969
372 30.195524 62338.167969 62338.183594 62338.167969 62338.167969
373 30.282084 62338.167969 62338.183594 62338.167969 62338.167969
374 30.355080 62338.167969 62338.183594 62338.167969 62338.167969
375 30.450232 62338.167969 62338.183594 62338.167969 62338.167969
376 30.537237 62338.167969 62338.183594 62338.167969 62338.167969
377 30.606180 62338.167969 62338.183594 62338.167969 62338.167969
378 30.683813 62338.167969 62338.183594 62338.167969 62338.167969
379 30.777464 62338.167969 62338.183594 62338.167969 62338.167969
380 30.851004 62338.167969 62338.183594 62338.167969 62338.167969
381 30.931158 62338.167969 62338.183594 62338.167969 62338.167969
382 31.027014 62338.167969 62338.183594 62338.167969 62338.167969
383 31.114090 62338.167969 62338.183594 62338.167969 62338.167969
384 31.208256 62338.167969 62338.183594 62338.167969 62338.167969
385 31.307066 62338.167969 62338.183594 62338.167969 62338.167969
386 31.392691 62338.167969 62719.753906 81416.664062 62338.167969
387 31.472807 62338.167969 63001.410156 93997.531250 62338.167969
388 31.581636 62338.167969 63194.968750 93997.531250 62338.167969
389 31.664951 62338.167969 62983.468750 93997.531250 62338.167969
390 31.757044 62338.167969 63002.875000 93997.531250 62338.167969
391 31.847572 62338.167969 62980.253906 93997.531250 62338.167969
392 31.936897 62338.167969 62973.156250 93997.531250 62338.167969
393 32.022972 62338.167969 62971.371094 93997.531250 62338.167969
394 32.147129 62338.167969 62338.183594 62338.167969 62338.167969
395 32.240204 62338.167969 62338.183594 62338.167969 62338.167969
396 32.318562 62338.167969 62338.183594 62338.167969 62338.167969
397 32.412125 62338.167969 62338.183594 62338.167969 62338.167969
398 32.481865 62338.167969 62338.183594 62338.167969 62338.167969
399 32.569092 62338.167969 62338.183594 62338.167969 62338.167969
400 32.647873 62338.167969 62338.183594 62338.167969 62338.167969
401 32.727997 62338.167969 62695.968750 80227.468750 62338.167969
402 32.806702 62338.167969 62408.964844 65877.226562 62338.167969
403 32.889259 62338.167969 62362.585938 63558.246094 62338.167969
404 32.961590 62338.167969 62459.488281 68403.492188 62338.167969
405 33.042419 62338.167969 62605.718750 75715.132812 62338.167969
406 33.125404 62338.167969 62347.214844 62789.828125 62338.167969
407 33.209560 62338.167969 62671.175781 78987.726562 62338.167969
408 33.293957 62338.167969 62338.183594 62338.167969 62338.167969
409 33.374416 62338.167969 62338.183594 62338.167969 62338.167969
410 33.454556 62338.167969 62338.183594 62338.167969 62338.167969
411 33.536034 62338.167969 62338.183594 62338.167969 62338.167969
412 33.615040 62338.167969 62338.183594 62338.167969 62338.167969
413 33.707245 62338.167969 62338.183594 62338.167969 62338.167969
414 33.795418 62338.167969 62788.144531 84836.265625 62338.167969
415 33.877254 62338.167969 62532.835938 72070.679688 62338.167969
416 33.964130 62338.167969 62407.066406 65782.367188 62338.167969
417 34.045841 62338.167969 62360.093750 63433.730469 62338.167969
418 34.125389 62338.167969 62340.164062 62437.234375 62338.167969
419 34.197964 62338.167969 62350.914062 62974.875000 62338.167969
420 34.279858 62338.167969 62338.183594 62338.167969 62338.167969
421 34.362404 62338.167969 62338.183594 62338.167969 62338.167969
422 34.446026 62338.167969 62338.183594 62338.167969 62338.167969
423 34.533978 62338.167969 62338.183594 62338.167969 62338.167969
424 34.608715 62338.167969 62338.183594 62338.167969 62338.167969
425 34.679489 62338.167969 62338.183594 62338.167969 62338.167969
426 34.765923 62338.167969 62338.183594 62338.167969 62338.167969
427 34.850811 62338.167969 62338.183594 62338.167969 62338.167969
428 34.920845 62338.167969 62338.183594 62338.167969 62338.167969
429 35.014858 62338.167969 62338.183594 62338.167969 62338.167969
430 35.087708 62338.167969 62338.183594 62338.167969 62338.167969
431 35.172203 62338.167969 62338.183594 62338.167969 62338.167969
432 35.256790 62338.167969 62338.183594 62338.167969 62338.167969
433 35.335144 62338.167969 62338.183594 62338.167969 62338.167969
434 35.406937 62338.167969 62338.183594 62338.167969 62338.167969
435 35.481495 62338.167969 62338.183594 62338.167969 62338.167969
436 35.572128 62338.167969 62338.183594 62338.167969 62338.167969
437 35.660065 62338.167969 62338.183594 62338.167969 62338.167969
438 35.735809 62338.167969 62338.183594 62338.167969 62338.167969
439 35.814735 62338.167969 62338.183594 62338.167969 62338.167969
440 35.888584 62338.167969 62338.183594 62338.167969 62338.167969
441 35.970226 62338.167969 62338.183594 62338.167969 62338.167969
442 36.048134 62338.167969 62338.183594 62338.167969 62338.167969
443 36.130329 62338.167969 62428.496094 66853.734375 62338.167969
444 36.221516 62338.167969 62539.503906 72404.328125 62338.167969
445 36.306843 62338.167969 62345.878906 62722.964844 62338.167969
446 36.394203 62338.167969 62352.718750 63065.000000 62338.167969
447 36.474152 62338.167969 62459.644531 68411.351562 62338.167969
448 36.554123 62338.167969 62355.328125 63195.621094 62338.167969
449 36.637688 62338.167969 62342.253906 62541.882812 62338.167969
450 36.724411 62338.167969 62338.183594 62338.167969 62338.167969
451 36.805676 62338.167969 62338.183594 62338.167969 62338.167969
452 36.893040 62338.167969 62338.183594 62338.167969 62338.167969
453 36.991356 62338.167969 62338.183594 62338.167969 62338.167969
454 37.071999 62338.167969 62338.183594 62338.167969 62338.167969
455 37.157162 62338.167969 62338.183594 62338.167969 62338.167969
456 37.250305 62338.167969 62338.183594 62338.167969 62338.167969
457 37.337582 62338.167969 62338.183594 62338.167969 62338.167969
458 37.409576 62338.167969 62338.183594 62338.167969 62338.167969
459 37.489265 62338.167969 62338.183594 62338.167969 62338.167969
460 37.569641 62338.167969 62411.105469 65984.226562 62338.167969
461 37.650551 62338.167969 62348.703125 62864.234375 62338.167969
462 37.733318 62338.167969 62338.289062 62343.519531 62338.167969
463 37.817696 62338.167969 62338.183594 62338.167969 62338.167969
464 37.895973 62338.167969 62338.183594 62338.167969 62338.167969
465 37.980724 62338.167969 62338.183594 62338.167969 62338.167969
466 38.056713 62338.167969 62730.941406 81976.007812 62338.167969
467 38.141174 62338.167969 62405.816406 65719.843750 62338.167969
468 38.219769 62338.167969 62338.183594 62338.167969 62338.167969
469 38.296211 62338.167969 62338.183594 62338.167969 62338.167969
470 38.374352 62338.167969 62338.183594 62338.167969 62338.167969
471 38.449100 62338.167969 62338.183594 62338.167969 62338.167969
472 38.533806 62338.167969 62338.183594 62338.167969 62338.167969
473 38.611797 62338.167969 62338.183594 62338.167969 62338.167969
474 38.695641 62338.167969 62338.183594 62338.167969 62338.167969
475 38.793640 62338.167969 62338.183594 62338.167969 62338.167969
476 38.868633 62338.167969 62338.183594 62338.167969 62338.167969
477 38.950100 62338.167969 62338.183594 62338.167969 62338.167969
478 39.027664 62338.167969 62338.183594 62338.167969 62338.167969
479 39.111885 62338.167969 62338.183594 62338.167969 62338.167969
480 39.185101 62338.167969 62338.183594 62338.167969 62338.167969
481 39.258484 62338.167969 62338.183594 62338.167969 62338.167969
482 39.344318 62338.167969 62338.183594 62338.167969 62338.167969
483 39.430775 62338.167969 62338.183594 62338.167969 62338.167969
484 39.510048 62338.167969 62338.183594 62338.167969 62338.167969
485 39.581436 62338.167969 62338.183594 62338.167969 62338.167969
486 39.657681 62338.167969 62338.183594 62338.167969 62338.167969
487 39.741909 62338.167969 62338.183594 62338.167969 62338.167969
488 39.825489 62338.167969 62338.183594 62338.167969 62338.167969
489 39.912376 62338.167969 62338.183594 62338.167969 62338.167969
490 39.985153 62338.167969 62338.183594 62338.167969 62338.167969
491 40.065281 62338.167969 62338.183594 62338.167969 62338.167969
492 40.139526 62338.167969 62338.183594 62338.167969 62338.167969
493 40.204723 62338.167969 62338.183594 62338.167969 62338.167969
494 40.284729 62338.167969 62338.183594 62338.167969 62338.167969
495 40.367321 62338.167969 62338.183594 62338.167969 62338.167969
496 40.438728 62338.167969 62338.183594 62338.167969 62338.167969
497 40.517998 62338.167969 62338.183594 62338.167969 62338.167969
498 40.601250 62338.167969 62338.183594 62338.167969 62338.167969
499 40.680405 62338.167969 62338.183594 62338.167969 62338.167969
500 40.763268 62338.167969 62338.183594 62338.167969 62338.167969
501 40.846085 62338.167969 62338.183594 62338.167969 62338.167969
502 40.923923 62338.167969 62338.183594 62338.167969 62338.167969
503 41.005264 62338.167969 62338.183594 62338.167969 62338.167969
504 41.093880 62338.167969 62338.183594 62338.167969 62338.167969
505 41.176376 62338.167969 62338.183594 62338.167969 62338.167969
506 41.262630 62338.167969 62338.183594 62338.167969 62338.167969
507 41.350079 62338.167969 62338.183594 62338.167969 62338.167969
508 41.427425 62338.167969 62338.183594 62338.167969 62338.167969
509 41.499249 62338.167969 62338.183594 62338.167969 62338.167969
510 41.576496 62338.167969 62338.183594 62338.167969 62338.167969
511 41.654366 62338.167969 62338.183594 62338.167969 62338.167969
512 41.738476 62338.167969 62990.546875 94956.164062 62338.167969
513 41.803787 62338.167969 62455.660156 68211.937500 62338.167969
514 41.882679 62338.167969 62349.449219 62901.410156 62338.167969
515 41.962444 62338.167969 62416.964844 66277.367188 62338.167969
516 42.033451 62338.167969 62447.410156 67799.601562 62338.167969
517 42.117760 62338.167969 62376.593750 64258.816406 62338.167969
518 42.208393 62338.167969 62360.480469 63452.894531 62338.167969
519 42.285839 62338.167969 62338.183594 62338.167969 62338.167969
520 42.365906 62338.167969 62785.781250 84718.046875 62338.167969
521 42.457451 62338.167969 62348.003906 62829.355469 62338.167969
522 42.543320 62338.167969 62439.203125 67389.210938 62338.167969
523 42.637791 62338.167969 62407.285156 65793.281250 62338.167969
524 42.701267 62338.167969 63161.253906 103491.515625 62338.167969
525 42.782234 62338.167969 62338.183594 62338.167969 62338.167969
526 42.865910 62338.167969 62338.183594 62338.167969 62338.167969
527 42.953449 62338.167969 62338.183594 62338.167969 62338.167969
528 43.045364 62338.167969 62338.183594 62338.167969 62338.167969
529 43.140888 62338.167969 62338.183594 62338.167969 62338.167969
530 43.222057 62338.167969 62338.183594 62338.167969 62338.167969
531 43.301464 62338.167969 62338.183594 62338.167969 62338.167969
532 43.387001 62338.167969 62338.183594 62338.167969 62338.167969
533 43.461281 62338.167969 62338.183594 62338.167969 62338.167969
534 43.528606 62338.167969 62338.183594 62338.167969 62338.167969
535 43.610409 62338.167969 62338.183594 62338.167969 62338.167969
536 43.686005 62338.167969 62338.183594 62338.167969 62338.167969
537 43.761383 62338.167969 62338.183594 62338.167969 62338.167969
538 43.839638 62338.167969 62338.183594 62338.167969 62338.167969
539 43.903576 62338.167969 63018.734375 96365.718750 62338.167969
540 43.993507 62338.167969 62428.558594 66856.906250 62338.167969
541 44.078262 62338.167969 62338.183594 62338.167969 62338.167969
542 44.153713 62338.167969 62338.183594 62338.167969 62338.167969
543 44.243969 62338.167969 62338.183594 62338.167969 62338.167969
544 44.325005 62338.167969 62338.183594 62338.167969 62338.167969
545 44.409569 62338.167969 62338.183594 62338.167969 62338.167969
546 44.485943 62338.167969 62338.183594 62338.167969 62338.167969
547 44.565147 62338.167969 62338.183594 62338.167969 62338.167969
548 44.632839 62338.167969 62338.183594 62338.167969 62338.167969
549 44.703056 62338.167969 62338.183594 62338.167969 62338.167969
550 44.788296 62338.167969 62338.183594 62338.167969 62338.167969
551 44.871265 62338.167969 62338.183594 62338.167969 62338.167969
552 44.955303 62338.167969 62338.183594 62338.167969 62338.167969
553 45.034863 62338.167969 62586.894531 74773.773438 62338.167969
554 45.121941 62338.167969 62338.183594 62338.167969 62338.167969
555 45.184845 62338.167969 62338.183594 62338.167969 62338.167969
556 45.259407 62338.167969 62338.183594 62338.167969 62338.167969
557 45.336849 62338.167969 62338.183594 62338.167969 62338.167969
558 45.433659 62338.167969 62338.183594 62338.167969 62338.167969
559 45.512833 62338.167969 62338.183594 62338.167969 62338.167969
560 45.591667 62338.167969 62338.183594 62338.167969 62338.167969
561 45.672237 62338.167969 62338.183594 62338.167969 62338.167969
562 45.761341 62338.167969 62338.183594 62338.167969 62338.167969
563 45.844650 62338.167969 62338.183594 62338.167969 62338.167969
564 45.928837 62338.167969 62338.183594 62338.167969 62338.167969
565 46.003017 62338.167969 62338.183594 62338.167969 62338.167969
566 46.088490 62338.167969 62338.183594 62338.167969 62338.167969
567 46.170803 62338.167969 62338.183594 62338.167969 62338.167969
568 46.243778 62338.167969 62338.183594 62338.167969 62338.167969
569 46.334568 62338.167969 62338.183594 62338.167969 62338.167969
570 46.425900 62338.167969 62338.183594 62338.167969 62338.167969
571 46.513542 62338.167969 62338.183594 62338.167969 62338.167969
572 46.590248 62338.167969 62338.183594 62338.167969 62338.167969
573 46.671623 62338.167969 62338.183594 62338.167969 62338.167969
574 46.758732 62338.167969 62338.183594 62338.167969 62338.167969
575 46.836159 62338.167969 62338.183594 62338.167969 62338.167969
576 46.919144 62338.167969 62338.183594 62338.167969 62338.167969
577 46.999840 62338.167969 62338.183594 62338.167969 62338.167969
578 47.079151 62338.167969 62338.183594 62338.167969 62338.167969
579 47.157478 62338.167969 62338.183594 62338.167969 62338.167969
580 47.238384 62338.167969 62338.183594 62338.167969 62338.167969
581 47.322041 62338.167969 62338.183594 62338.167969 62338.167969
582 47.411842 62338.167969 62338.183594 62338.167969 62338.167969
583 47.501026 62338.167969 62338.183594 62338.167969 62338.167969
584 47.585033 62338.167969 62338.183594 62338.167969 62338.167969
585 47.669247 62338.167969 62338.183594 62338.167969 62338.167969
586 47.746265 62338.167969 62338.183594 62338.167969 62338.167969
587 47.819881 62338.167969 62338.183594 62338.167969 62338.167969
588 47.901127 62338.167969 62338.183594 62338.167969 62338.167969
589 47.965168 62338.167969 62338.183594 62338.167969 62338.167969
590 48.053890 62338.167969 62338.183594 62338.167969 62338.167969
591 48.133072 62338.167969 62338.183594 62338.167969 62338.167969
592 48.224167 62338.167969 62338.183594 62338.167969 62338.167969
593 48.320087 62338.167969 62338.183594 62338.167969 62338.167969
594 48.396187 62338.167969 62338.183594 62338.167969 62338.167969
595 48.463207 62338.167969 62338.183594 62338.167969 62338.167969
596 48.557018 62338.167969 62338.183594 62338.167969 62338.167969
597 48.634083 62338.167969 62338.183594 62338.167969 62338.167969
598 48.706139 62338.167969 62338.183594 62338.167969 62338.167969
599 48.780708 62338.167969 62338.183594 62338.167969 62338.167969
600 48.860626 62338.167969 62975.871094 94222.578125 62338.167969
601 48.945625 62338.167969 62372.003906 64029.156250 62338.167969
602 49.023159 62338.167969 62349.089844 62883.566406 62338.167969
603 49.101589 62338.167969 62386.246094 64741.273438 62338.167969
604 49.176937 62338.167969 62566.695312 73763.835938 62338.167969
605 49.255047 62338.167969 62338.183594 62338.167969 62338.167969
606 49.339249 62338.167969 62338.183594 62338.167969 62338.167969
607 49.419266 62338.167969 62338.183594 62338.167969 62338.167969
608 49.506248 62338.167969 62338.183594 62338.167969 62338.167969
609 49.573257 62338.167969 62338.183594 62338.167969 62338.167969
610 49.661072 62338.167969 62338.183594 62338.167969 62338.167969
611 49.733822 62338.167969 62338.183594 62338.167969 62338.167969
612 49.808071 62338.167969 62338.183594 62338.167969 62338.167969
613 49.890995 62338.167969 62338.183594 62338.167969 62338.167969
614 49.969128 62338.167969 62338.183594 62338.167969 62338.167969
615 50.052715 62338.167969 62338.183594 62338.167969 62338.167969
616 50.128735 62338.167969 62338.183594 62338.167969 62338.167969
617 50.200562 62338.167969 62338.183594 62338.167969 62338.167969
618 50.303268 62338.167969 62338.183594 62338.167969 62338.167969
619 50.392231 62338.167969 62338.183594 62338.167969 62338.167969
620 50.466072 62338.167969 62338.183594 62338.167969 62338.167969
621 50.563278 62338.167969 62338.183594 62338.167969 62338.167969
622 50.643097 62338.167969 62338.183594 62338.167969 62338.167969
623 50.722641 62338.167969 62338.183594 62338.167969 62338.167969
624 50.816711 62338.167969 62338.183594 62338.167969 62338.167969
625 50.895428 62338.167969 62338.183594 62338.167969 62338.167969
626 50.980106 62338.167969 62338.183594 62338.167969 62338.167969
627 51.064266 62338.167969 62338.183594 62338.167969 62338.167969
628 51.153671 62338.167969 62338.183594 62338.167969 62338.167969
629 51.227871 62338.167969 62338.183594 62338.167969 62338.167969
630 51.315987 62338.167969 62338.183594 62338.167969 62338.167969
631 51.402241 62338.167969 62338.183594 62338.167969 62338.167969
632 51.488388 62338.167969 62338.183594 62338.167969 62338.167969
633 51.565773 62338.167969 62338.183594 62338.167969 62338.167969
634 51.655121 62338.167969 62338.183594 62338.167969 62338.167969
635 51.735298 62338.167969 62338.183594 62338.167969 62338.167969
636 51.820007 62338.167969 62338.183594 62338.167969 62338.167969
637 51.903561 62338.167969 62338.183594 62338.167969 62338.167969
