0 0.000001 77630624.000000 78231712.000000 79052720.000000 77630624.000000
1 72.952347 76860000.000000 78231712.000000 79052720.000000 77630624.000000
2 150.442062 76143280.000000 78206032.000000 79052720.000000 76860000.000000
3 221.724976 75990968.000000 78158872.000000 79052720.000000 76143280.000000
4 286.270142 75473400.000000 78105872.000000 79052720.000000 75990968.000000
5 359.352783 75409168.000000 77988376.000000 78675560.000000 75473400.000000
6 419.837158 75044000.000000 77950048.000000 78675560.000000 75409168.000000
7 489.552460 74908936.000000 77921488.000000 78675560.000000 75044000.000000
8 562.129822 74795176.000000 77899760.000000 78675560.000000 74908936.000000
9 618.067749 74595248.000000 77878736.000000 78675560.000000 74795176.000000
10 701.937500 74313080.000000 77850728.000000 78675560.000000 74595248.000000
11 776.685669 74091784.000000 77823984.000000 78675560.000000 74313080.000000
12 847.935608 73861168.000000 77799584.000000 78675560.000000 74091784.000000
13 926.186279 73691776.000000 77769880.000000 78675560.000000 73861168.000000
14 991.837769 73521472.000000 77750296.000000 78675560.000000 73691776.000000
15 1048.846680 73242400.000000 77733984.000000 78675560.000000 73521472.000000
16 1132.600098 72992120.000000 77720520.000000 78675560.000000 73242400.000000
17 1199.352051 72918768.000000 77698272.000000 78675560.000000 72992120.000000
18 1265.610352 72748552.000000 77682768.000000 78675560.000000 72918768.000000
19 1325.767578 72555760.000000 77665840.000000 78675560.000000 72748552.000000
20 1399.842407 72504408.000000 77651664.000000 78675560.000000 72555760.000000
21 1480.242432 72327888.000000 77638592.000000 78675560.000000 72504408.000000
22 1552.406860 72284936.000000 77627624.000000 78675560.000000 72327888.000000
23 1633.382812 72112008.000000 77612752.000000 78675560.000000 72284936.000000
24 1709.302734 72048296.000000 77600888.000000 78675560.000000 72112008.000000
25 1771.019287 72013768.000000 77585656.000000 78675560.000000 72048296.000000
26 1846.682373 71989352.000000 77576168.000000 78675560.000000 72013768.000000
27 1917.091553 71963096.000000 77569376.000000 78675560.000000 71989352.000000
28 1986.467163 71827768.000000 77564264.000000 78675560.000000 71963096.000000
29 2059.811768 71772048.000000 77556088.000000 78675560.000000 71827768.000000
30 2127.015625 71731560.000000 77546800.000000 78675560.000000 71772048.000000
31 2194.913818 71646720.000000 77541256.000000 78675560.000000 71731560.000000
32 2245.953369 71622240.000000 77536544.000000 78675560.000000 71646720.000000
33 2322.011475 71618056.000000 77527600.000000 78675560.000000 71622240.000000
34 2391.514404 71616752.000000 77523936.000000 78675560.000000 71618056.000000
35 2462.465820 71510776.000000 77520224.000000 78675560.000000 71616752.000000
36 2525.604492 71510776.000000 77513864.000000 78675560.000000 71510776.000000
37 2601.024902 71478328.000000 77507272.000000 78675560.000000 71510776.000000
38 2674.487793 71468376.000000 77496952.000000 78675560.000000 71478328.000000
39 2734.644531 71450872.000000 77489312.000000 78675560.000000 71468376.000000
40 2818.044434 71426400.000000 77487128.000000 78675560.000000 71450872.000000
41 2889.560059 71426400.000000 77485528.000000 78675560.000000 71426400.000000
42 2955.012695 71426400.000000 77483168.000000 78675560.000000 71426400.000000
43 3012.154785 71410960.000000 77479184.000000 78675560.000000 71426400.000000
44 3088.931641 71361136.000000 77477616.000000 78675560.000000 71410960.000000
45 3158.546875 71266672.000000 77471864.000000 78675560.000000 71361136.000000
46 3229.407227 71241520.000000 77466560.000000 78675560.000000 71266672.000000
47 3295.795654 71232672.000000 77461136.000000 78675560.000000 71241520.000000
48 3372.480225 71230848.000000 77458856.000000 78675560.000000 71232672.000000
49 3432.204102 71230848.000000 77456176.000000 78675560.000000 71230848.000000
