0 0.000001 77591568.000000 78239088.000000 78774456.000000 77591568.000000
1 72.297829 76866600.000000 78239088.000000 78774456.000000 77591568.000000
2 149.815277 76269736.000000 78110104.000000 78774456.000000 76866600.000000
3 218.514542 75882128.000000 78009248.000000 78774456.000000 76269736.000000
4 297.033813 75633128.000000 77898512.000000 78774456.000000 75882128.000000
5 370.443909 75278672.000000 77799856.000000 78774456.000000 75633128.000000
6 441.708984 74984392.000000 77715992.000000 78774456.000000 75278672.000000
7 514.271729 74890352.000000 83782560.000000 381683840.000000 74984392.000000
8 589.020081 74485104.000000 83702272.000000 381683840.000000 74890352.000000
9 661.899292 74425488.000000 83635632.000000 381683840.000000 74485104.000000
10 739.143005 74188872.000000 83572672.000000 381683840.000000 74425488.000000
11 802.694336 74063792.000000 83508288.000000 381683840.000000 74188872.000000
12 865.441772 73739976.000000 87757544.000000 381683840.000000 74063792.000000
13 946.183533 73571648.000000 91037448.000000 381683840.000000 73739976.000000
14 1018.018188 73466904.000000 92408608.000000 381683840.000000 73571648.000000
15 1081.607910 73347408.000000 92272936.000000 381683840.000000 73466904.000000
16 1155.988037 73124656.000000 92217992.000000 381683840.000000 73347408.000000
17 1221.157104 72901656.000000 92170656.000000 381683840.000000 73124656.000000
18 1292.700684 72900880.000000 92132232.000000 381683840.000000 72901656.000000
19 1370.386230 72844352.000000 92099024.000000 381683840.000000 72900880.000000
20 1440.486084 72661912.000000 96043112.000000 381683840.000000 72844352.000000
21 1511.454956 72498696.000000 95891312.000000 381683840.000000 72661912.000000
22 1589.813843 72486112.000000 95852288.000000 381683840.000000 72498696.000000
23 1664.937988 72344416.000000 95823008.000000 381683840.000000 72486112.000000
24 1730.989624 72252600.000000 95795048.000000 381683840.000000 72344416.000000
25 1799.598511 72210328.000000 95762640.000000 381683840.000000 72252600.000000
26 1862.884521 72140528.000000 95727576.000000 381683840.000000 72210328.000000
27 1940.084839 72078264.000000 95695520.000000 381683840.000000 72140528.000000
28 2014.031128 71699768.000000 96171112.000000 381683840.000000 72078264.000000
29 2078.622559 71699768.000000 96015184.000000 381683840.000000 71699768.000000
30 2153.745605 71699328.000000 95988872.000000 381683840.000000 71699768.000000
31 2225.451416 71671432.000000 95563696.000000 381683840.000000 71699328.000000
32 2290.284180 71661272.000000 94123968.000000 381683840.000000 71671432.000000
33 2367.747314 71613440.000000 90802240.000000 381683840.000000 71661272.000000
34 2445.747314 71526008.000000 86850792.000000 381683840.000000 71613440.000000
35 2525.839844 71482824.000000 82615296.000000 381683840.000000 71526008.000000
36 2595.138916 71395800.000000 76533520.000000 78212208.000000 71482824.000000
37 2677.226807 71381200.000000 76521664.000000 78212208.000000 71395800.000000
38 2746.199707 71305080.000000 76510472.000000 78212208.000000 71381200.000000
39 2808.885254 71257840.000000 76498208.000000 78212208.000000 71305080.000000
40 2861.247559 71219920.000000 82826464.000000 390743680.000000 71257840.000000
41 2930.497803 71215064.000000 76429616.000000 78127920.000000 71219920.000000
42 2995.207520 71197416.000000 78968208.000000 199645520.000000 71215064.000000
43 3060.025635 71181288.000000 76403784.000000 78127920.000000 71197416.000000
44 3139.790283 71164648.000000 76399048.000000 78127920.000000 71181288.000000
45 3203.974609 71137128.000000 76392192.000000 78127920.000000 71164648.000000
46 3284.327881 71128296.000000 76387960.000000 78126312.000000 71137128.000000
47 3360.524902 71122376.000000 76383688.000000 78126312.000000 71128296.000000
48 3432.433594 71103400.000000 76379560.000000 78126312.000000 71122376.000000
