0 0.000001 77328392.000000 78300496.000000 79037408.000000 77328392.000000
1 72.260185 76676288.000000 78300496.000000 79037408.000000 77328392.000000
2 129.478195 75977544.000000 78255408.000000 79037408.000000 76676288.000000
3 187.757156 75977544.000000 78242584.000000 79037408.000000 75977544.000000
4 251.833725 75977544.000000 78227664.000000 79037408.000000 76673328.000000
5 326.797699 75977544.000000 78169440.000000 79037408.000000 76375904.000000
6 401.664215 75772792.000000 78122592.000000 79037408.000000 76000016.000000
7 473.820923 75485896.000000 78077616.000000 79037408.000000 75772792.000000
8 545.640015 75476320.000000 78039168.000000 79037408.000000 75485896.000000
9 614.242676 75070600.000000 77990160.000000 79037408.000000 75476320.000000
10 688.566711 75070424.000000 77945624.000000 79037408.000000 75070600.000000
11 753.355347 74735832.000000 77894808.000000 79037408.000000 75070424.000000
12 821.613342 74344840.000000 77850672.000000 79037408.000000 74735832.000000
13 895.146484 74200320.000000 77806896.000000 79037408.000000 74344840.000000
14 964.898071 74115280.000000 77772928.000000 79037408.000000 74200320.000000
15 1029.030884 73815944.000000 77735624.000000 79037408.000000 74115280.000000
16 1104.521729 73814808.000000 77701624.000000 79037408.000000 73815944.000000
17 1177.992432 73726424.000000 77668960.000000 79037408.000000 73814808.000000
18 1230.738892 73340296.000000 77638968.000000 79037408.000000 73726424.000000
19 1288.659790 73175592.000000 77606576.000000 79037408.000000 73340296.000000
20 1356.030151 73174512.000000 77584216.000000 79037408.000000 73175592.000000
21 1415.174194 72959128.000000 77556712.000000 79037408.000000 73174512.000000
22 1482.935791 72866880.000000 77525160.000000 79037408.000000 72959128.000000
23 1547.585938 72797920.000000 77500224.000000 79037408.000000 72866880.000000
24 1621.829346 72596592.000000 77472032.000000 79037408.000000 72797920.000000
25 1695.923950 72596488.000000 77445464.000000 79037408.000000 72596592.000000
26 1758.885498 72533144.000000 77420864.000000 79037408.000000 72596488.000000
27 1829.396484 72487448.000000 77394824.000000 79037408.000000 72533144.000000
28 1902.751831 72392488.000000 79139176.000000 161319824.000000 72487448.000000
29 1975.577271 72214480.000000 79017864.000000 161319824.000000 72392488.000000
30 2043.522827 72136856.000000 78983176.000000 161319824.000000 72214480.000000
31 2108.410400 72042720.000000 78956648.000000 161319824.000000 72136856.000000
32 2193.650635 72042264.000000 78932064.000000 161319824.000000 72042720.000000
33 2251.070312 71914960.000000 78899632.000000 161319824.000000 72042264.000000
34 2327.201904 71798448.000000 78865936.000000 161319824.000000 71914960.000000
35 2398.268066 71771200.000000 78823864.000000 161319824.000000 71798448.000000
36 2469.145264 71745752.000000 78794088.000000 161319824.000000 71771200.000000
37 2537.182617 71704832.000000 77122296.000000 78271864.000000 71745752.000000
38 2607.479736 71663592.000000 77112840.000000 78271864.000000 71704832.000000
39 2662.464844 71601432.000000 77101848.000000 78271864.000000 71663592.000000
40 2741.106201 71579024.000000 77090352.000000 78271864.000000 71601432.000000
41 2812.926514 71519576.000000 77078024.000000 77954488.000000 71579024.000000
42 2866.221191 71363920.000000 79264208.000000 181366624.000000 71519576.000000
43 2935.219482 71363504.000000 79230048.000000 181366624.000000 71363920.000000
44 3001.289062 71340496.000000 79220944.000000 181366624.000000 71363504.000000
45 3066.177734 71314536.000000 77143832.000000 77954024.000000 71340496.000000
46 3126.201904 71287856.000000 77135576.000000 77954024.000000 71314536.000000
47 3192.687988 71231056.000000 77130872.000000 77954024.000000 71287856.000000
48 3261.763672 71201272.000000 77125608.000000 77954024.000000 71231056.000000
49 3330.339844 71148304.000000 77120992.000000 77954024.000000 71201272.000000
50 3397.290527 71121200.000000 77116128.000000 77954024.000000 71148304.000000
51 3463.785889 71061808.000000 77111720.000000 77954024.000000 71121200.000000
