0 0.000002 77687832.000000 78290104.000000 79143632.000000 77687832.000000
1 78.009331 76680720.000000 78290104.000000 79143632.000000 77687832.000000
2 140.964294 76574848.000000 78219624.000000 79143632.000000 76680720.000000
3 205.865845 76153848.000000 78146528.000000 79143632.000000 76574848.000000
4 276.866516 75679488.000000 78046392.000000 79143632.000000 76153848.000000
5 343.067383 75323744.000000 79783776.000000 168010864.000000 75679488.000000
6 401.943237 75154888.000000 79697568.000000 168010864.000000 75323744.000000
7 464.989349 74844400.000000 79659224.000000 168010864.000000 75154888.000000
8 541.161499 74619664.000000 79617816.000000 168010864.000000 74844400.000000
9 608.179504 74452000.000000 79570584.000000 168010864.000000 74619664.000000
10 683.475769 74386800.000000 79525376.000000 168010864.000000 74452000.000000
11 762.168030 74336784.000000 79492600.000000 168010864.000000 74386800.000000
12 836.236938 73982160.000000 79459848.000000 168010864.000000 74336784.000000
13 900.438599 73750040.000000 79405104.000000 168010864.000000 73982160.000000
14 979.761658 73550728.000000 79359688.000000 168010864.000000 73750040.000000
15 1054.185181 73458192.000000 84018096.000000 311959808.000000 73550728.000000
16 1120.731445 73300600.000000 83912256.000000 311959808.000000 73458192.000000
17 1189.121460 73143144.000000 83875096.000000 311959808.000000 73300600.000000
18 1244.173828 73049800.000000 83948992.000000 311959808.000000 73143144.000000
19 1312.641846 72840368.000000 83848144.000000 311959808.000000 73049800.000000
20 1381.081299 72840056.000000 83812792.000000 311959808.000000 72840368.000000
21 1459.125488 72762112.000000 83784376.000000 311959808.000000 72840056.000000
22 1532.963623 72656192.000000 83752928.000000 311959808.000000 72762112.000000
23 1603.655762 72553520.000000 83719888.000000 311959808.000000 72656192.000000
24 1668.964966 72418592.000000 83685736.000000 311959808.000000 72553520.000000
25 1746.809570 72360624.000000 83654688.000000 311959808.000000 72418592.000000
26 1810.985718 72293464.000000 83629136.000000 311959808.000000 72360624.000000
27 1881.484253 72219208.000000 83590120.000000 311959808.000000 72293464.000000
28 1960.587402 72181696.000000 83552232.000000 311959808.000000 72219208.000000
29 2044.060791 72100296.000000 81742664.000000 311959808.000000 72181696.000000
30 2127.967529 72063712.000000 79711064.000000 205683808.000000 72100296.000000
31 2192.126465 71940616.000000 77072032.000000 78320296.000000 72063712.000000
32 2256.262939 71907168.000000 77059568.000000 78320296.000000 71940616.000000
33 2331.039795 71853728.000000 77047936.000000 78320296.000000 71907168.000000
34 2403.300781 71745792.000000 77032664.000000 78320296.000000 71853728.000000
35 2470.968262 71627952.000000 77022608.000000 78172656.000000 71745792.000000
36 2540.797852 71602576.000000 77009952.000000 78172656.000000 71627952.000000
37 2602.198486 71548088.000000 77084608.000000 78172656.000000 71602576.000000
38 2684.262207 71517384.000000 77077984.000000 78172656.000000 71548088.000000
39 2751.469727 71416200.000000 77069088.000000 78172584.000000 71517384.000000
40 2829.698486 71398160.000000 77061496.000000 78172584.000000 71416200.000000
41 2892.553955 71315392.000000 77051896.000000 78172584.000000 71398160.000000
42 2955.587891 71315360.000000 77038624.000000 78172584.000000 71315392.000000
43 3023.925537 71314816.000000 77028016.000000 78172584.000000 71315360.000000
44 3092.253906 71307240.000000 77022144.000000 78172584.000000 71314816.000000
45 3164.146484 71303328.000000 77014400.000000 78172584.000000 71307240.000000
46 3223.391846 71301008.000000 77005936.000000 78172584.000000 71303328.000000
47 3280.457764 71293808.000000 76997696.000000 78172584.000000 71301008.000000
48 3345.617676 71266960.000000 76989120.000000 78172584.000000 71293808.000000
49 3416.908447 71266528.000000 76982192.000000 78172584.000000 71266960.000000
50 3477.140381 71255216.000000 76976928.000000 78172584.000000 71266528.000000
