0 0.000001 77584096.000000 78367800.000000 79021224.000000 77584096.000000
1 86.662506 76894816.000000 78367800.000000 79021224.000000 77584096.000000
2 168.967361 76286416.000000 77480704.000000 78133136.000000 76894816.000000
3 243.770462 75699456.000000 78000992.000000 129723680.000000 76286416.000000
4 328.457855 75270688.000000 76573544.000000 80636800.000000 75699456.000000
5 422.004547 74939224.000000 76217360.000000 79900856.000000 75270688.000000
6 506.380737 74660296.000000 77447224.000000 155964144.000000 74939224.000000
7 593.882874 74338856.000000 76725656.000000 135284480.000000 74660296.000000
8 688.053894 74186280.000000 75335920.000000 79477424.000000 74338856.000000
9 772.022766 73852256.000000 81987440.000000 357740448.000000 74186280.000000
10 855.488586 73852256.000000 80477080.000000 356232352.000000 73852256.000000
11 944.014099 73552368.000000 85240240.000000 378511776.000000 73894864.000000
12 1022.702820 73370728.000000 75228640.000000 92525344.000000 73552368.000000
13 1101.885742 73180920.000000 74570144.000000 78470952.000000 73370728.000000
14 1195.987915 73060240.000000 74347656.000000 78143160.000000 73180920.000000
15 1290.165283 73012056.000000 74131776.000000 77336424.000000 73060240.000000
16 1370.479492 72819056.000000 73973224.000000 77242960.000000 73012056.000000
17 1451.381958 72719128.000000 78804696.000000 324490240.000000 72819056.000000
18 1539.908569 72581616.000000 73690208.000000 77904200.000000 72719128.000000
19 1631.205811 72514976.000000 73535664.000000 77149984.000000 72581616.000000
20 1724.564087 72382416.000000 73368088.000000 76793720.000000 72514976.000000
21 1814.944824 72206152.000000 75363264.000000 180442608.000000 72382416.000000
22 1892.938232 72116832.000000 73141424.000000 76540000.000000 72206152.000000
23 1976.291748 72071040.000000 77287808.000000 283764608.000000 72116832.000000
24 2066.401367 71847584.000000 75187504.000000 154984768.000000 72071040.000000
25 2143.816162 71774432.000000 73472920.000000 100906048.000000 71847584.000000
26 2244.166504 71727760.000000 77081400.000000 165042480.000000 71774432.000000
27 2338.952881 71614256.000000 79084720.000000 276490272.000000 71727760.000000
28 2430.370117 71561280.000000 73383952.000000 97984416.000000 71614256.000000
29 2510.677002 71542680.000000 73268632.000000 96327888.000000 71561280.000000
30 2593.279297 71527904.000000 72781280.000000 76445648.000000 71542680.000000
31 2680.752197 71493056.000000 72681040.000000 76331144.000000 71527904.000000
32 2769.334229 71484456.000000 74766256.000000 181608384.000000 71493056.000000
33 2858.560059 71437912.000000 74521096.000000 173523200.000000 71484456.000000
34 2943.351562 71319584.000000 74322624.000000 168358288.000000 71437912.000000
35 3027.216064 71303048.000000 80712376.000000 308203776.000000 71319584.000000
36 3103.356445 71254064.000000 73149344.000000 113523880.000000 71303048.000000
37 3199.099365 71225936.000000 74534240.000000 148033072.000000 71254064.000000
38 3293.633301 71218872.000000 76718184.000000 219533136.000000 71225936.000000
39 3386.206787 71183680.000000 76158472.000000 268076768.000000 71218872.000000
40 3463.652832 71160216.000000 79328616.000000 228960992.000000 71183680.000000
