0 0.000001 77654080.000000 78214136.000000 78713904.000000 77654080.000000
1 65.728905 76913864.000000 78214136.000000 78713904.000000 77654080.000000
2 130.707733 76512328.000000 78213592.000000 78713904.000000 76913864.000000
3 185.150253 76307456.000000 78171752.000000 78713904.000000 76512328.000000
4 246.178604 76013680.000000 78129512.000000 78713904.000000 76307456.000000
5 308.818726 75924592.000000 78052544.000000 78713904.000000 76013680.000000
6 379.194763 75459944.000000 78016288.000000 78713904.000000 75924592.000000
7 448.557312 75310048.000000 77976568.000000 78713904.000000 75459944.000000
8 515.228821 74989880.000000 77942240.000000 78713904.000000 75310048.000000
9 591.740479 74606472.000000 77904944.000000 78713904.000000 74989880.000000
10 660.380310 74461112.000000 78291240.000000 96682848.000000 74606472.000000
11 726.488220 74336840.000000 78193080.000000 96682848.000000 74461112.000000
12 793.694458 74294112.000000 78161712.000000 96682848.000000 74336840.000000
13 856.788574 73948936.000000 78138904.000000 96682848.000000 74294112.000000
14 922.155579 73878616.000000 77751680.000000 78440848.000000 73948936.000000
15 983.077515 73033488.000000 78963688.000000 135507200.000000 73878616.000000
16 1064.099976 73033488.000000 78848600.000000 135507200.000000 73033488.000000
17 1134.535767 72947864.000000 78827400.000000 135507200.000000 73033488.000000
18 1193.759521 72812744.000000 78794936.000000 135507200.000000 72947864.000000
19 1272.808228 72812184.000000 77632600.000000 78316624.000000 72812744.000000
20 1332.975098 72739376.000000 77615312.000000 78316624.000000 72812184.000000
21 1394.939331 72621416.000000 77602400.000000 78316624.000000 72739376.000000
22 1468.654297 72492600.000000 77585880.000000 78316624.000000 72621416.000000
23 1533.078003 72383640.000000 80547360.000000 221799008.000000 72492600.000000
24 1603.341309 72296608.000000 77741088.000000 81686504.000000 72383640.000000
25 1661.408569 72133424.000000 77544576.000000 78316424.000000 72296608.000000
26 1730.944824 72133400.000000 77527008.000000 78316424.000000 72133424.000000
27 1802.160767 72016760.000000 77520560.000000 78316424.000000 72133400.000000
28 1868.000732 71977608.000000 82937712.000000 346750656.000000 72016760.000000
29 1938.658691 71966192.000000 77441136.000000 78316424.000000 71977608.000000
30 2001.241089 71954552.000000 77434032.000000 78316424.000000 71966192.000000
31 2062.427734 71911848.000000 77425944.000000 78316424.000000 71954552.000000
32 2134.778076 71844664.000000 77420072.000000 78316424.000000 71911848.000000
33 2189.872803 71797840.000000 77412448.000000 78316424.000000 71844664.000000
34 2253.281494 71720400.000000 77405728.000000 78316424.000000 71797840.000000
35 2303.724365 71628176.000000 77396528.000000 78316424.000000 71720400.000000
36 2369.298584 71591584.000000 77392352.000000 78316424.000000 71628176.000000
37 2445.677490 71548992.000000 77385576.000000 78316424.000000 71591584.000000
38 2509.525391 71524352.000000 77380448.000000 78316424.000000 71548992.000000
39 2587.770996 71519648.000000 77375168.000000 78316424.000000 71524352.000000
40 2645.586914 71496296.000000 77374432.000000 78316424.000000 71519648.000000
41 2707.535889 71479200.000000 77371960.000000 78316424.000000 71496296.000000
42 2779.578857 71475824.000000 77369624.000000 78316424.000000 71479200.000000
43 2849.309814 71440184.000000 77367248.000000 78316424.000000 71475824.000000
44 2919.862793 71413040.000000 77363560.000000 78316424.000000 71440184.000000
45 2992.807617 71358640.000000 77359696.000000 78316424.000000 71413040.000000
46 3053.811523 71350680.000000 77355016.000000 78316424.000000 71358640.000000
47 3117.342529 71350456.000000 77350816.000000 78316424.000000 71350680.000000
48 3183.330078 71338424.000000 77349072.000000 78316424.000000 71350456.000000
49 3272.793457 71334656.000000 77347832.000000 78316424.000000 71338424.000000
50 3341.459961 71316904.000000 77346680.000000 78316424.000000 71334656.000000
51 3392.800781 71316840.000000 77345248.000000 78316424.000000 71316904.000000
52 3464.611084 71284120.000000 77344864.000000 78316424.000000 71316840.000000
