0 0.000001 77522872.000000 78307488.000000 79136080.000000 77522872.000000
1 65.685745 76201544.000000 78307488.000000 79136080.000000 77522872.000000
2 151.547852 75853216.000000 85199704.000000 276554976.000000 76201544.000000
3 228.543365 75526976.000000 89005568.000000 355868640.000000 75853216.000000
4 312.707306 75046304.000000 87764248.000000 354398272.000000 75526976.000000
5 387.277832 74675320.000000 86512048.000000 354398272.000000 75046304.000000
6 460.152283 74551960.000000 89865736.000000 354398272.000000 74675320.000000
7 543.172791 74313712.000000 91139472.000000 354398272.000000 74551960.000000
8 614.526123 74145960.000000 88873872.000000 354398272.000000 74313712.000000
9 698.127075 73900456.000000 88023048.000000 354398272.000000 74145960.000000
10 780.427612 73743048.000000 87338608.000000 354398272.000000 73900456.000000
11 871.344666 73528232.000000 87061040.000000 354398272.000000 73743048.000000
12 951.436584 73186208.000000 86403576.000000 354398272.000000 73528232.000000
13 1035.255371 73070104.000000 87504232.000000 354398272.000000 73186208.000000
14 1118.171875 72942992.000000 86441432.000000 354398272.000000 73070104.000000
15 1189.038208 72854008.000000 85991432.000000 354398272.000000 72942992.000000
16 1273.926758 72710496.000000 86021840.000000 354398272.000000 72854008.000000
17 1364.323608 72486784.000000 85578592.000000 354398272.000000 72710496.000000
18 1454.199951 72390432.000000 88854504.000000 354398272.000000 72486784.000000
19 1532.609741 72354304.000000 88964280.000000 354398272.000000 72390432.000000
20 1623.116211 72281752.000000 87901104.000000 354398272.000000 72354304.000000
21 1699.762085 72139648.000000 86449528.000000 354398272.000000 72281752.000000
22 1788.333862 71937960.000000 85987664.000000 354398272.000000 72139648.000000
23 1868.419434 71770336.000000 85484400.000000 354398272.000000 71937960.000000
24 1958.186523 71747152.000000 84795552.000000 354398272.000000 71770336.000000
25 2046.225464 71681560.000000 85329184.000000 354398272.000000 71747152.000000
26 2124.858887 71644904.000000 87761944.000000 354398272.000000 71681560.000000
27 2199.378662 71552752.000000 85144032.000000 354398272.000000 71644904.000000
28 2278.472656 71436664.000000 84860440.000000 354398272.000000 71552752.000000
29 2352.169434 71367504.000000 91288168.000000 412322368.000000 71436664.000000
30 2429.131836 71303240.000000 88912320.000000 354398272.000000 71367504.000000
31 2509.024170 71264544.000000 86299712.000000 307364864.000000 71303240.000000
32 2586.881592 71215272.000000 83068720.000000 270347840.000000 71264544.000000
33 2668.774414 71103680.000000 85300840.000000 265973760.000000 71215272.000000
34 2751.086426 71058952.000000 83262984.000000 265973760.000000 71103680.000000
35 2827.471924 71037232.000000 84252408.000000 265973760.000000 71058952.000000
36 2913.238525 70988240.000000 82077552.000000 265973760.000000 71037232.000000
37 2991.895020 70951112.000000 81262576.000000 265973760.000000 70988240.000000
38 3077.981689 70949424.000000 86600168.000000 265973760.000000 70951112.000000
39 3169.909912 70912944.000000 85872120.000000 372511168.000000 70949424.000000
40 3249.480957 70909208.000000 85181976.000000 372511168.000000 70912944.000000
41 3324.139160 70904216.000000 84582608.000000 372511168.000000 70909208.000000
42 3400.550537 70897960.000000 85289736.000000 421986880.000000 70904216.000000
43 3472.784424 70855888.000000 85239144.000000 421986880.000000 70897960.000000
