0 0.000001 77316088.000000 78232800.000000 79030488.000000 77316088.000000
1 69.907410 76114776.000000 78232800.000000 79030488.000000 77316088.000000
2 147.195740 75530656.000000 80792704.000000 216699744.000000 76114776.000000
3 224.885269 75289032.000000 80579832.000000 216699744.000000 75530656.000000
4 308.537964 75109048.000000 80428136.000000 216699744.000000 75289032.000000
5 385.129517 74848504.000000 81015216.000000 216699744.000000 75109048.000000
6 461.813660 74773880.000000 83346864.000000 216699744.000000 74848504.000000
7 543.303345 74572424.000000 83131056.000000 216699744.000000 74773880.000000
8 616.992554 74358784.000000 83043296.000000 216699744.000000 74572424.000000
9 699.011108 74280784.000000 83363080.000000 216699744.000000 74358784.000000
10 785.895691 74003000.000000 84581384.000000 216699744.000000 74280784.000000
11 868.255981 73838064.000000 84412312.000000 216699744.000000 74003000.000000
12 948.447815 73672264.000000 83351472.000000 216699744.000000 73838064.000000
13 1032.677246 73477960.000000 81064656.000000 216699744.000000 73672264.000000
14 1098.666626 73442760.000000 76782616.000000 78395208.000000 73477960.000000
15 1162.020752 73106968.000000 76731520.000000 78395208.000000 73442760.000000
16 1240.994873 72885720.000000 76676784.000000 78395208.000000 73106968.000000
17 1319.480713 72729936.000000 76632168.000000 78395208.000000 72885720.000000
18 1388.042969 72615288.000000 76582120.000000 78395208.000000 72729936.000000
19 1464.003174 72394960.000000 76537568.000000 78395208.000000 72615288.000000
20 1535.541382 72366336.000000 76503288.000000 78395208.000000 72394960.000000
21 1611.427979 72294480.000000 76464048.000000 78395208.000000 72366336.000000
22 1688.958618 72124336.000000 76432128.000000 78395208.000000 72294480.000000
23 1775.795288 72072288.000000 76395472.000000 78395208.000000 72124336.000000
24 1859.165527 71965784.000000 76371152.000000 78395208.000000 72072288.000000
25 1930.186523 71921080.000000 76350280.000000 78395208.000000 71965784.000000
26 2002.367676 71840512.000000 76318104.000000 78395208.000000 71921080.000000
27 2085.155762 71798544.000000 76285576.000000 78395208.000000 71840512.000000
28 2168.654297 71677792.000000 77628752.000000 141228704.000000 71798544.000000
29 2248.991699 71611896.000000 76216072.000000 78395208.000000 71677792.000000
30 2323.395752 71544176.000000 76193504.000000 78395208.000000 71611896.000000
31 2397.200684 71463312.000000 76166240.000000 78395208.000000 71544176.000000
32 2468.165771 71420704.000000 76141840.000000 78395208.000000 71463312.000000
33 2546.732178 71408168.000000 76122176.000000 78395208.000000 71420704.000000
34 2625.550293 71345392.000000 76108168.000000 78395208.000000 71408168.000000
35 2698.446533 71331216.000000 76088936.000000 78395208.000000 71345392.000000
36 2780.156006 71314192.000000 76074080.000000 78395208.000000 71331216.000000
37 2849.846191 71266288.000000 76063736.000000 78395208.000000 71314192.000000
38 2923.372559 71260496.000000 77193352.000000 128769368.000000 71266288.000000
39 2995.295654 71242024.000000 76035688.000000 78395208.000000 71260496.000000
40 3077.465576 71226112.000000 76020624.000000 78395208.000000 71242024.000000
41 3151.814453 71189040.000000 76013840.000000 78395208.000000 71226112.000000
42 3223.548828 71155072.000000 76001672.000000 78395208.000000 71189040.000000
43 3305.181152 71132840.000000 79124112.000000 227826192.000000 71155072.000000
44 3372.443848 71092544.000000 76849760.000000 114556888.000000 71132840.000000
45 3437.919922 71066352.000000 76102936.000000 78395208.000000 71092544.000000
