0 0.000001 77616984.000000 78278928.000000 79141216.000000 77616984.000000
1 81.140335 76736256.000000 78278928.000000 79141216.000000 77616984.000000
2 154.204254 76538248.000000 78240488.000000 79141216.000000 76736256.000000
3 238.183929 75892088.000000 78209520.000000 79141216.000000 76538248.000000
4 316.740723 75501320.000000 84079568.000000 374963648.000000 75892088.000000
5 384.741241 75307240.000000 83926816.000000 374963648.000000 75501320.000000
6 464.470215 75009936.000000 83849416.000000 374963648.000000 75307240.000000
7 538.508728 74896688.000000 83783688.000000 374963648.000000 75009936.000000
8 606.701477 74666552.000000 83708920.000000 374963648.000000 74896688.000000
9 681.890869 74477560.000000 83632184.000000 374963648.000000 74666552.000000
10 748.698669 74311984.000000 77667808.000000 78470112.000000 74477560.000000
11 814.065613 73993032.000000 77628080.000000 78470112.000000 74311984.000000
12 880.053406 73810816.000000 77594704.000000 78470112.000000 73993032.000000
13 952.158386 73704192.000000 77559248.000000 78470112.000000 73810816.000000
14 1036.666138 73458024.000000 77533800.000000 78470112.000000 73704192.000000
15 1107.400879 73299552.000000 77506696.000000 78470112.000000 73458024.000000
16 1178.606567 73237776.000000 77483168.000000 78470112.000000 73299552.000000
17 1252.857422 73002944.000000 77457760.000000 78470112.000000 73237776.000000
18 1317.144531 72951000.000000 77437960.000000 78470112.000000 73002944.000000
19 1393.725464 72698160.000000 77408288.000000 78470112.000000 72951000.000000
20 1478.703735 72643120.000000 77388424.000000 78470112.000000 72698160.000000
21 1549.100708 72605464.000000 77369880.000000 78470112.000000 72643120.000000
22 1623.794067 72446712.000000 77355752.000000 78470112.000000 72605464.000000
23 1706.452515 72324912.000000 77339000.000000 78470112.000000 72446712.000000
24 1769.173218 72311992.000000 77321768.000000 78470112.000000 72324912.000000
25 1833.703003 72245856.000000 77308616.000000 78470112.000000 72311992.000000
26 1910.693726 72233800.000000 77300208.000000 78470112.000000 72245856.000000
27 1973.501953 72099024.000000 77282008.000000 78470112.000000 72233800.000000
28 2038.072998 72058400.000000 77270632.000000 78470112.000000 72099024.000000
29 2115.911865 71912184.000000 77259272.000000 78470112.000000 72058400.000000
30 2191.751221 71878664.000000 77243912.000000 78470112.000000 71912184.000000
31 2265.377197 71793096.000000 77237280.000000 78470112.000000 71878664.000000
32 2337.429932 71724088.000000 77223760.000000 78470112.000000 71793096.000000
33 2414.159424 71718008.000000 77216976.000000 78470112.000000 71724088.000000
34 2495.700928 71652248.000000 77212408.000000 78470112.000000 71718008.000000
35 2564.808350 71632160.000000 77206008.000000 78470112.000000 71652248.000000
36 2643.879639 71614488.000000 77198512.000000 78470112.000000 71632160.000000
37 2725.763428 71590096.000000 78784464.000000 156142496.000000 71614488.000000
38 2806.878906 71563848.000000 77098320.000000 78470112.000000 71590096.000000
39 2892.979248 71556600.000000 77086128.000000 78470112.000000 71563848.000000
40 2967.937256 71526272.000000 77077696.000000 78470112.000000 71556600.000000
41 3048.636963 71505912.000000 77069112.000000 78470112.000000 71526272.000000
42 3115.971436 71485256.000000 77063912.000000 78470112.000000 71505912.000000
43 3187.754639 71466232.000000 77061552.000000 78470112.000000 71485256.000000
44 3258.775635 71423656.000000 77058104.000000 78470112.000000 71466232.000000
45 3342.799561 71413160.000000 77055288.000000 78470112.000000 71423656.000000
46 3413.408447 71405576.000000 77053024.000000 78470112.000000 71413160.000000
47 3483.044434 71385920.000000 77051184.000000 78470112.000000 71405576.000000
