0 0.000001 77616944.000000 78268480.000000 78907584.000000 77616944.000000
1 75.433578 76665856.000000 78268480.000000 78907584.000000 77616944.000000
2 147.747391 76083728.000000 77475040.000000 78606856.000000 76665856.000000
3 225.603409 75835840.000000 81727424.000000 222724208.000000 76083728.000000
4 297.416138 75452240.000000 80350576.000000 165357360.000000 75835840.000000
5 369.963593 75198376.000000 86720328.000000 361379776.000000 75452240.000000
6 445.774414 74921568.000000 82610680.000000 158450528.000000 75198376.000000
7 518.057007 74629976.000000 84376936.000000 225057856.000000 74921568.000000
8 598.470764 74371040.000000 83903296.000000 224012672.000000 74629976.000000
9 677.536682 74230776.000000 86723800.000000 280502016.000000 74371040.000000
10 753.425110 74000752.000000 85641832.000000 279468544.000000 74230776.000000
11 825.840759 73875464.000000 84364456.000000 279468544.000000 74000752.000000
12 899.378723 73684000.000000 83718896.000000 279468544.000000 73875464.000000
13 963.800110 73410488.000000 90024128.000000 309240416.000000 73684000.000000
14 1041.953003 73266680.000000 86136240.000000 279468544.000000 73410488.000000
15 1120.349243 73230496.000000 84920736.000000 260291232.000000 73266680.000000
16 1197.961182 73057944.000000 83696080.000000 260291232.000000 73230496.000000
17 1269.750488 72917896.000000 84346064.000000 260291232.000000 73057944.000000
18 1352.786865 72770952.000000 83689872.000000 260291232.000000 72917896.000000
19 1434.744019 72732624.000000 82936592.000000 260291232.000000 72770952.000000
20 1510.276978 72509176.000000 87605624.000000 299537024.000000 72732624.000000
21 1586.637085 72347232.000000 85173768.000000 240995408.000000 72509176.000000
22 1664.697388 72277584.000000 84698160.000000 240995408.000000 72347232.000000
23 1735.390137 72277136.000000 86800800.000000 240995408.000000 72277584.000000
24 1814.796997 72242640.000000 88223752.000000 240995408.000000 72277136.000000
25 1898.278198 72185504.000000 87012616.000000 240995408.000000 72242640.000000
26 1979.994995 72107816.000000 86510512.000000 240995408.000000 72185504.000000
27 2053.448242 72040160.000000 86256752.000000 240995408.000000 72107816.000000
28 2140.926758 71972096.000000 90555672.000000 316495520.000000 72040160.000000
29 2212.296631 71871968.000000 86646608.000000 257456000.000000 71972096.000000
30 2288.894287 71738568.000000 89010360.000000 333007616.000000 71871968.000000
31 2367.884033 71738432.000000 87401824.000000 269262912.000000 71738568.000000
32 2441.791260 71672752.000000 85680376.000000 269262912.000000 71738432.000000
33 2521.820068 71652616.000000 84882688.000000 269262912.000000 71672752.000000
34 2598.978027 71636240.000000 82823312.000000 269262912.000000 71652616.000000
35 2662.986816 71636208.000000 82146816.000000 269262912.000000 71636240.000000
36 2756.971436 71542496.000000 84500600.000000 269262912.000000 71636208.000000
37 2828.082275 71492008.000000 86381312.000000 269262912.000000 71542496.000000
38 2904.931885 71414808.000000 85332832.000000 269262912.000000 71492008.000000
39 2984.931152 71380200.000000 84921008.000000 269262912.000000 71414808.000000
40 3058.361328 71334048.000000 85015200.000000 269262912.000000 71380200.000000
41 3131.332520 71296336.000000 83862280.000000 269262912.000000 71334048.000000
42 3210.738770 71254488.000000 83551696.000000 269262912.000000 71296336.000000
43 3292.646240 71247808.000000 82840032.000000 269262912.000000 71254488.000000
44 3373.465576 71192240.000000 82390824.000000 269262912.000000 71247808.000000
45 3441.044922 71190216.000000 82072304.000000 269262912.000000 71192240.000000
