0 0.000001 77654016.000000 78216016.000000 79138176.000000 77654016.000000
1 70.412720 76799232.000000 78216016.000000 79138176.000000 77654016.000000
2 137.151550 76359416.000000 78093168.000000 79138176.000000 76799232.000000
3 212.383087 75769176.000000 78960896.000000 123919248.000000 76359416.000000
4 288.887634 75208008.000000 78804200.000000 123919248.000000 75769176.000000
5 360.776733 74899744.000000 78683136.000000 123919248.000000 75208008.000000
6 440.516357 74751048.000000 78587248.000000 123919248.000000 74899744.000000
7 533.480042 74549200.000000 78513736.000000 123919248.000000 74751048.000000
8 602.424133 74418136.000000 78426208.000000 123919248.000000 74549200.000000
9 677.737488 74375824.000000 78329368.000000 123919248.000000 74418136.000000
10 752.023254 73716328.000000 84343600.000000 262048032.000000 74375824.000000
11 815.749146 73716328.000000 81439200.000000 285520192.000000 73716328.000000
12 892.499329 73595776.000000 77159392.000000 78322512.000000 73716328.000000
13 972.319641 73406488.000000 77111384.000000 78322512.000000 73595776.000000
14 1048.366699 73281544.000000 77066320.000000 78322512.000000 73406488.000000
15 1126.073486 73233184.000000 77030176.000000 78322512.000000 73281544.000000
16 1212.548462 73085448.000000 76989040.000000 78322512.000000 73233184.000000
17 1289.989380 72997344.000000 76964288.000000 78322512.000000 73085448.000000
18 1371.181396 72920520.000000 76930328.000000 78322512.000000 72997344.000000
19 1455.227295 72847592.000000 76904784.000000 78322512.000000 72920520.000000
20 1529.386963 72698960.000000 76886688.000000 78322512.000000 72847592.000000
21 1609.577637 72643304.000000 76864240.000000 78322512.000000 72698960.000000
22 1677.776489 72586480.000000 76842584.000000 78322512.000000 72643304.000000
23 1758.058838 72439784.000000 76827440.000000 78322512.000000 72586480.000000
24 1837.753906 72342984.000000 82590888.000000 363626048.000000 72439784.000000
25 1924.942627 72273904.000000 76752672.000000 78322512.000000 72342984.000000
26 2005.010254 72209368.000000 76726536.000000 78322512.000000 72273904.000000
27 2072.671143 72039792.000000 76699208.000000 78322512.000000 72209368.000000
28 2143.955566 71999184.000000 76680184.000000 78322512.000000 72039792.000000
29 2216.639160 71730048.000000 81162520.000000 281887552.000000 71999184.000000
30 2288.205322 71730048.000000 76642768.000000 78322512.000000 71730048.000000
31 2365.104248 71673712.000000 76629456.000000 78322512.000000 71730048.000000
32 2448.227783 71633912.000000 76616224.000000 78322512.000000 71673712.000000
33 2533.635742 71617680.000000 76602808.000000 78322512.000000 71633912.000000
34 2612.082275 71614720.000000 76586064.000000 78322512.000000 71617680.000000
35 2696.651123 71568840.000000 76577248.000000 78322512.000000 71614720.000000
36 2774.250732 71476544.000000 76564064.000000 78322512.000000 71568840.000000
37 2838.690918 71405848.000000 76542896.000000 78322512.000000 71476544.000000
38 2922.746338 71389560.000000 83054440.000000 399200768.000000 71405848.000000
39 2998.976318 71071840.000000 76717808.000000 83131544.000000 71389560.000000
40 3072.045654 71071840.000000 76468312.000000 78322512.000000 71071840.000000
41 3141.539551 71063752.000000 76457008.000000 78322512.000000 71071840.000000
42 3216.373047 71047016.000000 76447920.000000 78322512.000000 71063752.000000
43 3290.029297 71026224.000000 76441440.000000 78322512.000000 71047016.000000
44 3360.731201 71003664.000000 76434432.000000 78322512.000000 71026224.000000
45 3438.029541 70985400.000000 76425288.000000 78322512.000000 71003664.000000
