0 0.000000 163282464.000000 164284544.000000 165257536.000000 163282464.000000
1 301.931061 161620640.000000 164284544.000000 165257536.000000 163282464.000000
2 660.935120 160670304.000000 162942960.000000 164669056.000000 161620640.000000
3 993.385254 159681504.000000 166650432.000000 391713216.000000 160670304.000000
4 1347.369263 159195712.000000 171044496.000000 420425696.000000 159681504.000000
5 1695.531616 158582032.000000 165668800.000000 410830240.000000 159195712.000000
6 1980.267578 158055232.000000 164847440.000000 398464608.000000 158582032.000000
7 2296.880371 157641280.000000 164232048.000000 391732576.000000 158055232.000000
8 2638.895020 157392352.000000 163570656.000000 383236448.000000 157641280.000000
9 2957.214600 156983264.000000 163018048.000000 375022432.000000 157392352.000000
