0 0.000001 315806.218750 329050.093750 345025.937500 315806.218750
1 0.053643 311553.250000 329050.093750 345025.937500 315806.218750
2 0.106321 308264.875000 330494.625000 386243.843750 311553.250000
3 0.162613 306689.187500 330152.312500 386243.843750 308264.875000
4 0.217415 302566.406250 329898.031250 386243.843750 306689.187500
5 0.275867 302038.062500 329323.468750 386243.843750 302566.406250
6 0.333284 301721.625000 328637.968750 386243.843750 302038.062500
7 0.400041 300637.500000 327910.250000 386243.843750 301721.625000
8 0.457690 299040.343750 327016.062500 386243.843750 300637.500000
9 0.526644 296208.843750 326042.750000 386243.843750 299040.343750
10 0.599277 295259.656250 324897.062500 386243.843750 296208.843750
11 0.659194 294378.906250 323523.406250 386243.843750 295259.656250
12 0.724186 294351.718750 322316.125000 386243.843750 294378.906250
13 0.787634 292667.375000 321012.937500 386243.843750 294351.718750
14 0.857117 290941.656250 318692.031250 326683.468750 292667.375000
15 0.910523 289797.125000 318550.531250 326683.468750 290941.656250
16 0.971155 289364.437500 318400.437500 326683.468750 289797.125000
17 1.035979 287940.125000 318295.218750 326683.468750 289364.437500
18 1.095714 286708.156250 318095.968750 326683.468750 287940.125000
19 1.160303 284247.718750 318010.593750 326683.468750 286708.156250
20 1.213630 282964.093750 317746.343750 326683.468750 284247.718750
21 1.271949 282964.093750 317634.593750 326683.468750 282964.093750
22 1.317569 281955.375000 317514.656250 326683.468750 282964.093750
23 1.378392 281825.531250 317354.187500 326683.468750 281955.375000
24 1.424625 281292.437500 317276.281250 326683.468750 281825.531250
25 1.479716 281245.218750 317238.593750 326683.468750 281292.437500
26 1.528522 281245.218750 317105.062500 326683.468750 281245.218750
27 1.594724 281245.218750 317097.718750 326683.468750 281245.218750
28 1.651932 281101.437500 317527.187500 326683.468750 281245.218750
29 1.711075 279896.718750 317474.156250 326683.468750 281101.437500
30 1.780370 279896.718750 317388.687500 326683.468750 279896.718750
31 1.839975 279664.593750 317265.062500 326683.468750 279896.718750
32 1.898175 279466.687500 317205.312500 326683.468750 279664.593750
33 1.957546 279009.187500 317168.031250 326683.468750 279466.687500
34 2.015768 279009.187500 317066.031250 326683.468750 279009.187500
35 2.072429 278712.781250 317036.406250 326683.468750 279009.187500
36 2.128789 277960.125000 316954.656250 326683.468750 278712.781250
37 2.189000 277960.125000 316927.375000 326683.468750 277960.125000
38 2.239954 277960.125000 316837.406250 326683.468750 277960.125000
39 2.297425 277755.281250 316815.250000 326683.468750 277960.125000
40 2.353638 277611.500000 316699.187500 326683.468750 277755.281250
41 2.414658 277515.093750 316515.968750 326683.468750 277611.500000
42 2.477882 277515.093750 316427.906250 326683.468750 277515.093750
43 2.532047 277315.125000 316396.125000 326683.468750 277515.093750
44 2.591554 276928.906250 317355.562500 336778.937500 277315.125000
45 2.651059 276928.906250 316289.906250 326683.468750 276928.906250
46 2.718564 276632.468750 316204.156250 326683.468750 276928.906250
47 2.777483 276617.312500 316148.937500 326683.468750 276632.468750
48 2.820978 276473.531250 316121.156250 326683.468750 276617.312500
49 2.874588 276343.687500 316094.875000 326683.468750 276473.531250
50 2.931571 276343.687500 316088.031250 326683.468750 276343.687500
51 2.995974 276263.718750 316085.406250 326683.468750 276343.687500
52 3.050737 276263.718750 316050.906250 326683.468750 276263.718750
53 3.110437 276262.093750 316039.218750 326683.468750 276263.718750
54 3.171679 276262.093750 316029.406250 326683.468750 276262.093750
55 3.229635 276262.093750 316028.000000 326683.468750 276262.093750
56 3.286001 276262.093750 316017.906250 326683.468750 276262.093750
57 3.338634 276262.093750 316009.000000 326683.468750 276262.093750
58 3.395581 276262.093750 315952.468750 326683.468750 276262.093750
59 3.456253 276262.093750 315873.562500 326683.468750 276262.093750
60 3.517190 276172.843750 315783.906250 326683.468750 276262.093750
61 3.571497 276172.843750 316557.625000 355004.312500 276172.843750
62 3.632873 276172.843750 314982.781250 326683.468750 276172.843750
63 3.678243 276172.843750 314980.968750 326683.468750 276172.843750
64 3.731044 276172.843750 314979.187500 326683.468750 276172.843750
65 3.782628 276172.843750 314977.406250 326683.468750 276172.843750
66 3.842612 276172.843750 314975.625000 326683.468750 276172.843750
67 3.902687 276172.843750 314973.843750 326683.468750 276172.843750
68 3.962874 276172.843750 314972.062500 326683.468750 276172.843750
69 4.019080 276172.843750 314050.375000 326683.468750 276172.843750
70 4.078128 276172.843750 313128.687500 326683.468750 276172.843750
71 4.139432 276172.843750 312207.000000 326683.468750 276172.843750
72 4.185568 276172.843750 311285.312500 326683.468750 276172.843750
73 4.245468 276172.843750 310363.625000 326683.468750 276172.843750
74 4.298789 276172.843750 309441.968750 326683.468750 276172.843750
75 4.355299 276172.843750 308520.250000 326683.468750 276172.843750
76 4.412654 276172.843750 307598.593750 326683.468750 276172.843750
77 4.467088 276172.843750 306676.906250 326683.468750 276172.843750
78 4.520539 276172.843750 305755.218750 326683.468750 276172.843750
79 4.569757 276172.843750 304833.531250 326683.468750 276172.843750
80 4.626439 276172.843750 303911.875000 326683.468750 276172.843750
81 4.688848 276172.843750 302990.187500 326683.468750 276172.843750
82 4.742127 276172.843750 302068.500000 326683.468750 276172.843750
83 4.793474 276172.843750 301146.812500 326683.468750 276172.843750
84 4.850693 276172.843750 300225.125000 326683.468750 276172.843750
85 4.909509 276172.843750 299303.468750 326683.468750 276172.843750
86 4.977020 276172.843750 298381.781250 326683.468750 276172.843750
87 5.033308 276172.843750 297460.093750 326683.468750 276172.843750
88 5.078934 276172.843750 298685.093750 383506.125000 276172.843750
89 5.137478 276172.843750 296630.718750 326683.468750 276172.843750
90 5.182703 276172.843750 297188.812500 326683.468750 276172.843750
91 5.238227 276172.843750 296538.406250 326683.468750 276172.843750
92 5.283365 276172.843750 295616.750000 326683.468750 276172.843750
93 5.338078 276172.843750 294695.062500 326683.468750 276172.843750
94 5.410186 276172.843750 293773.375000 326683.468750 276172.843750
95 5.470683 276172.843750 292851.687500 326683.468750 276172.843750
96 5.531723 276172.843750 291930.031250 326683.468750 276172.843750
97 5.581903 276172.843750 291008.343750 326683.468750 276172.843750
98 5.639400 276172.843750 290086.656250 326683.468750 276172.843750
99 5.694956 276172.843750 289164.968750 326683.468750 276172.843750
100 5.756113 276172.843750 288243.312500 326683.468750 276172.843750
101 5.817409 276172.843750 287321.625000 326683.468750 276172.843750
102 5.875261 276172.843750 286399.937500 326683.468750 276172.843750
103 5.932231 276172.843750 285478.250000 326683.468750 276172.843750
104 5.985609 276172.843750 284556.593750 326683.468750 276172.843750
105 6.052223 276172.843750 283634.906250 326683.468750 276172.843750
106 6.101877 276172.843750 282713.218750 326683.468750 276172.843750
107 6.149066 276172.843750 281791.531250 326683.468750 276172.843750
108 6.200918 276172.843750 280869.875000 326683.468750 276172.843750
109 6.251933 276172.843750 280105.125000 326683.468750 276172.843750
110 6.308441 276172.843750 279340.406250 326683.468750 276172.843750
111 6.373543 276172.843750 279183.468750 326683.468750 276172.843750
112 6.438720 276172.843750 279026.500000 326683.468750 276172.843750
113 6.487785 276083.593750 279103.531250 326683.468750 276172.843750
114 6.550312 276083.593750 278455.812500 326108.968750 276083.593750
115 6.607468 276083.593750 279724.125000 357802.093750 276083.593750
116 6.661853 276083.593750 280576.375000 354418.250000 276083.593750
117 6.708838 276083.593750 280491.312500 326108.968750 276083.593750
118 6.764036 276083.593750 280489.531250 326108.968750 276083.593750
119 6.819632 276083.593750 280487.718750 326108.968750 276083.593750
120 6.876744 276083.593750 280485.937500 326108.968750 276083.593750
121 6.936161 276083.593750 280484.156250 326108.968750 276083.593750
122 6.992074 276083.593750 280482.375000 326108.968750 276083.593750
123 7.046964 276083.593750 280480.593750 326108.968750 276083.593750
124 7.106315 276083.593750 280478.812500 326108.968750 276083.593750
125 7.160055 276083.593750 282410.812500 372773.062500 276083.593750
126 7.220281 276083.593750 281398.687500 326108.968750 276083.593750
127 7.278183 276083.593750 281396.906250 326108.968750 276083.593750
128 7.332734 276083.593750 281395.125000 326108.968750 276083.593750
129 7.392510 276083.593750 281393.343750 326108.968750 276083.593750
130 7.445948 276083.593750 281391.562500 326108.968750 276083.593750
131 7.494171 276083.593750 283231.375000 368164.250000 276083.593750
132 7.546961 276083.593750 283154.343750 368164.250000 276083.593750
133 7.607685 276083.593750 283152.562500 368164.250000 276083.593750
134 7.658417 276083.593750 283150.750000 368164.250000 276083.593750
135 7.723270 276083.593750 283148.968750 368164.250000 276083.593750
136 7.768319 276083.593750 286592.093750 448329.093750 276083.593750
137 7.824870 276083.593750 285673.968750 448329.093750 276083.593750
138 7.884849 276083.593750 285672.156250 448329.093750 276083.593750
139 7.936912 276083.593750 285670.375000 448329.093750 276083.593750
140 8.001835 276083.593750 285668.593750 448329.093750 276083.593750
141 8.065870 276083.593750 285666.812500 448329.093750 276083.593750
142 8.120980 276083.593750 285665.000000 448329.093750 276083.593750
143 8.176790 276083.593750 285663.218750 448329.093750 276083.593750
144 8.239318 276083.593750 285661.406250 448329.093750 276083.593750
145 8.295311 276083.593750 285659.625000 448329.093750 276083.593750
146 8.351699 276083.593750 285657.843750 448329.093750 276083.593750
147 8.408074 276083.593750 285656.062500 448329.093750 276083.593750
148 8.470171 276083.593750 285654.250000 448329.093750 276083.593750
149 8.534834 276083.593750 285652.468750 448329.093750 276083.593750
150 8.590691 276083.593750 285650.687500 448329.093750 276083.593750
151 8.655411 276083.593750 285648.906250 448329.093750 276083.593750
152 8.702677 276083.593750 285647.125000 448329.093750 276083.593750
153 8.759148 276083.593750 285645.375000 448329.093750 276083.593750
154 8.812281 276083.593750 285643.593750 448329.093750 276083.593750
155 8.875433 276083.593750 285641.812500 448329.093750 276083.593750
156 8.928807 276083.593750 285640.031250 448329.093750 276083.593750
157 8.983590 276083.593750 285638.250000 448329.093750 276083.593750
158 9.040218 276083.593750 286047.093750 448329.093750 276083.593750
159 9.094429 276083.593750 286045.312500 448329.093750 276083.593750
160 9.145692 276083.593750 287877.343750 448329.093750 276083.593750
161 9.203337 276083.593750 285354.093750 367773.437500 276083.593750
162 9.250743 276083.593750 284943.468750 367773.437500 276083.593750
163 9.304737 276083.593750 284381.718750 367773.437500 276083.593750
164 9.366679 276083.593750 283458.250000 367773.437500 276083.593750
165 9.421203 276083.593750 282534.812500 367773.437500 276083.593750
166 9.467164 276083.593750 281611.343750 367773.437500 276083.593750
167 9.515900 276083.593750 280687.875000 367773.437500 276083.593750
168 9.571603 276083.593750 279764.406250 367773.437500 276083.593750
169 9.630765 276083.593750 278840.968750 367773.437500 276083.593750
170 9.688499 276083.593750 277917.500000 367773.437500 276083.593750
171 9.742083 276083.593750 276083.718750 276083.593750 276083.593750
172 9.788417 276083.593750 276083.718750 276083.593750 276083.593750
173 9.842276 276083.593750 276083.718750 276083.593750 276083.593750
174 9.896783 276083.593750 276083.718750 276083.593750 276083.593750
175 9.957876 276083.593750 276083.718750 276083.593750 276083.593750
176 10.005250 276083.593750 276083.718750 276083.593750 276083.593750
177 10.071009 276083.593750 276083.718750 276083.593750 276083.593750
178 10.132860 276083.593750 276083.718750 276083.593750 276083.593750
179 10.190883 276083.593750 276083.718750 276083.593750 276083.593750
180 10.257300 276083.593750 277030.093750 323401.531250 276083.593750
181 10.322059 276083.593750 278676.593750 373724.781250 276083.593750
182 10.381544 276083.593750 278036.531250 373724.781250 276083.593750
183 10.431250 276083.593750 276083.718750 276083.593750 276083.593750
184 10.489718 276083.593750 276083.718750 276083.593750 276083.593750
185 10.549325 276083.593750 276083.718750 276083.593750 276083.593750
186 10.600139 276083.593750 276083.718750 276083.593750 276083.593750
187 10.654298 276083.593750 276083.718750 276083.593750 276083.593750
188 10.716526 276083.593750 276083.718750 276083.593750 276083.593750
189 10.772091 276083.593750 276083.718750 276083.593750 276083.593750
190 10.827430 276083.593750 276083.718750 276083.593750 276083.593750
191 10.891889 276083.593750 276083.718750 276083.593750 276083.593750
192 10.945474 276083.593750 276083.718750 276083.593750 276083.593750
193 11.002564 276083.593750 276083.718750 276083.593750 276083.593750
194 11.053182 276083.593750 276083.718750 276083.593750 276083.593750
195 11.115051 276083.593750 276083.718750 276083.593750 276083.593750
196 11.164136 276083.593750 276083.718750 276083.593750 276083.593750
197 11.219493 276083.593750 276083.718750 276083.593750 276083.593750
198 11.274347 276083.593750 276083.718750 276083.593750 276083.593750
199 11.334139 276083.593750 276083.718750 276083.593750 276083.593750
200 11.392184 276083.593750 276083.718750 276083.593750 276083.593750
201 11.452381 276083.593750 276083.718750 276083.593750 276083.593750
202 11.513193 276083.593750 276083.718750 276083.593750 276083.593750
203 11.569606 276083.593750 276083.718750 276083.593750 276083.593750
204 11.618568 276083.593750 276083.718750 276083.593750 276083.593750
205 11.666276 276083.593750 276083.718750 276083.593750 276083.593750
206 11.722506 276083.593750 276083.718750 276083.593750 276083.593750
207 11.782295 276083.593750 276083.718750 276083.593750 276083.593750
208 11.835258 276083.593750 276083.718750 276083.593750 276083.593750
209 11.885758 276083.593750 276083.718750 276083.593750 276083.593750
210 11.951525 276083.593750 276083.718750 276083.593750 276083.593750
211 12.006238 276083.593750 276083.718750 276083.593750 276083.593750
212 12.061657 276083.593750 278176.812500 380739.062500 276083.593750
213 12.121058 276083.593750 277106.093750 322257.031250 276083.593750
214 12.164683 276083.593750 277568.593750 322257.031250 276083.593750
215 12.219302 276083.593750 277007.187500 322257.031250 276083.593750
216 12.274144 276083.593750 276083.718750 276083.593750 276083.593750
217 12.332877 276083.593750 276083.718750 276083.593750 276083.593750
218 12.383731 276083.593750 276083.718750 276083.593750 276083.593750
219 12.444544 276083.593750 276083.718750 276083.593750 276083.593750
220 12.502158 276083.593750 276083.718750 276083.593750 276083.593750
221 12.558556 276083.593750 276083.718750 276083.593750 276083.593750
222 12.610419 276083.593750 276083.718750 276083.593750 276083.593750
223 12.657423 276083.593750 276083.718750 276083.593750 276083.593750
224 12.712248 276083.593750 276083.718750 276083.593750 276083.593750
225 12.774167 276083.593750 276083.718750 276083.593750 276083.593750
226 12.826297 276083.593750 276083.718750 276083.593750 276083.593750
227 12.883457 276083.593750 276083.718750 276083.593750 276083.593750
228 12.937254 276083.593750 276083.718750 276083.593750 276083.593750
229 12.991410 276083.593750 276083.718750 276083.593750 276083.593750
230 13.057277 276083.593750 276083.718750 276083.593750 276083.593750
231 13.113254 276083.593750 276083.718750 276083.593750 276083.593750
232 13.168615 276083.593750 276083.718750 276083.593750 276083.593750
233 13.223616 276083.593750 276083.718750 276083.593750 276083.593750
234 13.273645 276083.593750 276083.718750 276083.593750 276083.593750
235 13.328432 276083.593750 277039.875000 323891.531250 276083.593750
236 13.380840 276083.593750 276083.718750 276083.593750 276083.593750
237 13.439101 276083.593750 276083.718750 276083.593750 276083.593750
238 13.493504 276083.593750 276083.718750 276083.593750 276083.593750
239 13.550569 276083.593750 276083.718750 276083.593750 276083.593750
240 13.613859 276083.593750 276083.718750 276083.593750 276083.593750
241 13.673151 276083.593750 276726.687500 308231.718750 276083.593750
242 13.719315 276083.593750 277953.468750 369571.656250 276083.593750
243 13.772184 276083.593750 276271.906250 285494.312500 276083.593750
244 13.827268 276083.593750 276540.875000 298941.437500 276083.593750
245 13.882464 276083.593750 276237.093750 283752.875000 276083.593750
246 13.940103 276083.593750 276164.468750 280121.781250 276083.593750
247 13.999833 276083.593750 276083.718750 276083.593750 276083.593750
248 14.062278 276083.593750 278382.281250 391011.562500 276083.593750
249 14.121878 276083.593750 276083.718750 276083.593750 276083.593750
250 14.167405 276083.593750 276083.718750 276083.593750 276083.593750
251 14.221564 276083.593750 276083.718750 276083.593750 276083.593750
252 14.280892 276083.593750 276083.718750 276083.593750 276083.593750
253 14.332069 276083.593750 276083.718750 276083.593750 276083.593750
254 14.392236 276083.593750 276083.718750 276083.593750 276083.593750
255 14.450474 276083.593750 276083.718750 276083.593750 276083.593750
256 14.505595 276083.593750 276083.718750 276083.593750 276083.593750
257 14.562575 276083.593750 276083.718750 276083.593750 276083.593750
258 14.620355 276083.593750 276083.718750 276083.593750 276083.593750
259 14.671132 276083.593750 276083.718750 276083.593750 276083.593750
260 14.736898 276083.593750 276083.718750 276083.593750 276083.593750
261 14.793215 276083.593750 276083.718750 276083.593750 276083.593750
262 14.848915 276083.593750 276083.718750 276083.593750 276083.593750
263 14.902085 276083.593750 276083.718750 276083.593750 276083.593750
264 14.952702 276083.593750 276083.718750 276083.593750 276083.593750
265 15.012639 276083.593750 276083.718750 276083.593750 276083.593750
266 15.061110 276083.593750 276083.718750 276083.593750 276083.593750
267 15.112390 276083.593750 276083.718750 276083.593750 276083.593750
268 15.168376 276083.593750 276083.718750 276083.593750 276083.593750
269 15.226804 276083.593750 276083.718750 276083.593750 276083.593750
270 15.282264 276083.593750 276083.718750 276083.593750 276083.593750
271 15.337292 276083.593750 276083.718750 276083.593750 276083.593750
272 15.383694 276083.593750 276083.718750 276083.593750 276083.593750
273 15.433728 276083.593750 276083.718750 276083.593750 276083.593750
274 15.496249 276083.593750 276083.718750 276083.593750 276083.593750
275 15.547469 276083.593750 276083.718750 276083.593750 276083.593750
276 15.612181 276083.593750 276083.718750 276083.593750 276083.593750
277 15.673694 276083.593750 276083.718750 276083.593750 276083.593750
278 15.735860 276083.593750 276083.718750 276083.593750 276083.593750
279 15.790868 276083.593750 276083.718750 276083.593750 276083.593750
280 15.845000 276083.593750 276083.718750 276083.593750 276083.593750
281 15.903009 276083.593750 276083.718750 276083.593750 276083.593750
282 15.960304 276083.593750 276083.718750 276083.593750 276083.593750
283 16.024918 276083.593750 276083.718750 276083.593750 276083.593750
284 16.081306 276083.593750 276083.718750 276083.593750 276083.593750
285 16.140306 276083.593750 276083.718750 276083.593750 276083.593750
286 16.202843 276083.593750 276083.718750 276083.593750 276083.593750
287 16.264387 276083.593750 276083.718750 276083.593750 276083.593750
288 16.323668 276083.593750 276083.718750 276083.593750 276083.593750
289 16.380138 276083.593750 276083.718750 276083.593750 276083.593750
290 16.432459 276083.593750 276083.718750 276083.593750 276083.593750
291 16.490835 276083.593750 276083.718750 276083.593750 276083.593750
292 16.552704 276083.593750 276083.718750 276083.593750 276083.593750
293 16.608564 276083.593750 276083.718750 276083.593750 276083.593750
294 16.664379 276083.593750 276083.718750 276083.593750 276083.593750
295 16.726276 276083.593750 276083.718750 276083.593750 276083.593750
296 16.782393 276083.593750 276083.718750 276083.593750 276083.593750
297 16.829838 276083.593750 276083.718750 276083.593750 276083.593750
298 16.885883 276083.593750 276083.718750 276083.593750 276083.593750
299 16.938091 276083.593750 276083.718750 276083.593750 276083.593750
300 16.993956 276083.593750 276083.718750 276083.593750 276083.593750
301 17.050072 276083.593750 276083.718750 276083.593750 276083.593750
302 17.112007 276083.593750 276083.718750 276083.593750 276083.593750
303 17.178017 276083.593750 276083.718750 276083.593750 276083.593750
304 17.238005 276083.593750 276083.718750 276083.593750 276083.593750
305 17.295124 276083.593750 276083.718750 276083.593750 276083.593750
306 17.352173 276083.593750 276083.718750 276083.593750 276083.593750
307 17.416883 276083.593750 276083.718750 276083.593750 276083.593750
308 17.471146 276083.593750 276083.718750 276083.593750 276083.593750
309 17.523472 276083.593750 276083.718750 276083.593750 276083.593750
310 17.579008 276083.593750 276083.718750 276083.593750 276083.593750
311 17.633698 276083.593750 276083.718750 276083.593750 276083.593750
312 17.691339 276083.593750 276083.718750 276083.593750 276083.593750
313 17.758535 276083.593750 276083.718750 276083.593750 276083.593750
314 17.816277 276083.593750 276083.718750 276083.593750 276083.593750
315 17.865364 276083.593750 276083.718750 276083.593750 276083.593750
316 17.925953 276083.593750 276083.718750 276083.593750 276083.593750
317 17.977133 276083.593750 276083.718750 276083.593750 276083.593750
318 18.028761 276083.593750 276083.718750 276083.593750 276083.593750
319 18.085737 276083.593750 278564.906250 400142.156250 276083.593750
320 18.139236 276083.593750 276083.718750 276083.593750 276083.593750
321 18.195602 276083.593750 276083.718750 276083.593750 276083.593750
322 18.266184 276083.593750 276083.718750 276083.593750 276083.593750
323 18.317616 276083.593750 276083.718750 276083.593750 276083.593750
324 18.369921 276083.593750 276083.718750 276083.593750 276083.593750
325 18.435097 275883.125000 276493.281250 296562.187500 276083.593750
326 18.490168 275883.125000 276079.687500 276083.593750 275883.125000
327 18.535246 275883.125000 276079.687500 276083.593750 275883.125000
328 18.600552 275883.125000 276075.687500 276083.593750 275883.125000
329 18.657476 275883.125000 276071.687500 276083.593750 275883.125000
330 18.713951 275883.125000 276067.687500 276083.593750 275883.125000
331 18.771517 275883.125000 276063.656250 276083.593750 275883.125000
332 18.825523 275883.125000 276059.656250 276083.593750 275883.125000
333 18.878504 275883.125000 276055.625000 276083.593750 275883.125000
334 18.937153 275883.125000 276051.625000 276083.593750 275883.125000
335 18.989637 275883.125000 276047.625000 276083.593750 275883.125000
336 19.053143 275883.125000 276043.625000 276083.593750 275883.125000
337 19.115133 275883.125000 276039.593750 276083.593750 275883.125000
338 19.174711 275883.125000 276035.593750 276083.593750 275883.125000
339 19.226885 275883.125000 276031.593750 276083.593750 275883.125000
340 19.280304 275883.125000 276027.593750 276083.593750 275883.125000
341 19.336096 275883.125000 276023.562500 276083.593750 275883.125000
342 19.378941 275883.125000 277674.000000 334236.375000 275883.125000
343 19.444021 275883.125000 280888.750000 436621.375000 275883.125000
344 19.514048 275883.125000 281832.375000 436621.375000 275883.125000
345 19.564541 275883.125000 281828.375000 436621.375000 275883.125000
346 19.625731 275883.125000 281824.343750 436621.375000 275883.125000
347 19.685064 275883.125000 284697.843750 436621.375000 275883.125000
348 19.736385 275883.125000 283324.687500 419757.812500 275883.125000
349 19.794792 275883.125000 284118.437500 419757.812500 275883.125000
350 19.846342 275883.125000 284114.406250 419757.812500 275883.125000
351 19.909519 275883.125000 284110.406250 419757.812500 275883.125000
352 19.965059 275883.125000 284106.406250 419757.812500 275883.125000
353 20.018532 275883.125000 284102.406250 419757.812500 275883.125000
354 20.077930 275883.125000 284098.375000 419757.812500 275883.125000
355 20.125978 275883.125000 284094.375000 419757.812500 275883.125000
356 20.186291 275883.125000 284090.375000 419757.812500 275883.125000
357 20.250572 275883.125000 284086.375000 419757.812500 275883.125000
358 20.302727 275883.125000 286904.218750 419757.812500 275883.125000
359 20.356016 275883.125000 285868.312500 375858.156250 275883.125000
360 20.417189 275883.125000 285864.281250 375858.156250 275883.125000
361 20.473965 275883.125000 285860.281250 375858.156250 275883.125000
362 20.531071 275883.125000 285856.250000 375858.156250 275883.125000
363 20.589888 275883.125000 285852.250000 375858.156250 275883.125000
364 20.652767 275883.125000 285848.250000 375858.156250 275883.125000
365 20.705593 275883.125000 285844.250000 375858.156250 275883.125000
366 20.760775 275883.125000 285840.218750 375858.156250 275883.125000
367 20.820251 275883.125000 285836.187500 375858.156250 275883.125000
368 20.870956 275883.125000 285832.187500 375858.156250 275883.125000
369 20.921902 275883.125000 285828.156250 375858.156250 275883.125000
370 20.978563 275883.125000 285824.125000 375858.156250 275883.125000
371 21.028948 275883.125000 285820.125000 375858.156250 275883.125000
372 21.093208 275883.125000 285816.093750 375858.156250 275883.125000
373 21.145584 275883.125000 285812.093750 375858.156250 275883.125000
374 21.203220 275883.125000 285808.062500 375858.156250 275883.125000
375 21.257566 275883.125000 285804.031250 375858.156250 275883.125000
376 21.312927 275883.125000 285800.031250 375858.156250 275883.125000
377 21.368195 275883.125000 285796.000000 375858.156250 275883.125000
378 21.422644 275883.125000 285308.625000 375858.156250 275883.125000
379 21.486988 275883.125000 284510.843750 375858.156250 275883.125000
380 21.537540 275883.125000 283688.468750 375858.156250 275883.125000
381 21.592907 275883.125000 282740.812500 375858.156250 275883.125000
382 21.646601 275883.125000 281573.750000 375858.156250 275883.125000
383 21.714672 275883.125000 279728.125000 375858.156250 275883.125000
384 21.775549 275883.125000 279190.750000 375858.156250 275883.125000
385 21.828045 275883.125000 278294.406250 375858.156250 275883.125000
386 21.879932 275883.125000 277882.531250 375858.156250 275883.125000
387 21.936354 275883.125000 275883.031250 275883.125000 275883.125000
388 21.985355 275883.125000 275883.031250 275883.125000 275883.125000
389 22.036367 275883.125000 275883.031250 275883.125000 275883.125000
390 22.097916 275883.125000 275883.031250 275883.125000 275883.125000
391 22.152891 275883.125000 275883.031250 275883.125000 275883.125000
392 22.212767 275883.125000 275883.031250 275883.125000 275883.125000
393 22.280825 275883.125000 275883.031250 275883.125000 275883.125000
394 22.347656 275883.125000 275883.031250 275883.125000 275883.125000
395 22.411440 275883.125000 275883.031250 275883.125000 275883.125000
396 22.477377 275883.125000 275883.031250 275883.125000 275883.125000
397 22.534180 275883.125000 275883.031250 275883.125000 275883.125000
398 22.584620 275883.125000 275883.031250 275883.125000 275883.125000
399 22.632893 275883.125000 275883.031250 275883.125000 275883.125000
400 22.692604 275883.125000 275883.031250 275883.125000 275883.125000
401 22.759895 275883.125000 275883.031250 275883.125000 275883.125000
402 22.826418 275883.125000 275886.000000 276031.343750 275883.125000
403 22.890053 275883.125000 275883.031250 275883.125000 275883.125000
404 22.947460 275883.125000 275883.031250 275883.125000 275883.125000
405 23.004265 275883.125000 275883.031250 275883.125000 275883.125000
406 23.064064 275883.125000 275883.031250 275883.125000 275883.125000
407 23.120981 275883.125000 275883.031250 275883.125000 275883.125000
408 23.182520 275883.125000 275883.031250 275883.125000 275883.125000
409 23.239841 275883.125000 275883.031250 275883.125000 275883.125000
410 23.302322 275883.125000 275883.031250 275883.125000 275883.125000
411 23.358040 275883.125000 275883.031250 275883.125000 275883.125000
412 23.414751 275883.125000 275883.031250 275883.125000 275883.125000
413 23.471842 275883.125000 275883.031250 275883.125000 275883.125000
414 23.529806 275883.125000 275883.031250 275883.125000 275883.125000
415 23.594933 275883.125000 275883.031250 275883.125000 275883.125000
416 23.648479 275883.125000 275883.031250 275883.125000 275883.125000
417 23.705503 275883.125000 275883.031250 275883.125000 275883.125000
418 23.760391 275883.125000 276410.156250 302239.312500 275883.125000
419 23.818804 275883.125000 276410.125000 302239.312500 275883.125000
420 23.868708 275883.125000 275883.031250 275883.125000 275883.125000
421 23.923668 275883.125000 275883.031250 275883.125000 275883.125000
422 23.979399 275883.125000 275883.031250 275883.125000 275883.125000
423 24.043612 275883.125000 276120.031250 287733.875000 275883.125000
424 24.094164 275883.125000 275883.031250 275883.125000 275883.125000
425 24.154680 275883.125000 275883.031250 275883.125000 275883.125000
426 24.209112 275883.125000 275883.031250 275883.125000 275883.125000
427 24.271009 275883.125000 275883.031250 275883.125000 275883.125000
428 24.331886 275883.125000 275883.031250 275883.125000 275883.125000
429 24.394756 275883.125000 275883.031250 275883.125000 275883.125000
430 24.449633 275883.125000 275883.031250 275883.125000 275883.125000
431 24.506828 275883.125000 275883.031250 275883.125000 275883.125000
432 24.565359 275883.125000 275883.031250 275883.125000 275883.125000
433 24.623943 275883.125000 275883.031250 275883.125000 275883.125000
434 24.680321 275883.125000 275883.031250 275883.125000 275883.125000
435 24.724644 275883.125000 275883.031250 275883.125000 275883.125000
436 24.773916 275883.125000 275883.031250 275883.125000 275883.125000
437 24.835569 275883.125000 275883.031250 275883.125000 275883.125000
438 24.896408 275883.125000 275883.031250 275883.125000 275883.125000
439 24.949499 275883.125000 275883.031250 275883.125000 275883.125000
440 25.003622 275883.125000 275883.031250 275883.125000 275883.125000
441 25.056698 275883.125000 275883.031250 275883.125000 275883.125000
442 25.116867 275883.125000 275883.031250 275883.125000 275883.125000
443 25.177277 275883.125000 275883.031250 275883.125000 275883.125000
444 25.231323 275883.125000 275883.031250 275883.125000 275883.125000
445 25.294708 275883.125000 275883.031250 275883.125000 275883.125000
446 25.346830 275883.125000 275883.031250 275883.125000 275883.125000
447 25.397547 275883.125000 275883.031250 275883.125000 275883.125000
448 25.452475 275883.125000 275883.031250 275883.125000 275883.125000
449 25.511623 275883.125000 275883.031250 275883.125000 275883.125000
450 25.561516 275883.125000 275883.031250 275883.125000 275883.125000
451 25.627352 275883.125000 275883.031250 275883.125000 275883.125000
452 25.680912 275883.125000 275883.031250 275883.125000 275883.125000
453 25.735392 275883.125000 275883.031250 275883.125000 275883.125000
454 25.792053 275883.125000 275883.031250 275883.125000 275883.125000
455 25.849997 275883.125000 275883.031250 275883.125000 275883.125000
456 25.913864 275883.125000 275883.031250 275883.125000 275883.125000
457 25.976753 275883.125000 275883.031250 275883.125000 275883.125000
458 26.035908 275883.125000 275883.031250 275883.125000 275883.125000
459 26.094746 275883.125000 275883.031250 275883.125000 275883.125000
460 26.149424 275883.125000 275883.031250 275883.125000 275883.125000
461 26.194284 275883.125000 275883.031250 275883.125000 275883.125000
462 26.256172 275883.125000 275883.031250 275883.125000 275883.125000
463 26.313269 275883.125000 275883.031250 275883.125000 275883.125000
464 26.367411 275883.125000 275883.031250 275883.125000 275883.125000
465 26.416306 275883.125000 275883.031250 275883.125000 275883.125000
466 26.470049 275883.125000 278543.906250 408926.375000 275883.125000
467 26.518064 275883.125000 276366.781250 300070.781250 275883.125000
468 26.572107 275883.125000 275883.031250 275883.125000 275883.125000
469 26.623446 275883.125000 278543.500000 408906.406250 275883.125000
470 26.684772 275883.125000 276012.468750 282355.906250 275883.125000
471 26.733803 275883.125000 275883.031250 275883.125000 275883.125000
472 26.790039 275883.125000 275883.031250 275883.125000 275883.125000
473 26.846010 275883.125000 275883.031250 275883.125000 275883.125000
474 26.898323 275883.125000 275883.031250 275883.125000 275883.125000
475 26.959784 275883.125000 275883.031250 275883.125000 275883.125000
476 27.018576 275883.125000 275883.031250 275883.125000 275883.125000
477 27.076448 275883.125000 275883.031250 275883.125000 275883.125000
478 27.134760 275883.125000 275883.031250 275883.125000 275883.125000
479 27.188280 275883.125000 275883.031250 275883.125000 275883.125000
480 27.249289 275883.125000 275883.031250 275883.125000 275883.125000
481 27.301414 275883.125000 275883.031250 275883.125000 275883.125000
482 27.359053 275883.125000 275883.031250 275883.125000 275883.125000
483 27.420748 275883.125000 275883.031250 275883.125000 275883.125000
484 27.482967 275883.125000 275883.031250 275883.125000 275883.125000
485 27.542501 275883.125000 275883.031250 275883.125000 275883.125000
486 27.606045 275883.125000 275883.031250 275883.125000 275883.125000
487 27.666172 275883.125000 275883.031250 275883.125000 275883.125000
488 27.723932 275883.125000 275883.031250 275883.125000 275883.125000
489 27.776644 275883.125000 275883.031250 275883.125000 275883.125000
490 27.827660 275883.125000 275883.031250 275883.125000 275883.125000
491 27.881195 275883.125000 275883.031250 275883.125000 275883.125000
492 27.935911 275883.125000 277950.375000 379250.937500 275883.125000
493 27.992151 275883.125000 275912.437500 277354.218750 275883.125000
494 28.047623 275883.125000 275932.906250 278377.125000 275883.125000
495 28.104076 275883.125000 275883.031250 275883.125000 275883.125000
496 28.165556 275883.125000 275883.031250 275883.125000 275883.125000
497 28.221720 275883.125000 275883.031250 275883.125000 275883.125000
498 28.283312 275883.125000 275883.031250 275883.125000 275883.125000
499 28.339760 275883.125000 275883.031250 275883.125000 275883.125000
500 28.389320 275883.125000 275883.031250 275883.125000 275883.125000
501 28.451328 275883.125000 275883.031250 275883.125000 275883.125000
502 28.506704 275883.125000 275883.031250 275883.125000 275883.125000
503 28.571440 275883.125000 275883.031250 275883.125000 275883.125000
504 28.624125 275883.125000 275883.031250 275883.125000 275883.125000
505 28.674284 275883.125000 275883.031250 275883.125000 275883.125000
506 28.732321 275883.125000 275883.031250 275883.125000 275883.125000
507 28.795452 275883.125000 275883.031250 275883.125000 275883.125000
508 28.848928 275883.125000 275883.031250 275883.125000 275883.125000
509 28.905811 275883.125000 275883.031250 275883.125000 275883.125000
510 28.964649 275883.125000 275883.031250 275883.125000 275883.125000
511 29.024076 275883.125000 275883.031250 275883.125000 275883.125000
512 29.080109 275883.125000 275883.031250 275883.125000 275883.125000
513 29.137674 275883.125000 275883.031250 275883.125000 275883.125000
514 29.194588 275883.125000 275883.031250 275883.125000 275883.125000
515 29.256693 275883.125000 275883.031250 275883.125000 275883.125000
516 29.304111 275883.125000 275883.031250 275883.125000 275883.125000
517 29.350588 275883.125000 275883.031250 275883.125000 275883.125000
518 29.407495 275883.125000 275883.031250 275883.125000 275883.125000
519 29.459040 275883.125000 275883.031250 275883.125000 275883.125000
520 29.517263 275883.125000 275883.031250 275883.125000 275883.125000
521 29.576088 275883.125000 275883.031250 275883.125000 275883.125000
522 29.642578 275883.125000 275883.031250 275883.125000 275883.125000
523 29.708679 275883.125000 275883.031250 275883.125000 275883.125000
524 29.768955 275883.125000 276169.468750 290205.312500 275883.125000
525 29.816595 275883.125000 276280.687500 295765.781250 275883.125000
526 29.884134 275883.125000 276091.625000 286312.781250 275883.125000
527 29.944647 275883.125000 278066.000000 385031.687500 275883.125000
528 30.006008 275883.125000 276726.968750 318079.750000 275883.125000
529 30.061356 275883.125000 276813.375000 322399.625000 275883.125000
530 30.113741 275883.125000 276445.406250 304002.812500 275883.125000
531 30.167728 275883.125000 276661.375000 314799.593750 275883.125000
532 30.221395 275883.125000 276753.250000 319393.562500 275883.125000
533 30.275887 275883.125000 276394.437500 301453.656250 275883.125000
534 30.344685 275883.125000 275883.031250 275883.125000 275883.125000
535 30.399511 275883.125000 275883.031250 275883.125000 275883.125000
536 30.451763 275883.125000 275883.031250 275883.125000 275883.125000
537 30.507109 275883.125000 275883.031250 275883.125000 275883.125000
538 30.570204 275883.125000 275883.031250 275883.125000 275883.125000
539 30.635679 275883.125000 275883.031250 275883.125000 275883.125000
540 30.680937 275883.125000 277147.937500 339128.625000 275883.125000
541 30.727806 275883.125000 276230.062500 293234.406250 275883.125000
542 30.787315 275883.125000 279469.187500 422318.843750 275883.125000
543 30.842789 275883.125000 279543.593750 422318.843750 275883.125000
544 30.902023 275883.125000 280462.937500 422318.843750 275883.125000
545 30.953304 275883.125000 280769.031250 422318.843750 275883.125000
546 31.009483 275883.125000 282052.343750 422318.843750 275883.125000
547 31.068581 275883.125000 283008.187500 422318.843750 275883.125000
548 31.125690 275883.125000 287100.125000 422318.843750 275883.125000
549 31.185623 275883.125000 287090.843750 422318.843750 275883.125000
550 31.241377 275883.125000 285929.687500 375153.437500 275883.125000
551 31.299677 275883.125000 286791.312500 375153.437500 275883.125000
552 31.355261 275883.125000 286482.218750 375153.437500 275883.125000
553 31.416821 275883.125000 285997.250000 375153.437500 275883.125000
554 31.474997 275883.125000 285068.187500 375153.437500 275883.125000
555 31.530216 275883.125000 284035.062500 375153.437500 275883.125000
556 31.583719 275883.125000 282871.656250 375153.437500 275883.125000
557 31.640587 275883.125000 281559.656250 375153.437500 275883.125000
558 31.695660 275883.125000 279714.031250 375153.437500 275883.125000
559 31.756968 275883.125000 277868.406250 375153.437500 275883.125000
560 31.807220 275883.125000 275883.031250 275883.125000 275883.125000
561 31.865728 275883.125000 275883.031250 275883.125000 275883.125000
562 31.920628 275883.125000 275883.031250 275883.125000 275883.125000
563 31.982624 275883.125000 275883.031250 275883.125000 275883.125000
564 32.042164 275883.125000 275883.031250 275883.125000 275883.125000
565 32.102497 275883.125000 275883.031250 275883.125000 275883.125000
566 32.159672 275883.125000 275883.031250 275883.125000 275883.125000
567 32.220531 275883.125000 275883.031250 275883.125000 275883.125000
568 32.285206 275883.125000 275883.031250 275883.125000 275883.125000
569 32.341057 275883.125000 275883.031250 275883.125000 275883.125000
570 32.409782 275883.125000 275883.031250 275883.125000 275883.125000
571 32.470291 275883.125000 275883.031250 275883.125000 275883.125000
572 32.528797 275883.125000 275883.031250 275883.125000 275883.125000
573 32.579887 275883.125000 275883.031250 275883.125000 275883.125000
574 32.639809 275883.125000 275883.031250 275883.125000 275883.125000
575 32.693775 275883.125000 275883.031250 275883.125000 275883.125000
576 32.747452 275883.125000 275883.031250 275883.125000 275883.125000
577 32.809315 275883.125000 275883.031250 275883.125000 275883.125000
578 32.866352 275883.125000 275883.031250 275883.125000 275883.125000
579 32.925873 275883.125000 277278.437500 345653.781250 275883.125000
580 32.982597 275883.125000 276999.312500 331697.687500 275883.125000
581 33.041172 275883.125000 275898.250000 276643.625000 275883.125000
582 33.096710 275883.125000 275883.031250 275883.125000 275883.125000
583 33.157059 275883.125000 275883.031250 275883.125000 275883.125000
584 33.212582 275883.125000 275883.031250 275883.125000 275883.125000
585 33.275635 275883.125000 275883.031250 275883.125000 275883.125000
586 33.325272 275883.125000 275883.031250 275883.125000 275883.125000
587 33.387642 275883.125000 275883.031250 275883.125000 275883.125000
588 33.445469 275883.125000 275883.031250 275883.125000 275883.125000
589 33.498775 275883.125000 275883.031250 275883.125000 275883.125000
590 33.552299 275883.125000 275883.031250 275883.125000 275883.125000
591 33.607952 275883.125000 277349.968750 349230.406250 275883.125000
592 33.667023 275883.125000 276316.562500 297560.062500 275883.125000
593 33.717121 275883.125000 276807.593750 322110.312500 275883.125000
594 33.778690 275883.125000 275883.031250 275883.125000 275883.125000
595 33.836430 275883.125000 275883.031250 275883.125000 275883.125000
596 33.886513 275883.125000 275883.031250 275883.125000 275883.125000
597 33.939137 275883.125000 275883.031250 275883.125000 275883.125000
598 33.994415 275883.125000 276265.468750 295004.437500 275883.125000
599 34.052830 275883.125000 276352.187500 299341.781250 275883.125000
600 34.112438 275883.125000 275883.031250 275883.125000 275883.125000
601 34.168068 275883.125000 275883.031250 275883.125000 275883.125000
602 34.225067 275883.125000 275883.031250 275883.125000 275883.125000
603 34.280609 275883.125000 275883.031250 275883.125000 275883.125000
604 34.352879 275883.125000 275883.031250 275883.125000 275883.125000
605 34.417110 275883.125000 275883.031250 275883.125000 275883.125000
606 34.474094 275883.125000 275883.031250 275883.125000 275883.125000
607 34.532776 275883.125000 275883.031250 275883.125000 275883.125000
608 34.587891 275883.125000 275883.031250 275883.125000 275883.125000
609 34.641930 275883.125000 275883.031250 275883.125000 275883.125000
610 34.697792 275883.125000 275883.031250 275883.125000 275883.125000
611 34.755932 275883.125000 275883.031250 275883.125000 275883.125000
612 34.814693 275883.125000 275883.031250 275883.125000 275883.125000
613 34.876888 275883.125000 275883.031250 275883.125000 275883.125000
614 34.942001 275883.125000 275883.031250 275883.125000 275883.125000
615 35.000816 275883.125000 275883.031250 275883.125000 275883.125000
616 35.064030 275883.125000 275883.031250 275883.125000 275883.125000
617 35.117798 275883.125000 275883.031250 275883.125000 275883.125000
618 35.165047 275883.125000 275883.031250 275883.125000 275883.125000
619 35.219967 275883.125000 275883.031250 275883.125000 275883.125000
620 35.274681 275883.125000 275883.031250 275883.125000 275883.125000
621 35.332924 275883.125000 277248.968750 344180.906250 275883.125000
622 35.383640 275883.125000 279294.031250 378135.000000 275883.125000
623 35.442364 275883.125000 277928.062500 378135.000000 275883.125000
624 35.504318 275883.125000 275883.031250 275883.125000 275883.125000
625 35.564713 275883.125000 275883.031250 275883.125000 275883.125000
626 35.616638 275883.125000 275883.031250 275883.125000 275883.125000
627 35.662601 275883.125000 275883.031250 275883.125000 275883.125000
628 35.717510 275883.125000 275883.031250 275883.125000 275883.125000
629 35.777832 275883.125000 275883.031250 275883.125000 275883.125000
630 35.835793 275883.125000 275883.031250 275883.125000 275883.125000
631 35.900085 275883.125000 275883.031250 275883.125000 275883.125000
632 35.968357 275883.125000 275883.031250 275883.125000 275883.125000
633 36.025467 275883.125000 275883.031250 275883.125000 275883.125000
634 36.084087 275883.125000 277289.375000 346199.406250 275883.125000
635 36.138855 275883.125000 275883.031250 275883.125000 275883.125000
636 36.191814 275883.125000 275883.031250 275883.125000 275883.125000
637 36.246674 275883.125000 275883.031250 275883.125000 275883.125000
638 36.300926 275883.125000 275883.031250 275883.125000 275883.125000
639 36.357712 275883.125000 275883.031250 275883.125000 275883.125000
640 36.422058 275883.125000 275883.031250 275883.125000 275883.125000
641 36.472691 275883.125000 275883.031250 275883.125000 275883.125000
642 36.529240 275883.125000 275883.031250 275883.125000 275883.125000
643 36.583000 275883.125000 275883.031250 275883.125000 275883.125000
644 36.639111 275883.125000 275883.031250 275883.125000 275883.125000
645 36.694466 275883.125000 275883.031250 275883.125000 275883.125000
646 36.760101 275883.125000 275883.031250 275883.125000 275883.125000
647 36.808441 275883.125000 275883.031250 275883.125000 275883.125000
648 36.869392 275883.125000 275883.031250 275883.125000 275883.125000
649 36.916550 275883.125000 275883.031250 275883.125000 275883.125000
650 36.977863 275883.125000 275883.031250 275883.125000 275883.125000
651 37.027302 275883.125000 275883.031250 275883.125000 275883.125000
652 37.073910 275883.125000 275883.031250 275883.125000 275883.125000
653 37.116486 275883.125000 275883.031250 275883.125000 275883.125000
654 37.179520 275883.125000 275883.031250 275883.125000 275883.125000
655 37.232040 275883.125000 275883.031250 275883.125000 275883.125000
656 37.294537 275883.125000 275883.031250 275883.125000 275883.125000
657 37.342640 275883.125000 275883.031250 275883.125000 275883.125000
658 37.407722 275883.125000 275883.031250 275883.125000 275883.125000
659 37.454784 275883.125000 275883.031250 275883.125000 275883.125000
660 37.509026 275883.125000 275883.031250 275883.125000 275883.125000
661 37.564468 275883.125000 275883.031250 275883.125000 275883.125000
662 37.612305 275883.125000 277774.468750 370456.000000 275883.125000
663 37.674889 275883.125000 275976.187500 280541.625000 275883.125000
664 37.738380 275883.125000 275957.968750 279631.156250 275883.125000
665 37.794418 275883.125000 275883.031250 275883.125000 275883.125000
666 37.844009 275883.125000 275883.031250 275883.125000 275883.125000
667 37.902504 275883.125000 275883.031250 275883.125000 275883.125000
668 37.959587 275883.125000 275883.031250 275883.125000 275883.125000
669 38.018055 275883.125000 275883.031250 275883.125000 275883.125000
670 38.069904 275883.125000 275883.031250 275883.125000 275883.125000
671 38.133450 275883.125000 275883.031250 275883.125000 275883.125000
672 38.201336 275883.125000 275883.031250 275883.125000 275883.125000
673 38.263226 275883.125000 275883.031250 275883.125000 275883.125000
674 38.331055 275883.125000 275883.031250 275883.125000 275883.125000
675 38.385330 275883.125000 275883.031250 275883.125000 275883.125000
676 38.445137 275883.125000 275883.031250 275883.125000 275883.125000
677 38.499252 275883.125000 275883.031250 275883.125000 275883.125000
678 38.558041 275883.125000 275883.031250 275883.125000 275883.125000
679 38.615452 275883.125000 275883.031250 275883.125000 275883.125000
680 38.673969 275883.125000 275883.031250 275883.125000 275883.125000
681 38.736568 275883.125000 275883.031250 275883.125000 275883.125000
682 38.798908 275883.125000 275883.031250 275883.125000 275883.125000
683 38.859928 275883.125000 275883.031250 275883.125000 275883.125000
684 38.917637 275883.125000 275883.031250 275883.125000 275883.125000
685 38.975246 275883.125000 275883.031250 275883.125000 275883.125000
686 39.021637 275883.125000 275883.031250 275883.125000 275883.125000
687 39.084927 275883.125000 275883.031250 275883.125000 275883.125000
688 39.141953 275883.125000 275883.031250 275883.125000 275883.125000
689 39.206158 275883.125000 275883.031250 275883.125000 275883.125000
690 39.250053 275883.125000 275883.031250 275883.125000 275883.125000
691 39.307816 275883.125000 275883.031250 275883.125000 275883.125000
692 39.361488 275883.125000 275883.031250 275883.125000 275883.125000
693 39.417774 275883.125000 275883.031250 275883.125000 275883.125000
694 39.483295 275883.125000 275883.031250 275883.125000 275883.125000
695 39.532848 275883.125000 275883.031250 275883.125000 275883.125000
696 39.590321 275883.125000 275883.031250 275883.125000 275883.125000
697 39.663792 275883.125000 275883.031250 275883.125000 275883.125000
698 39.717232 275883.125000 275883.031250 275883.125000 275883.125000
699 39.769646 275883.125000 277132.718750 338368.281250 275883.125000
700 39.822376 275883.125000 277241.593750 338368.281250 275883.125000
701 39.882072 275883.125000 278062.375000 338368.281250 275883.125000
702 39.934055 275883.125000 277312.500000 338368.281250 275883.125000
703 39.993385 275883.125000 277795.437500 338368.281250 275883.125000
704 40.057953 275883.125000 277251.437500 338368.281250 275883.125000
705 40.118389 275883.125000 277160.031250 338368.281250 275883.125000
706 40.175644 275883.125000 277143.843750 338368.281250 275883.125000
707 40.233852 275883.125000 277317.187500 338368.281250 275883.125000
708 40.295837 275883.125000 277240.437500 338368.281250 275883.125000
709 40.358307 275883.125000 277132.718750 338368.281250 275883.125000
710 40.415890 275883.125000 275883.031250 275883.125000 275883.125000
711 40.474358 275883.125000 275883.031250 275883.125000 275883.125000
712 40.530560 275883.125000 275883.031250 275883.125000 275883.125000
713 40.576687 275883.125000 275883.031250 275883.125000 275883.125000
714 40.630451 275883.125000 275883.031250 275883.125000 275883.125000
715 40.682583 275883.125000 275883.031250 275883.125000 275883.125000
716 40.745365 275883.125000 275883.031250 275883.125000 275883.125000
717 40.802429 275883.125000 275883.031250 275883.125000 275883.125000
718 40.864857 275883.125000 275883.031250 275883.125000 275883.125000
719 40.924355 275883.125000 275883.031250 275883.125000 275883.125000
720 40.984734 275883.125000 275883.031250 275883.125000 275883.125000
721 41.037594 275883.125000 275883.031250 275883.125000 275883.125000
722 41.092339 275883.125000 275883.031250 275883.125000 275883.125000
723 41.137535 275883.125000 275883.031250 275883.125000 275883.125000
724 41.203403 275883.125000 275883.031250 275883.125000 275883.125000
725 41.263321 275883.125000 275883.031250 275883.125000 275883.125000
726 41.328167 275883.125000 275883.031250 275883.125000 275883.125000
727 41.387245 275883.125000 275883.031250 275883.125000 275883.125000
728 41.437881 275883.125000 275883.031250 275883.125000 275883.125000
729 41.496346 275883.125000 275883.031250 275883.125000 275883.125000
730 41.553917 275883.125000 275883.031250 275883.125000 275883.125000
731 41.611664 275883.125000 275883.031250 275883.125000 275883.125000
732 41.670689 275883.125000 275883.031250 275883.125000 275883.125000
733 41.723515 275883.125000 275883.031250 275883.125000 275883.125000
734 41.774460 275883.125000 275883.031250 275883.125000 275883.125000
735 41.835815 275883.125000 275883.031250 275883.125000 275883.125000
736 41.884384 275883.125000 275883.031250 275883.125000 275883.125000
737 41.938396 275883.125000 275883.031250 275883.125000 275883.125000
738 41.994499 275883.125000 275883.031250 275883.125000 275883.125000
739 42.046257 275883.125000 275883.031250 275883.125000 275883.125000
740 42.100136 275883.125000 277153.468750 339405.125000 275883.125000
741 42.158703 275883.125000 277177.750000 340619.531250 275883.125000
742 42.215572 275883.125000 276075.531250 285508.218750 275883.125000
743 42.272839 275883.125000 275930.281250 278245.468750 275883.125000
744 42.328415 275883.125000 276887.687500 325477.312500 275883.125000
745 42.390671 275883.125000 277356.187500 325477.312500 275883.125000
746 42.442936 275883.125000 277597.187500 325477.312500 275883.125000
747 42.503262 275883.125000 277841.687500 325477.312500 275883.125000
748 42.556919 275883.125000 277736.375000 325477.312500 275883.125000
749 42.614597 275883.125000 277747.218750 325477.312500 275883.125000
750 42.678352 275883.125000 277630.125000 325477.312500 275883.125000
751 42.730721 275883.125000 277743.562500 325477.312500 275883.125000
752 42.781460 275883.125000 278010.250000 325477.312500 275883.125000
753 42.840591 275883.125000 280899.812500 436493.406250 275883.125000
754 42.899395 275883.125000 281057.218750 436493.406250 275883.125000
755 42.955124 275883.125000 280973.937500 436493.406250 275883.125000
756 43.011353 275883.125000 281622.531250 436493.406250 275883.125000
757 43.061134 275883.125000 281893.968750 436493.406250 275883.125000
758 43.112926 275883.125000 281475.312500 436493.406250 275883.125000
759 43.171005 275883.125000 280789.562500 436493.406250 275883.125000
760 43.239559 275883.125000 280087.093750 436493.406250 275883.125000
761 43.296211 275883.125000 279095.218750 436493.406250 275883.125000
762 43.357662 275883.125000 275883.031250 275883.125000 275883.125000
763 43.413914 275883.125000 275883.031250 275883.125000 275883.125000
764 43.476814 275883.125000 275883.031250 275883.125000 275883.125000
765 43.525639 275883.125000 275883.031250 275883.125000 275883.125000
766 43.589722 275883.125000 275883.031250 275883.125000 275883.125000
767 43.647987 275883.125000 275883.031250 275883.125000 275883.125000
768 43.710079 275883.125000 275883.031250 275883.125000 275883.125000
769 43.769127 275883.125000 275883.031250 275883.125000 275883.125000
770 43.822014 275883.125000 275883.031250 275883.125000 275883.125000
771 43.885967 275883.125000 275883.031250 275883.125000 275883.125000
772 43.936615 275883.125000 275883.031250 275883.125000 275883.125000
773 43.989113 275883.125000 275883.031250 275883.125000 275883.125000
774 44.043510 275883.125000 275883.031250 275883.125000 275883.125000
775 44.101383 275883.125000 275883.031250 275883.125000 275883.125000
776 44.159286 275883.125000 275883.031250 275883.125000 275883.125000
777 44.215080 275883.125000 275883.031250 275883.125000 275883.125000
778 44.270470 275883.125000 275883.031250 275883.125000 275883.125000
779 44.323944 275883.125000 275883.031250 275883.125000 275883.125000
780 44.382519 275883.125000 275883.031250 275883.125000 275883.125000
781 44.443825 275883.125000 275883.031250 275883.125000 275883.125000
782 44.495144 275883.125000 275883.031250 275883.125000 275883.125000
783 44.554863 275883.125000 275883.031250 275883.125000 275883.125000
784 44.605904 275883.125000 278918.343750 427648.531250 275883.125000
785 44.661167 275883.125000 276796.468750 321450.656250 275883.125000
786 44.717999 275883.125000 276995.000000 321450.656250 275883.125000
787 44.772320 275883.125000 278191.750000 336771.250000 275883.125000
788 44.825409 275883.125000 278545.562500 336771.250000 275883.125000
789 44.875393 275883.125000 279459.625000 348257.562500 275883.125000
790 44.933895 275883.125000 278832.093750 348257.562500 275883.125000
791 44.995468 275883.125000 278936.625000 348257.562500 275883.125000
792 45.060818 275883.125000 278717.687500 348257.562500 275883.125000
793 45.117702 275883.125000 278738.437500 348257.562500 275883.125000
794 45.179352 275883.125000 278678.000000 348257.562500 275883.125000
795 45.233776 275883.125000 278548.281250 348257.562500 275883.125000
796 45.284611 275883.125000 277330.531250 348257.562500 275883.125000
797 45.342884 275883.125000 275883.031250 275883.125000 275883.125000
798 45.405361 275883.125000 275883.031250 275883.125000 275883.125000
799 45.457352 275883.125000 275883.031250 275883.125000 275883.125000
800 45.513088 275883.125000 275883.031250 275883.125000 275883.125000
801 45.563240 275883.125000 275883.031250 275883.125000 275883.125000
802 45.619282 275883.125000 275883.031250 275883.125000 275883.125000
803 45.667068 275883.125000 275883.031250 275883.125000 275883.125000
804 45.740711 275883.125000 275883.031250 275883.125000 275883.125000
805 45.799168 275883.125000 275883.031250 275883.125000 275883.125000
806 45.863873 275883.125000 275883.031250 275883.125000 275883.125000
807 45.919910 275883.125000 275883.031250 275883.125000 275883.125000
808 45.979832 275883.125000 275883.031250 275883.125000 275883.125000
809 46.035210 275883.125000 275883.031250 275883.125000 275883.125000
810 46.093460 275883.125000 275883.031250 275883.125000 275883.125000
811 46.146717 275883.125000 275883.031250 275883.125000 275883.125000
812 46.210987 275883.125000 275883.031250 275883.125000 275883.125000
813 46.255486 275883.125000 275883.031250 275883.125000 275883.125000
814 46.307281 275883.125000 275883.031250 275883.125000 275883.125000
815 46.362103 275883.125000 275883.031250 275883.125000 275883.125000
816 46.422577 275883.125000 275883.031250 275883.125000 275883.125000
817 46.483418 275883.125000 275883.031250 275883.125000 275883.125000
818 46.539776 275883.125000 275883.031250 275883.125000 275883.125000
819 46.600346 275883.125000 275883.031250 275883.125000 275883.125000
820 46.649406 275883.125000 275883.031250 275883.125000 275883.125000
821 46.704391 275883.125000 275883.031250 275883.125000 275883.125000
822 46.766525 275883.125000 275883.031250 275883.125000 275883.125000
823 46.821148 275883.125000 275883.031250 275883.125000 275883.125000
824 46.878983 275883.125000 275883.031250 275883.125000 275883.125000
825 46.935829 275883.125000 275883.031250 275883.125000 275883.125000
