0 0.000002 315103.531250 327270.468750 342352.750000 315103.531250
1 0.055102 311645.906250 327270.468750 342352.750000 315103.531250
2 0.110608 309644.937500 327460.375000 342352.750000 311645.906250
3 0.157647 306438.343750 327281.906250 342352.750000 309644.937500
4 0.213525 303476.468750 326747.312500 342352.750000 306438.343750
5 0.259626 301644.562500 325724.593750 342352.750000 303476.468750
6 0.338638 298655.156250 324751.500000 342352.750000 301644.562500
7 0.391705 298359.312500 323711.312500 342352.750000 298655.156250
8 0.462389 296833.281250 322509.343750 342352.750000 298359.312500
9 0.517795 294079.218750 321376.375000 342352.750000 296833.281250
10 0.576878 291705.375000 320500.531250 330389.968750 294079.218750
11 0.642533 290122.437500 320234.906250 330389.968750 291705.375000
12 0.711548 289324.875000 320062.906250 330389.968750 290122.437500
13 0.767929 289146.625000 319838.187500 330389.968750 289324.875000
14 0.831262 288769.468750 319568.343750 330389.968750 289146.625000
15 0.890522 288769.468750 319446.031250 330389.968750 288769.468750
16 0.940220 287239.437500 319281.250000 330389.968750 288769.468750
17 0.999630 287239.437500 320479.312500 344302.906250 287239.437500
18 1.062591 286762.843750 319270.343750 330389.968750 287239.437500
19 1.125229 285631.531250 319154.468750 330389.968750 286762.843750
20 1.180544 285016.218750 319000.343750 330389.968750 285631.531250
21 1.231476 283521.031250 318903.687500 330389.968750 285016.218750
22 1.289496 283521.031250 318794.500000 330389.968750 283521.031250
23 1.346879 282983.781250 318680.906250 330389.968750 283521.031250
24 1.397502 281856.093750 318599.000000 330389.968750 282983.781250
25 1.454889 281712.250000 318543.625000 330389.968750 281856.093750
26 1.507851 281645.656250 318405.625000 330389.968750 281712.250000
27 1.551889 281544.250000 318342.187500 330389.968750 281645.656250
28 1.607979 281293.437500 318292.343750 330389.968750 281544.250000
29 1.665967 281042.968750 318180.687500 330389.968750 281293.437500
30 1.721605 280150.062500 318168.531250 330389.968750 281042.968750
31 1.770071 280039.937500 318082.687500 330389.968750 280150.062500
32 1.827351 279669.812500 317988.031250 330389.968750 280039.937500
33 1.871822 279653.875000 317925.093750 330389.968750 279669.812500
34 1.923847 279653.875000 317918.312500 330389.968750 279653.875000
35 1.973188 278747.312500 317886.250000 330389.968750 279653.875000
36 2.029203 278703.500000 317833.437500 330389.968750 278747.312500
37 2.091909 278660.093750 317760.093750 330389.968750 278703.500000
38 2.143662 278641.687500 317712.093750 330389.968750 278660.093750
39 2.201380 278641.687500 317678.500000 330389.968750 278641.687500
40 2.261097 278641.687500 317623.156250 330389.968750 278641.687500
41 2.318079 278637.312500 317591.281250 330389.968750 278641.687500
42 2.372776 278637.312500 319967.750000 397802.625000 278637.312500
43 2.431307 278593.500000 319116.000000 397802.625000 278637.312500
44 2.485201 278593.500000 319053.531250 397802.625000 278593.500000
45 2.551365 278554.687500 319036.750000 397802.625000 278593.500000
46 2.613861 278449.687500 318961.250000 397802.625000 278554.687500
47 2.673798 278449.687500 318900.968750 397802.625000 278449.687500
48 2.728055 278449.687500 318892.375000 397802.625000 278449.687500
49 2.773012 278449.687500 318863.875000 397802.625000 278449.687500
50 2.824515 278410.875000 318859.750000 397802.625000 278449.687500
51 2.880655 278410.875000 318824.031250 397802.625000 278410.875000
52 2.936443 278410.875000 318774.562500 397802.625000 278410.875000
53 2.997272 278410.875000 318757.812500 397802.625000 278410.875000
54 3.040763 278410.875000 318722.312500 397802.625000 278410.875000
55 3.098228 278410.875000 318721.531250 397802.625000 278410.875000
56 3.153060 278410.875000 318719.031250 397802.625000 278410.875000
57 3.207156 278410.875000 318668.218750 397802.625000 278410.875000
58 3.263960 278410.875000 318588.687500 397802.625000 278410.875000
59 3.327678 278410.875000 318500.093750 397802.625000 278410.875000
60 3.379142 278410.875000 317933.187500 397802.625000 278410.875000
61 3.429748 278410.875000 317049.312500 397802.625000 278410.875000
62 3.492296 278042.625000 316164.562500 397802.625000 278410.875000
63 3.548474 278042.625000 315265.593750 397802.625000 278042.625000
64 3.605719 278042.625000 314368.968750 397802.625000 278042.625000
65 3.658832 278042.625000 314361.625000 397802.625000 278042.625000
66 3.713155 278042.625000 314354.250000 397802.625000 278042.625000
67 3.769758 278042.625000 314346.875000 397802.625000 278042.625000
68 3.830335 278042.625000 314339.531250 397802.625000 278042.625000
69 3.889870 278042.625000 314332.156250 397802.625000 278042.625000
70 3.944666 278042.625000 314324.781250 397802.625000 278042.625000
71 3.998900 278042.625000 314317.406250 397802.625000 278042.625000
72 4.051345 278042.625000 317529.031250 438991.250000 278042.625000
73 4.101618 278042.625000 315243.375000 397802.625000 278042.625000
74 4.159682 278042.625000 315236.000000 397802.625000 278042.625000
75 4.216202 278042.625000 315228.625000 397802.625000 278042.625000
76 4.275024 278042.625000 315221.250000 397802.625000 278042.625000
77 4.333367 278042.625000 314302.062500 397802.625000 278042.625000
78 4.389458 278042.625000 313362.031250 397802.625000 278042.625000
79 4.443239 278042.625000 312421.312500 397802.625000 278042.625000
80 4.487470 277892.281250 311480.625000 397802.625000 278042.625000
81 4.542766 277892.281250 310536.906250 397802.625000 277892.281250
82 4.593569 277892.281250 309593.218750 397802.625000 277892.281250
83 4.644912 277892.281250 309590.187500 397802.625000 277892.281250
84 4.701866 277892.281250 309587.187500 397802.625000 277892.281250
85 4.754570 277892.281250 309584.187500 397802.625000 277892.281250
86 4.807979 277892.281250 309581.187500 397802.625000 277892.281250
87 4.865704 277892.281250 309578.187500 397802.625000 277892.281250
88 4.918273 277892.281250 309575.187500 397802.625000 277892.281250
89 4.964694 277892.281250 309572.156250 397802.625000 277892.281250
90 5.022764 277892.281250 309569.156250 397802.625000 277892.281250
91 5.075954 277892.281250 309566.156250 397802.625000 277892.281250
92 5.143268 277892.281250 309563.156250 397802.625000 277892.281250
93 5.194058 277892.281250 309560.125000 397802.625000 277892.281250
94 5.252012 277892.281250 313597.031250 479887.437500 277892.281250
95 5.307482 277892.281250 310929.781250 397802.625000 277892.281250
96 5.355479 277892.281250 310926.781250 397802.625000 277892.281250
97 5.405364 277892.281250 310923.781250 397802.625000 277892.281250
98 5.468262 277892.281250 310920.781250 397802.625000 277892.281250
99 5.523022 277892.281250 310488.843750 397802.625000 277892.281250
100 5.583407 277892.281250 309545.125000 397802.625000 277892.281250
101 5.642970 277892.281250 308601.437500 397802.625000 277892.281250
102 5.697565 277892.281250 307657.750000 397802.625000 277892.281250
103 5.747697 277892.281250 306714.031250 397802.625000 277892.281250
104 5.790739 277892.281250 305770.343750 397802.625000 277892.281250
105 5.848264 277892.281250 304826.625000 397802.625000 277892.281250
106 5.897312 277892.281250 303882.937500 397802.625000 277892.281250
107 5.957861 277892.281250 302939.250000 397802.625000 277892.281250
108 6.003854 277892.281250 301995.531250 397802.625000 277892.281250
109 6.065750 277892.281250 301051.843750 397802.625000 277892.281250
110 6.119529 277892.281250 300302.593750 397802.625000 277892.281250
111 6.172091 277892.281250 300108.125000 397802.625000 277892.281250
112 6.226093 277892.281250 299164.468750 397802.625000 277892.281250
113 6.275798 277892.281250 298220.750000 397802.625000 277892.281250
114 6.327438 277892.281250 297277.062500 397802.625000 277892.281250
115 6.389056 277892.281250 296333.375000 397802.625000 277892.281250
116 6.450103 277892.281250 295389.656250 397802.625000 277892.281250
117 6.503584 277892.281250 294445.968750 397802.625000 277892.281250
118 6.555922 277892.281250 293502.250000 397802.625000 277892.281250
119 6.610830 277892.281250 292558.562500 397802.625000 277892.281250
120 6.660190 277892.281250 291614.875000 397802.625000 277892.281250
121 6.714124 277892.281250 290671.156250 397802.625000 277892.281250
122 6.772758 277892.281250 289727.468750 397802.625000 277892.281250
123 6.830362 277892.281250 288783.750000 397802.625000 277892.281250
124 6.890718 277892.281250 287840.062500 397802.625000 277892.281250
125 6.956488 277892.281250 286896.375000 397802.625000 277892.281250
126 7.008019 277892.281250 285952.656250 397802.625000 277892.281250
127 7.057622 277892.281250 285008.968750 397802.625000 277892.281250
128 7.107147 277892.281250 284065.250000 397802.625000 277892.281250
129 7.154976 277892.281250 283121.562500 397802.625000 277892.281250
130 7.204484 277892.281250 282177.875000 397802.625000 277892.281250
131 7.254129 277892.281250 281234.156250 397802.625000 277892.281250
132 7.308200 277892.281250 280290.468750 397802.625000 277892.281250
133 7.359340 277892.281250 277892.250000 277892.281250 277892.281250
134 7.410779 277892.281250 277892.250000 277892.281250 277892.281250
135 7.471364 277892.281250 277892.250000 277892.281250 277892.281250
136 7.529298 277892.281250 281098.687500 438215.312500 277892.281250
137 7.576937 277892.281250 278835.937500 325077.312500 277892.281250
138 7.631375 277892.281250 279341.031250 350332.562500 277892.281250
139 7.688852 277892.281250 277892.250000 277892.281250 277892.281250
140 7.744706 277892.281250 277892.250000 277892.281250 277892.281250
141 7.799925 277892.281250 277892.250000 277892.281250 277892.281250
142 7.855318 277892.281250 277892.250000 277892.281250 277892.281250
143 7.913770 277892.281250 277892.250000 277892.281250 277892.281250
144 7.966517 277892.281250 277892.250000 277892.281250 277892.281250
145 8.027506 277892.281250 279510.406250 358800.562500 277892.281250
146 8.082618 277892.281250 279123.406250 325077.312500 277892.281250
147 8.145598 277892.281250 279787.687500 325479.062500 277892.281250
148 8.197416 277892.281250 278843.968750 325479.062500 277892.281250
149 8.254035 277892.281250 277892.250000 277892.281250 277892.281250
150 8.308696 277892.281250 277892.250000 277892.281250 277892.281250
151 8.359349 277892.281250 277892.250000 277892.281250 277892.281250
152 8.417950 277892.281250 277892.250000 277892.281250 277892.281250
153 8.475970 277892.281250 277892.250000 277892.281250 277892.281250
154 8.533111 277892.281250 277892.250000 277892.281250 277892.281250
155 8.578181 277892.281250 277892.250000 277892.281250 277892.281250
156 8.630278 277892.281250 277892.250000 277892.281250 277892.281250
157 8.687258 277892.281250 277892.250000 277892.281250 277892.281250
158 8.749885 277892.281250 277892.250000 277892.281250 277892.281250
159 8.796314 277892.281250 277892.250000 277892.281250 277892.281250
160 8.853700 277892.281250 277892.250000 277892.281250 277892.281250
161 8.910054 277892.281250 277892.250000 277892.281250 277892.281250
162 8.973340 277892.281250 277892.250000 277892.281250 277892.281250
163 9.028496 277892.281250 277892.250000 277892.281250 277892.281250
164 9.081211 277892.281250 277892.250000 277892.281250 277892.281250
165 9.132381 277892.281250 277892.250000 277892.281250 277892.281250
166 9.193263 277892.281250 277892.250000 277892.281250 277892.281250
167 9.240408 277892.281250 281287.750000 447667.593750 277892.281250
168 9.301853 277892.281250 278077.468750 287153.687500 277892.281250
169 9.360226 277892.281250 277892.250000 277892.281250 277892.281250
170 9.424828 277892.281250 277892.250000 277892.281250 277892.281250
171 9.480688 277892.281250 277892.250000 277892.281250 277892.281250
172 9.538097 277892.281250 277892.250000 277892.281250 277892.281250
173 9.601108 277892.281250 277892.250000 277892.281250 277892.281250
174 9.654248 277892.281250 277892.250000 277892.281250 277892.281250
175 9.708048 277892.281250 278478.625000 307211.218750 277892.281250
176 9.775815 277892.281250 278038.218750 285191.312500 277892.281250
177 9.827520 277892.281250 278324.875000 299523.437500 277892.281250
178 9.878769 277892.281250 277892.250000 277892.281250 277892.281250
179 9.939077 277892.281250 277892.250000 277892.281250 277892.281250
180 9.994240 277892.281250 277892.250000 277892.281250 277892.281250
181 10.047353 277892.281250 277892.250000 277892.281250 277892.281250
182 10.104275 277892.281250 277892.250000 277892.281250 277892.281250
183 10.163165 277892.281250 277892.250000 277892.281250 277892.281250
184 10.217911 277892.281250 277892.250000 277892.281250 277892.281250
185 10.271756 277892.281250 277892.250000 277892.281250 277892.281250
186 10.325723 277892.281250 277892.250000 277892.281250 277892.281250
187 10.383890 277892.281250 277892.250000 277892.281250 277892.281250
188 10.448229 277892.281250 277892.250000 277892.281250 277892.281250
189 10.504584 277892.281250 277892.250000 277892.281250 277892.281250
190 10.560161 277892.281250 277892.250000 277892.281250 277892.281250
191 10.623413 277892.281250 277892.250000 277892.281250 277892.281250
192 10.679600 277892.281250 277892.250000 277892.281250 277892.281250
193 10.740412 277892.281250 277892.250000 277892.281250 277892.281250
194 10.794542 277892.281250 277892.250000 277892.281250 277892.281250
195 10.845176 277892.281250 277892.250000 277892.281250 277892.281250
196 10.901622 277892.281250 277892.250000 277892.281250 277892.281250
197 10.962161 277892.281250 277892.250000 277892.281250 277892.281250
198 11.015034 277892.281250 277892.250000 277892.281250 277892.281250
199 11.075792 277892.281250 277892.250000 277892.281250 277892.281250
200 11.138500 277892.281250 277892.250000 277892.281250 277892.281250
201 11.193772 277892.281250 277892.250000 277892.281250 277892.281250
202 11.244551 277892.281250 277892.250000 277892.281250 277892.281250
203 11.304328 277892.281250 277892.250000 277892.281250 277892.281250
204 11.358424 277892.281250 277892.250000 277892.281250 277892.281250
205 11.409459 277892.281250 277892.250000 277892.281250 277892.281250
206 11.470253 277892.281250 277892.250000 277892.281250 277892.281250
207 11.527458 277892.281250 277892.250000 277892.281250 277892.281250
208 11.585126 277892.281250 277892.250000 277892.281250 277892.281250
209 11.634701 277892.281250 277892.250000 277892.281250 277892.281250
210 11.690921 277892.281250 277892.250000 277892.281250 277892.281250
211 11.745993 277892.281250 277892.250000 277892.281250 277892.281250
212 11.795397 277892.281250 277892.250000 277892.281250 277892.281250
213 11.859161 277892.281250 277892.250000 277892.281250 277892.281250
214 11.922119 277892.281250 277892.250000 277892.281250 277892.281250
215 11.966443 277892.281250 277892.250000 277892.281250 277892.281250
216 12.017735 277892.281250 277892.250000 277892.281250 277892.281250
217 12.072582 277892.281250 277892.250000 277892.281250 277892.281250
218 12.126284 277892.281250 277892.250000 277892.281250 277892.281250
219 12.188836 277892.281250 277892.250000 277892.281250 277892.281250
220 12.250582 277892.281250 277892.250000 277892.281250 277892.281250
221 12.308739 277892.281250 277892.250000 277892.281250 277892.281250
222 12.353019 277892.281250 277892.250000 277892.281250 277892.281250
223 12.410263 277892.281250 277892.250000 277892.281250 277892.281250
224 12.471939 277892.281250 277892.250000 277892.281250 277892.281250
225 12.532629 277892.281250 277892.250000 277892.281250 277892.281250
226 12.581211 277892.218750 277892.250000 277892.281250 277892.281250
227 12.636958 277892.218750 277892.250000 277892.281250 277892.218750
228 12.696578 277892.218750 277892.218750 277892.281250 277892.218750
229 12.747714 277892.218750 277892.218750 277892.281250 277892.218750
230 12.810517 277892.218750 277892.218750 277892.281250 277892.218750
231 12.869607 277892.218750 277892.218750 277892.281250 277892.218750
232 12.924119 277892.218750 277892.218750 277892.281250 277892.218750
233 12.983627 277892.218750 277892.218750 277892.281250 277892.218750
234 13.040586 277892.218750 277892.218750 277892.281250 277892.218750
235 13.090762 277892.218750 277892.218750 277892.281250 277892.218750
236 13.144072 277892.218750 277892.218750 277892.281250 277892.218750
237 13.197960 277892.218750 277892.218750 277892.281250 277892.218750
238 13.255080 277892.218750 277892.218750 277892.281250 277892.218750
239 13.305879 277892.218750 277892.218750 277892.281250 277892.218750
240 13.355512 277892.218750 277892.218750 277892.281250 277892.218750
241 13.415829 277892.218750 277892.218750 277892.281250 277892.218750
242 13.470982 277892.218750 277892.218750 277892.281250 277892.218750
243 13.522634 277892.218750 277892.218750 277892.281250 277892.218750
244 13.576533 277892.218750 278988.250000 332694.031250 277892.218750
245 13.624855 277892.218750 278988.250000 332694.031250 277892.218750
246 13.682414 277892.218750 278988.250000 332694.031250 277892.218750
247 13.744253 277892.218750 278988.218750 332694.031250 277892.218750
248 13.792662 277892.218750 278988.218750 332694.031250 277892.218750
249 13.843016 277892.218750 278988.187500 332694.031250 277892.218750
250 13.904433 277892.218750 278988.187500 332694.031250 277892.218750
251 13.963729 277892.218750 278988.187500 332694.031250 277892.218750
252 14.017258 277892.218750 278988.187500 332694.031250 277892.218750
253 14.072707 277892.218750 278988.156250 332694.031250 277892.218750
254 14.129153 277892.218750 278988.156250 332694.031250 277892.218750
255 14.174119 277892.218750 278988.125000 332694.031250 277892.218750
256 14.231171 277892.218750 278988.125000 332694.031250 277892.218750
257 14.281297 277892.218750 278988.125000 332694.031250 277892.218750
258 14.342443 277892.218750 278988.125000 332694.031250 277892.218750
259 14.394144 277892.218750 278988.125000 332694.031250 277892.218750
260 14.458687 277892.218750 278988.125000 332694.031250 277892.218750
261 14.513598 277892.218750 278988.125000 332694.031250 277892.218750
262 14.570752 277892.218750 278988.125000 332694.031250 277892.218750
263 14.629677 277892.218750 278988.125000 332694.031250 277892.218750
264 14.681429 277892.218750 278988.125000 332694.031250 277892.218750
265 14.730847 277892.218750 278988.125000 332694.031250 277892.218750
266 14.788376 277892.218750 278988.125000 332694.031250 277892.218750
267 14.840369 277892.218750 278988.125000 332694.031250 277892.218750
268 14.896784 277892.218750 278988.125000 332694.031250 277892.218750
269 14.963683 277892.218750 278988.125000 332694.031250 277892.218750
270 15.021610 277892.218750 278988.125000 332694.031250 277892.218750
271 15.076416 277892.218750 278988.125000 332694.031250 277892.218750
272 15.126413 277892.218750 279556.875000 332694.031250 277892.218750
273 15.187793 277892.218750 279556.906250 332694.031250 277892.218750
274 15.241403 277892.218750 279556.906250 332694.031250 277892.218750
275 15.290602 277892.218750 280980.250000 349059.625000 277892.218750
276 15.341853 277892.218750 280980.250000 349059.625000 277892.218750
277 15.403808 277892.218750 280980.250000 349059.625000 277892.218750
278 15.462660 277892.218750 280411.468750 349059.625000 277892.218750
279 15.505718 277892.218750 279315.437500 349059.625000 277892.218750
280 15.564878 277892.218750 277892.093750 277892.218750 277892.218750
281 15.618012 277892.218750 277892.093750 277892.218750 277892.218750
282 15.670394 277892.218750 277892.093750 277892.218750 277892.218750
283 15.729317 277892.218750 277892.093750 277892.218750 277892.218750
284 15.780358 277892.218750 277892.093750 277892.218750 277892.218750
285 15.834849 277892.218750 277892.093750 277892.218750 277892.218750
286 15.889850 277892.218750 277892.093750 277892.218750 277892.218750
287 15.952375 277892.218750 277892.093750 277892.218750 277892.218750
288 16.001554 277892.218750 277892.093750 277892.218750 277892.218750
289 16.065329 277892.218750 277892.093750 277892.218750 277892.218750
290 16.124535 277892.218750 277892.093750 277892.218750 277892.218750
291 16.189697 277892.218750 277892.093750 277892.218750 277892.218750
292 16.242525 277892.218750 277892.093750 277892.218750 277892.218750
293 16.294785 277892.218750 277892.093750 277892.218750 277892.218750
294 16.353378 277892.218750 277892.093750 277892.218750 277892.218750
295 16.400827 277892.218750 277892.093750 277892.218750 277892.218750
296 16.445431 277892.218750 277892.093750 277892.218750 277892.218750
297 16.510061 277892.218750 277892.093750 277892.218750 277892.218750
298 16.562229 277892.218750 277892.093750 277892.218750 277892.218750
299 16.607416 277892.218750 277892.093750 277892.218750 277892.218750
300 16.664061 277892.218750 277892.093750 277892.218750 277892.218750
301 16.715450 277892.218750 277892.093750 277892.218750 277892.218750
302 16.776960 277892.218750 277892.093750 277892.218750 277892.218750
303 16.837732 277892.218750 277892.093750 277892.218750 277892.218750
304 16.890623 277892.218750 277892.093750 277892.218750 277892.218750
305 16.946367 277892.218750 277892.093750 277892.218750 277892.218750
306 17.001869 277892.218750 278820.343750 324305.656250 277892.218750
307 17.063089 277892.218750 277892.093750 277892.218750 277892.218750
308 17.122164 277892.218750 277892.093750 277892.218750 277892.218750
309 17.177237 277892.218750 277892.093750 277892.218750 277892.218750
310 17.226448 277892.218750 277892.093750 277892.218750 277892.218750
311 17.270041 277892.218750 277892.093750 277892.218750 277892.218750
312 17.317808 277892.218750 279955.906250 381083.156250 277892.218750
313 17.375668 277892.218750 277992.187500 282897.343750 277892.218750
314 17.429708 277892.218750 278503.250000 308450.812500 277892.218750
315 17.482252 277892.218750 277892.093750 277892.218750 277892.218750
316 17.541862 277892.218750 277892.093750 277892.218750 277892.218750
317 17.603531 277892.218750 277892.093750 277892.218750 277892.218750
318 17.668518 277892.218750 277892.093750 277892.218750 277892.218750
319 17.717049 277892.218750 277892.093750 277892.218750 277892.218750
320 17.774202 277892.218750 277892.093750 277892.218750 277892.218750
321 17.830135 277892.218750 277892.093750 277892.218750 277892.218750
322 17.882977 277892.218750 277892.093750 277892.218750 277892.218750
323 17.940542 277892.218750 277892.093750 277892.218750 277892.218750
324 18.007666 277892.218750 279076.312500 337103.843750 277892.218750
325 18.062033 277892.218750 278427.687500 304673.937500 277892.218750
326 18.120180 277892.218750 278088.625000 287718.906250 277892.218750
327 18.171803 277892.218750 277892.093750 277892.218750 277892.218750
328 18.228464 277892.218750 277892.093750 277892.218750 277892.218750
329 18.283249 277892.218750 277892.093750 277892.218750 277892.218750
330 18.335827 277892.218750 277892.093750 277892.218750 277892.218750
331 18.387726 277892.218750 277892.093750 277892.218750 277892.218750
332 18.443785 277892.218750 277892.093750 277892.218750 277892.218750
333 18.498545 277892.218750 277892.093750 277892.218750 277892.218750
334 18.557444 277892.218750 277892.093750 277892.218750 277892.218750
335 18.616343 277892.218750 277892.093750 277892.218750 277892.218750
336 18.668924 277892.218750 277892.093750 277892.218750 277892.218750
337 18.723356 277892.218750 277892.093750 277892.218750 277892.218750
338 18.773989 277892.218750 277892.093750 277892.218750 277892.218750
339 18.829365 277892.218750 277892.093750 277892.218750 277892.218750
340 18.880840 277892.218750 277892.093750 277892.218750 277892.218750
341 18.943842 277892.218750 277892.093750 277892.218750 277892.218750
342 18.986780 277892.218750 277892.093750 277892.218750 277892.218750
343 19.039764 277892.218750 277892.093750 277892.218750 277892.218750
344 19.095549 277892.218750 277892.093750 277892.218750 277892.218750
345 19.145609 277892.218750 277892.093750 277892.218750 277892.218750
346 19.196589 277892.218750 277892.093750 277892.218750 277892.218750
347 19.241886 277892.218750 277892.093750 277892.218750 277892.218750
348 19.298882 277892.218750 277892.093750 277892.218750 277892.218750
349 19.361397 277892.218750 277892.093750 277892.218750 277892.218750
350 19.415798 277892.218750 277892.093750 277892.218750 277892.218750
351 19.464796 277892.218750 277892.093750 277892.218750 277892.218750
352 19.517069 277892.218750 277892.093750 277892.218750 277892.218750
353 19.582788 277892.218750 277892.093750 277892.218750 277892.218750
354 19.636528 277892.218750 277892.093750 277892.218750 277892.218750
355 19.691904 277892.218750 277892.093750 277892.218750 277892.218750
356 19.748093 277892.218750 278538.968750 310237.281250 277892.218750
357 19.808035 277892.218750 277892.093750 277892.218750 277892.218750
358 19.865517 277892.218750 277892.093750 277892.218750 277892.218750
359 19.914083 277892.218750 277892.093750 277892.218750 277892.218750
360 19.967585 277892.218750 277892.093750 277892.218750 277892.218750
361 20.022297 277892.218750 280289.656250 397771.375000 277892.218750
362 20.077480 277892.218750 277892.093750 277892.218750 277892.218750
363 20.129299 277892.218750 277892.093750 277892.218750 277892.218750
364 20.179193 277892.218750 281113.718750 438974.718750 277892.218750
365 20.237734 277892.218750 278089.593750 287768.281250 277892.218750
366 20.284485 277892.218750 278464.593750 306517.125000 277892.218750
367 20.340391 277892.218750 277977.187500 282147.000000 277892.218750
368 20.394300 277892.218750 277892.093750 277892.218750 277892.218750
369 20.449114 277892.218750 277892.093750 277892.218750 277892.218750
370 20.504557 277892.218750 277892.093750 277892.218750 277892.218750
371 20.549927 277892.218750 277892.093750 277892.218750 277892.218750
372 20.611589 277892.218750 277892.093750 277892.218750 277892.218750
373 20.668648 277892.218750 277892.093750 277892.218750 277892.218750
374 20.728136 277892.218750 277892.093750 277892.218750 277892.218750
375 20.779816 277892.218750 277892.093750 277892.218750 277892.218750
376 20.837820 277892.218750 277892.093750 277892.218750 277892.218750
377 20.888256 277892.218750 277892.093750 277892.218750 277892.218750
378 20.946241 277892.218750 277892.093750 277892.218750 277892.218750
379 21.001965 277892.218750 277892.093750 277892.218750 277892.218750
380 21.050848 277892.218750 277892.093750 277892.218750 277892.218750
381 21.109461 277892.218750 277892.093750 277892.218750 277892.218750
382 21.173431 277892.218750 277892.093750 277892.218750 277892.218750
383 21.226707 277892.218750 279385.093750 352543.375000 277892.218750
384 21.284096 277892.218750 279739.500000 329757.718750 277892.218750
385 21.336489 277892.218750 280116.625000 337254.125000 277892.218750
386 21.390615 277892.218750 279162.312500 337254.125000 277892.218750
387 21.442205 277892.218750 279079.312500 337254.125000 277892.218750
388 21.498234 277892.218750 277892.093750 277892.218750 277892.218750
389 21.551060 277892.218750 277892.093750 277892.218750 277892.218750
390 21.600019 277892.218750 277892.093750 277892.218750 277892.218750
391 21.647888 277892.218750 277892.093750 277892.218750 277892.218750
392 21.696053 277892.218750 277892.093750 277892.218750 277892.218750
393 21.756807 277892.218750 277892.093750 277892.218750 277892.218750
394 21.809372 277892.218750 277892.093750 277892.218750 277892.218750
395 21.873316 277892.218750 281500.093750 458292.593750 277892.218750
396 21.927427 277892.218750 278957.187500 331148.750000 277892.218750
397 21.992054 277892.218750 277892.093750 277892.218750 277892.218750
398 22.040173 277892.218750 277892.093750 277892.218750 277892.218750
399 22.101925 277892.218750 277892.093750 277892.218750 277892.218750
400 22.149427 277892.218750 277892.093750 277892.218750 277892.218750
401 22.205980 277892.218750 277892.093750 277892.218750 277892.218750
402 22.255764 277892.218750 277892.093750 277892.218750 277892.218750
403 22.303007 277892.218750 277892.093750 277892.218750 277892.218750
404 22.352312 277892.218750 277892.093750 277892.218750 277892.218750
405 22.410229 277892.218750 278802.625000 323420.125000 277892.218750
406 22.462772 277892.218750 277892.093750 277892.218750 277892.218750
407 22.515162 277892.218750 277892.093750 277892.218750 277892.218750
408 22.573015 277892.218750 277892.093750 277892.218750 277892.218750
409 22.643358 277892.218750 277892.093750 277892.218750 277892.218750
410 22.696856 277892.218750 277892.093750 277892.218750 277892.218750
411 22.754057 277892.218750 277892.093750 277892.218750 277892.218750
412 22.811129 277892.218750 277892.093750 277892.218750 277892.218750
413 22.867792 277892.218750 277892.093750 277892.218750 277892.218750
414 22.922827 277892.218750 277892.093750 277892.218750 277892.218750
415 22.986176 277892.218750 277892.093750 277892.218750 277892.218750
416 23.037712 277892.218750 277892.093750 277892.218750 277892.218750
417 23.088739 277892.218750 277892.093750 277892.218750 277892.218750
418 23.139063 277892.218750 277892.093750 277892.218750 277892.218750
419 23.200047 277892.218750 277892.093750 277892.218750 277892.218750
420 23.252119 277892.218750 277892.093750 277892.218750 277892.218750
421 23.304384 277892.218750 277892.093750 277892.218750 277892.218750
422 23.359644 277892.218750 277892.093750 277892.218750 277892.218750
423 23.420704 277892.218750 277892.093750 277892.218750 277892.218750
424 23.477232 277892.218750 277892.093750 277892.218750 277892.218750
425 23.533325 277892.218750 277892.093750 277892.218750 277892.218750
426 23.584782 277892.218750 277892.093750 277892.218750 277892.218750
427 23.643047 277892.218750 277892.093750 277892.218750 277892.218750
428 23.700514 277892.218750 277892.093750 277892.218750 277892.218750
429 23.753035 277892.218750 280254.750000 396025.718750 277892.218750
430 23.803324 277892.218750 279829.531250 358800.562500 277892.218750
431 23.856655 277892.218750 279679.468750 358800.562500 277892.218750
432 23.919941 277892.218750 279510.250000 358800.562500 277892.218750
433 23.973783 277892.218750 277892.093750 277892.218750 277892.218750
434 24.024218 277892.218750 277892.093750 277892.218750 277892.218750
435 24.084770 277892.218750 277892.093750 277892.218750 277892.218750
436 24.137032 277892.218750 277892.093750 277892.218750 277892.218750
437 24.195866 277892.218750 277892.093750 277892.218750 277892.218750
438 24.249847 277892.218750 277892.093750 277892.218750 277892.218750
439 24.302620 277892.218750 278101.531250 288364.812500 277892.218750
440 24.358360 277892.218750 278184.875000 292532.375000 277892.218750
441 24.410192 277892.218750 278323.906250 299484.406250 277892.218750
442 24.466688 277892.218750 278332.468750 299911.781250 277892.218750
443 24.519196 277892.218750 277892.093750 277892.218750 277892.218750
444 24.574976 277892.218750 277892.093750 277892.218750 277892.218750
445 24.630507 277892.218750 277892.093750 277892.218750 277892.218750
446 24.687017 277892.218750 277892.093750 277892.218750 277892.218750
447 24.735407 277892.218750 277892.093750 277892.218750 277892.218750
448 24.792131 277892.218750 277892.093750 277892.218750 277892.218750
449 24.839296 277892.218750 277892.093750 277892.218750 277892.218750
450 24.900146 277892.218750 277892.093750 277892.218750 277892.218750
451 24.954939 277892.218750 277892.093750 277892.218750 277892.218750
452 25.010513 277892.218750 277892.093750 277892.218750 277892.218750
453 25.062168 277892.218750 277892.093750 277892.218750 277892.218750
454 25.120899 277892.218750 279074.593750 337017.125000 277892.218750
455 25.178738 277892.218750 277892.093750 277892.218750 277892.218750
456 25.238869 277892.218750 277892.093750 277892.218750 277892.218750
457 25.294508 277892.218750 277892.093750 277892.218750 277892.218750
458 25.358912 277892.218750 280312.031250 398889.875000 277892.218750
459 25.418221 277892.218750 278059.687500 286273.218750 277892.218750
460 25.464413 277892.218750 277937.250000 280150.437500 277892.218750
461 25.511990 277892.218750 277892.625000 277919.906250 277892.218750
462 25.572268 277892.218750 278006.781250 283627.687500 277892.218750
463 25.627920 277892.218750 278367.187500 301647.375000 277892.218750
464 25.683304 277892.218750 277962.093750 281392.031250 277892.218750
465 25.740711 277892.218750 278017.875000 284182.687500 277892.218750
466 25.791895 277892.218750 278196.531250 293114.937500 277892.218750
467 25.842676 277892.218750 279040.937500 335335.562500 277892.218750
468 25.896858 277144.250000 278072.593750 286917.843750 277892.218750
469 25.950712 277144.250000 277877.125000 277892.218750 277144.250000
470 26.006577 277144.250000 277877.125000 277892.218750 277144.250000
471 26.070213 277144.250000 277862.156250 277892.218750 277144.250000
472 26.133688 277144.250000 277847.187500 277892.218750 277144.250000
473 26.191092 277144.250000 277832.250000 277892.218750 277144.250000
474 26.240198 277144.250000 277817.281250 277892.218750 277144.250000
475 26.288126 277144.250000 277802.312500 277892.218750 277144.250000
476 26.330654 277144.250000 277787.375000 277892.218750 277144.250000
477 26.388407 277144.250000 277772.406250 277892.218750 277144.250000
478 26.449961 277144.250000 277757.437500 277892.218750 277144.250000
479 26.503984 277144.250000 277742.468750 277892.218750 277144.250000
480 26.560356 277144.250000 277727.531250 277892.218750 277144.250000
481 26.614416 277144.250000 277712.562500 277892.218750 277144.250000
482 26.672581 277144.250000 277697.593750 277892.218750 277144.250000
483 26.731432 277144.250000 277682.625000 277892.218750 277144.250000
484 26.787708 277144.250000 277667.687500 277892.218750 277144.250000
485 26.841295 277144.250000 277652.718750 277892.218750 277144.250000
486 26.892532 277144.250000 277637.750000 277892.218750 277144.250000
487 26.948984 277144.250000 277622.812500 277892.218750 277144.250000
488 26.997868 277144.250000 277607.843750 277892.218750 277144.250000
489 27.055740 277144.250000 277592.875000 277892.218750 277144.250000
490 27.111576 277144.250000 277577.906250 277892.218750 277144.250000
491 27.161345 277144.250000 277562.968750 277892.218750 277144.250000
492 27.217621 277144.250000 277548.000000 277892.218750 277144.250000
493 27.277847 277144.250000 277533.031250 277892.218750 277144.250000
494 27.333679 277144.250000 277518.093750 277892.218750 277144.250000
495 27.388405 277144.250000 277503.125000 277892.218750 277144.250000
496 27.440620 277144.250000 277488.156250 277892.218750 277144.250000
497 27.494951 277144.250000 277473.187500 277892.218750 277144.250000
498 27.551020 277144.250000 277458.250000 277892.218750 277144.250000
499 27.616392 277144.250000 277443.281250 277892.218750 277144.250000
500 27.670671 277144.250000 277428.312500 277892.218750 277144.250000
501 27.726744 277144.250000 278253.906250 319171.687500 277144.250000
502 27.785557 277144.250000 278238.968750 319171.687500 277144.250000
503 27.846245 277144.250000 278224.000000 319171.687500 277144.250000
504 27.900469 277144.250000 278209.031250 319171.687500 277144.250000
505 27.953903 277144.250000 278194.093750 319171.687500 277144.250000
506 28.015421 277144.250000 278179.125000 319171.687500 277144.250000
507 28.071259 277144.250000 279334.468750 335660.125000 277144.250000
508 28.132263 277144.250000 279319.531250 335660.125000 277144.250000
509 28.185404 277144.250000 279304.562500 335660.125000 277144.250000
510 28.235884 277144.250000 279289.593750 335660.125000 277144.250000
511 28.289726 277144.250000 279274.625000 335660.125000 277144.250000
512 28.339638 277144.250000 279259.687500 335660.125000 277144.250000
513 28.394863 277144.250000 279244.718750 335660.125000 277144.250000
514 28.446611 277144.250000 279229.750000 335660.125000 277144.250000
515 28.500561 277144.250000 279214.812500 335660.125000 277144.250000
516 28.555660 277144.250000 280484.031250 341353.937500 277144.250000
517 28.612276 277144.250000 280469.093750 341353.937500 277144.250000
518 28.675089 277144.250000 280454.125000 341353.937500 277144.250000
519 28.728220 277144.250000 280439.156250 341353.937500 277144.250000
520 28.791677 277144.250000 279598.593750 341353.937500 277144.250000
521 28.842186 277144.250000 278428.281250 341353.937500 277144.250000
522 28.899921 277144.250000 277144.093750 277144.250000 277144.250000
523 28.954664 277144.250000 278043.187500 322100.843750 277144.250000
524 29.009159 277144.250000 278051.656250 322523.375000 277144.250000
525 29.057974 277144.250000 277144.093750 277144.250000 277144.250000
526 29.109348 277144.250000 277144.093750 277144.250000 277144.250000
527 29.157171 277144.250000 277144.093750 277144.250000 277144.250000
528 29.208347 277144.250000 277144.093750 277144.250000 277144.250000
529 29.268435 277144.250000 277144.093750 277144.250000 277144.250000
530 29.326010 277144.250000 277144.093750 277144.250000 277144.250000
531 29.382734 277144.250000 277144.093750 277144.250000 277144.250000
532 29.437544 277144.250000 277144.093750 277144.250000 277144.250000
533 29.490612 277144.250000 277144.093750 277144.250000 277144.250000
534 29.546825 277144.250000 277144.093750 277144.250000 277144.250000
535 29.603884 277144.250000 277144.093750 277144.250000 277144.250000
536 29.653547 277144.250000 279141.218750 377001.343750 277144.250000
537 29.699976 277144.250000 277144.093750 277144.250000 277144.250000
538 29.753445 277144.250000 277144.093750 277144.250000 277144.250000
539 29.808203 277144.250000 277144.093750 277144.250000 277144.250000
540 29.861889 277144.250000 277144.093750 277144.250000 277144.250000
541 29.921129 277144.250000 277144.093750 277144.250000 277144.250000
542 29.971476 277144.250000 277865.750000 313226.687500 277144.250000
543 30.029488 277144.250000 277144.093750 277144.250000 277144.250000
544 30.085012 277144.250000 277144.093750 277144.250000 277144.250000
545 30.140821 277144.250000 277144.093750 277144.250000 277144.250000
546 30.191580 277144.250000 277144.093750 277144.250000 277144.250000
547 30.246029 277144.250000 277144.093750 277144.250000 277144.250000
548 30.294716 277144.250000 277144.093750 277144.250000 277144.250000
549 30.347212 277144.250000 277144.093750 277144.250000 277144.250000
550 30.393188 277144.250000 277144.093750 277144.250000 277144.250000
551 30.438412 277144.250000 277144.093750 277144.250000 277144.250000
552 30.495388 277144.250000 277144.093750 277144.250000 277144.250000
553 30.545156 277144.250000 277144.093750 277144.250000 277144.250000
554 30.597519 277144.250000 277144.093750 277144.250000 277144.250000
555 30.653049 277144.250000 277144.093750 277144.250000 277144.250000
556 30.710917 277144.250000 277144.093750 277144.250000 277144.250000
557 30.761726 277144.250000 277144.093750 277144.250000 277144.250000
558 30.817825 277144.250000 277144.093750 277144.250000 277144.250000
559 30.874796 277144.250000 277144.093750 277144.250000 277144.250000
560 30.937843 277144.250000 277144.093750 277144.250000 277144.250000
561 31.002163 277144.250000 277144.093750 277144.250000 277144.250000
562 31.058308 277144.250000 277144.093750 277144.250000 277144.250000
563 31.104736 277144.250000 277144.093750 277144.250000 277144.250000
564 31.165352 277144.250000 277144.093750 277144.250000 277144.250000
565 31.222540 277144.250000 280012.718750 420576.687500 277144.250000
566 31.286127 277144.250000 277144.093750 277144.250000 277144.250000
567 31.341822 277144.250000 277144.093750 277144.250000 277144.250000
568 31.394152 277144.250000 277144.093750 277144.250000 277144.250000
569 31.438375 277144.250000 277144.093750 277144.250000 277144.250000
570 31.490618 277144.250000 277144.093750 277144.250000 277144.250000
571 31.555317 277144.250000 277144.093750 277144.250000 277144.250000
572 31.611912 277144.250000 277144.093750 277144.250000 277144.250000
573 31.665119 277144.250000 277144.093750 277144.250000 277144.250000
574 31.721544 277144.250000 280915.468750 465713.625000 277144.250000
575 31.779184 277144.250000 279521.718750 396025.718750 277144.250000
576 31.832607 277144.250000 277144.093750 277144.250000 277144.250000
577 31.886599 277144.250000 277144.093750 277144.250000 277144.250000
578 31.943689 277144.250000 277144.093750 277144.250000 277144.250000
579 32.008080 277144.250000 277144.093750 277144.250000 277144.250000
580 32.063740 277144.250000 277144.093750 277144.250000 277144.250000
581 32.112446 277144.250000 277144.093750 277144.250000 277144.250000
582 32.163445 277144.250000 277144.093750 277144.250000 277144.250000
583 32.224712 277144.250000 277144.093750 277144.250000 277144.250000
584 32.283413 277144.250000 277144.093750 277144.250000 277144.250000
585 32.341244 277144.250000 277144.093750 277144.250000 277144.250000
586 32.393681 277144.250000 277144.093750 277144.250000 277144.250000
587 32.436749 277144.250000 277144.093750 277144.250000 277144.250000
588 32.493279 277144.250000 277396.718750 289775.781250 277144.250000
589 32.544422 277144.250000 277396.718750 289775.781250 277144.250000
590 32.602566 277144.250000 277144.093750 277144.250000 277144.250000
591 32.653351 277144.250000 277144.093750 277144.250000 277144.250000
592 32.704296 277144.250000 277144.093750 277144.250000 277144.250000
593 32.761337 277144.250000 277144.093750 277144.250000 277144.250000
594 32.816620 277144.250000 277144.093750 277144.250000 277144.250000
595 32.875538 277144.250000 277144.093750 277144.250000 277144.250000
596 32.933186 277144.250000 278186.031250 305723.625000 277144.250000
597 32.986645 277144.250000 278122.875000 305723.625000 277144.250000
598 33.038132 277144.250000 277894.062500 305723.625000 277144.250000
599 33.094841 277144.250000 277715.687500 305723.625000 277144.250000
600 33.153992 277144.250000 277144.093750 277144.250000 277144.250000
601 33.210220 277144.250000 277144.093750 277144.250000 277144.250000
602 33.270046 277144.250000 277144.093750 277144.250000 277144.250000
603 33.333187 277144.250000 278817.750000 360828.343750 277144.250000
604 33.394413 277144.250000 277235.625000 281722.031250 277144.250000
605 33.448624 277144.250000 277144.093750 277144.250000 277144.250000
606 33.488956 277144.250000 277144.093750 277144.250000 277144.250000
607 33.532887 277144.250000 277144.093750 277144.250000 277144.250000
608 33.591202 277144.250000 277144.093750 277144.250000 277144.250000
609 33.645351 277144.250000 277144.093750 277144.250000 277144.250000
610 33.704292 277144.250000 277144.093750 277144.250000 277144.250000
611 33.759090 277144.250000 277144.093750 277144.250000 277144.250000
612 33.804535 277144.250000 277144.093750 277144.250000 277144.250000
613 33.858059 277144.250000 277144.093750 277144.250000 277144.250000
614 33.899837 277144.250000 277144.093750 277144.250000 277144.250000
615 33.955650 277144.250000 277144.093750 277144.250000 277144.250000
616 34.004696 277144.250000 277144.093750 277144.250000 277144.250000
617 34.050343 277144.250000 277144.093750 277144.250000 277144.250000
618 34.105217 277144.250000 277144.093750 277144.250000 277144.250000
619 34.162281 277144.250000 277144.093750 277144.250000 277144.250000
620 34.220852 277144.250000 278123.625000 326122.906250 277144.250000
621 34.276680 277144.250000 277602.812500 300080.062500 277144.250000
622 34.331093 277144.250000 277144.093750 277144.250000 277144.250000
623 34.387569 277144.250000 277144.093750 277144.250000 277144.250000
624 34.439457 277144.250000 277144.093750 277144.250000 277144.250000
625 34.490124 277144.250000 277144.093750 277144.250000 277144.250000
626 34.550869 277144.250000 277144.093750 277144.250000 277144.250000
627 34.616909 277144.250000 277144.093750 277144.250000 277144.250000
628 34.669731 277144.250000 277144.093750 277144.250000 277144.250000
629 34.716316 277144.250000 277144.093750 277144.250000 277144.250000
630 34.766602 277144.250000 277144.093750 277144.250000 277144.250000
631 34.818790 277144.250000 277144.093750 277144.250000 277144.250000
632 34.863201 277144.250000 277144.093750 277144.250000 277144.250000
633 34.931129 277144.250000 277144.093750 277144.250000 277144.250000
634 34.990238 277144.250000 279824.062500 411143.125000 277144.250000
635 35.044247 277144.250000 277207.906250 280336.187500 277144.250000
636 35.097794 277144.250000 277290.125000 284446.187500 277144.250000
637 35.147667 277144.250000 277190.812500 279480.687500 277144.250000
638 35.210609 277144.250000 277144.093750 277144.250000 277144.250000
639 35.267857 277144.250000 277144.093750 277144.250000 277144.250000
640 35.331028 277144.250000 277144.093750 277144.250000 277144.250000
641 35.384491 277144.250000 277144.093750 277144.250000 277144.250000
642 35.439358 277144.250000 277144.093750 277144.250000 277144.250000
643 35.497700 277144.250000 277144.093750 277144.250000 277144.250000
644 35.552231 277144.250000 277144.093750 277144.250000 277144.250000
645 35.611683 277144.250000 277144.093750 277144.250000 277144.250000
646 35.665607 277144.250000 277144.093750 277144.250000 277144.250000
647 35.729721 277144.250000 277144.093750 277144.250000 277144.250000
648 35.782047 277144.250000 277144.093750 277144.250000 277144.250000
649 35.840668 277144.250000 277144.093750 277144.250000 277144.250000
650 35.894489 277144.250000 277144.093750 277144.250000 277144.250000
651 35.949696 277144.250000 279744.187500 407148.906250 277144.250000
652 36.008480 277144.250000 277144.093750 277144.250000 277144.250000
653 36.061066 277144.250000 277144.093750 277144.250000 277144.250000
654 36.117634 277144.250000 277144.093750 277144.250000 277144.250000
655 36.169067 277144.250000 277144.093750 277144.250000 277144.250000
656 36.224674 277144.250000 277144.093750 277144.250000 277144.250000
657 36.271748 277144.250000 277144.093750 277144.250000 277144.250000
658 36.327019 277144.250000 277144.093750 277144.250000 277144.250000
659 36.392525 277144.250000 277144.093750 277144.250000 277144.250000
660 36.446640 277144.250000 277144.093750 277144.250000 277144.250000
661 36.501835 277144.250000 277144.093750 277144.250000 277144.250000
662 36.564789 277144.250000 277144.093750 277144.250000 277144.250000
663 36.624607 277144.250000 277144.093750 277144.250000 277144.250000
664 36.680248 277144.250000 277144.093750 277144.250000 277144.250000
665 36.733025 277144.250000 277144.093750 277144.250000 277144.250000
666 36.784355 277144.250000 277144.093750 277144.250000 277144.250000
667 36.836136 277144.250000 277144.093750 277144.250000 277144.250000
668 36.892288 277144.250000 278431.906250 341535.531250 277144.250000
669 36.953503 277144.250000 277276.875000 283783.843750 277144.250000
670 37.014137 277144.250000 277412.656250 290573.312500 277144.250000
671 37.067898 277144.250000 277460.250000 292952.531250 277144.250000
672 37.123985 277144.250000 277393.906250 289636.375000 277144.250000
673 37.178783 277144.250000 277677.062500 303792.875000 277144.250000
674 37.238503 277144.250000 277248.093750 282345.000000 277144.250000
675 37.292248 277144.250000 277473.000000 293590.062500 277144.250000
676 37.344666 277144.250000 278190.468750 329463.843750 277144.250000
677 37.398392 277144.250000 277524.625000 296171.500000 277144.250000
678 37.449261 277144.250000 277424.250000 291152.000000 277144.250000
679 37.493790 277144.250000 277144.093750 277144.250000 277144.250000
680 37.544792 277144.250000 277144.093750 277144.250000 277144.250000
681 37.600960 277144.250000 277144.093750 277144.250000 277144.250000
682 37.656616 277144.250000 277144.093750 277144.250000 277144.250000
683 37.714424 277144.250000 277144.093750 277144.250000 277144.250000
684 37.768345 277144.250000 277144.093750 277144.250000 277144.250000
685 37.819023 277144.250000 277144.093750 277144.250000 277144.250000
686 37.875645 277144.250000 277144.093750 277144.250000 277144.250000
687 37.923492 277144.250000 277144.093750 277144.250000 277144.250000
688 37.979889 277144.250000 277144.093750 277144.250000 277144.250000
689 38.034706 277144.250000 277144.093750 277144.250000 277144.250000
690 38.097305 277144.250000 277144.093750 277144.250000 277144.250000
691 38.160141 277144.250000 277144.093750 277144.250000 277144.250000
692 38.217659 277144.250000 277144.093750 277144.250000 277144.250000
693 38.277992 277144.250000 277144.093750 277144.250000 277144.250000
694 38.328671 277144.250000 277144.093750 277144.250000 277144.250000
695 38.387707 277144.250000 277144.093750 277144.250000 277144.250000
696 38.440792 277144.250000 277144.093750 277144.250000 277144.250000
697 38.496456 277144.250000 277144.093750 277144.250000 277144.250000
698 38.557507 277144.250000 277144.093750 277144.250000 277144.250000
699 38.605858 277144.250000 277144.093750 277144.250000 277144.250000
700 38.666157 277144.250000 277144.093750 277144.250000 277144.250000
701 38.717754 277144.250000 277144.093750 277144.250000 277144.250000
702 38.767628 277144.250000 277144.093750 277144.250000 277144.250000
703 38.819351 277144.250000 277144.093750 277144.250000 277144.250000
704 38.876892 277144.250000 277144.093750 277144.250000 277144.250000
705 38.926628 277144.250000 277144.093750 277144.250000 277144.250000
706 38.978615 277144.250000 277144.093750 277144.250000 277144.250000
707 39.034321 277144.250000 277144.093750 277144.250000 277144.250000
708 39.096336 277144.250000 277144.093750 277144.250000 277144.250000
709 39.145210 277144.250000 277144.093750 277144.250000 277144.250000
710 39.200577 277144.250000 278857.687500 362825.062500 277144.250000
711 39.256668 277144.250000 279869.937500 395585.593750 277144.250000
712 39.307304 277144.250000 279890.312500 395585.593750 277144.250000
713 39.354485 277144.250000 280016.375000 395585.593750 277144.250000
714 39.410416 277144.250000 280098.187500 395585.593750 277144.250000
715 39.469990 277144.250000 279962.062500 395585.593750 277144.250000
716 39.519257 277144.250000 279780.343750 395585.593750 277144.250000
717 39.575104 277144.250000 279512.906250 395585.593750 277144.250000
718 39.634792 277144.250000 277144.093750 277144.250000 277144.250000
719 39.689999 277144.250000 277144.093750 277144.250000 277144.250000
720 39.749039 277144.250000 277144.093750 277144.250000 277144.250000
721 39.800869 277144.250000 277144.093750 277144.250000 277144.250000
722 39.852924 277144.250000 277144.093750 277144.250000 277144.250000
723 39.906521 277144.250000 277144.093750 277144.250000 277144.250000
724 39.961636 277144.250000 277144.093750 277144.250000 277144.250000
725 40.009789 277144.250000 277144.093750 277144.250000 277144.250000
726 40.063087 277144.250000 277144.093750 277144.250000 277144.250000
727 40.113693 277144.250000 277144.093750 277144.250000 277144.250000
728 40.166206 277144.250000 277144.093750 277144.250000 277144.250000
729 40.227589 277144.250000 277144.093750 277144.250000 277144.250000
730 40.275513 277144.250000 277144.093750 277144.250000 277144.250000
731 40.329002 277144.250000 277144.093750 277144.250000 277144.250000
732 40.393040 277144.250000 277144.093750 277144.250000 277144.250000
733 40.442780 277144.250000 277144.093750 277144.250000 277144.250000
734 40.503769 277144.250000 277144.093750 277144.250000 277144.250000
735 40.562515 277144.250000 277144.093750 277144.250000 277144.250000
736 40.623257 277144.250000 277144.093750 277144.250000 277144.250000
737 40.680801 277144.250000 278815.218750 360701.812500 277144.250000
738 40.726952 277144.250000 277520.437500 295962.406250 277144.250000
739 40.776588 277144.250000 277436.187500 291750.218750 277144.250000
740 40.842949 277144.250000 277695.406250 304709.843750 277144.250000
741 40.890953 277144.250000 277284.500000 284165.312500 277144.250000
742 40.946266 277144.250000 277316.093750 285744.968750 277144.250000
743 40.998940 277144.250000 277928.281250 316354.000000 277144.250000
744 41.055893 277144.250000 277413.843750 290632.500000 277144.250000
745 41.110832 277144.250000 277144.093750 277144.250000 277144.250000
746 41.175175 277144.250000 279293.843750 384632.093750 277144.250000
747 41.227135 277144.250000 279318.875000 384632.093750 277144.250000
748 41.281368 277144.250000 279369.531250 384632.093750 277144.250000
749 41.331097 277144.250000 279567.562500 384632.093750 277144.250000
750 41.381012 277144.250000 279322.843750 384632.093750 277144.250000
751 41.434395 277144.250000 279381.437500 384632.093750 277144.250000
752 41.493408 277144.250000 279293.843750 384632.093750 277144.250000
753 41.551235 277144.250000 277144.093750 277144.250000 277144.250000
754 41.598343 277144.250000 277144.093750 277144.250000 277144.250000
755 41.656921 277144.250000 277144.093750 277144.250000 277144.250000
756 41.704041 277144.250000 277144.093750 277144.250000 277144.250000
757 41.769939 277144.250000 277144.093750 277144.250000 277144.250000
758 41.825653 277144.250000 277144.093750 277144.250000 277144.250000
759 41.877483 277144.250000 277144.093750 277144.250000 277144.250000
760 41.942493 277144.250000 277144.093750 277144.250000 277144.250000
761 41.992535 277144.250000 277144.093750 277144.250000 277144.250000
762 42.055336 277144.250000 277144.093750 277144.250000 277144.250000
763 42.106041 277144.250000 277144.093750 277144.250000 277144.250000
764 42.156605 277144.250000 277144.093750 277144.250000 277144.250000
765 42.207428 277144.250000 277144.093750 277144.250000 277144.250000
766 42.263580 277144.250000 277144.093750 277144.250000 277144.250000
767 42.324230 277144.250000 277144.093750 277144.250000 277144.250000
768 42.374561 277144.250000 277144.093750 277144.250000 277144.250000
769 42.435665 277144.250000 277144.093750 277144.250000 277144.250000
770 42.487217 277144.250000 277144.093750 277144.250000 277144.250000
771 42.545097 277144.250000 277144.093750 277144.250000 277144.250000
772 42.603966 277144.250000 277144.093750 277144.250000 277144.250000
773 42.653419 277144.250000 277144.093750 277144.250000 277144.250000
774 42.709385 277144.250000 277144.093750 277144.250000 277144.250000
775 42.760223 277144.250000 277144.093750 277144.250000 277144.250000
776 42.809643 277144.250000 277144.093750 277144.250000 277144.250000
777 42.867901 277144.250000 277144.093750 277144.250000 277144.250000
778 42.923969 277144.250000 277144.093750 277144.250000 277144.250000
779 42.981049 277144.250000 277144.093750 277144.250000 277144.250000
780 43.037922 277144.250000 277144.093750 277144.250000 277144.250000
781 43.091103 277144.250000 277144.093750 277144.250000 277144.250000
782 43.140202 277144.250000 277144.093750 277144.250000 277144.250000
783 43.186852 277144.250000 277144.093750 277144.250000 277144.250000
784 43.248692 277144.250000 277144.093750 277144.250000 277144.250000
785 43.297104 277144.250000 277144.093750 277144.250000 277144.250000
786 43.347034 277144.250000 277144.093750 277144.250000 277144.250000
787 43.400375 277144.250000 277144.093750 277144.250000 277144.250000
788 43.456017 277144.250000 277144.093750 277144.250000 277144.250000
789 43.512657 277144.250000 277144.093750 277144.250000 277144.250000
790 43.568066 277144.250000 277144.093750 277144.250000 277144.250000
791 43.619232 277144.250000 277144.093750 277144.250000 277144.250000
792 43.672970 277144.250000 277144.093750 277144.250000 277144.250000
793 43.725124 277144.250000 277144.093750 277144.250000 277144.250000
794 43.788063 277144.250000 277144.093750 277144.250000 277144.250000
795 43.847237 277144.250000 277144.093750 277144.250000 277144.250000
796 43.910446 277144.250000 277144.093750 277144.250000 277144.250000
797 43.965244 277144.250000 277144.093750 277144.250000 277144.250000
798 44.023705 277144.250000 277144.093750 277144.250000 277144.250000
799 44.082981 277144.250000 277144.093750 277144.250000 277144.250000
800 44.135693 277144.250000 277144.093750 277144.250000 277144.250000
801 44.191856 277144.250000 277144.093750 277144.250000 277144.250000
802 44.245327 277144.250000 277144.093750 277144.250000 277144.250000
803 44.294830 277144.250000 277144.093750 277144.250000 277144.250000
804 44.351250 277144.250000 277144.093750 277144.250000 277144.250000
805 44.406796 277144.250000 277144.093750 277144.250000 277144.250000
806 44.459209 277144.250000 277144.093750 277144.250000 277144.250000
807 44.510590 277144.250000 277144.093750 277144.250000 277144.250000
808 44.564964 277144.250000 279032.718750 371576.281250 277144.250000
809 44.607292 277144.250000 278091.375000 324509.437500 277144.250000
810 44.660896 277144.250000 277144.093750 277144.250000 277144.250000
811 44.713120 277144.250000 277144.093750 277144.250000 277144.250000
812 44.769169 277144.250000 277144.093750 277144.250000 277144.250000
813 44.831791 277144.250000 277144.093750 277144.250000 277144.250000
814 44.882736 277144.250000 277144.093750 277144.250000 277144.250000
815 44.943520 277144.250000 277144.093750 277144.250000 277144.250000
816 44.996078 277144.250000 277144.093750 277144.250000 277144.250000
817 45.051338 277144.250000 277144.093750 277144.250000 277144.250000
818 45.103165 277144.250000 277144.093750 277144.250000 277144.250000
819 45.162624 277144.250000 277144.093750 277144.250000 277144.250000
820 45.213505 277144.250000 277144.093750 277144.250000 277144.250000
821 45.269329 277144.250000 277144.093750 277144.250000 277144.250000
822 45.334450 277144.250000 277144.093750 277144.250000 277144.250000
823 45.394653 277144.250000 278315.812500 335731.468750 277144.250000
824 45.448353 277144.250000 277200.250000 279952.687500 277144.250000
825 45.504559 277144.250000 277148.500000 277365.593750 277144.250000
826 45.555340 277144.250000 277495.218750 294701.562500 277144.250000
827 45.606064 277144.250000 280836.250000 405565.218750 277144.250000
828 45.670750 277144.250000 280062.875000 405565.218750 277144.250000
829 45.719173 277144.250000 279712.500000 405565.218750 277144.250000
830 45.775478 277144.250000 277876.875000 313784.375000 277144.250000
831 45.830944 277144.250000 277144.093750 277144.250000 277144.250000
832 45.885113 277144.250000 277144.093750 277144.250000 277144.250000
833 45.938301 277144.250000 277144.093750 277144.250000 277144.250000
834 46.001831 277144.250000 277144.093750 277144.250000 277144.250000
835 46.059177 277144.250000 277144.093750 277144.250000 277144.250000
836 46.121361 277144.250000 277144.093750 277144.250000 277144.250000
837 46.178692 277144.250000 277144.093750 277144.250000 277144.250000
838 46.241768 277144.250000 277144.093750 277144.250000 277144.250000
839 46.284405 277144.250000 278215.750000 330728.156250 277144.250000
840 46.340012 277144.250000 277267.437500 283312.031250 277144.250000
841 46.388912 277144.250000 277997.031250 319791.562500 277144.250000
842 46.446335 277144.250000 278127.625000 326321.281250 277144.250000
843 46.496895 277144.250000 277496.531250 294765.906250 277144.250000
844 46.557339 277144.250000 277646.375000 302259.500000 277144.250000
845 46.610985 277144.250000 277144.093750 277144.250000 277144.250000
846 46.661209 277144.250000 277144.093750 277144.250000 277144.250000
847 46.715519 277144.250000 277144.093750 277144.250000 277144.250000
848 46.763767 277144.250000 277144.093750 277144.250000 277144.250000
849 46.818508 277144.250000 277144.093750 277144.250000 277144.250000
850 46.874279 277144.250000 277144.093750 277144.250000 277144.250000
851 46.936378 277144.250000 277144.093750 277144.250000 277144.250000
852 46.983967 277144.250000 277144.093750 277144.250000 277144.250000
853 47.044533 277144.250000 277144.093750 277144.250000 277144.250000
854 47.093731 277144.250000 277144.093750 277144.250000 277144.250000
855 47.154259 277144.250000 277144.093750 277144.250000 277144.250000
856 47.213776 277144.250000 277144.093750 277144.250000 277144.250000
857 47.265804 277144.250000 277144.093750 277144.250000 277144.250000
858 47.318275 277144.250000 277144.093750 277144.250000 277144.250000
859 47.382805 277144.250000 277144.093750 277144.250000 277144.250000
860 47.446194 277144.250000 277144.093750 277144.250000 277144.250000
861 47.501549 277144.250000 277144.093750 277144.250000 277144.250000
862 47.558079 277144.250000 277144.093750 277144.250000 277144.250000
863 47.609169 277144.250000 277144.093750 277144.250000 277144.250000
864 47.667313 277144.250000 277373.687500 288625.562500 277144.250000
865 47.725853 277144.250000 277241.250000 282003.031250 277144.250000
866 47.785053 277144.250000 277144.093750 277144.250000 277144.250000
867 47.835415 277144.250000 277144.093750 277144.250000 277144.250000
868 47.885895 277144.250000 277144.093750 277144.250000 277144.250000
869 47.942009 277144.250000 278546.406250 347260.875000 277144.250000
870 48.001488 277144.250000 277370.281250 288454.468750 277144.250000
871 48.050285 277144.250000 278232.343750 331557.187500 277144.250000
872 48.102051 277144.250000 277510.625000 295471.812500 277144.250000
873 48.160980 277144.250000 278374.843750 338682.062500 277144.250000
874 48.217545 277144.250000 277238.531250 281866.281250 277144.250000
875 48.272129 277144.250000 277323.375000 286108.437500 277144.250000
876 48.322128 277144.250000 277283.343750 284106.843750 277144.250000
877 48.384014 277144.250000 277144.093750 277144.250000 277144.250000
878 48.439201 277144.250000 277144.093750 277144.250000 277144.250000
879 48.490299 277144.250000 277144.093750 277144.250000 277144.250000
880 48.553371 277144.250000 277144.093750 277144.250000 277144.250000
881 48.618584 277144.250000 277144.093750 277144.250000 277144.250000
882 48.677486 277144.250000 277144.093750 277144.250000 277144.250000
883 48.739426 277144.250000 277144.093750 277144.250000 277144.250000
884 48.792217 277144.250000 277144.093750 277144.250000 277144.250000
885 48.853870 277144.250000 277144.093750 277144.250000 277144.250000
886 48.906406 277144.250000 277144.093750 277144.250000 277144.250000
887 48.965675 277144.250000 277144.093750 277144.250000 277144.250000
888 49.022911 277144.250000 277144.093750 277144.250000 277144.250000
889 49.073887 277144.250000 277144.093750 277144.250000 277144.250000
890 49.127762 277144.250000 277144.093750 277144.250000 277144.250000
891 49.174770 277144.250000 277144.093750 277144.250000 277144.250000
892 49.231834 277144.250000 277144.093750 277144.250000 277144.250000
893 49.290077 277144.250000 277144.093750 277144.250000 277144.250000
894 49.347519 277144.250000 278107.968750 325339.406250 277144.250000
895 49.405399 277144.250000 277144.093750 277144.250000 277144.250000
896 49.461575 277144.250000 278840.468750 361963.406250 277144.250000
897 49.519459 277144.250000 277425.343750 291206.875000 277144.250000
898 49.583286 277144.250000 280045.687500 411143.781250 277144.250000
899 49.635399 277144.250000 279867.687500 411143.781250 277144.250000
900 49.692822 277144.250000 280647.281250 411143.781250 277144.250000
901 49.753761 277144.250000 279824.093750 411143.781250 277144.250000
902 49.807278 277144.250000 277144.093750 277144.250000 277144.250000
903 49.859715 277144.250000 277144.093750 277144.250000 277144.250000
904 49.913311 277144.250000 277144.093750 277144.250000 277144.250000
905 49.969261 277144.250000 277144.093750 277144.250000 277144.250000
906 50.016449 277144.250000 277144.093750 277144.250000 277144.250000
907 50.076500 277144.250000 280280.531250 433967.312500 277144.250000
908 50.139225 277144.250000 277144.093750 277144.250000 277144.250000
909 50.201347 277144.250000 277144.093750 277144.250000 277144.250000
910 50.262745 277144.250000 277144.093750 277144.250000 277144.250000
911 50.313175 277144.250000 277144.093750 277144.250000 277144.250000
912 50.365875 277144.250000 277144.093750 277144.250000 277144.250000
913 50.412598 277144.250000 277144.093750 277144.250000 277144.250000
914 50.467171 277144.250000 278455.375000 342708.500000 277144.250000
915 50.515018 277144.250000 277462.937500 293087.281250 277144.250000
916 50.567230 277144.250000 277144.093750 277144.250000 277144.250000
917 50.622269 277144.250000 280837.750000 461828.375000 277144.250000
918 50.680920 277144.250000 277144.093750 277144.250000 277144.250000
919 50.743145 277144.250000 277144.093750 277144.250000 277144.250000
920 50.796383 277144.250000 277144.093750 277144.250000 277144.250000
921 50.849464 277144.250000 278352.093750 337545.062500 277144.250000
922 50.901978 277144.250000 277195.250000 279701.906250 277144.250000
923 50.951771 277144.250000 277219.750000 280927.187500 277144.250000
924 51.008839 277144.250000 279877.875000 413833.750000 277144.250000
925 51.063251 277144.250000 279350.843750 377450.875000 277144.250000
926 51.119183 277144.250000 279403.187500 377450.875000 277144.250000
927 51.168312 277144.250000 279150.218750 377450.875000 277144.250000
928 51.220001 277144.250000 279670.468750 403463.656250 277144.250000
929 51.272751 277144.250000 277144.093750 277144.250000 277144.250000
930 51.330307 277144.250000 277144.093750 277144.250000 277144.250000
931 51.382721 277144.250000 277144.093750 277144.250000 277144.250000
932 51.438904 277144.250000 277144.093750 277144.250000 277144.250000
933 51.489735 277144.250000 277144.093750 277144.250000 277144.250000
934 51.549774 277144.250000 277144.093750 277144.250000 277144.250000
935 51.604465 277144.250000 277144.093750 277144.250000 277144.250000
936 51.665722 277144.250000 277144.093750 277144.250000 277144.250000
937 51.715363 277144.250000 277144.093750 277144.250000 277144.250000
938 51.767738 277144.250000 278488.968750 344388.125000 277144.250000
939 51.831982 277144.250000 277144.093750 277144.250000 277144.250000
940 51.881569 277144.250000 277144.093750 277144.250000 277144.250000
941 51.941856 277144.250000 277144.093750 277144.250000 277144.250000
942 51.996346 277144.250000 277144.093750 277144.250000 277144.250000
943 52.049301 277144.250000 277144.093750 277144.250000 277144.250000
944 52.106167 277144.250000 278338.625000 336872.031250 277144.250000
945 52.156902 277144.250000 277144.093750 277144.250000 277144.250000
946 52.206375 277144.250000 277144.093750 277144.250000 277144.250000
947 52.269547 277144.250000 277469.812500 293430.406250 277144.250000
948 52.322063 277144.250000 277341.843750 287031.718750 277144.250000
949 52.377552 277144.250000 277494.187500 294648.937500 277144.250000
950 52.422447 277144.250000 277144.093750 277144.250000 277144.250000
951 52.481968 277144.250000 277144.093750 277144.250000 277144.250000
952 52.532352 277144.250000 277144.093750 277144.250000 277144.250000
953 52.590363 277144.250000 278923.281250 366104.406250 277144.250000
954 52.640495 277144.250000 277281.656250 284023.281250 277144.250000
955 52.697281 277144.250000 277262.250000 283053.468750 277144.250000
956 52.752468 277144.250000 277727.500000 306315.281250 277144.250000
957 52.801544 277144.250000 277933.375000 316609.593750 277144.250000
958 52.856335 277144.250000 277144.093750 277144.250000 277144.250000
959 52.907196 277144.250000 277144.093750 277144.250000 277144.250000
960 52.962429 277144.250000 277144.093750 277144.250000 277144.250000
961 53.017399 277144.250000 277144.093750 277144.250000 277144.250000
962 53.071545 277144.250000 277144.093750 277144.250000 277144.250000
963 53.122185 277144.250000 278896.906250 364786.781250 277144.250000
964 53.182636 277144.250000 277555.375000 297709.562500 277144.250000
965 53.227062 277144.250000 277670.968750 303488.687500 277144.250000
966 53.284607 277144.250000 277902.875000 315083.906250 277144.250000
967 53.337025 277144.250000 277604.031250 300141.875000 277144.250000
968 53.394024 277144.250000 277144.093750 277144.250000 277144.250000
