0 0.000001 313892.218750 327478.750000 345531.187500 313892.218750
1 0.044457 307945.468750 327478.750000 345531.187500 313892.218750
2 0.084589 305362.468750 326955.781250 345531.187500 307945.468750
3 0.123750 305362.218750 325897.906250 345531.187500 305362.468750
4 0.178484 302239.125000 325104.250000 345531.187500 305362.218750
5 0.219780 299072.343750 324285.687500 345531.187500 302239.125000
6 0.268161 297729.406250 323480.812500 345531.187500 299072.343750
7 0.311817 295656.937500 323672.031250 347150.218750 297729.406250
8 0.360202 295656.281250 322744.187500 347150.218750 295656.937500
9 0.404259 294472.281250 322181.000000 347150.218750 295656.281250
10 0.450591 292691.125000 321794.281250 347150.218750 294472.281250
11 0.497382 292398.625000 321436.625000 347150.218750 292691.125000
12 0.536730 291495.781250 321025.375000 347150.218750 292398.625000
13 0.579017 290597.562500 320761.312500 347150.218750 291495.781250
14 0.628393 289984.656250 320306.093750 347150.218750 290597.562500
15 0.685669 288570.750000 320015.687500 347150.218750 289984.656250
16 0.727201 287498.781250 319704.843750 347150.218750 288570.750000
17 0.774891 286899.281250 319361.375000 347150.218750 287498.781250
18 0.827876 286374.812500 318946.093750 347150.218750 286899.281250
19 0.869931 286032.437500 318644.875000 347150.218750 286374.812500
20 0.911868 285620.156250 318483.062500 347150.218750 286032.437500
21 0.953188 285009.812500 318314.250000 347150.218750 285620.156250
22 0.990852 284288.531250 318133.125000 347150.218750 285009.812500
23 1.038637 283850.500000 317946.906250 347150.218750 284288.531250
24 1.087063 282162.937500 317798.562500 347150.218750 283850.500000
25 1.132039 281889.562500 317616.625000 347150.218750 282162.937500
26 1.170240 281889.562500 317448.531250 347150.218750 281889.562500
27 1.214001 280108.656250 317291.187500 347150.218750 281889.562500
28 1.265682 279597.843750 317167.562500 347150.218750 280108.656250
29 1.304063 279597.718750 316948.593750 347150.218750 279597.843750
30 1.346822 279597.718750 316875.187500 347150.218750 279597.718750
31 1.390281 279447.312500 316673.593750 347150.218750 279597.718750
32 1.436242 279117.062500 316522.812500 347150.218750 279447.312500
33 1.486255 279117.062500 316396.187500 347150.218750 279117.062500
34 1.531975 278565.250000 316310.750000 347150.218750 279117.062500
35 1.582451 278008.281250 316144.156250 347150.218750 278565.250000
36 1.623237 277868.843750 316054.093750 347150.218750 278008.281250
37 1.669161 277647.812500 316000.750000 347150.218750 277868.843750
38 1.712281 277207.125000 315931.531250 347150.218750 277647.812500
39 1.753720 277174.281250 315872.125000 347150.218750 277207.125000
40 1.799552 277174.187500 315696.125000 347150.218750 277174.281250
41 1.843941 277174.187500 315665.906250 347150.218750 277174.187500
42 1.885955 276792.562500 315638.000000 347150.218750 277174.187500
43 1.932779 276792.562500 315575.156250 347150.218750 276792.562500
44 1.985226 276644.843750 315531.500000 347150.218750 276792.562500
45 2.029640 276605.781250 315665.375000 347150.218750 276644.843750
46 2.075199 276605.625000 315610.468750 347150.218750 276605.781250
47 2.123882 276045.156250 315553.000000 347150.218750 276605.625000
48 2.165920 276045.156250 315518.125000 347150.218750 276045.156250
49 2.216353 275795.843750 315457.156250 347150.218750 276045.156250
50 2.257940 275795.843750 317230.718750 370195.093750 275795.843750
51 2.307257 275703.937500 316319.531250 370195.093750 275795.843750
52 2.354355 275703.937500 316135.593750 370195.093750 275703.937500
53 2.393175 275703.937500 315975.968750 370195.093750 275703.937500
54 2.437779 275703.906250 315957.750000 370195.093750 275703.937500
55 2.482052 275703.875000 315905.156250 370195.093750 275703.906250
56 2.527095 275703.875000 315875.750000 370195.093750 275703.875000
57 2.570834 275022.687500 315860.281250 370195.093750 275703.875000
58 2.619496 274540.656250 317244.000000 370195.093750 275022.687500
59 2.666444 274540.562500 315911.937500 349535.125000 274540.656250
60 2.708256 273536.968750 315873.937500 349535.125000 274540.562500
61 2.759469 273536.937500 315790.750000 349535.125000 273536.968750
62 2.805313 273284.875000 318387.625000 405936.906250 273536.937500
63 2.854715 273284.875000 316181.656250 349535.125000 273284.875000
64 2.892727 273220.843750 316001.031250 349535.125000 273284.875000
65 2.943946 273220.843750 315942.406250 349535.125000 273220.843750
66 2.987931 273220.843750 315880.531250 349535.125000 273220.843750
67 3.040871 272784.875000 315851.531250 349535.125000 273220.843750
68 3.089096 272784.875000 315840.656250 349535.125000 272784.875000
69 3.138253 272784.875000 315779.593750 349535.125000 272784.875000
70 3.181351 272784.812500 315744.250000 349535.125000 272784.875000
71 3.226385 272784.750000 315731.906250 349535.125000 272784.812500
72 3.271211 272784.750000 315725.312500 349535.125000 272784.750000
73 3.318276 272784.750000 315689.531250 349535.125000 272784.750000
74 3.361576 272784.750000 315609.937500 349535.125000 272784.750000
75 3.408395 272784.750000 315590.687500 349535.125000 272784.750000
76 3.449463 272784.750000 315501.062500 349535.125000 272784.750000
77 3.498980 272784.750000 315494.406250 349535.125000 272784.750000
78 3.547199 272784.750000 315438.093750 349535.125000 272784.750000
79 3.592591 272784.750000 315438.093750 349535.125000 272784.750000
80 3.635192 272784.750000 315767.687500 349535.125000 272784.750000
81 3.684695 272784.750000 315678.531250 349535.125000 272784.750000
82 3.729199 272784.750000 315665.375000 349535.125000 272784.750000
83 3.776281 272784.750000 315649.125000 349535.125000 272784.750000
84 3.819775 272784.750000 315645.593750 349535.125000 272784.750000
85 3.862146 272784.750000 315591.125000 349535.125000 272784.750000
86 3.904197 272784.750000 315516.500000 349535.125000 272784.750000
87 3.943349 272784.750000 315407.593750 349535.125000 272784.750000
88 3.986372 272784.750000 316155.218750 349535.125000 272784.750000
89 4.027591 272784.750000 316125.375000 349535.125000 272784.750000
90 4.072669 272784.750000 316048.531250 349535.125000 272784.750000
91 4.125397 272784.750000 315993.812500 349535.125000 272784.750000
92 4.175116 272784.750000 315974.843750 349535.125000 272784.750000
93 4.225259 272784.750000 315924.281250 349535.125000 272784.750000
94 4.270089 272784.750000 315689.593750 349535.125000 272784.750000
95 4.319004 272784.750000 315426.875000 349535.125000 272784.750000
96 4.364042 272784.750000 315414.093750 349535.125000 272784.750000
97 4.411358 272784.750000 314985.593750 349535.125000 272784.750000
98 4.458018 272784.750000 314985.593750 349535.125000 272784.750000
99 4.501609 272784.750000 312977.125000 349535.125000 272784.750000
100 4.541901 272784.750000 312977.125000 349535.125000 272784.750000
101 4.580089 272784.750000 312977.125000 349535.125000 272784.750000
102 4.626235 272784.750000 313179.531250 349535.125000 272784.750000
103 4.672168 272784.750000 313179.562500 349535.125000 272784.750000
104 4.717742 272784.750000 312698.500000 349535.125000 272784.750000
105 4.764933 272784.750000 311635.781250 349535.125000 272784.750000
106 4.810795 272784.750000 311635.781250 349535.125000 272784.750000
107 4.859617 272784.750000 310528.625000 349535.125000 272784.750000
108 4.899119 272784.750000 310528.625000 349535.125000 272784.750000
109 4.942969 272784.750000 310528.625000 349535.125000 272784.750000
110 4.983799 272784.750000 310528.625000 349535.125000 272784.750000
111 5.030105 272784.718750 310528.625000 349535.125000 272784.750000
112 5.078733 272784.718750 310528.625000 349535.125000 272784.718750
113 5.127084 272784.718750 310528.625000 349535.125000 272784.718750
114 5.168447 272784.718750 309923.718750 349535.125000 272784.718750
115 5.210970 272784.718750 308785.906250 349535.125000 272784.718750
116 5.258982 272784.718750 306466.250000 349535.125000 272784.718750
117 5.303373 272784.718750 305303.468750 349535.125000 272784.718750
118 5.355128 272784.718750 302979.312500 349535.125000 272784.718750
119 5.402801 272784.718750 301816.500000 349535.125000 272784.718750
120 5.451975 272784.718750 300653.687500 349535.125000 272784.718750
121 5.496965 272784.718750 299490.906250 349535.125000 272784.718750
122 5.545587 272784.718750 299490.875000 349535.125000 272784.718750
123 5.584032 272784.718750 299490.875000 349535.125000 272784.718750
124 5.628140 272784.718750 299490.875000 349535.125000 272784.718750
125 5.665991 272784.718750 299490.875000 349535.125000 272784.718750
126 5.707980 272784.718750 298328.093750 349535.125000 272784.718750
127 5.751317 272784.718750 298328.093750 349535.125000 272784.718750
128 5.793159 272784.718750 298328.093750 349535.125000 272784.718750
129 5.843345 272784.718750 297165.281250 349535.125000 272784.718750
130 5.888716 272784.718750 297165.281250 349535.125000 272784.718750
131 5.933213 272784.718750 296002.468750 349535.125000 272784.718750
132 5.985330 272784.718750 296002.468750 349535.125000 272784.718750
133 6.033159 272784.718750 294839.687500 349535.125000 272784.718750
134 6.076502 272784.718750 294839.687500 349535.125000 272784.718750
135 6.123046 272784.718750 293676.875000 349535.125000 272784.718750
136 6.167725 272784.718750 293676.875000 349535.125000 272784.718750
137 6.221832 272784.687500 293676.875000 349535.125000 272784.718750
138 6.264077 272784.687500 293676.875000 349535.125000 272784.687500
139 6.302482 272784.687500 293676.875000 349535.125000 272784.687500
140 6.348527 272784.687500 293676.875000 349535.125000 272784.687500
141 6.390462 272784.687500 292510.250000 349535.125000 272784.687500
142 6.437345 272784.687500 292303.093750 349535.125000 272784.687500
143 6.477759 272784.687500 291070.781250 349535.125000 272784.687500
144 6.522240 272784.687500 293544.125000 465095.343750 272784.687500
145 6.568936 272784.687500 291185.218750 349535.125000 272784.687500
146 6.619463 272784.687500 290108.531250 349535.125000 272784.687500
147 6.668991 272784.687500 290108.531250 349535.125000 272784.687500
148 6.714797 272784.687500 290108.531250 349535.125000 272784.687500
149 6.759940 272784.687500 290108.531250 349535.125000 272784.687500
150 6.803972 272784.687500 288729.406250 349535.125000 272784.687500
151 6.848907 272784.687500 287343.468750 349535.125000 272784.687500
152 6.898239 272784.687500 287343.468750 349535.125000 272784.687500
153 6.945681 272784.687500 287343.468750 349535.125000 272784.687500
154 6.991524 272784.687500 285944.625000 349535.125000 272784.687500
155 7.028796 272784.687500 284543.093750 349535.125000 272784.687500
156 7.068587 272784.687500 284543.093750 349535.125000 272784.687500
157 7.118503 272784.687500 284543.093750 349535.125000 272784.687500
158 7.162834 272784.687500 283108.062500 349535.125000 272784.687500
159 7.204924 272784.687500 284586.562500 349535.125000 272784.687500
160 7.256810 272784.687500 284586.562500 349535.125000 272784.687500
161 7.305876 272784.687500 284586.562500 349535.125000 272784.687500
162 7.352055 272784.687500 281724.031250 349535.125000 272784.687500
163 7.389994 272784.687500 281724.031250 349535.125000 272784.687500
164 7.430599 272784.687500 283329.000000 353032.500000 272784.687500
165 7.476688 272784.687500 284199.593750 394942.937500 272784.687500
166 7.525473 272784.687500 283243.718750 349535.125000 272784.687500
167 7.571074 272784.687500 283897.812500 379855.625000 272784.687500
168 7.611994 272784.687500 283275.718750 349535.125000 272784.687500
169 7.653795 272784.687500 283243.718750 349535.125000 272784.687500
170 7.700643 272784.687500 283243.718750 349535.125000 272784.687500
171 7.751770 272784.687500 281756.406250 349535.125000 272784.687500
172 7.794006 272784.687500 281756.406250 349535.125000 272784.687500
173 7.836341 272784.687500 281756.406250 349535.125000 272784.687500
174 7.881752 272784.687500 280269.125000 349535.125000 272784.687500
175 7.919636 272784.687500 278781.812500 349535.125000 272784.687500
176 7.963100 272784.687500 278781.812500 349535.125000 272784.687500
177 8.017636 272784.687500 278781.812500 349535.125000 272784.687500
178 8.064214 272784.687500 278781.812500 349535.125000 272784.687500
179 8.102139 272784.687500 277294.531250 349535.125000 272784.687500
180 8.144410 272784.687500 275807.218750 349535.125000 272784.687500
181 8.187580 272784.687500 274272.218750 347150.218750 272784.687500
182 8.236914 272784.687500 274272.218750 347150.218750 272784.687500
183 8.281137 272784.687500 274272.218750 347150.218750 272784.687500
184 8.326591 272784.687500 274272.218750 347150.218750 272784.687500
185 8.376539 272784.687500 274272.218750 347150.218750 272784.687500
186 8.423928 272784.687500 274272.218750 347150.218750 272784.687500
187 8.470692 272784.687500 274272.218750 347150.218750 272784.687500
188 8.517449 272784.687500 274272.218750 347150.218750 272784.687500
189 8.563953 272784.687500 272784.906250 272784.937500 272784.687500
190 8.612785 272784.687500 272784.906250 272784.875000 272784.687500
191 8.662219 272784.687500 272784.906250 272784.875000 272784.687500
192 8.705221 272784.687500 272784.906250 272784.875000 272784.687500
193 8.752539 272784.687500 272784.906250 272784.875000 272784.687500
194 8.798583 272784.687500 272784.906250 272784.875000 272784.687500
195 8.855355 272784.687500 272784.906250 272784.875000 272784.687500
196 8.899427 272784.687500 272784.906250 272784.875000 272784.687500
197 8.943244 272784.687500 272784.906250 272784.875000 272784.687500
198 8.983388 272784.687500 272784.906250 272784.875000 272784.687500
199 9.030628 272784.687500 272784.906250 272784.875000 272784.687500
200 9.080567 272784.687500 273276.562500 297367.375000 272784.687500
201 9.120990 272784.687500 272784.906250 272784.875000 272784.687500
202 9.157711 272784.687500 272784.906250 272784.875000 272784.687500
203 9.206695 272784.687500 272784.906250 272784.875000 272784.687500
204 9.253074 272784.687500 272784.906250 272784.875000 272784.687500
205 9.297859 272784.687500 274205.875000 343832.187500 272784.687500
206 9.340654 272784.687500 274205.875000 343832.187500 272784.687500
207 9.386074 272784.687500 274205.875000 343832.187500 272784.687500
208 9.430086 272784.687500 274205.875000 343832.187500 272784.687500
209 9.469673 272784.687500 274205.875000 343832.187500 272784.687500
210 9.509735 272784.687500 274205.875000 343832.187500 272784.687500
211 9.557223 272784.687500 272784.906250 272784.875000 272784.687500
212 9.595476 272784.687500 272784.906250 272784.875000 272784.687500
213 9.647287 272784.687500 272784.906250 272784.875000 272784.687500
214 9.698109 272784.687500 272784.906250 272784.875000 272784.687500
215 9.749058 272784.687500 272784.906250 272784.875000 272784.687500
216 9.795041 272784.687500 272784.906250 272784.875000 272784.687500
217 9.837868 272784.687500 272784.906250 272784.875000 272784.687500
218 9.891377 272784.687500 272784.906250 272784.875000 272784.687500
219 9.933070 272784.687500 272784.906250 272784.875000 272784.687500
220 9.976828 272784.687500 272784.906250 272784.843750 272784.687500
221 10.021070 272784.687500 272784.906250 272784.812500 272784.687500
222 10.070454 272784.687500 272784.906250 272784.812500 272784.687500
223 10.112333 272784.687500 272784.906250 272784.812500 272784.687500
224 10.153408 272784.687500 272784.906250 272784.812500 272784.687500
225 10.199746 272784.687500 272784.906250 272784.812500 272784.687500
226 10.246230 272784.687500 272784.906250 272784.812500 272784.687500
227 10.292294 272784.687500 272784.906250 272784.812500 272784.687500
228 10.336508 272784.687500 272784.906250 272784.812500 272784.687500
229 10.378996 272784.687500 272784.906250 272784.812500 272784.687500
230 10.419193 272784.687500 272784.906250 272784.812500 272784.687500
231 10.463702 272784.687500 272784.906250 272784.812500 272784.687500
232 10.504539 272784.687500 272784.906250 272784.812500 272784.687500
233 10.552014 272784.687500 276235.687500 445322.593750 272784.687500
234 10.593318 272784.687500 272784.906250 272784.812500 272784.687500
235 10.634126 272784.687500 272784.906250 272784.812500 272784.687500
236 10.673759 272784.687500 272784.906250 272784.812500 272784.687500
237 10.718357 272784.687500 272784.906250 272784.812500 272784.687500
238 10.762616 272784.687500 272784.906250 272784.812500 272784.687500
239 10.811803 272784.687500 272784.906250 272784.812500 272784.687500
240 10.860821 272784.687500 272784.906250 272784.812500 272784.687500
241 10.908798 272784.687500 272784.906250 272784.812500 272784.687500
242 10.947095 272784.687500 272784.906250 272784.812500 272784.687500
243 10.989878 272784.687500 275720.000000 419538.625000 272784.687500
244 11.032985 272784.687500 275720.000000 419538.625000 272784.687500
245 11.081143 272784.687500 272784.906250 272784.937500 272784.687500
246 11.132775 272784.687500 272784.906250 272784.937500 272784.687500
247 11.176017 272784.687500 272784.906250 272784.937500 272784.687500
248 11.218738 272784.687500 272784.906250 272784.843750 272784.687500
249 11.271986 272784.687500 272784.906250 272784.843750 272784.687500
250 11.318559 272784.687500 273414.531250 304265.937500 272784.687500
251 11.365273 272784.687500 272784.906250 272784.812500 272784.687500
252 11.414803 272784.687500 272784.906250 272784.812500 272784.687500
253 11.455822 272784.687500 272784.906250 272784.812500 272784.687500
254 11.500814 272784.687500 272784.906250 272784.812500 272784.687500
255 11.544230 272784.687500 272784.906250 272784.812500 272784.687500
256 11.596477 272784.687500 272784.906250 272784.812500 272784.687500
257 11.640936 272784.687500 272784.906250 272784.812500 272784.687500
258 11.686249 272784.687500 272784.906250 272784.812500 272784.687500
259 11.731691 272784.687500 272784.906250 272784.812500 272784.687500
260 11.778363 272784.687500 272784.906250 272784.812500 272784.687500
261 11.822635 272784.687500 272784.906250 272784.812500 272784.687500
262 11.867603 272784.687500 272784.906250 272784.812500 272784.687500
263 11.916271 272784.687500 272784.906250 272784.812500 272784.687500
264 11.961037 272784.687500 272784.906250 272784.812500 272784.687500
265 12.005006 272784.687500 274696.093750 368342.906250 272784.687500
266 12.050624 272784.687500 274696.093750 368342.906250 272784.687500
267 12.099204 272784.687500 272784.906250 272784.812500 272784.687500
268 12.148428 272784.687500 272784.906250 272784.812500 272784.687500
269 12.196740 272784.687500 276116.906250 439383.906250 272784.687500
270 12.250888 272784.687500 276116.906250 439383.906250 272784.687500
271 12.295353 272784.687500 277951.375000 439383.906250 272784.687500
272 12.337047 272784.687500 274619.406250 364509.468750 272784.687500
273 12.384875 272784.687500 276187.437500 442910.656250 272784.687500
274 12.429318 272784.687500 274399.000000 347150.156250 272784.687500
275 12.469688 272784.687500 275652.937500 347150.156250 272784.687500
276 12.510910 272784.687500 275652.968750 347150.156250 272784.687500
277 12.554475 272784.687500 274399.031250 347150.156250 272784.687500
278 12.593865 272784.687500 274399.031250 347150.156250 272784.687500
279 12.630959 272784.687500 272911.718750 279124.531250 272784.687500
280 12.678510 272784.687500 272911.718750 279124.531250 272784.687500
281 12.722967 272784.687500 274387.593750 346578.875000 272784.687500
282 12.766597 272784.687500 274260.812500 346578.875000 272784.687500
283 12.806411 272784.687500 274469.093750 356993.343750 272784.687500
284 12.845529 272784.687500 274469.093750 356993.343750 272784.687500
285 12.881966 272784.687500 275152.968750 356993.343750 272784.687500
286 12.928107 272784.687500 275152.968750 356993.343750 272784.687500
287 12.974910 272784.687500 274469.093750 356993.343750 272784.687500
288 13.023951 272784.687500 274469.093750 356993.343750 272784.687500
289 13.065753 272784.687500 274469.093750 356993.343750 272784.687500
290 13.115243 272784.687500 277361.406250 438314.562500 272784.687500
291 13.166081 272784.687500 275773.281250 336079.250000 272784.687500
292 13.209665 272784.687500 274936.937500 336079.250000 272784.687500
293 13.254345 272784.687500 274859.093750 336079.250000 272784.687500
294 13.300607 272784.687500 274859.093750 336079.250000 272784.687500
295 13.342209 272784.687500 274507.406250 336079.250000 272784.687500
296 13.398220 272784.687500 276637.187500 379273.906250 272784.687500
297 13.445462 272784.687500 277251.406250 379273.906250 272784.687500
298 13.489140 272784.687500 277619.375000 379273.906250 272784.687500
299 13.534640 272784.687500 276895.250000 379273.906250 272784.687500
300 13.573507 272784.687500 277414.937500 379273.906250 272784.687500
301 13.622232 272784.687500 278564.937500 379273.906250 272784.687500
302 13.674384 272784.687500 278679.031250 379273.906250 272784.687500
303 13.717603 272784.687500 278679.031250 379273.906250 272784.687500
304 13.758129 272784.687500 278222.406250 379273.906250 272784.687500
305 13.807470 272784.687500 278222.406250 379273.906250 272784.687500
306 13.850660 272784.687500 277702.687500 379273.906250 272784.687500
307 13.900294 272784.687500 277330.593750 379273.906250 272784.687500
308 13.948678 272784.687500 278504.843750 388997.437500 272784.718750
309 13.995512 272784.687500 278504.812500 388997.437500 272784.718750
310 14.036733 272784.687500 278504.812500 388997.437500 272784.718750
311 14.087976 272784.687500 276375.031250 388997.437500 272784.718750
312 14.133164 272784.687500 276375.031250 388997.437500 272784.718750
313 14.183096 272784.687500 275109.156250 388997.437500 272784.718750
314 14.228322 272784.687500 272784.906250 272784.937500 272784.718750
315 14.275955 272784.687500 272784.906250 272784.906250 272784.718750
316 14.316461 272784.687500 274278.968750 347486.968750 272784.718750
317 14.361237 272784.687500 275066.406250 347486.968750 272784.718750
318 14.402149 272784.687500 273572.375000 312157.062500 272784.718750
319 14.445373 272784.687500 273572.375000 312157.062500 272784.718750
320 14.489016 272784.687500 272784.906250 272784.906250 272784.718750
321 14.536096 272784.687500 275228.593750 394968.187500 272784.718750
322 14.584443 272784.687500 275601.781250 394968.187500 272784.718750
323 14.638363 272784.687500 275228.593750 394968.187500 272784.718750
324 14.680064 272784.687500 275228.593750 394968.187500 272784.718750
325 14.726257 272784.687500 277340.375000 394968.187500 272784.718750
326 14.773034 272784.687500 275344.375000 394968.187500 272784.718750
327 14.814462 272784.687500 275599.250000 394968.187500 272784.718750
328 14.862993 272784.687500 275424.906250 394968.187500 272784.718750
329 14.911399 272784.687500 275775.093750 394968.187500 272784.718750
330 14.955909 272784.687500 275950.031250 394968.187500 272784.718750
331 15.002413 272784.687500 276565.656250 394968.187500 272784.718750
332 15.041585 272784.687500 278468.125000 396324.843750 272784.687500
333 15.084588 272784.687500 278387.562500 396324.843750 272784.687500
334 15.127014 272784.687500 280360.531250 396324.843750 272784.687500
335 15.171204 272784.687500 280881.187500 396324.843750 272784.687500
336 15.214030 272784.687500 280881.156250 396324.843750 272784.687500
337 15.266945 272784.687500 280360.531250 396324.843750 272784.687500
338 15.316069 272784.687500 280360.531250 396324.843750 272784.687500
339 15.362667 272784.687500 280360.531250 396324.843750 272784.687500
340 15.408778 272784.687500 280360.531250 396324.843750 272784.687500
341 15.450407 272784.687500 280194.468750 396324.843750 272784.687500
342 15.494367 272784.687500 279479.593750 396324.843750 272784.687500
343 15.537073 272784.687500 278221.500000 396324.843750 272784.687500
344 15.581908 272784.687500 277699.375000 396324.843750 272784.687500
345 15.618783 272784.687500 275228.593750 394968.187500 272784.687500
346 15.660105 272784.687500 272784.906250 272784.906250 272784.687500
347 15.700944 272784.687500 272784.906250 272784.906250 272784.687500
348 15.743807 272784.687500 275044.625000 385770.906250 272784.687500
349 15.782317 272784.687500 275044.625000 385770.906250 272784.687500
350 15.826720 272784.687500 277216.843750 385770.906250 272784.687500
351 15.868664 272784.687500 274957.125000 381395.062500 272784.687500
352 15.915129 272784.687500 274957.125000 381395.062500 272784.687500
353 15.964317 272784.687500 277290.062500 389431.937500 272784.687500
354 16.006435 272784.687500 274957.125000 381395.062500 272784.687500
355 16.055260 272784.687500 274957.125000 381395.062500 272784.687500
356 16.095181 272784.687500 274957.125000 381395.062500 272784.687500
357 16.144381 272784.687500 277662.843750 408070.500000 272784.687500
358 16.191139 272784.687500 275577.468750 408070.500000 272784.687500
359 16.235607 272784.687500 272939.406250 277127.343750 272784.687500
360 16.285429 272784.687500 273287.281250 293561.562500 272784.687500
361 16.327456 272784.687500 273287.312500 293561.562500 272784.687500
362 16.375418 272784.687500 273287.312500 293561.562500 272784.687500
363 16.411522 272784.687500 272871.750000 277127.343750 272784.687500
364 16.458258 272784.687500 272871.750000 277127.343750 272784.687500
365 16.507181 272784.687500 272871.750000 277127.343750 272784.687500
366 16.547750 272784.687500 272871.750000 277127.343750 272784.687500
367 16.589930 272784.687500 274882.437500 373318.500000 272784.687500
368 16.634991 272784.687500 272871.750000 277127.343750 272784.687500
369 16.678957 272784.687500 272871.750000 277127.343750 272784.687500
370 16.721764 272784.687500 272871.750000 277127.343750 272784.687500
371 16.763313 272784.687500 272871.750000 277127.343750 272784.687500
372 16.810011 272784.687500 272871.750000 277127.343750 272784.687500
373 16.846384 272784.687500 274228.312500 344954.312500 272784.687500
374 16.892292 272784.687500 274228.312500 344954.312500 272784.687500
375 16.935867 272784.687500 274228.312500 344954.312500 272784.687500
376 16.985006 272784.687500 274228.312500 344954.312500 272784.687500
377 17.033306 272784.687500 272784.906250 272784.843750 272784.687500
378 17.078299 272784.687500 273998.687500 333473.031250 272784.687500
379 17.128632 272784.687500 277365.625000 426851.000000 272784.687500
380 17.175154 272784.687500 276151.875000 426851.000000 272784.687500
381 17.217722 272784.687500 273070.531250 287065.687500 272784.687500
382 17.263741 272784.687500 273070.531250 287065.687500 272784.687500
383 17.307217 272784.687500 273070.531250 287065.687500 272784.687500
384 17.344200 272784.687500 273070.531250 287065.687500 272784.687500
385 17.391348 272784.687500 273070.531250 287065.687500 272784.687500
386 17.434164 272784.687500 273070.531250 287065.687500 272784.687500
387 17.475332 272784.687500 272784.906250 272784.906250 272784.687500
388 17.517773 272784.687500 272784.906250 272784.906250 272784.687500
389 17.557953 272784.687500 272784.906250 272784.875000 272784.687500
390 17.597481 272784.687500 272784.906250 272784.875000 272784.687500
391 17.648148 272784.687500 272784.906250 272784.875000 272784.687500
392 17.685106 272784.687500 272784.906250 272784.875000 272784.687500
393 17.725304 272784.687500 272784.906250 272784.875000 272784.687500
394 17.770077 272784.687500 272784.906250 272784.875000 272784.687500
395 17.821903 272784.687500 272784.906250 272784.875000 272784.687500
396 17.869642 272784.687500 272784.906250 272784.843750 272784.687500
397 17.911688 272784.687500 272784.906250 272784.843750 272784.687500
398 17.963238 272784.687500 272784.906250 272784.843750 272784.687500
399 18.003258 272784.687500 273146.031250 290839.718750 272784.687500
400 18.044777 272784.687500 272784.906250 272784.906250 272784.687500
401 18.090176 272784.687500 272784.906250 272784.906250 272784.687500
402 18.133074 272784.687500 272784.906250 272784.843750 272784.687500
403 18.179869 272784.687500 272784.906250 272784.843750 272784.687500
404 18.230452 272784.687500 272784.906250 272784.843750 272784.687500
405 18.273378 272784.687500 272784.906250 272784.843750 272784.687500
406 18.315420 272784.687500 272784.906250 272784.843750 272784.687500
407 18.357784 272784.687500 273916.437500 329361.218750 272784.687500
408 18.408031 272784.687500 272805.000000 273789.000000 272784.687500
409 18.456064 272784.687500 272805.000000 273789.000000 272784.687500
410 18.500429 272784.687500 272784.906250 272784.875000 272784.687500
411 18.548674 272784.687500 272784.906250 272784.875000 272784.687500
412 18.595291 272784.687500 272784.906250 272784.875000 272784.687500
413 18.630707 272784.687500 272784.906250 272784.875000 272784.687500
414 18.671965 272784.687500 272784.906250 272784.843750 272784.687500
415 18.722010 272784.687500 272784.906250 272784.843750 272784.687500
416 18.769279 272784.687500 272784.906250 272784.843750 272784.687500
417 18.809669 272784.687500 273595.125000 313295.437500 272784.687500
418 18.859352 272784.687500 273845.968750 313295.437500 272784.687500
419 18.900557 272784.687500 273914.218750 313295.437500 272784.687500
420 18.949907 272784.687500 273035.781250 285328.437500 272784.687500
421 18.994535 272784.687500 273035.781250 285328.437500 272784.687500
422 19.046078 272784.687500 272784.906250 272784.875000 272784.687500
423 19.089979 272784.687500 272784.906250 272784.875000 272784.687500
424 19.133316 272784.687500 272784.906250 272784.875000 272784.687500
425 19.172235 272784.687500 272784.906250 272784.875000 272784.687500
426 19.217421 272784.687500 272784.906250 272784.875000 272784.687500
427 19.261168 272784.687500 272784.906250 272784.875000 272784.687500
428 19.305256 272784.687500 272784.906250 272784.875000 272784.687500
429 19.350891 272784.687500 274451.750000 315479.218750 272784.687500
430 19.395906 272784.687500 273887.906250 313431.656250 272784.687500
431 19.441513 272784.687500 273892.406250 313431.656250 272784.687500
432 19.486401 272784.687500 273079.468750 287513.468750 272784.687500
433 19.536287 272784.687500 273079.468750 287513.468750 272784.687500
434 19.581238 272784.687500 272784.906250 272784.875000 272784.687500
435 19.620861 272784.687500 272911.281250 279103.125000 272784.687500
436 19.662550 272784.687500 272935.812500 280329.281250 272784.687500
437 19.706648 272784.687500 272935.812500 280329.281250 272784.687500
438 19.753536 272784.687500 272784.906250 272784.875000 272784.687500
439 19.788200 272784.687500 272784.906250 272784.875000 272784.687500
440 19.836599 272784.687500 272784.906250 272784.875000 272784.687500
441 19.874741 272784.687500 272784.906250 272784.843750 272784.687500
442 19.925020 272784.687500 272784.906250 272784.843750 272784.687500
443 19.969746 272784.687500 272784.906250 272784.843750 272784.687500
444 20.010361 272784.687500 272784.906250 272784.843750 272784.687500
445 20.061895 272784.687500 272784.906250 272784.843750 272784.687500
446 20.102535 272784.687500 272784.906250 272784.843750 272784.687500
447 20.147648 272784.687500 272784.906250 272784.843750 272784.687500
448 20.196768 272784.687500 273992.906250 333183.812500 272784.687500
449 20.241381 272784.687500 275641.500000 355215.218750 272784.687500
450 20.288092 272784.687500 275641.500000 355215.218750 272784.687500
451 20.327385 272784.687500 273992.906250 333183.812500 272784.687500
452 20.374750 272784.687500 273992.906250 333183.812500 272784.687500
453 20.420099 272784.687500 277661.968750 416660.531250 272784.687500
454 20.464600 272784.687500 276454.000000 416660.531250 272784.687500
455 20.513205 272784.687500 279294.906250 416660.531250 272784.687500
456 20.562359 272784.687500 279294.875000 416660.531250 272784.687500
457 20.612419 272784.687500 279586.437500 416660.531250 272784.687500
458 20.657032 272784.687500 279586.437500 416660.531250 272784.687500
459 20.704023 272784.687500 279294.875000 416660.531250 272784.687500
460 20.748596 272784.687500 278503.312500 416660.531250 272784.687500
461 20.795332 272784.687500 278503.312500 416660.531250 272784.687500
462 20.844032 272784.687500 275625.812500 414829.437500 272784.687500
463 20.888723 272784.687500 273636.093750 315343.750000 272784.687500
464 20.929085 272784.687500 272784.906250 272785.000000 272784.687500
465 20.966703 272784.687500 272784.906250 272785.000000 272784.687500
466 21.007706 272784.687500 272784.906250 272785.000000 272784.687500
467 21.051311 272784.687500 272784.906250 272785.000000 272784.687500
468 21.097120 272784.687500 272784.906250 272785.000000 272784.687500
469 21.144663 272784.687500 272784.906250 272785.000000 272784.687500
470 21.183657 272784.687500 272784.906250 272784.843750 272784.687500
471 21.223364 272784.687500 272784.906250 272784.843750 272784.687500
472 21.267576 272784.687500 272784.906250 272784.843750 272784.687500
473 21.309710 272784.687500 272784.906250 272784.843750 272784.687500
474 21.347109 272784.687500 272784.906250 272784.843750 272784.687500
475 21.384169 272784.687500 272784.906250 272784.843750 272784.687500
476 21.429556 272784.687500 272784.906250 272784.843750 272784.687500
477 21.474180 272784.687500 272784.906250 272784.843750 272784.687500
478 21.516840 272784.687500 272784.906250 272784.843750 272784.687500
479 21.573425 272784.687500 272784.906250 272784.843750 272784.687500
480 21.614334 272784.687500 272784.906250 272784.843750 272784.687500
481 21.661282 272784.687500 272784.906250 272784.843750 272784.687500
482 21.698090 272784.687500 272784.906250 272784.843750 272784.687500
483 21.730627 272784.687500 272784.906250 272784.843750 272784.687500
484 21.776348 272784.687500 272784.906250 272784.812500 272784.687500
485 21.818552 272784.687500 272784.906250 272784.812500 272784.687500
486 21.863777 272784.687500 275182.531250 392665.031250 272784.687500
487 21.910908 272784.687500 275338.687500 392665.031250 272784.687500
488 21.958834 272784.687500 272955.656250 280593.562500 272784.687500
489 22.004107 272784.687500 273501.187500 300788.968750 272784.687500
490 22.049366 272784.687500 272941.093750 280593.562500 272784.687500
491 22.095856 272784.687500 273777.312500 314596.500000 272784.687500
492 22.147163 272784.687500 273471.843750 299322.593750 272784.687500
493 22.196760 272784.687500 272941.093750 280593.562500 272784.687500
494 22.242584 272784.687500 272784.906250 272784.906250 272784.687500
495 22.285896 272784.687500 272784.906250 272784.906250 272784.687500
496 22.331652 272784.687500 277174.093750 453176.781250 272784.687500
497 22.371883 272784.687500 275548.687500 371907.843750 272784.687500
498 22.422461 272784.687500 275063.593750 371907.843750 272784.687500
499 22.462179 272784.687500 273871.093750 312282.031250 272784.687500
500 22.508677 272784.687500 273871.093750 312282.031250 272784.687500
501 22.551428 272784.687500 276486.562500 403559.218750 272784.687500
502 22.595476 272784.687500 273574.875000 312282.031250 272784.687500
503 22.641886 272784.687500 273574.875000 312282.031250 272784.687500
504 22.689363 272784.687500 273574.875000 312282.031250 272784.687500
505 22.734451 272784.687500 273574.875000 312282.031250 272784.687500
506 22.775074 272784.687500 273574.875000 312282.031250 272784.687500
507 22.815781 272784.687500 273574.875000 312282.031250 272784.687500
508 22.862185 272784.687500 272784.906250 272784.906250 272784.687500
509 22.907537 272784.687500 272784.906250 272784.906250 272784.687500
510 22.951246 272784.687500 272784.906250 272784.906250 272784.687500
511 22.995056 272784.687500 275697.031250 404274.718750 272784.687500
512 23.047501 272784.687500 273482.906250 293568.218750 272784.687500
513 23.093536 272784.687500 273482.906250 293568.218750 272784.687500
514 23.143902 272784.687500 273200.593750 293568.218750 272784.687500
515 23.190399 272784.687500 272784.906250 272785.000000 272784.687500
516 23.233553 272784.687500 272784.906250 272785.000000 272784.687500
517 23.279518 272784.687500 272784.906250 272785.000000 272784.687500
518 23.323154 272784.687500 272784.906250 272785.000000 272784.687500
519 23.366980 272784.687500 274685.437500 367810.968750 272784.687500
520 23.412201 272784.687500 272784.906250 272784.875000 272784.687500
521 23.462473 272784.687500 272784.906250 272784.875000 272784.687500
522 23.506124 272784.687500 272784.906250 272784.875000 272784.687500
523 23.556814 272784.687500 273090.468750 288063.031250 272784.687500
524 23.601921 272784.687500 274712.250000 353873.187500 272784.687500
525 23.649080 272784.687500 277870.593750 445979.843750 272784.687500
526 23.691366 272784.687500 276505.531250 445979.843750 272784.687500
527 23.736282 272784.687500 273041.625000 285620.187500 272784.687500
528 23.778032 272784.687500 272784.906250 272784.906250 272784.687500
529 23.824593 272784.687500 272784.906250 272784.906250 272784.687500
530 23.862925 272784.687500 272784.906250 272784.906250 272784.687500
531 23.908903 272784.687500 272784.906250 272784.906250 272784.687500
532 23.953362 272784.687500 272784.906250 272784.906250 272784.687500
533 23.996056 272784.687500 272784.906250 272784.843750 272784.687500
534 24.034819 272784.687500 272784.906250 272784.843750 272784.687500
535 24.079695 272784.687500 272784.906250 272784.843750 272784.687500
536 24.123779 272784.687500 272784.906250 272784.843750 272784.687500
537 24.172974 272784.687500 272784.906250 272784.843750 272784.687500
538 24.221052 272784.687500 272784.906250 272784.843750 272784.687500
539 24.266544 272784.687500 272784.906250 272784.843750 272784.687500
540 24.316938 272784.687500 272784.906250 272784.812500 272784.687500
541 24.357672 272784.687500 272784.906250 272784.812500 272784.687500
542 24.406813 272784.687500 272784.906250 272784.812500 272784.687500
543 24.449945 272784.687500 272784.906250 272784.812500 272784.687500
544 24.500355 272784.687500 272784.906250 272784.812500 272784.687500
545 24.544920 272784.687500 273031.531250 285115.125000 272784.687500
546 24.588791 272784.687500 273545.437500 310811.062500 272784.687500
547 24.639624 272784.687500 273545.437500 310811.062500 272784.687500
548 24.677599 272784.687500 273545.437500 310811.062500 272784.687500
549 24.726795 272784.687500 273545.437500 310811.062500 272784.687500
550 24.767698 272784.687500 272784.906250 272784.812500 272784.687500
551 24.809340 272784.687500 272784.906250 272784.812500 272784.687500
552 24.852354 272784.687500 272784.906250 272784.812500 272784.687500
553 24.898638 272784.687500 272784.906250 272784.812500 272784.687500
554 24.942320 272784.687500 277279.281250 497502.562500 272784.687500
555 24.987617 272784.687500 279321.468750 497502.562500 272784.687500
556 25.033302 272784.687500 277279.281250 497502.562500 272784.687500
557 25.076250 272784.687500 272784.906250 272784.812500 272784.687500
558 25.116680 272784.687500 272784.906250 272784.812500 272784.687500
559 25.160955 272784.687500 272784.906250 272784.812500 272784.687500
560 25.201817 272784.687500 273988.687500 332973.218750 272784.687500
561 25.249325 272784.687500 272784.906250 272784.812500 272784.687500
562 25.299204 272784.687500 272784.906250 272784.812500 272784.687500
563 25.347040 272784.687500 275155.156250 391297.218750 272784.687500
564 25.400579 272784.687500 275155.156250 391297.218750 272784.687500
565 25.443340 272784.687500 272784.906250 272784.812500 272784.687500
566 25.493723 272784.687500 272784.906250 272784.812500 272784.687500
567 25.541195 272784.687500 274380.468750 352562.281250 272784.687500
568 25.583616 272784.687500 272944.906250 280784.468750 272784.687500
569 25.627571 272784.687500 276124.156250 431748.125000 272784.687500
570 25.672832 272784.687500 277613.468750 431747.937500 272784.687500
571 25.718384 272784.687500 274274.250000 347251.593750 272784.687500
572 25.764109 272784.687500 274565.750000 361827.593750 272784.687500
573 25.803129 272784.687500 275428.875000 361827.593750 272784.687500
574 25.848373 272784.687500 273648.031250 315940.250000 272784.687500
575 25.893881 272784.687500 273648.031250 315940.250000 272784.687500
576 25.937807 272784.687500 273648.031250 315940.250000 272784.687500
577 25.984453 272784.687500 273648.031250 315940.250000 272784.687500
578 26.031113 272784.687500 275092.000000 344983.718750 272784.687500
579 26.074488 272784.687500 274228.906250 344983.718750 272784.687500
580 26.122885 272784.687500 274228.906250 344983.718750 272784.687500
581 26.163755 272784.687500 274228.906250 344983.718750 272784.687500
582 26.206364 272784.687500 274228.906250 344983.718750 272784.687500
583 26.249157 272784.687500 274228.906250 344983.718750 272784.687500
584 26.290943 272784.687500 274228.906250 344983.718750 272784.687500
585 26.336409 272784.687500 272784.906250 272784.843750 272784.687500
586 26.383623 272784.687500 272784.906250 272784.843750 272784.687500
587 26.418629 272784.687500 272784.906250 272784.812500 272784.687500
588 26.461250 272784.687500 272784.906250 272784.812500 272784.687500
589 26.508301 272784.687500 272784.906250 272784.812500 272784.687500
590 26.552660 272784.687500 276293.187500 448199.250000 272784.687500
591 26.594114 272784.687500 272784.906250 272784.906250 272784.687500
592 26.634388 272784.687500 272784.906250 272784.906250 272784.687500
593 26.675703 272784.687500 272784.906250 272784.812500 272784.687500
594 26.716213 272784.687500 272784.906250 272784.812500 272784.687500
595 26.761499 272784.687500 272784.906250 272784.812500 272784.687500
596 26.805393 272784.687500 272784.906250 272784.812500 272784.687500
597 26.858158 272784.687500 272784.906250 272784.812500 272784.687500
598 26.896877 272784.687500 272784.906250 272784.812500 272784.687500
599 26.948212 272784.687500 273946.000000 330839.000000 272784.687500
600 26.992031 272784.687500 272784.906250 272784.843750 272784.687500
601 27.042076 272784.687500 272784.906250 272784.843750 272784.687500
602 27.089273 272784.687500 272784.906250 272784.843750 272784.687500
603 27.138582 272784.687500 272784.906250 272784.812500 272784.687500
604 27.183451 272784.687500 272784.906250 272784.812500 272784.687500
605 27.234764 272784.687500 272784.906250 272784.812500 272784.687500
606 27.276760 272784.687500 272784.906250 272784.812500 272784.687500
607 27.321932 272784.687500 272784.906250 272784.812500 272784.687500
608 27.363508 272784.687500 272784.906250 272784.812500 272784.687500
609 27.409435 272784.687500 272784.906250 272784.812500 272784.687500
610 27.459583 272784.687500 272784.906250 272784.812500 272784.687500
611 27.505363 272784.687500 272784.906250 272784.812500 272784.687500
612 27.541445 272784.687500 272784.906250 272784.812500 272784.687500
613 27.585173 272784.687500 272784.906250 272784.812500 272784.687500
614 27.630972 272784.687500 273462.093750 306643.031250 272784.687500
615 27.684265 272784.687500 273702.593750 318669.656250 272784.687500
616 27.725096 272784.687500 272784.906250 272784.875000 272784.687500
617 27.772856 272784.687500 276415.812500 454329.968750 272784.687500
618 27.820757 272784.687500 277171.031250 454329.968750 272784.687500
619 27.862656 272784.687500 276415.812500 454329.968750 272784.687500
620 27.908148 272784.687500 272784.906250 272784.906250 272784.687500
621 27.956713 272784.687500 272784.906250 272784.906250 272784.687500
622 27.999674 272784.687500 272784.906250 272784.906250 272784.687500
623 28.042208 272784.687500 272784.906250 272784.906250 272784.687500
624 28.084909 272784.687500 276607.843750 463930.656250 272784.687500
625 28.131420 272784.687500 276607.843750 463930.656250 272784.687500
626 28.176132 272784.687500 276607.843750 463930.656250 272784.687500
627 28.220400 272784.687500 276719.968750 469536.656250 272784.687500
628 28.259373 272784.687500 276719.968750 469536.656250 272784.687500
629 28.306583 272784.687500 273909.593750 329018.062500 272784.687500
630 28.342684 272784.687500 274307.187500 329018.062500 272784.687500
631 28.390631 272784.687500 273182.531250 292666.312500 272784.687500
632 28.438017 272784.687500 272784.906250 272784.906250 272784.687500
633 28.480076 272784.687500 272784.906250 272784.906250 272784.687500
634 28.523428 272784.687500 272784.906250 272784.906250 272784.687500
635 28.567858 272784.687500 272784.906250 272784.906250 272784.687500
636 28.618059 272784.687500 272784.906250 272784.906250 272784.687500
637 28.663715 272784.687500 276046.531250 435865.062500 272784.687500
