0 0.000000 312237.437500 327982.812500 345303.906250 312237.437500
1 0.058496 311876.906250 327982.812500 345303.906250 312237.437500
2 0.119781 310972.750000 327835.437500 345303.906250 311876.906250
3 0.177504 310757.656250 327731.562500 345303.906250 310972.750000
4 0.228497 304912.125000 327594.593750 345303.906250 310757.656250
5 0.293174 302663.000000 327122.906250 345303.906250 304912.125000
6 0.339366 302662.562500 326743.312500 345303.906250 302663.000000
7 0.401730 301549.218750 326454.468750 345303.906250 302662.562500
8 0.463557 298576.000000 326113.375000 345303.906250 301549.218750
9 0.532944 298575.906250 325774.906250 345303.906250 298576.000000
10 0.579709 296507.156250 325568.968750 345303.906250 298575.906250
11 0.642605 295830.687500 325246.875000 345303.906250 296507.156250
12 0.715321 295830.687500 324893.812500 345303.906250 295830.687500
13 0.776346 294410.875000 324660.875000 345303.906250 295830.687500
14 0.839814 291220.031250 324355.062500 345303.906250 294410.875000
15 0.906397 288059.531250 323914.125000 345303.906250 291220.031250
16 0.965654 288059.312500 323459.281250 345303.906250 288059.531250
17 1.022929 287473.281250 323076.531250 345303.906250 288059.312500
18 1.090426 286348.718750 323335.375000 345303.906250 287473.281250
19 1.146835 285343.187500 322554.812500 345303.906250 286348.718750
20 1.202758 285269.312500 322208.406250 345303.906250 285343.187500
21 1.260234 284444.343750 321873.625000 345303.906250 285269.312500
22 1.312891 283020.718750 321524.250000 345303.906250 284444.343750
23 1.358843 281924.968750 321096.031250 345303.906250 283020.718750
24 1.409827 281924.937500 322632.093750 383793.031250 281924.968750
25 1.459546 281924.937500 321673.031250 383793.031250 281924.937500
26 1.515417 281924.937500 321331.250000 383793.031250 281924.937500
27 1.577818 281611.156250 320942.312500 383793.031250 281924.937500
28 1.632296 281374.687500 320551.406250 383793.031250 281611.156250
29 1.701395 281096.000000 320130.562500 383793.031250 281374.687500
30 1.755581 280533.968750 319744.187500 383793.031250 281096.000000
31 1.810195 280012.000000 319334.250000 383793.031250 280533.968750
32 1.863395 280012.000000 318883.093750 383793.031250 280012.000000
33 1.912005 279520.343750 318444.281250 383793.031250 280012.000000
34 1.965068 279520.312500 317954.906250 383793.031250 279520.343750
35 2.026021 279520.312500 317483.468750 383793.031250 279520.312500
36 2.079569 279396.781250 316993.750000 383793.031250 279520.312500
37 2.138347 279249.562500 316486.843750 383793.031250 279396.781250
38 2.195530 279249.562500 315992.968750 383793.031250 279249.562500
39 2.245625 279249.562500 315496.656250 383793.031250 279249.562500
40 2.288891 279249.562500 314946.187500 383793.031250 279249.562500
41 2.349196 279249.562500 316720.187500 469723.781250 279249.562500
42 2.397184 279249.562500 314755.937500 367348.062500 279249.562500
43 2.452468 279238.687500 314304.656250 344214.906250 279249.562500
44 2.508981 279228.156250 313028.812500 319695.531250 279238.687500
45 2.557666 279228.156250 313028.156250 319695.531250 279228.156250
46 2.605526 279228.156250 313023.375000 319695.531250 279228.156250
47 2.658098 279228.093750 313008.812500 319695.531250 279228.156250
48 2.713702 279077.812500 312975.687500 318039.031250 279228.093750
49 2.763020 279077.812500 312968.531250 318039.031250 279077.812500
50 2.815363 279077.812500 312962.031250 318039.031250 279077.812500
51 2.873177 279077.812500 312959.031250 318039.031250 279077.812500
52 2.919326 279077.812500 314341.250000 357954.562500 279077.812500
53 2.989792 279077.812500 312784.656250 318038.906250 279077.812500
54 3.050948 279077.750000 312766.468750 318038.906250 279077.812500
55 3.103352 279077.750000 312764.750000 318038.906250 279077.750000
56 3.160270 279077.750000 312764.750000 318038.906250 279077.750000
57 3.212077 279077.750000 312762.531250 318038.906250 279077.750000
58 3.268616 279077.750000 312745.531250 318038.906250 279077.750000
59 3.325743 279077.750000 312689.968750 318038.906250 279077.750000
60 3.381795 279077.750000 312689.968750 318038.906250 279077.750000
61 3.439849 279077.750000 312689.968750 318038.906250 279077.750000
62 3.496772 279077.750000 312584.406250 318038.906250 279077.750000
63 3.563903 279077.750000 312584.406250 318038.906250 279077.750000
64 3.610480 279077.718750 311805.187500 318038.906250 279077.750000
65 3.654047 279077.718750 311805.187500 318038.906250 279077.718750
66 3.715270 279077.718750 311805.187500 318038.906250 279077.718750
67 3.771375 279077.718750 311025.968750 318038.906250 279077.718750
68 3.820100 279077.718750 311025.968750 318038.906250 279077.718750
69 3.879231 279077.718750 311025.968750 318038.906250 279077.718750
70 3.935819 279077.718750 311025.968750 318038.906250 279077.718750
71 3.999097 279077.718750 310246.750000 318038.906250 279077.718750
72 4.054512 279077.718750 310246.750000 318038.906250 279077.718750
73 4.112145 279077.687500 311066.625000 320072.093750 279077.718750
74 4.176469 279077.687500 311025.968750 318038.906250 279077.687500
75 4.234354 279077.687500 311025.968750 318038.906250 279077.687500
76 4.290834 279077.687500 311025.968750 318038.906250 279077.687500
77 4.344175 279077.687500 311025.968750 318038.906250 279077.687500
78 4.405047 279077.687500 311025.968750 318038.906250 279077.687500
79 4.462614 279077.687500 310246.750000 318038.906250 279077.687500
80 4.526160 279077.687500 310246.750000 318038.906250 279077.687500
81 4.579637 279077.687500 311910.812500 362280.875000 279077.687500
82 4.632727 279077.687500 311025.968750 318038.906250 279077.687500
83 4.688306 279077.687500 311025.968750 318038.906250 279077.687500
84 4.736157 279077.687500 311025.937500 318038.906250 279077.687500
85 4.791678 279077.687500 311025.937500 318038.906250 279077.687500
86 4.857537 279077.687500 311025.937500 318038.906250 279077.687500
87 4.904822 279077.687500 311025.937500 318038.906250 279077.687500
88 4.959119 279077.687500 311025.937500 318038.906250 279077.687500
89 5.011337 279077.687500 311025.937500 318038.906250 279077.687500
90 5.066553 279077.687500 311025.937500 318038.906250 279077.687500
91 5.119674 279077.687500 311025.937500 318038.906250 279077.687500
92 5.171943 279077.687500 311025.937500 318038.906250 279077.687500
93 5.231998 279077.687500 310246.718750 318038.906250 279077.687500
94 5.279670 279077.687500 309467.500000 318038.906250 279077.687500
95 5.325099 279077.687500 309467.500000 318038.906250 279077.687500
96 5.377314 279077.687500 308688.281250 318038.906250 279077.687500
97 5.423487 279077.687500 307909.062500 318038.906250 279077.687500
98 5.474325 279077.687500 307909.062500 318038.906250 279077.687500
99 5.532827 279077.687500 308356.968750 318038.906250 279077.687500
100 5.581281 279077.687500 308356.968750 318038.906250 279077.687500
101 5.628131 279077.687500 308356.968750 318038.906250 279077.687500
102 5.684715 279077.687500 307909.062500 318038.906250 279077.687500
103 5.738880 279077.687500 307909.062500 318038.906250 279077.687500
104 5.795039 279077.687500 307129.875000 318038.906250 279077.687500
105 5.849551 279077.687500 306350.625000 318038.906250 279077.687500
106 5.904603 279077.687500 306350.625000 318038.906250 279077.687500
107 5.966777 279077.687500 306350.625000 318038.906250 279077.687500
108 6.024626 279077.687500 306350.625000 318038.906250 279077.687500
109 6.083750 279077.687500 306350.625000 318038.906250 279077.687500
110 6.137536 279077.687500 306350.625000 318038.906250 279077.687500
111 6.187837 279077.687500 305571.406250 318038.906250 279077.687500
112 6.253834 279077.687500 305571.406250 318038.906250 279077.687500
113 6.313293 279077.687500 305881.750000 333556.968750 279077.687500
114 6.357686 279077.687500 305571.406250 318038.906250 279077.687500
115 6.410309 279077.687500 305571.406250 318038.906250 279077.687500
116 6.456142 279077.687500 305571.406250 318038.906250 279077.687500
117 6.507406 279077.687500 305571.406250 318038.906250 279077.687500
118 6.557096 279077.687500 305571.406250 318038.906250 279077.687500
119 6.611340 279077.687500 305945.250000 318038.906250 279077.687500
120 6.668023 279077.687500 305945.250000 318038.906250 279077.687500
121 6.726581 279077.687500 305945.250000 318038.906250 279077.687500
122 6.782408 279077.687500 305945.250000 318038.906250 279077.687500
123 6.836948 279077.687500 305945.250000 318038.906250 279077.687500
124 6.897610 279077.687500 305945.250000 318038.906250 279077.687500
125 6.952540 279077.687500 305945.250000 318038.906250 279077.687500
126 7.010752 279077.687500 305945.250000 318038.906250 279077.687500
127 7.057734 279077.687500 305945.250000 318038.906250 279077.687500
128 7.112051 279077.687500 305945.218750 318038.906250 279077.687500
129 7.160327 279077.687500 305571.406250 318038.906250 279077.687500
130 7.222918 279077.687500 305571.406250 318038.906250 279077.687500
131 7.271225 279077.687500 305571.406250 318038.906250 279077.687500
132 7.321943 279077.687500 305571.406250 318038.906250 279077.687500
133 7.380117 279077.687500 305571.406250 318038.906250 279077.687500
134 7.434700 279077.687500 305571.406250 318038.906250 279077.687500
135 7.480761 279077.687500 304792.187500 318038.906250 279077.687500
136 7.524384 279077.687500 304012.968750 318038.906250 279077.687500
137 7.574407 279077.687500 304012.968750 318038.906250 279077.687500
138 7.631278 279077.687500 305421.125000 349486.656250 279077.687500
139 7.680110 279077.687500 304792.187500 318038.906250 279077.687500
140 7.730270 279077.687500 304792.187500 318038.906250 279077.687500
141 7.782067 279077.687500 304792.187500 318038.906250 279077.687500
142 7.853325 279077.687500 304792.187500 318038.906250 279077.687500
143 7.907447 279077.687500 304792.187500 318038.906250 279077.687500
144 7.964635 279077.687500 304792.187500 318038.906250 279077.687500
145 8.020354 279077.687500 304792.187500 318038.906250 279077.687500
146 8.076882 279077.687500 305001.343750 328496.968750 279077.687500
147 8.123833 279077.687500 304792.187500 318038.906250 279077.687500
148 8.171111 279077.687500 304792.187500 318038.906250 279077.687500
149 8.220085 279077.687500 304792.187500 318038.906250 279077.687500
150 8.267180 279077.687500 304012.968750 318038.906250 279077.687500
151 8.320639 279077.687500 304012.968750 318038.906250 279077.687500
152 8.375216 279077.687500 304012.968750 318038.906250 279077.687500
153 8.427284 279077.687500 304012.968750 318038.906250 279077.687500
154 8.485943 279077.687500 304012.968750 318038.906250 279077.687500
155 8.544730 279077.687500 303233.750000 318038.906250 279077.687500
156 8.590815 279077.687500 303233.750000 318038.906250 279077.687500
157 8.647750 279077.687500 303233.750000 318038.906250 279077.687500
158 8.704925 279077.687500 303233.750000 318038.906250 279077.687500
159 8.752338 279077.687500 303233.750000 318038.906250 279077.687500
160 8.797422 279077.687500 303233.750000 318038.906250 279077.687500
161 8.850365 279077.687500 303233.750000 318038.906250 279077.687500
162 8.899435 279077.687500 303233.750000 318038.906250 279077.687500
163 8.948983 279077.687500 303233.750000 318038.906250 279077.687500
164 9.004184 279077.687500 302454.531250 318038.906250 279077.687500
165 9.059378 279077.687500 302454.531250 318038.906250 279077.687500
166 9.115716 279077.687500 302454.531250 318038.906250 279077.687500
167 9.176450 279077.687500 302454.531250 318038.906250 279077.687500
168 9.230641 279077.687500 302454.531250 318038.906250 279077.687500
169 9.293839 279077.687500 302454.531250 318038.906250 279077.687500
170 9.343259 279077.687500 301675.312500 318038.906250 279077.687500
171 9.397413 279077.687500 301675.312500 318038.906250 279077.687500
172 9.447295 279077.687500 300896.093750 318038.906250 279077.687500
173 9.499200 279077.687500 300896.093750 318038.906250 279077.687500
174 9.546866 279077.687500 300116.875000 318038.906250 279077.687500
175 9.598984 279077.687500 299337.625000 318038.906250 279077.687500
176 9.657075 279077.687500 302819.281250 453160.062500 279077.687500
177 9.714958 279077.687500 299337.625000 318038.906250 279077.687500
178 9.770748 279077.687500 299337.625000 318038.906250 279077.687500
179 9.823911 279077.687500 298558.406250 318038.906250 279077.687500
180 9.878524 279077.687500 298691.062500 318038.906250 279077.687500
181 9.939369 279077.687500 298691.062500 318038.906250 279077.687500
182 9.980858 279077.687500 298691.062500 318038.906250 279077.687500
183 10.027235 279077.687500 298691.062500 318038.906250 279077.687500
184 10.076551 279077.687500 298691.062500 318038.906250 279077.687500
185 10.129748 279077.687500 298691.062500 318038.906250 279077.687500
186 10.179687 279077.687500 298691.062500 318038.906250 279077.687500
187 10.230922 279077.687500 298691.062500 318038.906250 279077.687500
188 10.284916 279077.687500 298691.062500 318038.906250 279077.687500
189 10.346141 279077.687500 298691.062500 318038.906250 279077.687500
190 10.405098 279077.687500 298691.062500 318038.906250 279077.687500
191 10.461331 279077.687500 298691.062500 318038.906250 279077.687500
192 10.514535 279077.687500 298691.062500 318038.906250 279077.687500
193 10.575682 279077.687500 298691.062500 318038.906250 279077.687500
194 10.627094 279077.687500 298691.062500 318038.906250 279077.687500
195 10.682905 279077.687500 298691.062500 318038.906250 279077.687500
196 10.729385 279077.687500 298691.062500 318038.906250 279077.687500
197 10.781919 279077.687500 298691.062500 318038.906250 279077.687500
198 10.832318 279077.687500 298691.062500 318038.906250 279077.687500
199 10.878561 279077.687500 298691.062500 318038.906250 279077.687500
200 10.932803 279077.687500 298558.406250 318038.906250 279077.687500
201 10.989070 279077.687500 298558.406250 318038.906250 279077.687500
202 11.040912 279077.687500 297779.187500 318038.906250 279077.687500
203 11.094038 279077.687500 297779.187500 318038.906250 279077.687500
204 11.145530 279077.687500 297779.187500 318038.906250 279077.687500
205 11.197544 279077.687500 297779.187500 318038.906250 279077.687500
206 11.254474 279077.687500 297779.187500 318038.906250 279077.687500
207 11.306049 279077.687500 296999.968750 318038.906250 279077.687500
208 11.355230 279077.687500 296999.968750 318038.906250 279077.687500
209 11.413352 279077.687500 296999.968750 318038.906250 279077.687500
210 11.463405 279077.687500 296999.968750 318038.906250 279077.687500
211 11.515523 279077.687500 296999.968750 318038.906250 279077.687500
212 11.561602 279077.687500 296999.968750 318038.906250 279077.687500
213 11.606527 279077.687500 296999.968750 318038.906250 279077.687500
214 11.667705 279077.687500 296999.968750 318038.906250 279077.687500
215 11.721857 279077.687500 296999.968750 318038.906250 279077.687500
216 11.765278 279077.687500 296999.968750 318038.906250 279077.687500
217 11.826457 279077.687500 296999.968750 318038.906250 279077.687500
218 11.872528 279077.687500 296999.968750 318038.906250 279077.687500
219 11.929027 279077.687500 296999.968750 318038.906250 279077.687500
220 11.989191 279077.687500 296999.968750 318038.906250 279077.687500
221 12.047492 279077.687500 296999.968750 318038.906250 279077.687500
222 12.099031 279077.687500 296220.750000 318038.906250 279077.687500
223 12.146407 279077.687500 296220.750000 318038.906250 279077.687500
224 12.190848 279077.687500 296220.750000 318038.906250 279077.687500
225 12.236380 279077.687500 296220.750000 318038.906250 279077.687500
226 12.292396 279077.687500 296220.750000 318038.906250 279077.687500
227 12.338138 279077.687500 296220.750000 318038.906250 279077.687500
228 12.395053 279077.687500 295441.531250 318038.906250 279077.687500
229 12.453387 279077.687500 294662.312500 318038.906250 279077.687500
230 12.504705 279077.687500 294662.312500 318038.906250 279077.687500
231 12.562711 279077.687500 294662.312500 318038.906250 279077.687500
232 12.616891 279077.687500 297287.906250 410356.468750 279077.687500
233 12.673269 279077.687500 295531.312500 322527.656250 279077.687500
234 12.734424 279077.687500 295441.531250 318038.906250 279077.687500
235 12.787143 279077.687500 295864.187500 318038.906250 279077.687500
236 12.841636 279077.687500 295507.593750 318038.906250 279077.687500
237 12.889672 279077.687500 295084.968750 318038.906250 279077.687500
238 12.948115 279077.687500 295084.968750 318038.906250 279077.687500
239 13.003319 279077.687500 294662.312500 318038.906250 279077.687500
240 13.063196 279077.687500 295397.250000 318038.906250 279077.687500
241 13.126322 279077.687500 295397.250000 318038.906250 279077.687500
242 13.186181 279077.687500 295397.250000 318038.906250 279077.687500
243 13.239667 279077.687500 294662.312500 318038.906250 279077.687500
244 13.297306 279077.687500 294662.312500 318038.906250 279077.687500
245 13.351138 279077.687500 294662.312500 318038.906250 279077.687500
246 13.403550 279077.687500 294662.312500 318038.906250 279077.687500
247 13.463191 279077.687500 293883.093750 318038.906250 279077.687500
248 13.511737 279077.687500 293883.093750 318038.906250 279077.687500
249 13.563129 279077.687500 293883.093750 318038.906250 279077.687500
250 13.619818 279077.687500 293883.093750 318038.906250 279077.687500
251 13.673915 279077.687500 293883.093750 318038.906250 279077.687500
252 13.737030 279077.687500 293883.093750 318038.906250 279077.687500
253 13.785319 279077.687500 293883.093750 318038.906250 279077.687500
254 13.846856 279077.687500 295055.750000 337710.125000 279077.687500
255 13.903470 279077.687500 295194.625000 318038.906250 279077.687500
256 13.969198 279077.687500 295194.625000 318038.906250 279077.687500
257 14.029671 279077.687500 295194.625000 318038.906250 279077.687500
258 14.083804 279077.687500 295194.625000 318038.906250 279077.687500
259 14.132328 279077.687500 295194.625000 318038.906250 279077.687500
260 14.183730 279077.687500 295194.625000 318038.906250 279077.687500
261 14.234168 279077.687500 295194.625000 318038.906250 279077.687500
262 14.300541 279077.687500 295194.625000 318038.906250 279077.687500
263 14.362732 279077.687500 295194.625000 318038.906250 279077.687500
264 14.416300 279077.687500 295194.625000 318038.906250 279077.687500
265 14.472445 279077.687500 295194.625000 318038.906250 279077.687500
266 14.526675 279077.687500 295194.625000 318038.906250 279077.687500
267 14.574532 279077.687500 294662.312500 318038.906250 279077.687500
268 14.635308 279077.687500 293883.093750 318038.906250 279077.687500
269 14.688756 279077.687500 293883.093750 318038.906250 279077.687500
270 14.746801 279077.687500 293883.093750 318038.906250 279077.687500
271 14.802749 279077.687500 293103.875000 318038.906250 279077.687500
272 14.853627 279077.687500 293103.875000 318038.906250 279077.687500
273 14.913095 279077.687500 293103.875000 318038.906250 279077.687500
274 14.982787 279077.687500 293103.875000 318038.906250 279077.687500
275 15.034137 279077.687500 292324.656250 318038.906250 279077.687500
276 15.083715 279077.687500 292324.656250 318038.906250 279077.687500
277 15.137235 279077.687500 292324.656250 318038.906250 279077.687500
278 15.184438 279077.687500 292324.656250 318038.906250 279077.687500
279 15.245776 279077.687500 292324.656250 318038.906250 279077.687500
280 15.293077 279077.687500 292324.656250 318038.906250 279077.687500
281 15.336638 279077.687500 292324.656250 318038.906250 279077.687500
282 15.394436 279077.687500 291545.437500 318038.906250 279077.687500
283 15.453143 279077.687500 291545.437500 318038.906250 279077.687500
284 15.521535 279077.687500 290766.218750 318038.906250 279077.687500
285 15.575999 279077.687500 290766.218750 318038.906250 279077.687500
286 15.632128 279077.687500 290766.218750 318038.906250 279077.687500
287 15.688076 279077.687500 289987.000000 318038.906250 279077.687500
288 15.750858 279077.687500 289987.000000 318038.906250 279077.687500
289 15.802684 279077.687500 289987.000000 318038.906250 279077.687500
290 15.866314 279077.687500 289987.000000 318038.906250 279077.687500
291 15.919049 279077.687500 289987.000000 318038.906250 279077.687500
292 15.972970 279077.687500 289987.000000 318038.906250 279077.687500
293 16.029528 279077.687500 289987.000000 318038.906250 279077.687500
294 16.085537 279077.687500 289987.000000 318038.906250 279077.687500
295 16.135086 279077.687500 289987.000000 318038.906250 279077.687500
296 16.186487 279077.687500 289987.000000 318038.906250 279077.687500
297 16.244759 279077.687500 289207.781250 318038.906250 279077.687500
298 16.296021 279077.687500 291676.468750 402512.656250 279077.687500
299 16.340471 279077.687500 289207.781250 318038.906250 279077.687500
300 16.397493 279077.687500 289207.781250 318038.906250 279077.687500
301 16.447208 279077.687500 289207.781250 318038.906250 279077.687500
302 16.502016 279077.687500 288428.562500 318038.906250 279077.687500
303 16.553108 279077.687500 288428.562500 318038.906250 279077.687500
304 16.605230 279077.687500 288428.562500 318038.906250 279077.687500
305 16.654980 279077.687500 287649.343750 318038.906250 279077.687500
306 16.718988 279077.687500 287649.343750 318038.906250 279077.687500
307 16.779043 279077.687500 287649.343750 318038.906250 279077.687500
308 16.829201 279077.687500 288165.375000 318038.906250 279077.687500
309 16.886604 279077.687500 288353.500000 318038.906250 279077.687500
310 16.935783 279077.687500 289159.906250 319398.125000 279077.687500
311 16.989113 279077.687500 288944.593750 318038.906250 279077.687500
312 17.051571 279077.687500 288944.593750 318038.906250 279077.687500
313 17.113708 279077.687500 288944.593750 318038.906250 279077.687500
314 17.166611 279077.687500 288428.562500 318038.906250 279077.687500
315 17.224060 279077.687500 288428.562500 318038.906250 279077.687500
316 17.277857 279077.687500 288428.562500 318038.906250 279077.687500
317 17.343527 279077.687500 288428.562500 318038.906250 279077.687500
318 17.404627 279077.687500 288428.562500 318038.906250 279077.687500
319 17.451921 279077.687500 288428.562500 318038.906250 279077.687500
320 17.502819 279077.687500 288428.562500 318038.906250 279077.687500
321 17.561749 279077.687500 288428.562500 318038.906250 279077.687500
322 17.624617 279077.687500 288428.562500 318038.906250 279077.687500
323 17.686981 279077.687500 288428.562500 318038.906250 279077.687500
324 17.743483 279077.687500 288428.562500 318038.906250 279077.687500
325 17.802328 279077.687500 287649.343750 318038.906250 279077.687500
326 17.851269 279077.687500 287649.343750 318038.906250 279077.687500
327 17.903666 279077.687500 287649.343750 318038.906250 279077.687500
328 17.959204 279077.687500 287649.343750 318038.906250 279077.687500
329 17.998316 279077.687500 287649.343750 318038.906250 279077.687500
330 18.052299 279077.687500 287649.343750 318038.906250 279077.687500
331 18.114449 279077.687500 287649.343750 318038.906250 279077.687500
332 18.160423 279077.687500 287649.343750 318038.906250 279077.687500
333 18.218748 279077.687500 286870.125000 318038.906250 279077.687500
334 18.270744 279077.687500 286870.125000 318038.906250 279077.687500
335 18.330557 279077.687500 286870.125000 318038.906250 279077.687500
336 18.383673 279077.687500 286870.125000 318038.906250 279077.687500
337 18.434959 279077.687500 286870.125000 318038.906250 279077.687500
338 18.481623 279077.687500 286870.125000 318038.906250 279077.687500
339 18.533314 279077.687500 287845.250000 327833.906250 279077.687500
340 18.587923 279077.687500 287649.343750 318038.906250 279077.687500
341 18.644236 279077.687500 286870.125000 318038.906250 279077.687500
342 18.706924 279077.687500 286870.125000 318038.906250 279077.687500
343 18.754822 279077.687500 286870.125000 318038.906250 279077.687500
344 18.810446 279077.687500 286870.125000 318038.906250 279077.687500
345 18.859343 279077.687500 286870.125000 318038.906250 279077.687500
346 18.913561 279077.687500 286870.125000 318038.906250 279077.687500
347 18.977556 279077.687500 286870.125000 318038.906250 279077.687500
348 19.033230 279077.687500 287254.593750 318038.906250 279077.687500
349 19.086975 279077.687500 290106.531250 421673.468750 279077.687500
350 19.149780 279077.687500 290664.406250 421673.468750 279077.687500
351 19.195326 279077.687500 290664.406250 421673.468750 279077.687500
352 19.253664 279077.687500 290664.406250 421673.468750 279077.687500
353 19.313833 279077.687500 290664.406250 421673.468750 279077.687500
354 19.369194 279077.687500 290664.406250 421673.468750 279077.687500
355 19.417217 279077.687500 290664.406250 421673.468750 279077.687500
356 19.465696 279077.687500 290664.406250 421673.468750 279077.687500
357 19.517580 279077.687500 290664.406250 421673.468750 279077.687500
358 19.574028 279077.687500 290664.406250 421673.468750 279077.687500
359 19.635689 279077.687500 290664.406250 421673.468750 279077.687500
360 19.683048 279077.687500 290664.406250 421673.468750 279077.687500
361 19.736778 279077.687500 290279.906250 421673.468750 279077.687500
362 19.787165 279077.687500 290279.906250 421673.468750 279077.687500
363 19.837439 279077.687500 290279.906250 421673.468750 279077.687500
364 19.892820 279077.687500 290279.906250 421673.468750 279077.687500
365 19.941233 279077.687500 290279.906250 421673.468750 279077.687500
366 20.004936 279077.687500 290279.906250 421673.468750 279077.687500
367 20.050953 279077.687500 290279.906250 421673.468750 279077.687500
368 20.108084 279077.687500 290279.906250 421673.468750 279077.687500
369 20.161980 279077.687500 290279.906250 421673.468750 279077.687500
370 20.210724 279077.687500 290279.906250 421673.468750 279077.687500
371 20.269785 279077.687500 290279.906250 421673.468750 279077.687500
372 20.326323 279077.687500 290279.906250 421673.468750 279077.687500
373 20.375921 279077.687500 290279.906250 421673.468750 279077.687500
374 20.432192 279077.687500 290279.906250 421673.468750 279077.687500
375 20.488289 279077.687500 290279.906250 421673.468750 279077.687500
376 20.548201 279077.687500 290279.906250 421673.468750 279077.687500
377 20.597799 279077.687500 290279.906250 421673.468750 279077.687500
378 20.646868 279077.687500 290279.906250 421673.468750 279077.687500
379 20.715263 279077.687500 290279.906250 421673.468750 279077.687500
380 20.769651 279077.687500 290279.906250 421673.468750 279077.687500
381 20.827061 279077.687500 289722.031250 421673.468750 279077.687500
382 20.882078 279077.687500 289722.031250 421673.468750 279077.687500
383 20.937096 279077.687500 289722.031250 421673.468750 279077.687500
384 20.991552 279077.687500 291904.093750 421673.468750 279077.687500
385 21.053152 279077.687500 289831.406250 388181.125000 279077.687500
386 21.112759 279077.687500 289831.406250 388181.125000 279077.687500
387 21.169806 279077.687500 289052.187500 388181.125000 279077.687500
388 21.228245 279077.687500 289052.187500 388181.125000 279077.687500
389 21.275192 279077.687500 288272.968750 388181.125000 279077.687500
390 21.334200 279077.687500 290128.093750 388181.125000 279077.687500
391 21.389284 279077.687500 289052.187500 388181.125000 279077.687500
392 21.439308 279077.687500 289052.187500 388181.125000 279077.687500
393 21.488464 279077.687500 288272.968750 388181.125000 279077.687500
394 21.543720 279077.687500 288272.968750 388181.125000 279077.687500
395 21.600756 279077.687500 288272.968750 388181.125000 279077.687500
396 21.645544 279077.687500 288272.968750 388181.125000 279077.687500
397 21.695982 279077.687500 287493.750000 388181.125000 279077.687500
398 21.743105 279077.687500 287493.750000 388181.125000 279077.687500
399 21.792368 279077.687500 287493.750000 388181.125000 279077.687500
400 21.844767 279077.687500 286714.531250 388181.125000 279077.687500
401 21.893875 279077.687500 286714.531250 388181.125000 279077.687500
402 21.949036 279077.687500 286714.531250 388181.125000 279077.687500
403 22.014320 279077.687500 285935.312500 388181.125000 279077.687500
404 22.068855 279077.687500 285156.093750 388181.125000 279077.687500
405 22.125412 279077.687500 285156.093750 388181.125000 279077.687500
406 22.175297 279077.687500 285156.093750 388181.125000 279077.687500
407 22.244764 279077.687500 285156.093750 388181.125000 279077.687500
408 22.299803 279077.687500 284376.875000 388181.125000 279077.687500
409 22.354380 279077.687500 284376.875000 388181.125000 279077.687500
410 22.401615 279077.687500 284376.875000 388181.125000 279077.687500
411 22.456123 279077.687500 284376.875000 388181.125000 279077.687500
412 22.516151 279077.687500 284376.875000 388181.125000 279077.687500
413 22.561468 279077.687500 283597.625000 388181.125000 279077.687500
414 22.623013 279077.687500 283597.625000 388181.125000 279077.687500
415 22.674763 279077.687500 283597.625000 388181.125000 279077.687500
416 22.726561 279077.687500 283597.625000 388181.125000 279077.687500
417 22.782019 279077.687500 283597.625000 388181.125000 279077.687500
418 22.833351 279077.687500 285912.343750 394813.125000 279077.687500
419 22.879436 279077.687500 284376.875000 388181.125000 279077.687500
420 22.929943 279077.687500 284376.875000 388181.125000 279077.687500
421 22.988316 279077.687500 284376.875000 388181.125000 279077.687500
422 23.044409 279077.687500 284376.875000 388181.125000 279077.687500
423 23.101999 279077.687500 284376.875000 388181.125000 279077.687500
424 23.158779 279077.687500 284376.875000 388181.125000 279077.687500
425 23.205076 279077.687500 287272.187500 423844.656250 279077.687500
426 23.256584 279077.687500 285156.093750 388181.125000 279077.687500
427 23.309338 279077.687500 285156.093750 388181.125000 279077.687500
428 23.366974 279077.687500 285156.093750 388181.125000 279077.687500
429 23.426399 279077.687500 285156.093750 388181.125000 279077.687500
430 23.476755 279077.687500 285156.093750 388181.125000 279077.687500
431 23.526552 279077.687500 285156.093750 388181.125000 279077.687500
432 23.577740 279077.687500 285156.093750 388181.125000 279077.687500
433 23.641060 279077.687500 284376.875000 388181.125000 279077.687500
434 23.678562 279077.687500 284376.875000 388181.125000 279077.687500
435 23.732897 279077.687500 284376.875000 388181.125000 279077.687500
436 23.789732 279077.687500 284376.875000 388181.125000 279077.687500
437 23.840193 279077.687500 284376.875000 388181.125000 279077.687500
438 23.888592 279077.687500 284376.875000 388181.125000 279077.687500
439 23.940723 279077.687500 284376.875000 388181.125000 279077.687500
440 23.996943 279077.687500 283597.625000 388181.125000 279077.687500
441 24.044392 279077.687500 283597.625000 388181.125000 279077.687500
442 24.096132 279077.687500 282818.406250 388181.125000 279077.687500
443 24.147491 279077.687500 282818.406250 388181.125000 279077.687500
444 24.195332 279077.687500 282818.406250 388181.125000 279077.687500
445 24.243019 279077.687500 282818.406250 388181.125000 279077.687500
446 24.288197 279077.687500 282818.406250 388181.125000 279077.687500
447 24.343920 279077.687500 282818.406250 388181.125000 279077.687500
448 24.399179 279077.687500 282818.406250 388181.125000 279077.687500
449 24.452204 279077.687500 282818.406250 388181.125000 279077.687500
450 24.507837 279077.687500 282818.406250 388181.125000 279077.687500
451 24.561909 279077.687500 282818.406250 388181.125000 279077.687500
452 24.620934 279077.687500 285378.031250 407057.812500 279077.687500
453 24.676172 279077.687500 282818.406250 388181.125000 279077.687500
454 24.729879 279077.687500 282818.406250 388181.125000 279077.687500
455 24.776075 279077.687500 282818.406250 388181.125000 279077.687500
456 24.825169 279077.687500 282039.187500 388181.125000 279077.687500
457 24.878172 279077.687500 282039.187500 388181.125000 279077.687500
458 24.932943 279077.687500 281259.968750 388181.125000 279077.687500
459 24.990696 279077.687500 281259.968750 388181.125000 279077.687500
460 25.051756 279077.687500 281259.968750 388181.125000 279077.687500
461 25.119289 279077.687500 283373.406250 388181.125000 279077.687500
462 25.177637 279077.687500 281970.593750 384750.312500 279077.687500
463 25.238586 279077.687500 281970.593750 384750.312500 279077.687500
464 25.292109 279077.687500 281191.375000 384750.312500 279077.687500
465 25.342916 279077.687500 279077.906250 279077.875000 279077.687500
466 25.393763 279077.687500 279077.906250 279077.875000 279077.687500
467 25.445597 279077.687500 279077.906250 279077.875000 279077.687500
468 25.499224 279077.687500 279077.906250 279077.875000 279077.687500
469 25.549311 279077.687500 279077.906250 279077.875000 279077.687500
470 25.597769 279077.687500 279077.906250 279077.875000 279077.687500
471 25.655384 279077.687500 279077.906250 279077.875000 279077.687500
472 25.716799 279077.687500 279077.906250 279077.843750 279077.687500
473 25.773628 279077.687500 279077.906250 279077.843750 279077.687500
474 25.820372 279077.687500 279077.906250 279077.843750 279077.687500
475 25.876310 279077.687500 279077.906250 279077.843750 279077.687500
476 25.924036 279077.687500 279077.906250 279077.843750 279077.687500
477 25.983662 279077.687500 279077.906250 279077.843750 279077.687500
478 26.033655 279077.687500 279077.906250 279077.843750 279077.687500
479 26.082882 279077.687500 279077.906250 279077.843750 279077.687500
480 26.139036 279077.687500 279077.906250 279077.843750 279077.687500
481 26.187943 279077.687500 279077.906250 279077.843750 279077.687500
482 26.248135 279077.687500 279077.906250 279077.843750 279077.687500
483 26.308556 279077.687500 279077.906250 279077.843750 279077.687500
484 26.354860 279077.687500 279077.906250 279077.843750 279077.687500
485 26.411676 279077.687500 279077.906250 279077.843750 279077.687500
486 26.457851 279077.687500 279077.906250 279077.843750 279077.687500
487 26.512060 279077.687500 279077.906250 279077.843750 279077.687500
488 26.571928 279077.687500 279077.906250 279077.843750 279077.687500
489 26.613173 279077.687500 279077.906250 279077.843750 279077.687500
490 26.666666 279077.687500 279077.906250 279077.843750 279077.687500
491 26.726492 279077.687500 279077.906250 279077.843750 279077.687500
492 26.780851 279077.687500 279077.906250 279077.843750 279077.687500
493 26.833588 279077.687500 279077.906250 279077.843750 279077.687500
494 26.887812 279077.687500 279077.906250 279077.843750 279077.687500
495 26.945768 279077.687500 279077.906250 279077.843750 279077.687500
496 27.001776 279077.687500 279077.906250 279077.843750 279077.687500
497 27.055136 279077.687500 279077.906250 279077.843750 279077.687500
498 27.109789 279077.687500 279077.906250 279077.843750 279077.687500
499 27.156868 279077.687500 279077.906250 279077.843750 279077.687500
500 27.210484 279077.687500 280102.250000 330294.000000 279077.687500
501 27.266172 279077.687500 280562.093750 330294.000000 279077.687500
502 27.325155 279077.687500 280562.093750 330294.000000 279077.687500
503 27.385908 279077.687500 280562.093750 330294.000000 279077.687500
504 27.449528 279077.687500 280102.250000 330294.000000 279077.687500
505 27.506702 279077.687500 279077.906250 279077.875000 279077.687500
506 27.550934 279077.687500 279077.906250 279077.875000 279077.687500
507 27.604424 279077.687500 279077.906250 279077.875000 279077.687500
508 27.657339 279077.687500 279077.906250 279077.875000 279077.687500
509 27.708488 279077.687500 279077.906250 279077.875000 279077.687500
510 27.760044 279077.687500 279077.906250 279077.875000 279077.687500
511 27.815624 279077.687500 279077.906250 279077.843750 279077.687500
512 27.869576 279077.687500 279077.906250 279077.843750 279077.687500
513 27.926472 279077.687500 279077.906250 279077.843750 279077.687500
514 27.974745 279077.687500 279077.906250 279077.843750 279077.687500
515 28.032125 279077.687500 279077.906250 279077.843750 279077.687500
516 28.084127 279077.687500 279077.906250 279077.843750 279077.687500
517 28.139551 279077.687500 282212.375000 435800.968750 279077.687500
518 28.184649 279077.687500 279077.906250 279077.875000 279077.687500
519 28.228577 279077.687500 279077.906250 279077.875000 279077.687500
520 28.282372 279077.687500 279077.906250 279077.875000 279077.687500
521 28.339386 279077.687500 279077.906250 279077.875000 279077.687500
522 28.381865 279077.687500 279077.906250 279077.875000 279077.687500
523 28.426418 279077.687500 279077.906250 279077.875000 279077.687500
524 28.483456 279077.687500 279077.906250 279077.875000 279077.687500
525 28.543941 279077.687500 279077.906250 279077.875000 279077.687500
526 28.597937 279077.687500 279077.906250 279077.875000 279077.687500
527 28.651159 279077.687500 279077.906250 279077.875000 279077.687500
528 28.699005 279077.687500 279077.906250 279077.875000 279077.687500
529 28.761272 279077.687500 283027.625000 476562.375000 279077.687500
530 28.813040 279077.687500 283027.593750 476562.375000 279077.687500
531 28.868113 279077.687500 279077.906250 279077.875000 279077.687500
532 28.934500 279077.687500 279077.906250 279077.875000 279077.687500
533 28.993744 279077.687500 279077.906250 279077.875000 279077.687500
534 29.038908 279077.687500 279077.906250 279077.843750 279077.687500
535 29.092344 279077.687500 279077.906250 279077.843750 279077.687500
536 29.139765 279077.687500 279077.906250 279077.843750 279077.687500
537 29.188469 279077.687500 279077.906250 279077.843750 279077.687500
538 29.241816 279077.687500 279077.906250 279077.843750 279077.687500
539 29.290390 279077.687500 279077.906250 279077.843750 279077.687500
540 29.347712 279077.687500 279077.906250 279077.843750 279077.687500
541 29.398083 279077.687500 279077.906250 279077.843750 279077.687500
542 29.453156 279077.687500 279077.906250 279077.843750 279077.687500
543 29.500471 279077.687500 279077.906250 279077.843750 279077.687500
544 29.555653 279077.687500 279077.906250 279077.843750 279077.687500
545 29.603096 279077.687500 279077.906250 279077.843750 279077.687500
546 29.650112 279077.687500 279077.906250 279077.843750 279077.687500
547 29.712620 279077.687500 279077.906250 279077.843750 279077.687500
548 29.769100 279077.687500 279077.906250 279077.843750 279077.687500
549 29.833080 279077.687500 279077.906250 279077.843750 279077.687500
550 29.878294 279077.687500 279077.906250 279077.843750 279077.687500
551 29.932833 279077.687500 279077.906250 279077.843750 279077.687500
552 29.992464 279077.687500 279077.906250 279077.843750 279077.687500
553 30.044121 279077.687500 279077.906250 279077.843750 279077.687500
554 30.095011 279077.687500 279077.906250 279077.843750 279077.687500
555 30.151804 279077.687500 279077.906250 279077.843750 279077.687500
556 30.206020 279077.687500 279077.906250 279077.843750 279077.687500
557 30.255718 279077.687500 279077.906250 279077.843750 279077.687500
558 30.312628 279077.687500 279077.906250 279077.843750 279077.687500
559 30.360552 279077.687500 279077.906250 279077.843750 279077.687500
560 30.409752 279077.687500 279077.906250 279077.843750 279077.687500
561 30.457880 279077.687500 279077.906250 279077.843750 279077.687500
562 30.517551 279077.687500 279077.906250 279077.843750 279077.687500
563 30.577765 279077.687500 279077.906250 279077.843750 279077.687500
564 30.631409 279077.687500 279077.906250 279077.843750 279077.687500
565 30.681543 279077.687500 279077.906250 279077.843750 279077.687500
566 30.738636 279077.687500 279077.906250 279077.843750 279077.687500
567 30.794973 279077.687500 281093.250000 379844.281250 279077.687500
568 30.853010 279077.687500 279361.968750 293280.281250 279077.687500
569 30.912821 279077.687500 279361.968750 293280.281250 279077.687500
570 30.966427 279077.687500 279361.968750 293280.281250 279077.687500
571 31.026234 279077.687500 279361.968750 293280.281250 279077.687500
572 31.084673 279077.687500 279361.968750 293280.281250 279077.687500
573 31.143373 279077.687500 279361.968750 293280.281250 279077.687500
