0 0.000000 315253.968750 328401.875000 342371.125000 315253.968750
1 0.045557 311379.406250 328401.875000 342371.125000 315253.968750
2 0.099502 307798.968750 322492.906250 337983.343750 311379.406250
3 0.146827 305362.875000 318475.500000 332091.937500 307798.968750
4 0.193223 302278.250000 315932.937500 329990.093750 305362.875000
5 0.231815 299483.375000 312614.187500 324589.000000 302278.250000
6 0.280115 297424.500000 310603.562500 321813.968750 299483.375000
7 0.323931 296467.718750 308665.125000 321734.062500 297424.500000
8 0.366439 294838.187500 306609.500000 321004.562500 296467.718750
9 0.414767 293491.406250 305091.781250 321004.562500 294838.187500
10 0.457147 292965.687500 303290.000000 315324.406250 293491.406250
11 0.499101 292531.062500 301996.687500 313464.312500 292965.687500
12 0.546920 290952.750000 300498.968750 313464.312500 292531.062500
13 0.589622 289365.875000 299214.968750 312400.625000 290952.750000
14 0.632284 286861.468750 297668.750000 307861.031250 289365.875000
15 0.676723 286117.781250 298464.625000 380501.968750 286861.468750
16 0.727691 285417.218750 299069.593750 390284.781250 286117.781250
17 0.776703 283950.312500 297090.000000 358521.093750 285417.218750
18 0.829390 283349.062500 295436.312500 333434.781250 283950.312500
19 0.876852 283349.062500 294037.312500 331591.781250 283349.062500
20 0.923899 282523.656250 293128.062500 327156.468750 283349.062500
21 0.965112 282422.343750 292297.031250 323200.656250 282523.656250
22 1.012305 282422.343750 291370.843750 321888.531250 282422.343750
23 1.055407 282422.343750 290579.750000 321888.531250 282422.343750
24 1.101878 282262.500000 289910.312500 319959.531250 282422.343750
25 1.142644 281524.468750 289238.187500 319379.843750 282262.500000
26 1.184787 281213.906250 288362.125000 312417.406250 281524.468750
27 1.226519 281213.906250 292408.687500 505790.687500 281213.906250
28 1.276290 281213.906250 294306.125000 502474.750000 281213.906250
29 1.311668 280777.937500 289481.750000 387178.968750 281213.906250
30 1.354021 280367.437500 288009.531250 356484.000000 280777.937500
31 1.400002 280367.437500 288106.968750 354690.281250 280367.437500
32 1.442285 280367.437500 286350.312500 319801.562500 280367.437500
33 1.488767 280197.343750 286116.593750 319551.343750 280367.437500
34 1.538475 279103.843750 285325.093750 300287.593750 280197.343750
35 1.583187 279055.843750 284869.093750 297623.562500 279103.843750
36 1.616811 278997.843750 284366.468750 292244.468750 279055.843750
37 1.667326 278504.781250 284097.625000 291799.781250 278997.843750
38 1.708073 278315.656250 284382.656250 325882.656250 278504.781250
39 1.753078 278315.656250 283970.875000 325782.656250 278315.656250
40 1.799850 277638.000000 283204.875000 305546.593750 278315.656250
41 1.848665 277638.000000 284208.468750 345002.281250 277638.000000
42 1.897508 277421.125000 283964.562500 345002.281250 277638.000000
43 1.944069 276927.156250 285838.531250 439394.468750 277421.125000
44 1.981430 276924.343750 285081.937500 412977.406250 276927.156250
45 2.029646 276904.031250 284685.250000 402968.406250 276924.343750
46 2.075193 276904.031250 286275.750000 402538.093750 276904.031250
47 2.118522 276904.031250 286391.781250 367814.093750 276904.031250
48 2.163819 276904.000000 286030.187500 362738.156250 276904.031250
49 2.203420 276533.375000 284708.906250 356397.625000 276904.000000
50 2.253231 276533.375000 286968.968750 400757.937500 276533.375000
51 2.296817 276493.218750 284650.031250 347874.687500 276533.375000
52 2.344099 276248.343750 284410.500000 347041.281250 276493.218750
53 2.391969 274929.718750 283922.062500 343806.875000 276248.343750
54 2.428904 274817.906250 285786.593750 340047.312500 274929.718750
55 2.476559 274817.906250 284706.750000 338049.718750 274817.906250
56 2.517172 274817.906250 286351.250000 390053.031250 274817.906250
57 2.566264 274817.906250 286055.531250 387534.843750 274817.906250
58 2.618081 274685.156250 285349.312500 371629.437500 274817.906250
59 2.665146 274685.156250 284211.093750 357113.125000 274685.156250
60 2.712408 274685.156250 282860.000000 318014.250000 274685.156250
61 2.762205 274685.156250 282704.343750 317625.187500 274685.156250
62 2.802114 274685.156250 282473.437500 313785.437500 274685.156250
63 2.849114 274573.093750 282206.343750 312200.281250 274685.156250
64 2.890402 274573.093750 281809.281250 312003.000000 274573.093750
65 2.930224 274573.093750 281571.187500 310214.718750 274573.093750
66 2.980927 274573.093750 281221.968750 308503.156250 274573.093750
67 3.026230 274573.093750 280847.968750 308423.187500 274573.093750
68 3.068413 274500.750000 280750.250000 308423.187500 274573.093750
69 3.114178 274500.750000 280596.468750 306505.843750 274500.750000
70 3.166068 274500.750000 283499.468750 426402.093750 274500.750000
71 3.214613 274500.750000 283850.593750 426402.093750 274500.750000
72 3.259114 274500.750000 282836.375000 347284.812500 274500.750000
73 3.307322 274500.750000 282558.968750 340493.250000 274500.750000
74 3.354002 274500.750000 282406.531250 340471.250000 274500.750000
75 3.395591 274500.750000 281919.687500 340471.250000 274500.750000
76 3.437293 274500.750000 280512.000000 326374.250000 274500.750000
77 3.476391 274500.750000 280346.218750 326374.250000 274500.750000
78 3.523350 274500.750000 280226.781250 325423.406250 274500.750000
79 3.564674 274500.750000 280148.187500 325423.406250 274500.750000
80 3.611167 274500.750000 282319.718750 396067.343750 274500.750000
81 3.658361 274500.750000 282080.750000 386644.468750 274500.750000
82 3.702182 274500.750000 281673.406250 377984.625000 274500.750000
83 3.748691 274500.750000 281447.031250 371479.500000 274500.750000
84 3.792621 274500.750000 281406.812500 371479.500000 274500.750000
85 3.838510 274500.750000 281319.562500 371479.500000 274500.750000
86 3.886826 274500.750000 281277.625000 371131.406250 274500.750000
87 3.927775 274500.750000 282102.406250 369413.375000 274500.750000
88 3.972164 274500.750000 281807.156250 369413.375000 274500.750000
89 4.016819 274500.750000 283261.593750 447014.093750 274500.750000
90 4.070423 274500.656250 283113.875000 446472.406250 274500.750000
91 4.116257 274500.656250 281312.593750 371389.500000 274500.656250
92 4.160441 274500.656250 281161.906250 367098.062500 274500.656250
93 4.206597 274500.656250 284584.750000 454543.500000 274500.656250
94 4.256263 274500.656250 282823.562500 383120.718750 274500.656250
95 4.299169 274500.656250 281852.250000 378622.812500 274500.656250
96 4.349544 274500.656250 280390.843750 378133.125000 274500.656250
97 4.390137 274500.656250 280351.187500 377578.625000 274500.656250
98 4.435335 274500.656250 280789.906250 377578.625000 274500.750000
99 4.478801 274500.656250 280236.468750 350528.687500 274500.750000
100 4.520113 274500.656250 280221.687500 350528.687500 274500.750000
101 4.563499 274500.656250 282126.625000 340637.656250 274500.750000
102 4.611090 274500.656250 287061.937500 438120.000000 274500.750000
103 4.658726 274500.656250 288232.687500 429721.625000 274500.750000
104 4.706927 274500.656250 286427.031250 392385.593750 274500.750000
105 4.753831 274500.656250 287385.406250 411235.187500 274500.750000
106 4.806108 274500.656250 286300.875000 394338.343750 274500.750000
107 4.844530 274500.656250 285409.125000 373290.437500 274500.750000
108 4.891185 274500.656250 288144.812500 371748.937500 274500.750000
109 4.938182 274500.656250 288242.750000 390043.968750 274500.750000
110 4.978715 274500.656250 288043.031250 385146.218750 274500.750000
111 5.024296 274500.656250 289280.593750 395222.406250 274500.750000
112 5.072586 274500.656250 288107.750000 388463.093750 274500.750000
113 5.118137 274500.656250 285482.000000 366780.781250 274500.750000
114 5.157614 274500.656250 284216.250000 347731.062500 274500.750000
115 5.202336 274500.656250 283405.906250 336657.937500 274500.750000
116 5.243027 274500.656250 283048.843750 334571.187500 274500.750000
117 5.288781 274500.656250 282794.406250 334571.187500 274500.750000
118 5.335230 274500.656250 282524.812500 334571.187500 274500.750000
119 5.378022 274500.656250 281299.625000 313620.312500 274500.656250
120 5.425655 274500.656250 282984.906250 373890.718750 274500.656250
121 5.468736 274500.656250 281730.656250 316075.625000 274500.656250
122 5.513357 274500.656250 281063.250000 306801.781250 274500.656250
123 5.553576 274500.656250 282419.375000 355997.625000 274500.656250
124 5.594363 274500.656250 282210.218750 355997.625000 274500.656250
125 5.640699 274500.656250 283263.812500 329663.250000 274500.656250
126 5.686972 274500.656250 282151.937500 320923.281250 274500.656250
127 5.728865 274500.656250 281620.750000 307398.562500 274500.656250
128 5.773814 274500.656250 282935.125000 361122.250000 274500.656250
129 5.818041 274500.656250 282288.500000 361122.250000 274500.656250
130 5.861699 274500.656250 282016.593750 362978.156250 274500.656250
131 5.907016 274500.656250 282421.500000 356204.093750 274500.656250
132 5.958056 274500.656250 282073.375000 346207.031250 274500.656250
133 5.999608 274500.656250 281643.031250 339994.218750 274500.656250
134 6.038016 274500.656250 283476.562500 389127.500000 274500.656250
135 6.081228 274500.656250 281641.531250 327366.906250 274500.656250
136 6.120742 274500.656250 283706.312500 398159.187500 274500.656250
137 6.172440 274500.656250 283610.593750 398159.187500 274500.656250
138 6.214935 274500.656250 283146.781250 385971.562500 274500.656250
139 6.254622 274500.656250 285387.468750 412759.031250 274500.656250
140 6.299726 274500.656250 282570.406250 381002.968750 274500.656250
141 6.346031 274500.656250 283349.625000 373616.718750 274500.656250
142 6.398196 274500.656250 282980.375000 373616.718750 274500.656250
143 6.445718 274500.656250 282093.000000 371572.968750 274500.656250
144 6.487080 274500.656250 280837.406250 376590.250000 274500.656250
145 6.535987 274500.656250 283717.625000 445827.906250 274500.656250
146 6.573855 274500.656250 280217.593750 359768.125000 274500.656250
147 6.622633 274500.656250 283634.125000 367363.750000 274500.750000
148 6.668030 274500.656250 283361.562500 366914.500000 274500.750000
149 6.714313 274500.656250 283254.031250 366914.500000 274500.750000
150 6.765972 274500.656250 284872.187500 369761.656250 274500.750000
151 6.815084 274500.656250 288267.468750 393873.375000 274500.750000
152 6.861589 274500.656250 287163.593750 381098.937500 274500.750000
153 6.904933 274500.656250 285648.031250 376173.093750 274500.750000
154 6.950695 274500.656250 285359.281250 370344.656250 274500.750000
155 6.992780 274500.656250 285326.500000 369313.218750 274500.750000
156 7.039501 274500.656250 284354.437500 358434.218750 274500.750000
157 7.085969 274500.656250 284884.718750 347277.468750 274500.750000
158 7.134023 274500.656250 283888.531250 339696.062500 274500.750000
159 7.184893 274500.656250 286173.718750 427010.875000 274500.750000
160 7.234991 274500.656250 284822.562500 422967.093750 274500.750000
161 7.277844 274500.656250 284521.468750 421823.125000 274500.750000
162 7.320142 274500.656250 284459.500000 421823.125000 274500.718750
163 7.365566 274500.656250 284324.375000 419933.718750 274500.718750
164 7.411230 274500.656250 284246.187500 419933.718750 274500.718750
165 7.452443 274500.656250 284243.281250 369523.312500 274500.718750
166 7.494268 274500.656250 282631.375000 325993.281250 274500.718750
167 7.541758 274500.656250 282679.375000 325837.531250 274500.718750
168 7.586447 274500.656250 281938.468750 324360.812500 274500.718750
169 7.633559 274500.656250 281165.968750 324360.812500 274500.718750
170 7.685271 274500.656250 281094.781250 324360.812500 274500.718750
171 7.731521 274500.656250 280603.750000 324360.812500 274500.718750
172 7.782006 274500.656250 279536.250000 302844.593750 274500.718750
173 7.828646 274500.656250 279282.468750 297717.437500 274500.718750
174 7.876604 274500.656250 279155.875000 297387.968750 274500.718750
175 7.920608 274500.656250 279033.531250 295950.687500 274500.718750
176 7.969223 274500.656250 278919.843750 294564.125000 274500.687500
177 8.015490 274500.656250 278520.187500 292433.781250 274500.656250
178 8.067336 274500.656250 279106.187500 309681.500000 274500.656250
179 8.115578 274500.656250 278718.843750 302707.968750 274500.656250
180 8.161641 274500.656250 278189.093750 286768.062500 274500.656250
181 8.195035 274500.656250 278083.156250 282965.781250 274500.656250
182 8.238397 274500.656250 278016.968750 282830.843750 274500.656250
183 8.279617 274500.656250 278827.406250 315799.687500 274500.656250
184 8.332548 274500.656250 278767.843750 313542.281250 274500.656250
185 8.379247 274500.656250 278558.562500 303906.625000 274500.656250
186 8.421864 274500.656250 282915.531250 426772.406250 274500.656250
187 8.468141 274500.656250 282665.531250 417692.312500 274500.656250
188 8.511140 274500.656250 281540.187500 365840.343750 274500.656250
189 8.552087 274500.656250 283906.375000 408928.218750 274500.656250
190 8.596848 274500.656250 283424.062500 405726.968750 274500.656250
191 8.643516 274500.656250 281193.375000 335835.562500 274500.656250
192 8.696481 274500.656250 280100.718750 335835.562500 274500.656250
193 8.746342 274500.656250 281379.750000 342571.250000 274500.656250
194 8.789046 274500.656250 282772.781250 362047.500000 274500.656250
195 8.835638 274500.656250 283135.468750 341593.156250 274500.656250
196 8.877603 274500.656250 280911.968750 322699.968750 274500.656250
197 8.921939 274500.656250 280754.156250 320517.218750 274500.656250
198 8.966291 274500.656250 280494.062500 320517.218750 274500.656250
199 9.015446 274500.656250 280071.437500 316353.812500 274500.656250
200 9.066133 274500.656250 279654.093750 315769.000000 274500.656250
201 9.109825 274500.656250 279499.312500 315607.093750 274500.656250
202 9.152454 274500.656250 279337.968750 315607.093750 274500.656250
203 9.201800 274500.656250 278570.875000 298518.281250 274500.656250
204 9.242813 274500.656250 278190.187500 279482.906250 274500.656250
205 9.282961 274500.656250 278190.187500 279482.906250 274500.656250
206 9.319171 274500.656250 278126.656250 279482.906250 274500.656250
207 9.358529 274500.656250 278056.875000 279482.906250 274500.656250
208 9.400346 274500.656250 279285.156250 340896.937500 274500.656250
209 9.452260 274500.656250 279285.125000 340896.937500 274500.656250
210 9.497595 274500.656250 279267.062500 339992.531250 274500.656250
211 9.537878 274500.656250 279203.593750 339992.531250 274500.656250
212 9.581183 274500.656250 279086.031250 334114.750000 274500.656250
213 9.632363 274500.656250 280870.625000 364048.531250 274500.656250
214 9.673299 274500.656250 283076.750000 404386.875000 274500.656250
215 9.711196 274500.656250 282038.781250 388884.875000 274500.656250
216 9.755079 274500.656250 281369.218750 388884.875000 274500.656250
217 9.806937 274500.656250 281227.968750 386459.343750 274500.656250
218 9.853248 274500.656250 280643.687500 360421.125000 274500.656250
219 9.897163 274500.656250 280297.062500 349645.531250 274500.656250
220 9.938180 274500.656250 280151.906250 343558.062500 274500.656250
221 9.987710 274500.656250 280726.125000 340205.343750 274500.656250
222 10.031409 274500.656250 281921.406250 346417.500000 274500.656250
223 10.074747 274500.656250 281699.125000 346417.500000 274500.656250
224 10.115711 274500.656250 281015.093750 333329.187500 274500.656250
225 10.154503 274500.656250 281012.187500 333329.187500 274500.656250
226 10.200529 274500.656250 280837.937500 332446.468750 274500.656250
227 10.248655 274500.656250 279753.031250 315381.468750 274500.656250
228 10.291533 274500.656250 279621.812500 314784.312500 274500.656250
229 10.329733 274500.656250 280293.375000 315682.906250 274500.656250
230 10.376280 274500.656250 286594.562500 416979.593750 274500.656250
231 10.424562 274500.656250 285696.000000 416979.593750 274500.656250
232 10.471762 274500.656250 284970.156250 399190.968750 274500.656250
233 10.514383 274500.656250 283540.468750 373214.343750 274500.656250
234 10.563691 274500.656250 281428.593750 372882.156250 274500.656250
235 10.610768 274500.656250 281092.500000 369537.031250 274500.656250
236 10.653916 274500.656250 280649.625000 366907.375000 274500.656250
237 10.703640 274500.656250 280382.875000 364090.312500 274500.656250
238 10.754116 274500.656250 281484.250000 363432.125000 274500.656250
239 10.803240 274500.656250 281926.437500 362910.781250 274500.656250
240 10.848464 274500.656250 280235.718750 316357.593750 274500.656250
241 10.899655 274500.656250 279571.218750 304488.656250 274500.656250
242 10.941225 274500.656250 279435.250000 304259.906250 274500.656250
243 10.985486 274500.656250 278823.093750 295553.250000 274500.656250
244 11.030271 274500.656250 278698.125000 295553.250000 274500.656250
245 11.072314 274500.656250 278533.875000 295553.250000 274500.656250
246 11.120667 274500.656250 283981.812500 426977.656250 274500.656250
247 11.163039 274500.656250 282779.343750 417821.937500 274500.656250
248 11.203144 274500.656250 285334.406250 491253.968750 274500.656250
249 11.244367 274500.656250 286393.375000 486371.906250 274500.656250
250 11.286267 274500.656250 285030.468750 433528.187500 274500.656250
251 11.330279 274500.656250 286544.656250 431758.187500 274500.656250
252 11.368464 274500.656250 285522.031250 426508.687500 274500.656250
253 11.416164 274500.656250 285063.718750 423990.281250 274500.656250
254 11.457445 274500.656250 285374.687500 407222.687500 274500.656250
255 11.502437 274500.656250 284486.625000 395574.843750 274500.656250
256 11.545752 274500.656250 283559.812500 395091.531250 274500.656250
257 11.593805 274500.656250 282587.593750 394809.937500 274500.656250
258 11.634332 274500.656250 281715.562500 393324.375000 274500.656250
259 11.677483 274500.656250 279630.687500 311738.250000 274500.656250
260 11.718915 274500.656250 279294.468750 311677.843750 274500.656250
261 11.763557 274500.656250 281816.718750 441333.468750 274500.656250
262 11.810300 274500.656250 281371.968750 433287.562500 274500.656250
263 11.855117 274500.656250 280451.968750 389327.062500 274500.656250
264 11.901732 274500.656250 278199.875000 305163.281250 274500.656250
265 11.944297 274500.656250 278186.406250 305157.593750 274500.656250
266 11.996912 274500.656250 278139.468750 305157.593750 274500.656250
267 12.042534 274500.656250 278395.437500 305155.062500 274500.656250
268 12.086937 274500.656250 279878.968750 353284.843750 274500.656250
269 12.133012 274500.656250 279518.875000 345428.718750 274500.656250
270 12.174130 274500.656250 279018.875000 324557.937500 274500.656250
271 12.222303 274500.656250 279005.093750 324557.937500 274500.656250
272 12.267244 274500.656250 278923.843750 324557.937500 274500.656250
273 12.316896 274500.656250 278758.156250 317558.187500 274500.656250
274 12.362547 274500.625000 280202.687500 347609.218750 274500.656250
275 12.402734 274500.625000 280010.187500 331285.625000 274500.625000
276 12.448001 274500.625000 279168.093750 317100.250000 274500.625000
277 12.492273 274500.625000 279060.531250 315909.656250 274500.625000
278 12.539181 274500.625000 278872.250000 312980.375000 274500.625000
279 12.581785 274500.625000 278494.500000 307921.250000 274500.625000
280 12.624569 274500.625000 277998.281250 305558.468750 274500.625000
281 12.673051 274500.625000 278540.531250 313819.468750 274500.625000
282 12.719666 274500.625000 277948.187500 309294.718750 274500.625000
283 12.765047 274500.625000 277832.312500 306729.593750 274500.625000
284 12.806751 274500.625000 277821.437500 306729.593750 274500.625000
285 12.849901 274500.625000 278277.750000 312215.000000 274500.625000
286 12.894682 274500.625000 280814.968750 438414.656250 274500.625000
287 12.934363 274500.625000 280956.406250 435898.718750 274500.625000
288 12.978287 274500.625000 281364.625000 425562.312500 274500.625000
289 13.031554 274500.625000 284245.875000 425527.375000 274500.625000
290 13.077266 274500.625000 282232.156250 424318.718750 274500.625000
291 13.127755 274500.625000 281697.375000 424318.718750 274500.625000
292 13.174780 274500.625000 282264.468750 421627.625000 274500.625000
293 13.220431 274500.625000 283481.812500 390947.781250 274500.625000
294 13.264481 274500.625000 284695.656250 389884.093750 274500.625000
295 13.302258 274500.625000 284541.281250 389744.093750 274500.625000
296 13.338910 274500.625000 286517.468750 389390.781250 274500.625000
297 13.386478 274500.625000 285720.625000 384468.718750 274500.625000
298 13.424900 274500.625000 289105.812500 479769.343750 274500.625000
299 13.470130 274500.625000 288568.375000 477547.656250 274500.625000
300 13.513892 274500.625000 286775.687500 395927.500000 274500.625000
301 13.554102 274500.625000 285228.312500 378706.093750 274500.625000
302 13.602365 274500.625000 283783.312500 377965.375000 274500.625000
303 13.646140 274500.625000 282582.593750 356549.500000 274500.625000
304 13.687513 274500.625000 282438.656250 355442.031250 274500.625000
305 13.732783 274500.625000 282299.125000 353308.406250 274500.625000
306 13.780075 274500.625000 284100.156250 404937.156250 274500.625000
307 13.829130 274500.625000 283093.625000 381516.218750 274500.625000
308 13.878906 274500.625000 281819.906250 357901.125000 274500.625000
309 13.925117 274500.625000 280176.000000 340796.750000 274500.625000
310 13.973003 274500.625000 281382.843750 401933.062500 274500.625000
311 14.016511 274500.625000 281340.687500 401933.062500 274500.625000
312 14.059677 274500.625000 280927.031250 401933.062500 274500.625000
313 14.106967 274500.625000 280875.968750 401933.062500 274500.625000
314 14.143803 274500.625000 280647.437500 401933.062500 274500.625000
315 14.185424 274500.625000 280567.687500 401933.062500 274500.625000
316 14.230720 274500.625000 284491.312500 419979.125000 274500.625000
317 14.273321 274500.625000 281638.000000 389327.312500 274500.625000
318 14.322150 274500.625000 281286.750000 380323.843750 274500.625000
319 14.369339 274500.625000 280330.968750 367728.625000 274500.625000
320 14.418283 274500.625000 282129.625000 397125.656250 274500.625000
321 14.457966 274500.625000 281339.312500 385530.812500 274500.625000
322 14.507126 274500.625000 280402.906250 369582.343750 274500.625000
323 14.551487 274500.625000 280092.750000 363690.531250 274500.625000
324 14.599716 274500.625000 279216.031250 341188.937500 274500.625000
325 14.651057 274500.625000 278939.375000 340089.125000 274500.625000
326 14.697387 274500.625000 277993.718750 338603.968750 274500.625000
327 14.744759 274500.625000 280684.562500 444554.843750 274500.625000
328 14.800934 274500.625000 280460.312500 436442.187500 274500.625000
329 14.845045 274500.625000 282233.187500 434691.437500 274500.625000
330 14.885048 274500.625000 281622.000000 432405.625000 274500.625000
331 14.934243 274500.625000 281322.375000 426211.187500 274500.625000
332 14.977273 274500.625000 285685.562500 473271.093750 274500.625000
333 15.028584 274500.625000 283519.031250 424657.531250 274500.625000
334 15.063784 274500.625000 285720.750000 419117.968750 274500.625000
335 15.109140 274500.625000 282299.187500 412765.062500 274500.625000
336 15.153644 274500.625000 281291.062500 384473.937500 274500.625000
337 15.194304 274500.625000 281260.375000 383193.187500 274500.625000
338 15.238594 274500.625000 278516.406250 335655.343750 274500.625000
339 15.285756 274500.625000 278867.468750 335655.343750 274500.625000
340 15.328627 274483.937500 278788.750000 333164.156250 274500.625000
341 15.370576 274483.937500 278663.000000 332314.812500 274483.937500
342 15.413467 274483.937500 280821.031250 386009.718750 274483.937500
343 15.457811 274483.937500 281584.468750 378337.906250 274483.937500
344 15.503530 274483.937500 284278.218750 433755.093750 274483.937500
345 15.551198 274483.937500 282564.250000 388312.750000 274483.937500
346 15.597869 274483.937500 283466.093750 441116.718750 274483.937500
347 15.643987 274483.937500 282860.812500 420654.562500 274483.937500
348 15.684426 274483.937500 282343.968750 409463.500000 274483.937500
349 15.731539 274483.937500 281249.718750 380065.718750 274483.937500
350 15.775424 274483.937500 281409.625000 417489.593750 274483.937500
351 15.818064 274483.937500 280057.875000 359254.656250 274483.937500
352 15.868399 274483.937500 281391.875000 384103.031250 274483.937500
353 15.912117 274483.937500 282092.093750 363343.593750 274483.937500
354 15.966809 274483.937500 283881.125000 479480.656250 274483.937500
355 16.017147 274483.937500 280312.906250 340420.156250 274483.937500
356 16.062361 274483.937500 279569.968750 335307.468750 274483.937500
357 16.105331 274483.937500 279619.187500 344031.343750 274483.937500
358 16.152790 274483.937500 279148.468750 340512.031250 274483.937500
359 16.197229 274483.937500 281557.937500 366450.562500 274483.937500
360 16.245489 274483.937500 281493.656250 352236.937500 274483.937500
361 16.288921 274483.937500 281374.031250 346563.843750 274483.937500
362 16.337002 274483.937500 280816.937500 344702.281250 274483.937500
363 16.378063 274483.937500 279751.000000 344702.281250 274483.937500
364 16.420567 274483.937500 282754.875000 435500.437500 274483.937500
365 16.463362 274483.937500 281489.531250 425180.812500 274483.937500
366 16.514977 274483.937500 278117.468750 337201.250000 274483.937500
367 16.564053 274483.937500 278063.906250 335440.531250 274483.937500
368 16.607515 274483.937500 280658.218750 440641.500000 274483.937500
369 16.658880 274483.937500 277480.656250 325841.750000 274483.937500
370 16.706442 274483.937500 277901.531250 325841.750000 274483.937500
371 16.750202 274483.937500 277040.000000 310369.093750 274483.937500
372 16.798029 274483.937500 277123.312500 309565.312500 274483.937500
373 16.845490 274483.937500 278505.750000 338064.375000 274483.937500
374 16.892920 274483.937500 276895.500000 327409.843750 274483.937500
375 16.941240 274483.906250 276739.750000 327409.843750 274483.937500
376 16.979902 274483.906250 275975.437500 318686.187500 274483.906250
377 17.027302 274483.906250 277219.125000 337093.000000 274483.906250
378 17.069181 274483.906250 277893.375000 326498.437500 274483.906250
379 17.118448 274483.906250 276580.375000 318700.281250 274483.906250
380 17.164864 274483.906250 276542.562500 318261.187500 274483.906250
381 17.206612 274483.906250 276489.406250 318261.187500 274483.906250
382 17.251207 274483.906250 275340.406250 300502.968750 274483.906250
383 17.299868 274483.906250 275270.250000 300502.968750 274483.906250
384 17.346115 274483.906250 275270.250000 300502.968750 274483.906250
385 17.393223 274483.906250 277574.062500 371406.812500 274483.937500
386 17.435223 274483.906250 276713.000000 336064.343750 274483.937500
387 17.479204 274483.906250 275077.343750 293307.968750 274483.937500
388 17.528324 274483.906250 275059.281250 293307.968750 274483.937500
389 17.570856 274483.906250 277347.218750 398702.468750 274483.937500
390 17.622240 274483.906250 274861.656250 292621.625000 274483.937500
391 17.670225 274483.906250 274499.250000 274500.906250 274483.937500
392 17.712549 274483.906250 276033.593750 313047.968750 274483.937500
393 17.757254 274483.906250 277707.562500 319822.718750 274483.937500
394 17.800953 274483.906250 276004.156250 313047.968750 274483.937500
395 17.839500 274483.906250 277863.093750 355767.718750 274483.937500
396 17.888168 274483.906250 277596.468750 347699.437500 274483.937500
397 17.932850 274483.906250 276948.968750 324142.562500 274483.937500
398 17.980972 274483.906250 275592.875000 301109.781250 274483.937500
399 18.028152 274483.906250 277322.093750 363426.406250 274483.906250
400 18.075184 274483.906250 276327.406250 340228.312500 274483.906250
401 18.116156 274483.906250 276229.562500 335621.937500 274483.906250
402 18.159231 274483.906250 278786.343750 463461.406250 274483.906250
403 18.203732 274483.906250 275007.125000 299896.343750 274483.906250
404 18.247871 274483.906250 275007.125000 299896.343750 274483.906250
405 18.291813 274483.906250 274824.250000 290751.781250 274483.906250
406 18.331535 274483.906250 274704.687500 284774.906250 274483.906250
407 18.373608 274483.875000 274499.218750 274501.031250 274483.906250
408 18.414415 274483.875000 274499.218750 274501.031250 274483.875000
409 18.461901 274483.875000 274843.812500 291730.437500 274483.875000
410 18.509720 274483.875000 274843.468750 291730.437500 274483.875000
411 18.560707 274483.875000 276349.562500 349806.343750 274483.875000
412 18.602625 274483.875000 276276.406250 346148.406250 274483.875000
413 18.640512 274483.875000 276275.187500 346088.187500 274483.875000
414 18.686899 274483.875000 275993.125000 345164.781250 274483.875000
415 18.732918 274483.875000 274579.843750 278566.343750 274483.875000
416 18.782564 274483.875000 274579.843750 278566.343750 274483.875000
417 18.827332 274483.875000 277009.125000 400031.062500 274483.875000
418 18.876411 274483.875000 276722.562500 385701.687500 274483.875000
419 18.925924 274483.875000 274970.437500 298078.968750 274483.875000
420 18.975325 274483.875000 274862.750000 292693.812500 274483.875000
421 19.023731 274483.875000 278094.687500 358516.156250 274483.875000
422 19.069395 274483.875000 275804.875000 313380.187500 274483.875000
423 19.112091 274483.875000 275027.281250 292280.531250 274483.875000
424 19.156036 274483.875000 274671.687500 283140.468750 274483.875000
425 19.200788 274483.875000 274711.687500 283140.468750 274483.875000
426 19.248034 274483.875000 274538.906250 276502.593750 274483.875000
427 19.298586 274483.875000 277139.625000 406537.906250 274483.875000
428 19.343994 274483.875000 277607.656250 404304.687500 274483.875000
429 19.391068 274483.875000 277560.062500 368292.968750 274483.875000
430 19.436836 274483.875000 275684.218750 308149.906250 274483.875000
431 19.480791 274483.875000 275693.937500 334270.687500 274483.875000
432 19.527971 274483.875000 281531.187500 436403.937500 274483.875000
433 19.569401 274483.875000 279141.343750 424597.406250 274483.875000
434 19.615496 274483.875000 279011.468750 419122.156250 274483.875000
435 19.658846 274483.875000 276077.062500 353425.562500 274483.875000
436 19.704916 274483.875000 276077.062500 353425.562500 274483.875000
437 19.746944 274483.875000 278127.125000 377037.281250 274483.875000
438 19.790924 274483.875000 277976.218750 369491.406250 274483.875000
439 19.836311 274483.875000 275580.156250 328581.437500 274483.875000
440 19.884169 274483.875000 278221.125000 412685.500000 274483.875000
441 19.932760 274483.875000 277620.875000 382671.562500 274483.875000
442 19.977381 274483.843750 279780.500000 396456.968750 274483.875000
443 20.021540 274483.843750 279665.437500 379647.156250 274483.843750
444 20.073683 274483.843750 277714.875000 374576.156250 274483.843750
445 20.117992 274483.843750 275702.812500 306783.093750 274483.843750
446 20.156652 274483.843750 275702.812500 306783.093750 274483.843750
447 20.203835 274483.843750 277073.812500 351764.062500 274483.843750
448 20.246796 274483.843750 275437.406250 302536.875000 274483.843750
449 20.288530 274483.781250 277854.531250 395340.656250 274483.843750
450 20.333668 274483.781250 275404.093750 301959.218750 274483.781250
451 20.383612 274483.781250 279926.718750 401967.343750 274483.781250
452 20.434719 274483.781250 277105.593750 387033.531250 274483.781250
453 20.484959 274483.781250 278301.468750 386652.218750 274483.781250
454 20.531401 274483.781250 278271.750000 386652.218750 274483.781250
455 20.573168 274483.781250 277322.812500 363078.187500 274483.781250
456 20.619278 274483.781250 276605.968750 328898.031250 274483.781250
457 20.659275 274483.781250 279875.406250 488945.156250 274483.781250
458 20.710709 274483.781250 274498.562500 274500.968750 274483.781250
459 20.753012 274483.781250 274498.562500 274500.968750 274483.781250
460 20.800312 274483.781250 275463.250000 322736.687500 274483.781250
461 20.853764 274483.781250 274498.562500 274500.968750 274483.781250
462 20.899054 274483.781250 277217.093750 379035.968750 274483.843750
463 20.947811 274483.781250 274498.906250 274500.968750 274483.843750
464 20.998121 274483.781250 274498.906250 274500.968750 274483.843750
465 21.041603 274483.781250 274498.906250 274500.968750 274483.843750
466 21.082399 274483.781250 276266.812500 362897.406250 274483.843750
467 21.127348 274483.781250 274498.906250 274500.875000 274483.843750
468 21.172472 274483.781250 274498.906250 274500.875000 274483.843750
469 21.212660 274483.781250 274498.906250 274500.875000 274483.843750
470 21.251066 274483.781250 274498.562500 274500.875000 274483.843750
471 21.296539 274483.781250 275474.312500 323271.937500 274483.843750
472 21.343159 274483.781250 275194.406250 309275.562500 274483.843750
473 21.389759 274483.781250 274498.906250 274500.875000 274483.843750
474 21.437244 274483.781250 275626.031250 330858.062500 274483.843750
475 21.483732 274483.781250 278052.406250 395880.437500 274483.843750
476 21.529522 274483.781250 278906.125000 377887.656250 274483.843750
477 21.571012 274483.781250 278832.562500 364024.687500 274483.843750
478 21.618168 274483.781250 274730.218750 286034.000000 274483.843750
479 21.671850 274483.781250 274648.906250 281968.218750 274483.843750
480 21.718723 274483.781250 275669.093750 326780.562500 274483.843750
481 21.769564 274483.781250 274623.468750 280697.156250 274483.843750
482 21.815756 274483.781250 274623.468750 280697.156250 274483.843750
483 21.862017 274483.781250 274499.562500 274500.937500 274483.843750
484 21.908764 274483.781250 274499.562500 274500.906250 274483.843750
485 21.954321 274483.781250 274499.562500 274500.906250 274483.843750
486 22.000347 274483.781250 276974.843750 398264.781250 274483.843750
487 22.043842 274483.781250 277263.468750 385094.218750 274483.843750
488 22.083748 274483.781250 275532.968750 302086.625000 274483.843750
489 22.122919 274483.781250 274499.906250 274500.937500 274483.843750
490 22.165243 274483.781250 274621.312500 280554.937500 274483.843750
491 22.213945 274483.781250 274620.968750 280554.937500 274483.843750
492 22.266129 274483.781250 274524.375000 275724.343750 274483.843750
493 22.310469 274483.781250 274524.375000 275724.343750 274483.843750
494 22.357626 274483.781250 278581.343750 401882.375000 274483.843750
495 22.398561 274483.781250 279499.750000 420322.656250 274483.843750
496 22.439600 274483.781250 274524.687500 275724.343750 274483.843750
497 22.481195 274483.781250 274524.687500 275724.343750 274483.843750
498 22.534100 274483.781250 274524.687500 275724.343750 274483.843750
499 22.575571 274483.781250 274500.218750 274500.875000 274483.843750
500 22.620722 274483.781250 275771.375000 338059.000000 274483.843750
501 22.664486 274483.781250 276502.687500 331151.562500 274483.843750
502 22.710581 274483.781250 275628.093750 330894.062500 274483.843750
503 22.754744 274483.781250 275566.968750 327839.062500 274483.843750
504 22.804188 274483.781250 275553.187500 327166.000000 274483.843750
505 22.849688 274483.781250 274499.906250 274500.843750 274483.843750
506 22.897903 274483.781250 274499.906250 274500.843750 274483.843750
507 22.945114 274483.781250 274499.906250 274500.843750 274483.843750
508 22.993879 274483.781250 277765.187500 437764.968750 274483.843750
509 23.043062 274483.781250 274499.906250 274500.843750 274483.843750
510 23.090977 274483.781250 274499.906250 274500.843750 274483.843750
511 23.131971 274483.781250 274886.187500 293815.593750 274483.843750
512 23.176737 274483.781250 274886.187500 293815.593750 274483.843750
513 23.219580 274483.781250 274886.187500 293815.593750 274483.843750
514 23.256132 274483.781250 277689.125000 414664.718750 274483.843750
515 23.297249 274483.781250 277568.750000 408645.750000 274483.843750
516 23.346067 274483.781250 274885.875000 293815.593750 274483.843750
517 23.393021 274483.781250 274885.531250 293815.593750 274483.843750
518 23.438929 274483.781250 277669.593750 413686.187500 274483.843750
519 23.481293 274483.781250 277009.875000 380702.125000 274483.843750
520 23.530592 274483.781250 277410.531250 400733.812500 274483.843750
521 23.578547 274483.781250 281539.312500 400733.812500 274483.843750
522 23.621300 274483.781250 281047.531250 398594.125000 274483.843750
523 23.669727 274483.781250 275405.250000 300486.968750 274483.843750
524 23.716436 274483.781250 274499.250000 274501.031250 274483.843750
525 23.760893 274483.781250 277956.875000 447383.156250 274483.843750
526 23.815256 274483.781250 277487.281250 423902.500000 274483.843750
527 23.861498 274483.781250 275485.312500 323804.562500 274483.843750
528 23.906530 274483.781250 274499.250000 274500.937500 274483.843750
529 23.946257 274483.781250 274755.843750 287331.250000 274483.843750
530 23.995781 274483.781250 276399.093750 369494.437500 274483.843750
531 24.040028 274483.781250 275828.843750 340981.718750 274483.843750
532 24.088881 274483.781250 276830.218750 340981.718750 274483.843750
533 24.130671 274483.781250 277098.187500 340981.718750 274483.843750
534 24.176453 274483.781250 279627.750000 400978.656250 274483.843750
535 24.221672 274483.781250 279171.406250 341512.218750 274483.843750
536 24.267130 274483.781250 277745.125000 337443.562500 274483.843750
537 24.320148 274483.781250 276194.875000 320200.156250 274483.843750
538 24.365284 274483.781250 276149.250000 319572.468750 274483.843750
539 24.410959 274483.781250 276059.062500 318163.281250 274483.843750
540 24.453844 274483.781250 279634.031250 453250.625000 274483.843750
541 24.505659 274483.781250 277759.125000 403886.687500 274483.843750
542 24.553490 274483.781250 274499.187500 274500.875000 274483.843750
543 24.594131 274483.781250 274499.187500 274500.875000 274483.843750
544 24.641415 274483.781250 274499.187500 274500.875000 274483.843750
545 24.690359 274483.781250 274499.187500 274500.875000 274483.843750
546 24.735319 274483.781250 274499.156250 274500.875000 274483.843750
547 24.782633 274483.781250 274499.156250 274500.843750 274483.843750
548 24.823812 274483.781250 274499.156250 274500.843750 274483.843750
549 24.866117 274483.781250 274499.156250 274500.843750 274483.843750
550 24.914852 274483.781250 274499.125000 274500.843750 274483.843750
551 24.957386 274483.781250 274499.125000 274500.843750 274483.843750
552 25.007072 274483.781250 276594.093750 328776.406250 274483.843750
553 25.056875 274483.781250 276167.875000 319832.031250 274483.843750
554 25.097820 274483.781250 278659.812500 415448.312500 274483.843750
555 25.150101 274483.781250 278168.218750 391455.531250 274483.843750
556 25.195099 274483.781250 275817.781250 311213.031250 274483.843750
557 25.235228 274483.781250 276696.531250 357013.062500 274483.843750
558 25.283096 274483.781250 276340.593750 339217.500000 274483.843750
559 25.326971 274483.781250 275620.687500 301874.031250 274483.843750
560 25.374268 274483.781250 275278.562500 301446.187500 274483.843750
561 25.423079 274483.781250 275037.718750 301446.187500 274483.843750
562 25.467892 274483.781250 274498.812500 274500.875000 274483.843750
563 25.507982 274483.781250 274498.812500 274500.875000 274483.843750
564 25.559076 274483.781250 278147.906250 456956.125000 274483.843750
565 25.600210 274483.781250 278129.625000 456041.843750 274483.843750
566 25.644144 274483.781250 276628.906250 381006.000000 274483.843750
567 25.686832 274483.781250 274498.812500 274500.843750 274483.843750
568 25.732302 274483.781250 278457.281250 472424.468750 274483.812500
569 25.771435 274483.781250 278171.625000 458140.906250 274483.812500
570 25.812708 274483.781250 274498.812500 274500.843750 274483.812500
571 25.854250 274483.781250 278289.968750 426227.312500 274483.812500
572 25.897219 274483.781250 275168.468750 307984.250000 274483.812500
573 25.936832 274483.781250 275617.000000 302559.437500 274483.812500
574 25.983749 274483.781250 274693.375000 284228.250000 274483.812500
575 26.031879 274483.781250 274693.031250 284228.250000 274483.812500
576 26.075596 274483.781250 274693.031250 284228.250000 274483.812500
577 26.127396 274483.781250 274498.500000 274500.843750 274483.812500
578 26.164949 274483.781250 274498.500000 274500.843750 274483.812500
579 26.213997 274483.781250 274498.500000 274500.843750 274483.812500
580 26.260483 274483.781250 274498.500000 274500.843750 274483.812500
581 26.305412 274483.781250 274796.812500 289416.218750 274483.812500
582 26.349133 274483.781250 274796.812500 289416.218750 274483.812500
583 26.393415 274483.781250 275084.500000 289416.218750 274483.812500
584 26.432270 274483.781250 274771.218750 288153.437500 274483.812500
585 26.478111 274483.781250 276477.031250 359792.000000 274483.812500
586 26.525446 274483.781250 278564.906250 394950.781250 274483.812500
587 26.575314 274483.781250 277652.812500 368312.656250 274483.812500
588 26.619404 274483.781250 275492.687500 324241.875000 274483.812500
589 26.650043 274483.781250 274497.875000 274500.843750 274483.812500
590 26.689272 274483.781250 276547.875000 361214.000000 274483.812500
591 26.734587 274483.781250 276392.875000 354649.343750 274483.812500
592 26.785513 274483.781250 276284.250000 349218.875000 274483.812500
593 26.825632 274483.781250 274789.593750 289104.781250 274483.812500
594 26.872883 274483.781250 277891.218750 429772.062500 274483.812500
595 26.911888 274483.781250 277782.031250 424453.031250 274483.812500
596 26.961399 274483.781250 277145.031250 372120.500000 274483.812500
597 27.002092 274483.781250 276855.250000 370686.812500 274483.812500
598 27.048780 274483.781250 276119.500000 339299.531250 274483.812500
599 27.083059 274483.781250 275173.781250 304196.218750 274483.812500
600 27.132839 274483.781250 275169.250000 303969.531250 274483.812500
601 27.182878 274483.781250 274569.187500 278087.437500 274483.812500
602 27.223469 274483.781250 274559.031250 277593.843750 274483.812500
603 27.265930 274483.781250 276452.218750 369161.531250 274483.812500
604 27.319448 274483.781250 277160.218750 368345.843750 274483.812500
605 27.364056 274483.781250 275944.812500 323639.812500 274483.812500
606 27.410172 274483.781250 275581.531250 311393.750000 274483.812500
607 27.454590 274483.781250 275145.968750 306958.093750 274483.812500
608 27.496166 274483.781250 274496.812500 274500.781250 274483.812500
609 27.531755 274483.781250 278124.281250 455874.125000 274483.812500
610 27.572741 274483.781250 275942.687500 346811.250000 274483.812500
611 27.624077 274483.781250 274496.468750 274500.843750 274483.812500
612 27.672604 274483.781250 275866.062500 342979.593750 274483.812500
613 27.717037 274483.781250 274496.468750 274500.843750 274483.812500
614 27.767138 274483.781250 275982.187500 348787.093750 274483.812500
615 27.811041 274483.781250 275982.187500 348787.093750 274483.812500
616 27.855925 274483.781250 277547.250000 361997.968750 274483.812500
617 27.894152 274483.781250 277078.750000 339558.593750 274483.812500
618 27.937387 274483.781250 276451.875000 332701.593750 274483.812500
619 27.978815 274483.781250 275370.250000 318206.468750 274483.812500
620 28.027050 274483.781250 275350.718750 317245.812500 274483.781250
621 28.074982 274483.781250 276206.468750 360033.812500 274483.781250
622 28.125376 274483.781250 276094.187500 354437.031250 274483.781250
623 28.169680 274483.781250 276008.187500 350136.593750 274483.781250
624 28.213367 274483.781250 275925.593750 346006.375000 274483.781250
625 28.253759 274483.781250 275886.250000 344039.531250 274483.781250
626 28.299944 274483.781250 275736.500000 336552.250000 274483.781250
627 28.343315 274483.781250 275709.937500 335224.468750 274483.781250
628 28.383564 274483.781250 275582.843750 328868.625000 274483.781250
629 28.435001 274483.781250 275562.500000 327852.468750 274483.781250
630 28.475700 274483.781250 275537.062500 326579.156250 274483.781250
631 28.522448 274483.781250 274495.500000 274500.875000 274483.781250
632 28.565639 274483.781250 276203.093750 359880.968750 274483.781250
633 28.609858 274483.781250 274495.500000 274500.875000 274483.781250
634 28.651085 274483.781250 274494.843750 274500.875000 274483.781250
635 28.698116 274483.781250 274494.843750 274500.875000 274483.781250
636 28.737293 274483.781250 274868.031250 293159.281250 274483.781250
637 28.784212 274483.781250 274494.843750 274500.875000 274483.781250
638 28.830505 274483.781250 274494.843750 274500.875000 274483.781250
639 28.875620 274483.781250 274494.812500 274500.875000 274483.781250
640 28.928425 274483.781250 274636.781250 281614.937500 274483.781250
641 28.971493 274483.781250 274636.781250 281614.937500 274483.781250
642 29.019764 274483.781250 274494.500000 274500.812500 274483.781250
643 29.063316 274483.781250 274494.156250 274500.812500 274483.781250
644 29.112852 274483.781250 274493.843750 274500.812500 274483.781250
645 29.151363 274483.781250 274493.843750 274500.812500 274483.781250
646 29.189404 274483.781250 274493.843750 274500.812500 274483.781250
647 29.239307 274483.781250 274493.843750 274500.812500 274483.781250
648 29.285736 274483.781250 274493.500000 274500.812500 274483.781250
649 29.332960 274483.781250 275143.968750 307041.343750 274483.781250
650 29.374838 274483.781250 275143.625000 307041.343750 274483.781250
651 29.418940 274483.781250 275760.625000 309885.000000 274483.781250
652 29.460409 274483.781250 275736.093750 309885.000000 274483.781250
653 29.507645 274483.781250 276820.843750 337212.187500 274483.781250
654 29.550560 274483.781250 276433.375000 336209.593750 274483.781250
655 29.593687 274483.781250 276066.187500 336209.593750 274483.781250
656 29.643787 274483.781250 275977.531250 331777.437500 274483.781250
657 29.686848 274483.781250 274831.687500 291512.687500 274483.781250
658 29.727280 274483.781250 274831.343750 291512.687500 274483.781250
659 29.774788 274483.781250 274736.156250 286754.468750 274483.781250
660 29.813210 274483.781250 274687.187500 284322.250000 274483.781250
661 29.855335 274483.781250 276559.875000 368151.156250 274483.781250
662 29.903061 274483.781250 274666.593750 283324.875000 274483.781250
663 29.950600 274483.781250 274665.562500 283324.875000 274483.781250
664 29.992435 274483.781250 274664.875000 283324.875000 274483.781250
665 30.037912 274483.781250 274664.531250 283324.875000 274483.781250
666 30.088066 274483.781250 274664.187500 283324.875000 274483.781250
667 30.131264 274483.781250 274664.187500 283324.875000 274483.781250
668 30.174795 274483.781250 274622.093750 281219.843750 274483.781250
669 30.212992 274483.781250 274588.937500 279579.187500 274483.781250
670 30.253019 274483.781250 274588.937500 279579.187500 274483.781250
671 30.296331 274483.781250 275279.812500 309027.500000 274483.781250
672 30.342028 274483.781250 275276.718750 309027.500000 274483.781250
673 30.390196 274483.781250 275276.718750 309027.500000 274483.781250
674 30.433842 274483.781250 275270.687500 309027.500000 274483.781250
675 30.483326 274483.781250 275206.656250 306419.156250 274483.781250
676 30.534975 274483.781250 276940.625000 361182.656250 274483.781250
677 30.578354 274483.781250 277353.062500 351270.968750 274483.781250
678 30.621246 274483.781250 279224.593750 385839.718750 274483.781250
679 30.668327 274483.781250 280925.187500 374527.656250 274483.781250
680 30.710596 274483.781250 278842.937500 351588.437500 274483.781250
681 30.759821 274483.781250 278085.343750 337877.812500 274483.781250
682 30.806854 274483.781250 277678.468750 337716.687500 274483.781250
683 30.852930 274483.781250 277402.500000 336645.281250 274483.781250
684 30.895214 274483.781250 278894.625000 398494.500000 274483.781250
685 30.938419 274483.781250 276364.500000 327378.906250 274483.781250
686 30.989435 274483.781250 274857.875000 285457.218750 274483.781250
687 31.034460 274483.781250 274638.406250 282206.937500 274483.781250
688 31.084017 274483.781250 274638.406250 282206.937500 274483.781250
689 31.124748 274483.781250 274638.406250 282206.937500 274483.781250
690 31.173347 274483.781250 274628.281250 281699.843750 274483.781250
691 31.209311 274483.781250 274483.968750 274484.156250 274483.781250
692 31.256680 274483.781250 277991.843750 449877.562500 274483.781250
693 31.303005 274483.781250 276332.281250 366900.000000 274483.781250
694 31.347712 274483.781250 276126.312500 356600.593750 274483.781250
695 31.388222 274483.781250 275932.187500 346895.812500 274483.781250
696 31.427740 274483.781250 275808.593750 340715.281250 274483.781250
697 31.470476 274483.781250 276490.125000 329165.906250 274483.781250
698 31.520372 274483.781250 274483.968750 274484.156250 274483.781250
699 31.567150 274483.781250 274483.968750 274484.156250 274483.781250
700 31.612888 274483.781250 274483.968750 274484.062500 274483.781250
701 31.655680 274483.781250 274483.968750 274484.062500 274483.781250
702 31.697805 274483.781250 274483.968750 274484.062500 274483.781250
703 31.741772 274483.781250 274483.968750 274484.031250 274483.781250
704 31.779446 274483.781250 276620.468750 381309.906250 274483.781250
705 31.829334 274483.781250 274483.968750 274484.031250 274483.781250
706 31.878475 274483.781250 276823.062500 391012.343750 274483.781250
707 31.925814 274483.781250 277579.437500 384247.750000 274483.781250
708 31.973515 274483.781250 278833.093750 451644.593750 274483.781250
709 32.023056 274483.781250 275271.281250 313849.875000 274483.781250
710 32.060555 274483.781250 274483.968750 274484.031250 274483.781250
711 32.106003 274483.781250 274483.968750 274484.031250 274483.781250
712 32.152409 274483.781250 274483.968750 274484.031250 274483.781250
713 32.203621 274483.781250 275054.968750 303035.312500 274483.781250
714 32.244846 274483.781250 276311.031250 343192.000000 274483.781250
715 32.293343 274483.781250 276709.406250 320287.656250 274483.781250
716 32.344074 274483.781250 277893.687500 346257.125000 274483.781250
717 32.394165 274483.781250 275494.375000 303432.281250 274483.781250
718 32.440430 274483.781250 275449.406250 301183.593750 274483.781250
719 32.476421 274483.781250 277841.156250 396051.875000 274483.781250
720 32.519066 274483.781250 279563.031250 398251.968750 274483.781250
721 32.553806 274483.781250 276699.000000 363664.031250 274483.781250
722 32.601936 274483.781250 276672.312500 362330.031250 274483.781250
723 32.646427 274483.781250 277016.750000 345813.656250 274483.781250
724 32.689842 274483.781250 276782.906250 355692.968750 274483.781250
725 32.733147 274483.781250 276470.406250 355692.968750 274483.781250
726 32.774773 274483.781250 276040.406250 334193.656250 274483.781250
727 32.827229 274483.781250 275458.750000 305109.656250 274483.781250
728 32.871078 274483.781250 275063.093750 303441.750000 274483.781250
729 32.916435 274483.781250 274483.937500 274484.031250 274483.781250
730 32.963192 274483.781250 274581.687500 279371.375000 274483.781250
731 33.007301 274483.781250 275167.281250 303763.187500 274483.781250
732 33.058258 274483.781250 275095.312500 301491.937500 274483.781250
733 33.102402 274483.781250 274789.343750 289753.125000 274483.781250
734 33.146652 274483.781250 275396.093750 305062.531250 274483.781250
735 33.196964 274483.781250 275512.062500 310862.406250 274483.781250
736 33.240879 274483.781250 275512.062500 310862.406250 274483.781250
737 33.285141 274483.781250 275238.312500 297175.312500 274483.781250
738 33.325768 274483.781250 276833.156250 376917.500000 274483.781250
739 33.362797 274483.781250 276811.531250 376017.843750 274483.781250
740 33.409023 274483.781250 276642.281250 367555.593750 274483.781250
741 33.448414 274483.781250 280120.093750 456491.437500 274483.781250
742 33.484913 274483.781250 275695.406250 321434.000000 274483.781250
743 33.529854 274483.781250 275612.468750 317286.750000 274483.781250
744 33.574860 274483.781250 275405.000000 306913.281250 274483.781250
745 33.626915 274483.781250 278304.406250 419455.218750 274483.781250
746 33.672001 274483.781250 275337.468750 306913.281250 274483.781250
747 33.708992 274483.781250 277544.937500 388728.562500 274483.781250
748 33.755779 274483.781250 275250.875000 306913.281250 274483.781250
749 33.800541 274483.781250 275132.531250 306913.281250 274483.781250
750 33.842506 274483.781250 276630.156250 381794.593750 274483.781250
751 33.886066 274483.781250 276630.187500 381794.593750 274483.781250
752 33.935379 274483.781250 276507.750000 375672.656250 274483.781250
753 33.977425 274483.781250 276452.125000 372892.312500 274483.781250
754 34.012306 274483.781250 275774.968750 339035.312500 274483.781250
755 34.059029 274483.781250 274483.968750 274484.031250 274483.781250
756 34.115040 274483.781250 274483.968750 274484.031250 274483.781250
757 34.154804 274483.781250 274483.968750 274484.031250 274483.781250
758 34.200829 274483.781250 274483.968750 274484.031250 274483.781250
759 34.244839 274483.781250 276289.781250 364775.125000 274483.781250
760 34.291275 274483.781250 274483.968750 274484.031250 274483.781250
761 34.339783 274483.781250 274483.968750 274484.031250 274483.781250
762 34.390865 274483.781250 274483.968750 274484.031250 274483.781250
763 34.439213 274483.781250 274483.968750 274484.031250 274483.781250
764 34.482479 274483.781250 274483.968750 274484.000000 274483.781250
765 34.528984 274483.781250 276453.156250 372945.125000 274483.781250
766 34.572910 274483.781250 274483.937500 274484.000000 274483.781250
767 34.615505 274483.781250 274483.937500 274484.000000 274483.781250
768 34.654079 274483.781250 274483.937500 274484.000000 274483.781250
769 34.701733 274483.781250 275933.093750 346942.687500 274483.781250
770 34.744503 274483.781250 275933.125000 346942.687500 274483.781250
771 34.785080 274483.781250 275933.125000 346942.687500 274483.781250
772 34.829514 274483.781250 275665.531250 333564.156250 274483.781250
773 34.880672 274483.781250 276115.375000 333564.156250 274483.781250
774 34.927227 274483.781250 275665.531250 333564.156250 274483.781250
775 34.979424 274483.781250 276878.312500 339089.750000 274483.781250
776 35.035259 274483.781250 278039.937500 375736.781250 274483.781250
777 35.081982 274483.781250 276430.875000 343576.656250 274483.781250
778 35.131416 274483.781250 275043.687500 302471.468750 274483.781250
779 35.173481 274483.781250 275034.093750 301990.968750 274483.781250
780 35.218800 274483.781250 275025.750000 301573.625000 274483.781250
781 35.258362 274483.781250 274483.937500 274484.000000 274483.781250
782 35.299900 274483.781250 274483.937500 274484.000000 274483.781250
783 35.343712 274483.781250 274483.906250 274484.000000 274483.781250
784 35.391144 274483.781250 275828.812500 341727.781250 274483.781250
785 35.437584 274483.781250 277588.625000 362474.062500 274483.781250
786 35.485439 274483.781250 277547.031250 360394.625000 274483.781250
787 35.529995 274483.781250 277479.093750 356996.968750 274483.781250
788 35.575581 274483.781250 274483.937500 274484.000000 274483.781250
789 35.614227 274483.781250 274952.687500 297920.937500 274483.781250
790 35.660465 274483.781250 278245.343750 462554.062500 274483.781250
791 35.710800 274483.781250 276771.937500 388884.375000 274483.781250
792 35.746784 274483.781250 276440.437500 372309.218750 274483.781250
793 35.792416 274483.781250 274483.937500 274484.000000 274483.781250
794 35.843166 274483.781250 274483.937500 274484.000000 274483.781250
795 35.889446 274483.781250 274483.937500 274484.000000 274483.781250
796 35.937374 274483.781250 276048.812500 344736.968750 274483.781250
797 35.975849 274483.781250 275720.125000 328303.406250 274483.781250
798 36.017925 274483.781250 277534.906250 373212.312500 274483.781250
799 36.061852 274483.781250 277878.906250 391836.531250 274483.781250
800 36.107841 274483.781250 278382.343750 375291.156250 274483.781250
801 36.152447 274483.781250 277539.500000 375291.156250 274483.781250
802 36.195480 274483.781250 275754.312500 311970.687500 274483.781250
803 36.237324 274483.781250 279297.968750 454637.750000 274483.781250
804 36.290222 274483.781250 278963.093750 438897.343750 274483.781250
805 36.327633 274483.781250 277157.875000 388322.093750 274483.781250
806 36.368664 274483.781250 276782.312500 322430.281250 274483.781250
807 36.417019 274483.781250 276286.625000 321597.093750 274483.781250
808 36.453960 274483.781250 276493.375000 321597.093750 274483.781250
809 36.504215 274483.781250 276199.250000 321597.093750 274483.781250
810 36.553947 274483.781250 274894.406250 295006.062500 274483.781250
811 36.593456 274483.781250 276299.906250 353246.625000 274483.781250
812 36.640514 274483.781250 274699.156250 285244.500000 274483.781250
813 36.682476 274483.781250 274699.156250 285244.500000 274483.781250
814 36.723770 274483.781250 274699.156250 285244.500000 274483.781250
815 36.771263 274483.781250 274483.968750 274484.031250 274483.781250
816 36.816429 274483.781250 275981.187500 349346.343750 274483.781250
817 36.861931 274483.781250 276639.312500 349346.343750 274483.781250
818 36.903248 274483.781250 275138.218750 307197.656250 274483.781250
819 36.945240 274483.781250 274483.937500 274484.031250 274483.781250
820 36.993801 274483.781250 274483.937500 274484.000000 274483.781250
821 37.039200 274483.781250 276506.312500 375601.031250 274483.781250
822 37.080177 274483.781250 276193.875000 359978.718750 274483.781250
823 37.128372 274483.781250 275717.406250 336155.812500 274483.781250
824 37.172943 274483.781250 275690.875000 334829.593750 274483.781250
825 37.220692 274483.781250 274483.968750 274484.000000 274483.781250
826 37.270737 274483.781250 274483.968750 274484.000000 274483.781250
827 37.316631 274483.781250 274483.968750 274484.000000 274483.781250
828 37.367359 274483.781250 274483.937500 274484.000000 274483.781250
829 37.408192 274483.781250 274483.937500 274484.000000 274483.781250
830 37.455601 274483.781250 274483.937500 274484.000000 274483.781250
831 37.501263 274483.781250 274483.937500 274484.000000 274483.781250
832 37.543755 274483.781250 274483.937500 274483.906250 274483.781250
833 37.588875 274483.781250 277266.093750 391126.625000 274483.781250
834 37.631393 274483.781250 277838.093750 384586.468750 274483.781250
835 37.682259 274483.781250 277875.125000 384586.468750 274483.781250
836 37.724689 274483.781250 276649.031250 382738.031250 274483.781250
837 37.772675 274483.781250 276525.750000 376575.250000 274483.781250
838 37.817848 274483.781250 274483.937500 274483.968750 274483.781250
839 37.858841 274483.781250 275599.875000 330279.781250 274483.781250
840 37.900536 274483.781250 275500.031250 325287.781250 274483.781250
841 37.950039 274483.781250 276785.468750 389559.750000 274483.781250
842 37.992455 274483.781250 276313.812500 365976.750000 274483.781250
843 38.036278 274483.781250 276296.406250 365107.906250 274483.781250
844 38.078316 274483.781250 275320.968750 316335.937500 274483.781250
845 38.126064 274483.781250 275320.968750 316335.937500 274483.781250
846 38.169529 274483.781250 276114.593750 356015.468750 274483.781250
847 38.212749 274483.781250 274881.062500 294339.781250 274483.781250
848 38.264423 274483.781250 274483.937500 274484.000000 274483.781250
849 38.312103 274483.781250 276699.218750 385246.968750 274483.781250
850 38.357040 274483.781250 280080.937500 422576.312500 274483.781250
851 38.399796 274483.781250 278938.000000 393378.312500 274483.781250
852 38.447086 274483.781250 278908.500000 394643.218750 274483.781250
853 38.488461 274483.781250 276458.968750 373236.375000 274483.781250
854 38.531124 274483.781250 275902.562500 345415.281250 274483.781250
855 38.581730 274483.781250 275879.906250 344283.093750 274483.781250
856 38.627300 274483.781250 279889.968750 398606.187500 274483.781250
857 38.674210 274483.781250 278591.968750 371802.906250 274483.781250
858 38.722321 274483.781250 275285.343750 314553.062500 274483.781250
859 38.767643 274483.781250 278563.968750 442689.062500 274483.781250
860 38.814960 274483.781250 277506.093750 415452.218750 274483.781250
861 38.858448 274483.781250 276768.093750 378551.593750 274483.781250
862 38.898895 274483.781250 274686.718750 284623.375000 274483.781250
863 38.952312 274483.781250 277207.906250 400543.750000 274483.781250
864 39.002693 274483.781250 276549.093750 377741.781250 274483.781250
865 39.042721 274483.781250 276403.593750 370465.531250 274483.781250
866 39.086212 274483.781250 276209.531250 360763.250000 274483.781250
867 39.129482 274483.781250 277158.812500 357950.750000 274483.781250
868 39.175163 274483.781250 275963.906250 348481.718750 274483.781250
869 39.217945 274483.781250 276096.343750 355103.843750 274483.781250
870 39.259502 274483.781250 274483.937500 274484.031250 274483.781250
871 39.304447 274483.781250 274483.937500 274484.031250 274483.781250
872 39.355423 274483.781250 274483.937500 274484.031250 274483.781250
873 39.397690 274483.781250 274483.937500 274484.031250 274483.781250
874 39.445736 274483.781250 274483.937500 274484.031250 274483.781250
875 39.491470 274483.781250 274483.937500 274484.031250 274483.781250
876 39.534138 274483.781250 274483.937500 274484.031250 274483.781250
877 39.585274 274483.781250 274483.937500 274484.031250 274483.781250
878 39.639065 274483.781250 274483.937500 274484.031250 274483.781250
879 39.686298 274483.781250 274483.937500 274484.031250 274483.781250
880 39.729401 274483.781250 274483.937500 274483.968750 274483.781250
881 39.772472 274483.781250 278092.375000 369372.468750 274483.781250
882 39.818008 274483.781250 276190.468750 359809.625000 274483.781250
883 39.861496 274483.781250 282871.812500 409547.187500 274483.781250
884 39.908752 274483.781250 280118.312500 400506.843750 274483.781250
885 39.953323 274483.781250 275655.906250 333083.312500 274483.781250
886 40.001419 274483.781250 276166.656250 358620.156250 274483.781250
887 40.053455 274483.781250 276046.281250 352600.593750 274483.781250
888 40.093575 274483.781250 275781.812500 339378.250000 274483.781250
889 40.131199 274483.781250 275506.468750 325609.656250 274483.781250
890 40.181309 274483.781250 274483.937500 274484.031250 274483.781250
891 40.231197 274483.781250 274483.937500 274484.031250 274483.781250
892 40.273800 274483.781250 274483.937500 274483.968750 274483.781250
893 40.319340 274483.781250 274483.937500 274483.968750 274483.781250
894 40.365089 274483.781250 274483.937500 274483.968750 274483.781250
895 40.416977 274483.781250 275198.218750 310198.000000 274483.781250
896 40.461681 274483.781250 274483.937500 274483.968750 274483.781250
897 40.507401 274483.781250 274483.937500 274483.968750 274483.781250
898 40.553410 274483.781250 276401.343750 370354.187500 274483.781250
899 40.599739 274483.781250 274483.937500 274484.000000 274483.781250
900 40.644478 274483.781250 274483.937500 274484.000000 274483.781250
901 40.679008 274483.781250 274483.937500 274484.000000 274483.781250
902 40.726212 274483.781250 274483.937500 274484.000000 274483.781250
903 40.765514 274483.781250 274483.937500 274483.968750 274483.781250
904 40.805180 274483.781250 274943.406250 297458.218750 274483.781250
905 40.847744 274483.781250 274483.937500 274484.000000 274483.781250
906 40.896267 274483.781250 274483.937500 274484.000000 274483.781250
907 40.942043 274483.781250 274483.937500 274484.000000 274483.781250
908 40.987858 274483.781250 274483.937500 274484.000000 274483.781250
909 41.030273 274483.781250 274483.937500 274484.000000 274483.781250
910 41.075249 274483.781250 274483.937500 274484.000000 274483.781250
911 41.124432 274483.781250 274959.687500 298272.343750 274483.781250
912 41.170258 274483.781250 274900.750000 295325.437500 274483.781250
913 41.222198 274483.781250 274483.906250 274484.000000 274483.781250
914 41.267738 274483.781250 278906.687500 402364.781250 274483.781250
915 41.311806 274483.781250 277942.406250 377112.031250 274483.781250
916 41.355225 274483.781250 275729.531250 336762.781250 274483.781250
917 41.394371 274483.781250 275696.875000 335131.093750 274483.781250
918 41.435028 274483.781250 274483.937500 274483.968750 274483.781250
919 41.479630 274483.781250 274483.937500 274483.968750 274483.781250
920 41.529423 274483.781250 274483.937500 274483.968750 274483.781250
921 41.573418 274483.781250 275196.125000 310093.312500 274483.781250
922 41.616600 274483.781250 274692.750000 284923.937500 274483.781250
923 41.664761 274483.781250 275228.125000 305540.062500 274483.781250
924 41.704384 274483.781250 277782.812500 419185.062500 274483.781250
925 41.743763 274483.781250 277036.250000 402100.125000 274483.781250
926 41.787865 274483.781250 277023.968750 401485.937500 274483.781250
927 41.836784 274483.781250 277917.875000 393950.593750 274483.781250
928 41.882088 274483.781250 277522.906250 375995.187500 274483.781250
929 41.923771 274483.781250 279635.312500 481935.593750 274483.781250
930 41.968784 274483.781250 276553.906250 327865.437500 274483.781250
931 42.016384 274483.781250 275551.562500 327865.437500 274483.781250
932 42.053932 274483.781250 275186.750000 309624.125000 274483.781250
933 42.100746 274483.781250 274821.906250 291383.625000 274483.781250
934 42.151001 274483.781250 277174.156250 392095.500000 274483.781250
935 42.202259 274483.781250 276948.437500 380810.187500 274483.781250
936 42.244560 274483.781250 279877.000000 421136.531250 274483.781250
937 42.290588 274483.781250 275552.968750 326698.656250 274483.781250
938 42.335037 274483.781250 274508.687500 275722.375000 274483.781250
939 42.374668 274483.781250 275335.312500 315816.343750 274483.781250
940 42.420506 274483.781250 275335.312500 315816.343750 274483.781250
941 42.465080 274483.781250 275310.562500 315816.343750 274483.781250
942 42.509434 274483.781250 275310.562500 315816.343750 274483.781250
943 42.561401 274483.781250 275472.187500 310888.187500 274483.781250
944 42.607048 274483.781250 275189.593750 309767.625000 274483.781250
945 42.642513 274483.781250 275189.593750 309767.625000 274483.781250
946 42.693352 274483.781250 275139.968750 307285.593750 274483.781250
947 42.737530 274483.781250 275084.750000 304525.968750 274483.781250
948 42.781681 274483.781250 275473.656250 291614.750000 274483.781250
949 42.828239 274483.781250 277690.125000 403069.343750 274483.781250
