0 0.000000 315796.187500 329748.625000 346310.593750 315796.187500
1 0.045051 313469.187500 329748.625000 346310.593750 315796.187500
2 0.097450 311823.281250 331184.250000 346310.593750 313469.187500
3 0.145311 310428.843750 332040.312500 346310.593750 311823.281250
4 0.190544 308205.687500 331988.687500 346310.593750 310428.843750
5 0.251240 304147.312500 331591.031250 346310.593750 308205.687500
6 0.306455 303923.937500 331197.750000 346310.593750 304147.312500
7 0.360616 301649.343750 330929.000000 343554.906250 303923.937500
8 0.428761 300915.656250 330773.000000 343554.906250 301649.343750
9 0.482663 296495.875000 330500.968750 343554.906250 300915.656250
10 0.541316 295853.718750 330244.281250 343554.906250 296495.875000
11 0.595080 295464.781250 330077.750000 343554.906250 295853.718750
12 0.657965 295347.625000 329912.843750 343554.906250 295464.781250
13 0.714854 295347.625000 329814.687500 343554.906250 295347.625000
14 0.769483 293910.812500 329758.375000 343554.906250 295347.625000
15 0.838610 292479.812500 329501.625000 343554.906250 293910.812500
16 0.886390 291750.906250 329372.593750 343554.906250 292479.812500
17 0.947536 290102.093750 329218.875000 343554.906250 291750.906250
18 1.008708 289177.187500 329080.250000 343554.906250 290102.093750
19 1.074238 288365.031250 328984.625000 343554.906250 289177.187500
20 1.129810 287454.250000 328900.281250 343554.906250 288365.031250
21 1.189662 285888.843750 328754.906250 343554.906250 287454.250000
22 1.245317 285456.718750 328554.812500 343554.906250 285888.843750
23 1.295949 284280.218750 328380.750000 343554.906250 285456.718750
24 1.343226 283436.562500 328317.437500 343554.906250 284280.218750
25 1.389565 283436.562500 328926.750000 343554.906250 283436.562500
26 1.436607 283058.781250 328106.843750 343554.906250 283436.562500
27 1.487338 281976.375000 328028.625000 343554.906250 283058.781250
28 1.545313 279533.218750 329517.375000 364243.750000 281976.375000
29 1.603140 279237.343750 328689.187500 364243.750000 279533.218750
30 1.650286 279237.312500 328551.968750 364243.750000 279237.343750
31 1.710773 278847.468750 328519.531250 364243.750000 279237.312500
32 1.761087 278511.812500 328471.718750 364243.750000 278847.468750
33 1.807722 278331.875000 328387.593750 364243.750000 278511.812500
34 1.855125 278331.875000 328342.468750 364243.750000 278331.875000
35 1.902235 278303.968750 328284.093750 364243.750000 278331.875000
36 1.955080 278293.000000 328195.125000 364243.750000 278303.968750
37 1.997798 278293.000000 328184.625000 364243.750000 278293.000000
38 2.054309 278136.218750 328156.375000 364243.750000 278293.000000
39 2.101257 278136.218750 328138.437500 364243.750000 278136.218750
40 2.155965 277514.875000 328073.093750 364243.750000 278136.218750
41 2.201242 277514.875000 328024.468750 364243.750000 277514.875000
42 2.259191 277514.812500 328014.093750 364243.750000 277514.875000
43 2.310324 277514.812500 328002.718750 364243.750000 277514.812500
44 2.365187 277446.031250 327994.312500 364243.750000 277514.812500
45 2.410697 277445.937500 327978.187500 364243.750000 277446.031250
46 2.459703 277445.937500 327976.812500 364243.750000 277445.937500
47 2.511859 277445.937500 331344.375000 446626.937500 277445.937500
48 2.573970 277445.937500 329053.062500 364243.750000 277445.937500
49 2.622284 276959.375000 328941.093750 364243.750000 277445.937500
50 2.694944 276959.375000 328925.375000 364243.750000 276959.375000
51 2.747565 276959.375000 328840.625000 364243.750000 276959.375000
52 2.795660 276959.375000 328751.093750 364243.750000 276959.375000
53 2.843949 276959.375000 328708.906250 364243.750000 276959.375000
54 2.897968 276953.937500 328699.125000 364243.750000 276959.375000
55 2.951909 276953.937500 328667.375000 364243.750000 276953.937500
56 3.004861 276953.687500 328626.062500 364243.750000 276953.937500
57 3.056741 276953.687500 328585.343750 364243.750000 276953.687500
58 3.121892 276774.406250 328555.187500 364243.750000 276953.687500
59 3.182592 276774.406250 328546.031250 364243.750000 276774.406250
60 3.240177 276774.406250 328538.812500 364243.750000 276774.406250
61 3.288957 276774.406250 328529.812500 364243.750000 276774.406250
62 3.341546 276774.406250 328443.656250 364243.750000 276774.406250
63 3.399956 276774.406250 328345.031250 364243.750000 276774.406250
64 3.451215 276774.406250 328313.875000 364243.750000 276774.406250
65 3.504457 276774.406250 327959.031250 364243.750000 276774.406250
66 3.550179 276774.406250 327959.031250 364243.750000 276774.406250
67 3.603094 276774.406250 327234.031250 364243.750000 276774.406250
68 3.650902 276774.406250 327748.812500 364243.750000 276774.406250
69 3.699185 276774.406250 327514.343750 364243.750000 276774.406250
70 3.753509 276774.406250 327514.343750 364243.750000 276774.406250
71 3.808874 276774.406250 327234.031250 364243.750000 276774.406250
72 3.858212 276774.406250 327234.031250 364243.750000 276774.406250
73 3.908753 276774.406250 329728.937500 401519.875000 276774.406250
74 3.961560 276774.406250 327650.468750 364243.750000 276774.406250
75 4.007116 276774.406250 327650.468750 364243.750000 276774.406250
76 4.057104 276774.406250 327650.468750 364243.750000 276774.406250
77 4.099087 276774.406250 327650.468750 364243.750000 276774.406250
78 4.152086 276774.406250 327650.468750 364243.750000 276774.406250
79 4.199516 276774.406250 327650.468750 364243.750000 276774.406250
80 4.252871 276774.406250 327650.437500 364243.750000 276774.406250
81 4.308869 276774.406250 327620.375000 364243.750000 276774.406250
82 4.353971 276774.406250 326647.687500 364243.750000 276774.406250
83 4.403481 276774.406250 326647.687500 364243.750000 276774.406250
84 4.462544 276774.406250 326647.687500 364243.750000 276774.406250
85 4.509860 276774.406250 326647.687500 364243.750000 276774.406250
86 4.564071 276774.406250 325674.468750 364243.750000 276774.406250
87 4.620682 276774.406250 324680.875000 364243.750000 276774.406250
88 4.667733 276774.406250 324680.875000 364243.750000 276774.406250
89 4.719616 276774.406250 324680.875000 364243.750000 276774.406250
90 4.773908 276774.406250 324680.875000 364243.750000 276774.406250
91 4.825622 276774.406250 323680.687500 364243.750000 276774.406250
92 4.876895 276774.406250 323680.687500 364243.750000 276774.406250
93 4.932865 276774.406250 323680.687500 364243.750000 276774.406250
94 4.979923 276774.406250 323680.687500 364243.750000 276774.406250
95 5.037647 276774.406250 323680.625000 364243.750000 276774.406250
96 5.095187 276774.406250 323680.625000 364243.750000 276774.406250
97 5.136518 276774.406250 323680.625000 364243.750000 276774.406250
98 5.186379 276774.406250 322669.250000 364243.750000 276774.406250
99 5.239072 276774.406250 322669.250000 364243.750000 276774.406250
100 5.292738 276774.406250 322669.250000 364243.750000 276774.406250
101 5.341694 276774.406250 322669.250000 364243.750000 276774.406250
102 5.391807 276774.406250 322669.250000 364243.750000 276774.406250
103 5.446078 276774.406250 322669.250000 364243.750000 276774.406250
104 5.505236 276774.406250 321637.750000 364243.750000 276774.406250
105 5.562428 276774.406250 320561.031250 364243.750000 276774.406250
106 5.611659 276774.406250 320561.031250 364243.750000 276774.406250
107 5.669497 276774.406250 321578.406250 364243.750000 276774.406250
108 5.730881 276774.406250 320561.031250 364243.750000 276774.406250
109 5.788800 276774.406250 320561.031250 364243.750000 276774.406250
110 5.842917 276774.406250 320561.031250 364243.750000 276774.406250
111 5.906692 276774.406250 319466.000000 364243.750000 276774.406250
112 5.960418 276774.406250 319466.000000 364243.750000 276774.406250
113 6.003752 276774.406250 318340.625000 364243.750000 276774.406250
114 6.050876 276774.406250 318340.593750 364243.750000 276774.406250
115 6.098524 276774.406250 320371.406250 378313.468750 276774.406250
116 6.157244 276774.406250 319676.218750 364243.750000 276774.406250
117 6.209521 276774.406250 319676.218750 364243.750000 276774.406250
118 6.255870 276774.406250 319676.187500 364243.750000 276774.406250
119 6.306581 276774.406250 319676.187500 364243.750000 276774.406250
120 6.365003 276774.406250 319676.187500 364243.750000 276774.406250
121 6.418989 276774.406250 319676.187500 364243.750000 276774.406250
122 6.479480 276774.406250 319676.187500 364243.750000 276774.406250
123 6.543435 276774.406250 319676.187500 364243.750000 276774.406250
124 6.583220 276774.406250 319676.187500 364243.750000 276774.406250
125 6.640536 276774.406250 319676.187500 364243.750000 276774.406250
126 6.693189 276774.406250 319676.187500 364243.750000 276774.406250
127 6.749742 276774.406250 319676.187500 364243.750000 276774.406250
128 6.797454 276774.406250 318542.125000 364243.750000 276774.406250
129 6.851380 276774.406250 318542.125000 364243.750000 276774.406250
130 6.899810 276774.406250 318542.125000 364243.750000 276774.406250
131 6.948885 276774.406250 318542.125000 364243.750000 276774.406250
132 7.003563 276774.406250 318542.125000 364243.750000 276774.406250
133 7.048273 276774.406250 318542.125000 364243.750000 276774.406250
134 7.109613 276774.406250 318542.125000 364243.750000 276774.406250
135 7.164764 276774.406250 318542.125000 364243.750000 276774.406250
136 7.218243 276774.406250 318542.125000 364243.750000 276774.406250
137 7.270123 276774.406250 318542.125000 364243.750000 276774.406250
138 7.321859 276774.406250 318542.125000 364243.750000 276774.406250
139 7.367105 276774.406250 318542.125000 364243.750000 276774.406250
140 7.414472 276774.406250 317404.031250 364243.750000 276774.406250
141 7.473679 276774.406250 317404.031250 364243.750000 276774.406250
142 7.530327 276774.406250 317404.031250 364243.750000 276774.406250
143 7.585962 276774.406250 316258.625000 364243.750000 276774.406250
144 7.633577 276774.406250 316258.625000 364243.750000 276774.406250
145 7.685614 276774.406250 316258.625000 364243.750000 276774.406250
146 7.736806 276774.406250 315105.187500 364243.750000 276774.406250
147 7.787536 276774.406250 315105.187500 364243.750000 276774.406250
148 7.842922 276774.406250 315105.187500 364243.750000 276774.406250
149 7.900303 276774.406250 313947.656250 364243.750000 276774.406250
150 7.953049 276774.406250 313947.656250 364243.750000 276774.406250
151 8.001785 276774.406250 313947.656250 364243.750000 276774.406250
152 8.054338 276774.406250 313947.656250 364243.750000 276774.406250
153 8.105413 276774.406250 313947.656250 364243.750000 276774.406250
154 8.159375 276774.406250 313947.656250 364243.750000 276774.406250
155 8.212266 276774.406250 313947.656250 364243.750000 276774.406250
156 8.264973 276774.406250 312788.250000 364243.750000 276774.406250
157 8.325952 276774.406250 312788.250000 364243.750000 276774.406250
158 8.375087 276774.406250 312788.250000 364243.750000 276774.406250
159 8.432367 276774.406250 312788.250000 364243.750000 276774.406250
160 8.487210 276774.406250 312788.250000 364243.750000 276774.406250
161 8.541305 276774.406250 311619.687500 364243.750000 276774.406250
162 8.597414 276774.406250 311619.687500 364243.750000 276774.406250
163 8.655542 276774.406250 311619.687500 364243.750000 276774.406250
164 8.705154 276774.406250 311619.687500 364243.750000 276774.406250
165 8.760621 276774.406250 311619.687500 364243.750000 276774.406250
166 8.813714 276774.406250 311619.687500 364243.750000 276774.406250
167 8.865718 276774.406250 311619.687500 364243.750000 276774.406250
168 8.921248 276774.406250 310450.093750 364243.750000 276774.406250
169 8.969950 276774.406250 310450.093750 364243.750000 276774.406250
170 9.015824 276774.406250 310450.093750 364243.750000 276774.406250
171 9.075429 276774.406250 310450.093750 364243.750000 276774.406250
172 9.131633 276774.406250 309273.968750 364243.750000 276774.406250
173 9.182276 276774.406250 309273.968750 364243.750000 276774.406250
174 9.242659 276774.406250 309273.968750 364243.750000 276774.406250
175 9.293156 276774.406250 309273.968750 364243.750000 276774.406250
176 9.350866 276774.406250 309273.968750 364243.750000 276774.406250
177 9.406761 276774.406250 309273.968750 364243.750000 276774.406250
178 9.453470 276774.406250 310033.593750 364243.750000 276774.406250
179 9.500004 276774.406250 310420.375000 364243.750000 276774.406250
180 9.543905 276774.406250 310420.375000 364243.750000 276774.406250
181 9.599865 276774.406250 310420.375000 364243.750000 276774.406250
182 9.653210 276774.406250 310033.593750 364243.750000 276774.406250
183 9.699366 276774.406250 309273.968750 364243.750000 276774.406250
184 9.743924 276774.406250 309273.968750 364243.750000 276774.406250
185 9.795761 276774.406250 309273.968750 364243.750000 276774.406250
186 9.847544 276774.406250 309273.968750 364243.750000 276774.406250
187 9.904757 276774.406250 309273.968750 364243.750000 276774.406250
188 9.957448 276774.406250 308086.062500 364243.750000 276774.406250
189 10.017035 276774.406250 308086.062500 364243.750000 276774.406250
190 10.064872 276774.406250 308086.062500 364243.750000 276774.406250
191 10.115913 276774.406250 308086.062500 364243.750000 276774.406250
192 10.159352 276774.406250 308086.062500 364243.750000 276774.406250
193 10.209025 276774.406250 308086.062500 364243.750000 276774.406250
194 10.254797 276774.406250 308086.062500 364243.750000 276774.406250
195 10.310642 276774.406250 308086.062500 364243.750000 276774.406250
196 10.367302 276774.406250 308086.062500 364243.750000 276774.406250
197 10.421683 276774.406250 308086.062500 364243.750000 276774.406250
198 10.472701 276774.406250 306897.218750 364243.750000 276774.406250
199 10.528252 276774.406250 306897.218750 364243.750000 276774.406250
200 10.574620 276774.406250 305706.750000 364243.750000 276774.406250
201 10.631801 276774.406250 305706.750000 364243.750000 276774.406250
202 10.689277 276774.406250 304510.906250 364243.750000 276774.406250
203 10.747562 276774.406250 304510.906250 364243.750000 276774.406250
204 10.796983 276774.406250 304510.906250 364243.750000 276774.406250
205 10.855705 276774.406250 304510.906250 364243.750000 276774.406250
206 10.909729 276774.406250 303313.468750 364243.750000 276774.406250
207 10.969380 276774.406250 303313.468750 364243.750000 276774.406250
208 11.012758 276774.406250 303313.468750 364243.750000 276774.406250
209 11.061184 276774.406250 302099.093750 364243.750000 276774.406250
210 11.118702 276774.406250 302099.093750 364243.750000 276774.406250
211 11.166380 276774.406250 302099.093750 364243.750000 276774.406250
212 11.215910 276774.406250 300871.406250 364243.750000 276774.406250
213 11.265506 276774.406250 300871.406250 364243.750000 276774.406250
214 11.325252 276774.406250 300871.406250 364243.750000 276774.406250
215 11.374600 276774.406250 300871.406250 364243.750000 276774.406250
216 11.434832 276774.406250 304410.375000 453721.562500 276774.406250
217 11.483470 276774.406250 302431.468750 364243.750000 276774.406250
218 11.532888 276774.406250 302431.468750 364243.750000 276774.406250
219 11.582989 276774.406250 302431.468750 364243.750000 276774.406250
220 11.645337 276774.406250 302207.031250 364243.750000 276774.406250
221 11.702646 276774.406250 300963.031250 364243.750000 276774.406250
222 11.760182 276774.406250 300963.031250 364243.750000 276774.406250
223 11.818134 276774.406250 300963.031250 364243.750000 276774.406250
224 11.870819 276774.406250 300963.031250 364243.750000 276774.406250
225 11.921962 276774.406250 300963.031250 364243.750000 276774.406250
226 11.973229 276774.406250 300963.031250 364243.750000 276774.406250
227 12.030351 276774.406250 300963.031250 364243.750000 276774.406250
228 12.087072 276774.406250 300963.031250 364243.750000 276774.406250
229 12.141252 276774.406250 300963.031250 364243.750000 276774.406250
230 12.190130 276774.406250 300963.031250 364243.750000 276774.406250
231 12.243023 276774.406250 299712.906250 364243.750000 276774.406250
232 12.307587 276774.406250 299712.906250 364243.750000 276774.406250
233 12.358937 276774.406250 299841.531250 364243.750000 276774.406250
234 12.412938 276774.406250 300281.750000 364243.750000 276774.406250
235 12.464978 276774.406250 300153.156250 364243.750000 276774.406250
236 12.517592 276774.406250 300153.156250 364243.750000 276774.406250
237 12.569759 276774.406250 300153.156250 364243.750000 276774.406250
238 12.622753 276774.406250 300153.156250 364243.750000 276774.406250
239 12.680213 276774.406250 300153.156250 364243.750000 276774.406250
240 12.735454 276774.406250 300153.156250 364243.750000 276774.406250
241 12.792247 276774.406250 300153.156250 364243.750000 276774.406250
242 12.843476 276774.406250 300153.156250 364243.750000 276774.406250
243 12.892978 276774.406250 300153.156250 364243.750000 276774.406250
244 12.950742 276774.406250 300153.156250 364243.750000 276774.406250
245 13.002220 276774.406250 299712.906250 364243.750000 276774.406250
246 13.049995 276774.406250 299712.906250 364243.750000 276774.406250
247 13.105759 276774.406250 299984.843750 364243.750000 276774.406250
248 13.160233 276774.406250 301512.812500 364243.750000 276774.406250
249 13.214029 276774.406250 301099.031250 353173.531250 276774.406250
250 13.271683 276774.406250 300827.125000 353173.531250 276774.406250
251 13.319298 276774.406250 300827.125000 353173.531250 276774.406250
252 13.370847 276774.406250 300827.125000 353173.531250 276774.406250
253 13.427017 276774.406250 300827.125000 353173.531250 276774.406250
254 13.473516 276774.406250 301573.281250 353173.531250 276774.406250
255 13.525180 276774.406250 301573.250000 353173.531250 276774.406250
256 13.579178 276774.406250 300827.125000 353173.531250 276774.406250
257 13.631369 276774.406250 300827.125000 353173.531250 276774.406250
258 13.674975 276774.406250 300827.125000 353173.531250 276774.406250
259 13.720024 276774.406250 300827.125000 353173.531250 276774.406250
260 13.773314 276774.406250 300827.125000 353173.531250 276774.406250
261 13.823859 276774.406250 300827.125000 353173.531250 276774.406250
262 13.886096 276774.406250 300827.125000 353173.531250 276774.406250
263 13.934941 276774.406250 300827.125000 353173.531250 276774.406250
264 13.989814 276774.406250 300827.125000 353173.531250 276774.406250
265 14.037388 276774.406250 300827.125000 353173.531250 276774.406250
266 14.089328 276774.406250 300827.125000 353173.531250 276774.406250
267 14.149709 276774.406250 300827.125000 353173.531250 276774.406250
268 14.208183 276774.406250 300827.125000 353173.531250 276774.406250
269 14.266529 276774.406250 299576.562500 353173.531250 276774.406250
270 14.327660 276774.406250 299576.562500 353173.531250 276774.406250
271 14.371497 276774.406250 300929.093750 353173.531250 276774.406250
272 14.427627 276774.406250 300912.156250 353173.531250 276774.406250
273 14.477953 276774.406250 300912.156250 353173.531250 276774.406250
274 14.527166 276774.406250 300912.156250 353173.531250 276774.406250
275 14.573358 276774.406250 300912.156250 353173.531250 276774.406250
276 14.631997 276774.406250 299650.343750 353173.531250 276774.406250
277 14.684297 276774.406250 299650.343750 353173.531250 276774.406250
278 14.732324 276774.406250 298336.656250 353173.531250 276774.406250
279 14.786978 276774.406250 298336.656250 353173.531250 276774.406250
280 14.847089 276774.406250 299865.562500 353219.437500 276774.406250
281 14.894937 276774.406250 300280.093750 353173.531250 276774.406250
282 14.949305 276774.406250 299800.593750 353173.531250 276774.406250
283 15.004492 276774.406250 299800.593750 353173.531250 276774.406250
284 15.064000 276774.406250 299672.250000 353173.531250 276774.406250
285 15.123075 276774.406250 299672.250000 353173.531250 276774.406250
286 15.170391 276774.406250 298336.656250 353173.531250 276774.406250
287 15.222734 276774.406250 298336.656250 353173.531250 276774.406250
288 15.269443 276774.406250 297001.062500 353173.531250 276774.406250
289 15.325749 276774.406250 297001.062500 353173.531250 276774.406250
290 15.384962 276774.406250 297001.062500 353173.531250 276774.406250
291 15.439563 276774.406250 297001.062500 353173.531250 276774.406250
292 15.487955 276774.406250 297001.062500 353173.531250 276774.406250
293 15.537359 276774.406250 297001.062500 353173.531250 276774.406250
294 15.589714 276774.406250 297001.062500 353173.531250 276774.406250
295 15.647495 276774.406250 297001.062500 353173.531250 276774.406250
296 15.702028 276774.406250 295665.468750 353173.531250 276774.406250
297 15.751611 276774.406250 295665.468750 353173.531250 276774.406250
298 15.807589 276774.406250 295665.468750 353173.531250 276774.406250
299 15.856806 276774.406250 294329.875000 353173.531250 276774.406250
300 15.908856 276774.406250 292994.250000 353173.531250 276774.406250
301 15.956567 276774.406250 292994.250000 353173.531250 276774.406250
302 16.007227 276774.406250 292994.250000 353173.531250 276774.406250
303 16.065416 276774.406250 292994.250000 353173.531250 276774.406250
304 16.115025 276774.406250 292994.250000 353173.531250 276774.406250
305 16.169447 276774.406250 292994.250000 353173.531250 276774.406250
306 16.216032 276774.406250 292994.250000 353173.531250 276774.406250
307 16.267881 276774.406250 292994.250000 353173.531250 276774.406250
308 16.316767 276774.406250 292994.250000 353173.531250 276774.406250
309 16.370497 276774.406250 291658.656250 353173.531250 276774.406250
310 16.424459 276774.406250 291658.656250 353173.531250 276774.406250
311 16.479425 276774.406250 291658.656250 353173.531250 276774.406250
312 16.537884 276774.406250 291658.656250 353173.531250 276774.406250
313 16.587458 276774.406250 291658.656250 353173.531250 276774.406250
314 16.642336 276774.406250 291658.656250 353173.531250 276774.406250
315 16.691118 276774.406250 291658.656250 353173.531250 276774.406250
316 16.745806 276774.406250 291658.656250 353173.531250 276774.406250
317 16.796062 276774.406250 291658.656250 353173.531250 276774.406250
318 16.846045 276774.406250 291658.656250 353173.531250 276774.406250
319 16.902172 276774.406250 291658.656250 353173.531250 276774.406250
320 16.950859 276774.406250 290323.062500 353173.531250 276774.406250
321 17.008553 276774.406250 288987.468750 353173.531250 276774.406250
322 17.065495 276774.406250 288987.468750 353173.531250 276774.406250
323 17.114658 276774.406250 288987.468750 353173.531250 276774.406250
324 17.170839 276774.406250 288987.468750 353173.531250 276774.406250
325 17.230536 276774.406250 288987.468750 353173.531250 276774.406250
326 17.285648 276774.406250 288987.468750 353173.531250 276774.406250
327 17.340017 276774.406250 288987.468750 353173.531250 276774.406250
328 17.390137 276774.406250 288987.468750 353173.531250 276774.406250
329 17.447329 276774.406250 288987.468750 353173.531250 276774.406250
330 17.495018 276774.406250 288987.468750 353173.531250 276774.406250
331 17.556047 276774.406250 288987.468750 353173.531250 276774.406250
332 17.599007 276774.406250 289396.812500 353173.531250 276774.406250
333 17.650011 276774.406250 290759.218750 391209.500000 276774.406250
334 17.698856 276774.406250 289396.781250 353173.531250 276774.406250
335 17.747419 276774.406250 288987.468750 353173.531250 276774.406250
336 17.796778 276774.406250 291365.593750 395680.250000 276774.406250
337 17.846933 276774.406250 290323.062500 353173.531250 276774.406250
338 17.907747 276774.406250 291649.312500 409865.968750 276774.406250
339 17.957363 276774.406250 290323.062500 353173.531250 276774.406250
340 18.014706 276774.406250 290323.062500 353173.531250 276774.406250
341 18.067360 276774.406250 290323.062500 353173.531250 276774.406250
342 18.118551 276774.406250 290323.062500 353173.531250 276774.406250
343 18.180016 276774.406250 288987.468750 353173.531250 276774.406250
344 18.234076 276774.406250 288987.468750 353173.531250 276774.406250
345 18.286596 276774.406250 288987.468750 353173.531250 276774.406250
346 18.333813 276774.406250 288987.468750 353173.531250 276774.406250
347 18.389652 276774.406250 288987.468750 353173.531250 276774.406250
348 18.437029 276774.406250 287651.875000 353173.531250 276774.406250
349 18.488400 276774.406250 287651.875000 353173.531250 276774.406250
350 18.538380 276774.406250 287651.875000 353173.531250 276774.406250
351 18.597687 276774.406250 287651.875000 353173.531250 276774.406250
352 18.654987 276774.406250 287651.875000 353173.531250 276774.406250
353 18.714924 276774.406250 286316.250000 353173.531250 276774.406250
354 18.777357 276774.406250 285655.000000 353173.531250 276774.406250
355 18.823936 276774.406250 285848.375000 353173.531250 276774.406250
356 18.874086 276774.406250 285848.343750 353173.531250 276774.406250
357 18.922184 276774.406250 285848.343750 353173.531250 276774.406250
358 18.981352 276774.406250 286365.031250 353173.531250 276774.406250
359 19.034700 276774.406250 286207.343750 353173.531250 276774.406250
360 19.083921 276774.406250 286963.625000 353173.531250 276774.406250
361 19.130987 276774.406250 286963.625000 353173.531250 276774.406250
362 19.182673 276774.406250 286963.625000 353173.531250 276774.406250
363 19.235165 276774.406250 286963.625000 353173.531250 276774.406250
364 19.282946 276774.406250 286963.625000 353173.531250 276774.406250
365 19.339464 276774.406250 286963.625000 353173.531250 276774.406250
366 19.390953 276774.406250 286963.625000 353173.531250 276774.406250
367 19.449373 276774.406250 288515.156250 354350.750000 276774.406250
368 19.508276 276774.406250 288339.593750 354350.750000 276774.406250
369 19.558727 276774.406250 288697.531250 354350.750000 276774.406250
370 19.607552 276774.406250 288697.531250 354350.750000 276774.406250
371 19.656752 276774.406250 291570.187500 420408.718750 276774.406250
372 19.708689 276774.406250 290344.812500 354350.750000 276774.406250
373 19.764977 276774.406250 290344.812500 354350.750000 276774.406250
374 19.819765 276774.406250 290344.812500 354350.750000 276774.406250
375 19.869524 276774.406250 290344.812500 354350.750000 276774.406250
376 19.927229 276774.406250 290344.812500 354350.750000 276774.406250
377 19.985390 276774.406250 290344.812500 354350.750000 276774.406250
378 20.041157 276774.406250 290344.812500 354350.750000 276774.406250
379 20.091743 276774.406250 290542.812500 354350.750000 276774.406250
380 20.141672 276774.406250 290542.812500 354350.750000 276774.406250
381 20.189449 276774.406250 290542.812500 354350.750000 276774.406250
382 20.244225 276774.406250 290542.812500 354350.750000 276774.406250
383 20.297672 276774.406250 290542.812500 354350.750000 276774.406250
384 20.353138 276774.406250 290542.812500 354350.750000 276774.406250
385 20.403194 276774.406250 290542.812500 354350.750000 276774.406250
386 20.448145 276774.406250 290542.812500 354350.750000 276774.406250
387 20.500393 276774.406250 290349.437500 354350.750000 276774.406250
388 20.552914 276774.406250 290349.437500 354350.750000 276774.406250
389 20.600677 276774.406250 290349.437500 354350.750000 276774.406250
390 20.635357 276774.406250 290349.437500 354350.750000 276774.406250
391 20.683990 276774.406250 290349.437500 354350.750000 276774.406250
392 20.740511 276774.406250 290349.437500 354350.750000 276774.406250
393 20.792208 276774.406250 290349.437500 354350.750000 276774.406250
394 20.848118 276774.406250 290134.625000 354350.750000 276774.406250
395 20.893545 276774.406250 290134.625000 354350.750000 276774.406250
396 20.949545 276774.406250 290134.625000 354350.750000 276774.406250
397 21.001204 276774.406250 290134.625000 354350.750000 276774.406250
398 21.060539 276774.406250 290134.625000 354350.750000 276774.406250
399 21.115023 276774.406250 290134.625000 354350.750000 276774.406250
400 21.172527 276774.406250 290134.625000 354350.750000 276774.406250
401 21.223543 276774.406250 290134.625000 354350.750000 276774.406250
402 21.284439 276774.406250 289839.906250 354350.750000 276774.406250
403 21.345400 276774.406250 289839.906250 354350.750000 276774.406250
404 21.406414 276774.406250 289481.968750 354350.750000 276774.406250
405 21.456181 276774.406250 288965.312500 354350.750000 276774.406250
406 21.503006 276774.406250 288448.625000 354350.750000 276774.406250
407 21.548620 276774.406250 288448.625000 354350.750000 276774.406250
408 21.596052 276774.406250 288448.625000 354350.750000 276774.406250
409 21.641665 276774.406250 288448.625000 354350.750000 276774.406250
410 21.699757 276774.406250 288448.625000 354350.750000 276774.406250
411 21.745171 276774.406250 288448.625000 354350.750000 276774.406250
412 21.802296 276774.406250 287692.375000 354350.750000 276774.406250
413 21.851660 276774.406250 287692.375000 354350.750000 276774.406250
414 21.909931 276774.406250 286356.750000 354350.750000 276774.406250
415 21.960745 276774.406250 286356.750000 354350.750000 276774.406250
416 22.011721 276774.406250 286356.750000 354350.750000 276774.406250
417 22.061388 276774.406250 286356.750000 354350.750000 276774.406250
418 22.113661 276774.406250 287360.500000 354350.750000 276774.406250
419 22.168440 276774.406250 287028.656250 354350.750000 276774.406250
420 22.223167 276774.406250 287028.656250 354350.750000 276774.406250
421 22.276375 276774.406250 287028.656250 354350.750000 276774.406250
422 22.330456 276774.406250 286024.906250 354350.750000 276774.406250
423 22.384933 276774.406250 285021.156250 354350.750000 276774.406250
424 22.427963 276774.406250 285021.156250 354350.750000 276774.406250
425 22.484669 276774.406250 285021.156250 354350.750000 276774.406250
426 22.530321 276774.406250 283685.562500 354350.750000 276774.406250
427 22.587051 276774.406250 283685.562500 354350.750000 276774.406250
428 22.632101 276774.406250 282889.718750 354350.750000 276774.406250
429 22.686089 276774.406250 283021.937500 354350.750000 276774.406250
430 22.743742 276774.406250 283021.937500 354350.750000 276774.406250
431 22.798084 276774.406250 283021.937500 354350.750000 276774.406250
432 22.853031 276774.406250 283021.937500 354350.750000 276774.406250
433 22.900352 276774.406250 283021.937500 354350.750000 276774.406250
434 22.956291 276774.406250 283021.906250 354350.750000 276774.406250
435 23.000788 276774.406250 283021.906250 354350.750000 276774.406250
436 23.051249 276774.406250 283021.906250 354350.750000 276774.406250
437 23.106455 276774.406250 283021.906250 354350.750000 276774.406250
438 23.160975 276774.406250 283021.906250 354350.750000 276774.406250
439 23.215679 276774.406250 283021.906250 354350.750000 276774.406250
440 23.276047 276774.406250 283021.906250 354350.750000 276774.406250
441 23.331579 276774.406250 285751.875000 413270.531250 276774.406250
442 23.384928 276774.406250 284374.468750 354350.750000 276774.406250
443 23.440660 276774.406250 284242.218750 354350.750000 276774.406250
444 23.482250 276774.406250 284242.218750 354350.750000 276774.406250
445 23.531176 276774.406250 283702.468750 354350.750000 276774.406250
446 23.580128 276774.406250 283702.468750 354350.750000 276774.406250
447 23.633589 276774.406250 283702.468750 354350.750000 276774.406250
448 23.691650 276774.406250 283702.468750 354350.750000 276774.406250
449 23.747725 276774.406250 283702.468750 354350.750000 276774.406250
450 23.809809 276774.406250 283702.468750 354350.750000 276774.406250
451 23.863766 276774.406250 282366.875000 354350.750000 276774.406250
452 23.915491 276774.406250 282366.875000 354350.750000 276774.406250
453 23.968458 276774.406250 282366.875000 354350.750000 276774.406250
454 24.020252 276774.406250 282366.875000 354350.750000 276774.406250
455 24.061260 276774.406250 282366.875000 354350.750000 276774.406250
456 24.110006 276774.406250 282366.875000 354350.750000 276774.406250
457 24.156437 276774.406250 282366.875000 354350.750000 276774.406250
458 24.206287 276774.406250 283941.593750 355509.625000 276774.406250
459 24.254124 276774.406250 283719.406250 354350.750000 276774.406250
460 24.301208 276774.406250 283719.406250 354350.750000 276774.406250
461 24.357552 276774.406250 284283.625000 354350.750000 276774.406250
462 24.407309 276774.406250 284447.562500 354350.750000 276774.406250
463 24.455414 276774.406250 284483.125000 354350.750000 276774.406250
464 24.511692 276774.406250 284483.093750 354350.750000 276774.406250
465 24.580124 276774.406250 284483.093750 354350.750000 276774.406250
466 24.636269 276700.875000 287347.656250 420001.562500 276774.406250
467 24.691568 276700.875000 285834.187500 354350.750000 276700.875000
468 24.742348 276700.875000 285834.187500 354350.750000 276700.875000
469 24.791023 276700.593750 285832.687500 354350.750000 276700.875000
470 24.847725 276700.593750 285832.687500 354350.750000 276700.593750
471 24.899391 276700.593750 285832.687500 354350.750000 276700.593750
472 24.951290 276700.593750 285831.218750 354350.750000 276700.593750
473 25.000675 276700.593750 285831.218750 354350.750000 276700.593750
474 25.048044 276700.593750 285829.750000 354350.750000 276700.593750
475 25.105743 276700.593750 285828.281250 354350.750000 276700.593750
476 25.155392 276700.593750 285826.812500 354350.750000 276700.593750
477 25.211985 276700.593750 285825.312500 354350.750000 276700.593750
478 25.266701 276700.593750 285825.312500 354350.750000 276700.593750
479 25.316149 276700.593750 285825.312500 354350.750000 276700.593750
480 25.369652 276700.593750 285876.812500 354350.750000 276700.593750
481 25.419422 276700.593750 285973.031250 354350.750000 276700.593750
482 25.472151 276700.593750 286055.875000 354350.750000 276700.593750
483 25.525141 276700.593750 286134.250000 354350.750000 276700.593750
484 25.579224 276700.593750 286132.781250 354350.750000 276700.593750
485 25.632692 276700.562500 286132.750000 354350.750000 276700.593750
486 25.693792 276700.562500 286132.750000 354350.750000 276700.562500
487 25.746948 276700.562500 286131.312500 354350.750000 276700.562500
488 25.800213 276700.562500 286131.312500 354350.750000 276700.562500
489 25.846764 276700.562500 286131.312500 354350.750000 276700.562500
490 25.898382 276700.562500 286131.312500 354350.750000 276700.562500
491 25.948175 276700.562500 286131.312500 354350.750000 276700.562500
492 26.002115 276700.562500 286131.312500 354350.750000 276700.562500
493 26.062380 276700.562500 286131.281250 354350.750000 276700.562500
494 26.113041 276700.562500 286131.281250 354350.750000 276700.562500
495 26.164904 276700.562500 286129.812500 354350.750000 276700.562500
496 26.218967 276700.562500 286129.812500 354350.750000 276700.562500
497 26.275251 276700.562500 286129.812500 354350.750000 276700.562500
498 26.322676 276700.562500 286129.812500 354350.750000 276700.562500
499 26.377523 276700.562500 286129.812500 354350.750000 276700.562500
500 26.428102 276700.562500 286129.812500 354350.750000 276700.562500
501 26.485895 276700.562500 286129.812500 354350.750000 276700.562500
502 26.538345 276700.562500 286129.812500 354350.750000 276700.562500
503 26.585094 276700.562500 286129.812500 354350.750000 276700.562500
504 26.637476 276700.562500 286129.812500 354350.750000 276700.562500
505 26.695127 276700.562500 286128.343750 354350.750000 276700.562500
506 26.749287 276700.562500 286128.343750 354350.750000 276700.562500
507 26.796925 276700.562500 286128.343750 354350.750000 276700.562500
508 26.842743 276700.562500 286128.343750 354350.750000 276700.562500
509 26.894461 276700.562500 286128.312500 354350.750000 276700.562500
510 26.941193 276700.562500 286128.312500 354350.750000 276700.562500
511 26.990770 276700.562500 286128.312500 354350.750000 276700.562500
512 27.038280 276700.562500 286126.843750 354350.750000 276700.562500
513 27.095465 276700.562500 286126.843750 354350.750000 276700.562500
514 27.144016 276700.562500 286126.843750 354350.750000 276700.562500
515 27.202116 276700.562500 286125.375000 354350.750000 276700.562500
516 27.260857 276700.562500 286125.375000 354350.750000 276700.562500
517 27.304964 276700.562500 286125.375000 354350.750000 276700.562500
518 27.361729 276700.562500 286125.375000 354350.750000 276700.562500
519 27.401045 276700.562500 286125.375000 354350.750000 276700.562500
520 27.452160 276700.562500 286125.375000 354350.750000 276700.562500
521 27.495192 276700.562500 286123.906250 354350.750000 276700.562500
522 27.550304 276700.562500 286122.406250 354350.750000 276700.562500
523 27.593796 276700.562500 286120.937500 354350.750000 276700.562500
524 27.649672 276700.562500 286120.937500 354350.750000 276700.562500
525 27.708939 276700.562500 286120.937500 354350.750000 276700.562500
526 27.768866 276700.562500 286120.937500 354350.750000 276700.562500
527 27.814749 276700.562500 286120.937500 354350.750000 276700.562500
528 27.866930 276700.562500 286120.937500 354350.750000 276700.562500
529 27.922049 276700.562500 286120.937500 354350.750000 276700.562500
530 27.972757 276700.562500 286119.468750 354350.750000 276700.562500
531 28.030125 276700.562500 286118.000000 354350.750000 276700.562500
532 28.077160 276700.562500 286118.000000 354350.750000 276700.562500
533 28.128300 276700.562500 286116.531250 354350.750000 276700.562500
534 28.185135 276700.562500 286115.062500 354350.750000 276700.562500
535 28.228186 276700.562500 286115.062500 354350.750000 276700.562500
536 28.280231 276700.562500 286115.062500 354350.750000 276700.562500
537 28.327171 276700.562500 286115.062500 354350.750000 276700.562500
538 28.373735 276700.562500 286115.062500 354350.750000 276700.562500
539 28.418625 276700.562500 286115.062500 354350.750000 276700.562500
540 28.471085 276700.562500 286115.062500 354350.750000 276700.562500
541 28.521961 276700.562500 286115.062500 354350.750000 276700.562500
542 28.585468 276700.562500 286115.062500 354350.750000 276700.562500
543 28.635004 276700.562500 286113.593750 354350.750000 276700.562500
544 28.685863 276700.562500 286113.562500 354350.750000 276700.562500
545 28.745667 276700.562500 286113.562500 354350.750000 276700.562500
546 28.798664 276700.562500 286112.093750 354350.750000 276700.562500
547 28.847988 276700.562500 286112.093750 354350.750000 276700.562500
548 28.899620 276700.562500 286110.625000 354350.750000 276700.562500
549 28.950815 276700.562500 286110.625000 354350.750000 276700.562500
550 29.003542 276700.562500 286109.125000 354350.750000 276700.562500
551 29.056520 276700.562500 286109.125000 354350.750000 276700.562500
552 29.118509 276700.500000 286109.125000 354350.750000 276700.562500
553 29.175964 276700.500000 286109.125000 354350.750000 276700.500000
554 29.230429 276700.500000 286109.125000 354350.750000 276700.500000
555 29.270361 276700.500000 286107.656250 354350.750000 276700.500000
556 29.323296 276700.500000 286107.656250 354350.750000 276700.500000
557 29.365908 276700.500000 286984.250000 354350.750000 276700.500000
558 29.411116 276700.500000 286984.250000 354350.750000 276700.500000
559 29.460829 276700.500000 286984.250000 354350.750000 276700.500000
560 29.515863 276700.500000 286984.218750 354350.750000 276700.500000
561 29.577068 276700.500000 286984.218750 354350.750000 276700.500000
562 29.629984 276700.500000 286984.218750 354350.750000 276700.500000
563 29.688784 276700.500000 286984.218750 354350.750000 276700.500000
564 29.733620 276700.500000 286982.750000 354350.750000 276700.500000
565 29.787310 276700.500000 286982.750000 354350.750000 276700.500000
566 29.836338 276700.500000 286982.750000 354350.750000 276700.500000
567 29.879761 276700.500000 286981.281250 354350.750000 276700.500000
568 29.935228 276700.500000 286981.281250 354350.750000 276700.500000
569 29.989285 276700.500000 286981.250000 354350.750000 276700.500000
570 30.036612 276700.500000 286981.250000 354350.750000 276700.500000
571 30.091389 276700.500000 286981.250000 354350.750000 276700.500000
572 30.148420 276700.500000 286981.250000 354350.750000 276700.500000
573 30.197927 276700.500000 287960.468750 354350.750000 276700.500000
574 30.248188 276700.500000 289005.531250 354350.750000 276700.500000
575 30.307711 276700.500000 289005.531250 354350.750000 276700.500000
576 30.356447 276700.500000 289004.062500 354350.750000 276700.500000
577 30.404264 276700.500000 289004.062500 354350.750000 276700.500000
578 30.467958 276700.500000 289004.062500 354350.750000 276700.500000
579 30.512394 276700.500000 289004.062500 354350.750000 276700.500000
580 30.554884 276700.500000 289002.593750 354350.750000 276700.500000
581 30.609060 276700.500000 289002.593750 354350.750000 276700.500000
582 30.664721 276700.500000 289001.125000 354350.750000 276700.500000
583 30.718760 276700.500000 288999.656250 354350.750000 276700.500000
584 30.770367 276700.500000 288999.625000 354350.750000 276700.500000
585 30.818413 276700.500000 288998.187500 354350.750000 276700.500000
586 30.876392 276700.500000 288998.187500 354350.750000 276700.500000
587 30.928444 276700.500000 288998.187500 354350.750000 276700.500000
588 30.980942 276700.500000 288998.156250 354350.750000 276700.500000
589 31.024689 276700.500000 288998.156250 354350.750000 276700.500000
590 31.074287 276700.500000 290698.187500 361703.593750 276700.500000
591 31.125912 276700.500000 290352.187500 354350.750000 276700.500000
592 31.183182 276700.500000 290352.187500 354350.750000 276700.500000
593 31.230209 276700.500000 290352.187500 354350.750000 276700.500000
594 31.278982 276700.500000 290352.187500 354350.750000 276700.500000
595 31.329788 276700.500000 290352.187500 354350.750000 276700.500000
596 31.392693 276700.500000 290352.187500 354350.750000 276700.500000
597 31.451059 276700.500000 290352.187500 354350.750000 276700.500000
598 31.503944 276700.500000 290352.187500 354350.750000 276700.500000
599 31.557087 276700.500000 290352.187500 354350.750000 276700.500000
600 31.605762 276700.500000 290352.187500 354350.750000 276700.500000
601 31.660910 276700.500000 290352.156250 354350.750000 276700.500000
602 31.713545 276700.500000 290352.156250 354350.750000 276700.500000
603 31.756147 276700.500000 290352.156250 354350.750000 276700.500000
604 31.810720 276700.500000 290352.156250 354350.750000 276700.500000
605 31.865908 276700.500000 290352.125000 354350.750000 276700.500000
606 31.915283 276700.500000 290352.125000 354350.750000 276700.500000
607 31.973837 276700.500000 290350.687500 354350.750000 276700.500000
608 32.029202 276700.500000 290350.687500 354350.750000 276700.500000
609 32.076328 276700.500000 290350.687500 354350.750000 276700.500000
610 32.133682 276700.500000 290350.687500 354350.750000 276700.500000
611 32.188240 276700.500000 290350.687500 354350.750000 276700.500000
612 32.242023 276700.500000 290350.687500 354350.750000 276700.500000
613 32.287621 276700.500000 290350.687500 354350.750000 276700.500000
614 32.344845 276700.500000 290350.687500 354350.750000 276700.500000
615 32.395969 276700.500000 290350.656250 354350.750000 276700.500000
616 32.447079 276700.500000 290349.187500 354350.750000 276700.500000
617 32.503510 276700.500000 290349.187500 354350.750000 276700.500000
618 32.554291 276700.500000 290349.187500 354350.750000 276700.500000
619 32.609074 276700.500000 292487.031250 383593.093750 276700.500000
620 32.660236 276700.500000 292164.812500 354350.750000 276700.500000
621 32.718258 276700.500000 292164.812500 354350.750000 276700.500000
622 32.766449 276700.500000 292164.812500 354350.750000 276700.500000
623 32.819206 276700.500000 292164.781250 354350.750000 276700.500000
624 32.873821 276700.500000 292164.781250 354350.750000 276700.500000
625 32.923466 276700.500000 292164.781250 354350.750000 276700.500000
626 32.975582 276700.500000 292164.781250 354350.750000 276700.500000
627 33.036674 276700.500000 292164.750000 354350.750000 276700.500000
628 33.093132 276700.500000 292164.750000 354350.750000 276700.500000
629 33.148415 276700.500000 292164.750000 354350.750000 276700.500000
630 33.201782 276700.500000 292164.750000 354350.750000 276700.500000
631 33.255245 276700.500000 292164.750000 354350.750000 276700.500000
632 33.301304 276700.500000 292164.750000 354350.750000 276700.500000
633 33.355991 276700.500000 292164.750000 354350.750000 276700.500000
634 33.404205 276700.500000 292163.281250 354350.750000 276700.500000
635 33.456104 276700.500000 292163.281250 354350.750000 276700.500000
636 33.512272 276700.500000 292163.281250 354350.750000 276700.500000
637 33.569752 276700.500000 292161.812500 354350.750000 276700.500000
638 33.626312 276700.500000 292161.812500 354350.750000 276700.500000
639 33.679504 276700.500000 292161.812500 354350.750000 276700.500000
640 33.737827 276700.500000 292161.812500 354350.750000 276700.500000
641 33.791119 276700.500000 292161.812500 354350.750000 276700.500000
642 33.839298 276700.500000 292161.812500 354350.750000 276700.500000
643 33.887333 276700.500000 292161.781250 354350.750000 276700.500000
644 33.940617 276700.500000 292160.312500 354350.750000 276700.500000
645 33.994732 276700.500000 292160.312500 354350.750000 276700.500000
646 34.047523 276700.500000 292160.312500 354350.750000 276700.500000
647 34.097668 276700.500000 292160.312500 354350.750000 276700.500000
648 34.147705 276700.500000 292160.312500 354350.750000 276700.500000
649 34.193581 276700.500000 292160.312500 354350.750000 276700.500000
650 34.243179 276700.500000 292160.312500 354350.750000 276700.500000
651 34.290993 276700.500000 296278.250000 482598.343750 276700.500000
652 34.333466 276700.500000 293512.875000 354350.750000 276700.500000
653 34.384434 276700.500000 293512.875000 354350.750000 276700.500000
654 34.441715 276700.500000 293512.875000 354350.750000 276700.500000
655 34.500652 276700.500000 293470.531250 354350.750000 276700.500000
656 34.545856 276700.500000 293470.531250 354350.750000 276700.500000
657 34.606140 276700.500000 293470.531250 354350.750000 276700.500000
658 34.662689 276700.500000 293470.531250 354350.750000 276700.500000
659 34.729912 276700.500000 295742.593750 390304.718750 276700.500000
660 34.787041 276700.500000 296429.000000 356922.656250 276700.531250
661 34.846241 276700.500000 296230.031250 356922.656250 276700.531250
662 34.903477 276700.500000 296230.031250 356922.656250 276700.531250
663 34.953423 276700.500000 296230.031250 356922.656250 276700.531250
664 35.007492 276700.500000 296230.031250 356922.656250 276700.500000
665 35.059067 276700.500000 296230.031250 356922.656250 276700.500000
666 35.117672 276700.500000 296230.031250 356922.656250 276700.500000
667 35.177273 276700.500000 296230.000000 356922.656250 276700.500000
668 35.234428 276700.500000 296177.062500 356922.656250 276700.500000
669 35.283207 276700.500000 296177.062500 356922.656250 276700.500000
670 35.330399 276700.500000 296177.062500 356922.656250 276700.500000
671 35.374058 276700.500000 296177.031250 356922.656250 276700.500000
672 35.432716 276700.500000 296902.031250 356922.656250 276700.500000
673 35.478203 276700.500000 297096.125000 356922.656250 276700.500000
674 35.528656 276700.500000 297016.250000 356922.656250 276700.500000
675 35.574387 276700.500000 297016.250000 356922.656250 276700.500000
676 35.624481 276700.500000 296931.968750 356922.656250 276700.500000
677 35.664555 276700.500000 296931.968750 356922.656250 276700.500000
678 35.711166 276700.500000 298287.406250 356922.656250 276700.500000
679 35.767220 276700.500000 298287.437500 356922.656250 276700.500000
680 35.819660 276700.500000 298287.437500 356922.656250 276700.500000
681 35.867573 276700.500000 298093.312500 356922.656250 276700.500000
682 35.915043 276700.500000 299973.531250 370711.031250 276700.500000
683 35.965488 276700.500000 299646.343750 356922.656250 276700.500000
684 36.020966 276700.500000 299646.343750 356922.656250 276700.500000
685 36.077881 276700.500000 299445.375000 356922.656250 276700.500000
686 36.136993 276700.500000 299445.375000 356922.656250 276700.500000
687 36.184757 276700.500000 299445.343750 356922.656250 276700.500000
688 36.235271 276700.500000 299445.343750 356922.656250 276700.500000
689 36.280304 276700.500000 299038.250000 356922.656250 276700.500000
690 36.327686 276700.500000 299038.250000 356922.656250 276700.500000
691 36.376461 276700.500000 298576.625000 356922.656250 276700.500000
692 36.434025 276700.500000 298010.968750 356922.656250 276700.500000
693 36.489296 276700.500000 298010.968750 356922.656250 276700.500000
694 36.548939 276700.500000 297438.875000 356922.656250 276700.500000
695 36.601429 276700.500000 298147.187500 356922.656250 276700.531250
696 36.653309 276700.500000 298147.218750 356922.656250 276700.531250
697 36.700394 276700.500000 298147.218750 356922.656250 276700.531250
698 36.758472 276700.500000 298147.218750 356922.656250 276700.531250
699 36.809757 276700.500000 298147.218750 356922.656250 276700.531250
700 36.855118 276700.500000 298147.187500 356922.656250 276700.531250
701 36.911205 276700.500000 298147.187500 356922.656250 276700.531250
702 36.962112 276700.500000 298147.187500 356922.656250 276700.531250
703 37.014454 276700.500000 298147.187500 356922.656250 276700.531250
704 37.063526 276700.500000 298147.187500 356922.656250 276700.531250
705 37.116413 276700.500000 298147.187500 356922.656250 276700.531250
706 37.163654 276700.500000 298147.187500 356922.656250 276700.531250
707 37.212833 276700.500000 298147.187500 356922.656250 276700.531250
708 37.261013 276700.500000 298147.187500 356922.656250 276700.531250
709 37.309399 276700.500000 297438.875000 356922.656250 276700.531250
710 37.357513 276700.500000 296713.906250 356922.656250 276700.531250
711 37.418247 276700.500000 296713.906250 356922.656250 276700.531250
712 37.469360 276700.500000 296713.906250 356922.656250 276700.531250
713 37.513222 276700.500000 296713.906250 356922.656250 276700.531250
714 37.570068 276700.500000 296713.906250 356922.656250 276700.531250
715 37.622009 276700.500000 296713.906250 356922.656250 276700.531250
716 37.671944 276700.500000 296713.906250 356922.656250 276700.531250
717 37.727268 276700.500000 296713.875000 356922.656250 276700.531250
718 37.777321 276700.500000 296713.875000 356922.656250 276700.531250
719 37.832199 276700.500000 296713.875000 356922.656250 276700.531250
720 37.880131 276700.500000 296713.875000 356922.656250 276700.531250
721 37.942768 276700.500000 296713.875000 356922.656250 276700.531250
722 37.989964 276700.500000 295837.312500 356922.656250 276700.531250
723 38.031090 276700.500000 294834.625000 356922.656250 276700.531250
724 38.088505 276700.500000 294834.625000 356922.656250 276700.531250
725 38.135933 276700.500000 294834.625000 356922.656250 276700.531250
726 38.180168 276700.500000 294834.625000 356922.656250 276700.531250
727 38.230633 276700.500000 293497.531250 356922.656250 276700.531250
728 38.284698 276700.500000 293497.531250 356922.656250 276700.531250
729 38.339825 276700.500000 293497.531250 356922.656250 276700.531250
730 38.391193 276700.500000 292143.531250 356922.656250 276700.531250
731 38.435421 276700.500000 292143.531250 356922.656250 276700.531250
732 38.482231 276700.500000 292143.531250 356922.656250 276700.531250
733 38.528152 276700.500000 292143.531250 356922.656250 276700.531250
734 38.583286 276700.500000 292143.531250 356922.656250 276700.531250
735 38.629135 276700.500000 292143.531250 356922.656250 276700.531250
736 38.691319 276700.500000 292143.531250 356922.656250 276700.531250
737 38.732319 276700.500000 292143.531250 356922.656250 276700.531250
738 38.784737 276700.500000 292143.531250 356922.656250 276700.531250
739 38.842720 276700.500000 292143.531250 356922.656250 276700.531250
740 38.896439 276700.500000 292143.531250 356922.656250 276700.531250
741 38.944435 276700.500000 292143.531250 356922.656250 276700.531250
742 39.003422 276700.500000 290789.500000 356922.656250 276700.531250
743 39.059021 276700.500000 290789.500000 356922.656250 276700.531250
744 39.114841 276700.500000 290789.500000 356922.656250 276700.531250
745 39.174526 276700.500000 290789.468750 356922.656250 276700.531250
746 39.227894 276700.500000 290789.468750 356922.656250 276700.531250
747 39.280151 276700.500000 290789.468750 356922.656250 276700.531250
748 39.327209 276700.500000 290789.468750 356922.656250 276700.531250
749 39.377380 276700.500000 290805.531250 356922.656250 276700.531250
750 39.431305 276700.500000 290805.531250 356922.656250 276700.531250
751 39.484104 276700.500000 290805.531250 356922.656250 276700.531250
752 39.534775 276700.500000 290805.531250 356922.656250 276700.531250
753 39.593231 276700.500000 290805.531250 356922.656250 276700.531250
754 39.655258 276700.500000 290805.531250 356922.656250 276700.531250
755 39.716267 276700.500000 290805.531250 356922.656250 276700.531250
756 39.772987 276700.500000 294875.968750 480222.062500 276700.531250
757 39.822968 276700.500000 292783.781250 356922.656250 276700.531250
758 39.869450 276700.500000 292783.750000 356922.656250 276700.531250
759 39.921062 276700.500000 293139.656250 356922.656250 276700.531250
760 39.966839 276700.500000 293139.625000 356922.656250 276700.531250
761 40.022682 276700.500000 293139.625000 356922.656250 276700.531250
762 40.078831 276700.500000 293139.625000 356922.656250 276700.531250
763 40.129799 276700.500000 293139.625000 356922.656250 276700.531250
764 40.189064 276700.500000 293139.625000 356922.656250 276700.531250
765 40.242012 276700.500000 293139.625000 356922.656250 276700.531250
766 40.293793 276700.500000 293139.625000 356922.656250 276700.531250
767 40.348881 276700.500000 293139.656250 356922.656250 276700.531250
768 40.394211 276700.500000 294367.156250 356922.656250 276700.531250
769 40.452831 276700.500000 294367.156250 356922.656250 276700.531250
770 40.510372 276700.500000 294367.156250 356922.656250 276700.531250
771 40.570644 276700.500000 295400.812500 356922.656250 276700.531250
772 40.622513 276700.500000 296084.281250 356922.656250 276700.531250
773 40.677540 276700.500000 296520.531250 356922.656250 276700.531250
774 40.733776 276700.500000 296520.531250 356922.656250 276700.531250
775 40.792633 276700.500000 296164.656250 356922.656250 276700.531250
776 40.841152 276700.500000 296164.656250 356922.656250 276700.531250
777 40.896152 276700.500000 295739.437500 356922.656250 276700.531250
778 40.946568 276700.500000 295739.437500 356922.656250 276700.531250
779 41.003654 276700.500000 295739.437500 356922.656250 276700.531250
780 41.057865 276700.500000 295303.218750 356922.656250 276700.531250
781 41.110817 276700.500000 295303.218750 356922.656250 276700.531250
782 41.162312 276700.500000 295303.187500 356922.656250 276700.531250
783 41.216900 276700.500000 295303.187500 356922.656250 276700.531250
784 41.270386 276700.500000 295303.187500 356922.656250 276700.531250
785 41.323483 276700.500000 295303.187500 356922.656250 276700.531250
786 41.379879 276700.500000 294619.718750 356922.656250 276700.531250
787 41.434238 276700.500000 294619.718750 356922.656250 276700.531250
788 41.492577 276700.500000 293586.093750 356922.656250 276700.531250
789 41.543064 276700.500000 293586.093750 356922.656250 276700.531250
790 41.590687 276700.500000 293586.093750 356922.656250 276700.531250
791 41.649384 276700.500000 293586.093750 356922.656250 276700.531250
792 41.706264 276700.500000 293586.093750 356922.656250 276700.531250
793 41.758064 276700.500000 293586.093750 356922.656250 276700.531250
794 41.806870 276700.500000 293586.062500 356922.656250 276700.531250
795 41.864784 276700.500000 293586.062500 356922.656250 276700.531250
796 41.922840 276700.500000 293586.062500 356922.656250 276700.531250
797 41.963295 276700.500000 293586.062500 356922.656250 276700.531250
798 42.012890 276700.500000 293586.062500 356922.656250 276700.531250
799 42.060623 276700.500000 292358.562500 356922.656250 276700.531250
800 42.111378 276700.500000 291004.531250 356922.656250 276700.531250
801 42.164707 276700.500000 291004.531250 356922.656250 276700.531250
802 42.219505 276700.500000 291004.531250 356922.656250 276700.531250
803 42.269081 276700.500000 291004.531250 356922.656250 276700.531250
804 42.325317 276700.500000 291004.531250 356922.656250 276700.531250
805 42.385319 276700.500000 291004.531250 356922.656250 276700.531250
806 42.439560 276700.500000 291004.531250 356922.656250 276700.531250
807 42.492264 276700.500000 291004.531250 356922.656250 276700.531250
808 42.546913 276700.500000 289650.500000 356922.656250 276700.531250
809 42.597340 276700.500000 289650.500000 356922.656250 276700.531250
810 42.652321 276700.500000 289650.500000 356922.656250 276700.531250
811 42.703129 276700.500000 289650.500000 356922.656250 276700.531250
812 42.754776 276700.500000 289650.500000 356922.656250 276700.531250
813 42.805035 276700.500000 289650.531250 356922.656250 276700.531250
814 42.851238 276700.500000 290088.593750 356922.656250 276700.531250
815 42.907249 276700.500000 292310.968750 387818.281250 276700.531250
816 42.959270 276700.500000 292312.906250 356922.656250 276700.531250
817 43.000568 276700.500000 296476.062500 484857.781250 276700.531250
818 43.049385 276700.500000 294183.687500 356922.656250 276700.531250
819 43.096069 276700.500000 294183.718750 356922.656250 276700.531250
820 43.143230 276700.500000 295636.968750 356922.656250 276700.531250
821 43.198555 276700.500000 295636.968750 356922.656250 276700.531250
822 43.249592 276700.500000 295636.968750 356922.656250 276700.531250
823 43.302837 276700.500000 295636.968750 356922.656250 276700.531250
824 43.360832 276700.500000 297296.156250 359661.125000 276700.531250
825 43.423100 276700.500000 297189.968750 356922.656250 276700.531250
826 43.476730 276700.500000 297189.968750 356922.656250 276700.531250
827 43.524185 276700.500000 297189.968750 356922.656250 276700.531250
828 43.579845 276700.500000 296872.187500 356922.656250 276700.531250
829 43.629044 276700.500000 296872.187500 356922.656250 276700.531250
830 43.667114 276700.500000 296872.187500 356922.656250 276700.531250
831 43.726383 276700.500000 296872.187500 356922.656250 276700.531250
832 43.781116 276700.500000 296872.187500 356922.656250 276700.531250
833 43.828659 276700.500000 296872.156250 356922.656250 276700.531250
834 43.881737 276700.500000 296872.156250 356922.656250 276700.531250
835 43.927231 276700.500000 296872.156250 356922.656250 276700.531250
836 43.970608 276700.500000 296872.156250 356922.656250 276700.531250
837 44.028210 276700.500000 296872.125000 356922.656250 276700.531250
838 44.081100 276700.500000 296872.125000 356922.656250 276700.531250
839 44.132732 276700.500000 296872.125000 356922.656250 276700.531250
840 44.194736 276700.500000 296872.125000 356922.656250 276700.531250
841 44.248539 276700.500000 296872.125000 356922.656250 276700.531250
842 44.300770 276700.500000 296872.125000 356922.656250 276700.531250
843 44.354969 276700.500000 296872.125000 356922.656250 276700.531250
844 44.410740 276700.500000 296872.125000 356922.656250 276700.531250
845 44.469395 276700.500000 296872.093750 356922.656250 276700.531250
846 44.517384 276700.500000 296434.031250 356922.656250 276700.531250
847 44.564869 276700.500000 296434.031250 356922.656250 276700.531250
848 44.619190 276700.500000 296434.031250 356922.656250 276700.531250
849 44.658363 276700.500000 297544.031250 356922.656250 276700.531250
850 44.696171 276700.500000 297544.031250 356922.656250 276700.531250
851 44.754181 276700.500000 297544.031250 356922.656250 276700.531250
852 44.810287 276700.500000 297544.031250 356922.656250 276700.531250
853 44.864456 276700.500000 297544.031250 356922.656250 276700.531250
854 44.911121 276700.500000 297544.031250 356922.656250 276700.531250
855 44.961929 276700.500000 297544.031250 356922.656250 276700.531250
856 45.015461 276700.500000 297544.000000 356922.656250 276700.531250
857 45.072029 276700.500000 297544.000000 356922.656250 276700.531250
858 45.125423 276700.500000 297544.000000 356922.656250 276700.531250
859 45.175297 276700.500000 297544.000000 356922.656250 276700.531250
860 45.227535 276700.500000 297544.000000 356922.656250 276700.531250
861 45.282749 276700.500000 297544.000000 356922.656250 276700.531250
862 45.329792 276700.500000 297544.000000 356922.656250 276700.531250
863 45.376465 276700.500000 297544.000000 356922.656250 276700.531250
864 45.431160 276700.500000 297544.000000 356922.656250 276700.531250
865 45.493111 276700.500000 297544.000000 356922.656250 276700.531250
866 45.548161 276700.500000 297544.000000 356922.656250 276700.531250
867 45.607414 276700.500000 297544.000000 356922.656250 276700.531250
868 45.653530 276700.500000 297544.000000 356922.656250 276700.531250
869 45.702183 276700.500000 296872.687500 356922.656250 276700.531250
870 45.759312 276700.500000 296872.687500 356922.656250 276700.531250
871 45.813499 276700.500000 295762.718750 356922.656250 276700.531250
872 45.863651 276700.500000 297640.500000 370588.687500 276700.531250
873 45.916233 276700.500000 297315.718750 356922.656250 276700.531250
874 45.965309 276700.500000 295961.687500 356922.656250 276700.531250
875 46.020088 276700.500000 295961.687500 356922.656250 276700.531250
876 46.080421 276700.500000 295961.687500 356922.656250 276700.531250
877 46.131481 276700.500000 295961.687500 356922.656250 276700.531250
878 46.180546 276700.500000 295961.687500 356922.656250 276700.531250
879 46.228481 276700.500000 295961.687500 356922.656250 276700.531250
880 46.287067 276700.500000 295961.687500 356922.656250 276700.531250
881 46.334675 276700.500000 295961.687500 356922.656250 276700.531250
882 46.384548 276700.500000 294607.687500 356922.656250 276700.531250
883 46.438519 276700.500000 296307.593750 361696.187500 276700.531250
884 46.494385 276700.500000 296594.937500 361696.187500 276700.531250
885 46.550701 276700.500000 296594.968750 361696.187500 276700.531250
886 46.607941 276700.500000 296594.968750 361696.187500 276700.531250
887 46.662785 276700.500000 296594.968750 361696.187500 276700.531250
888 46.710072 276700.500000 296594.968750 361696.187500 276700.531250
889 46.755520 276700.500000 296594.968750 361696.187500 276700.531250
890 46.801277 276700.500000 296594.968750 361696.187500 276700.531250
891 46.857273 276700.500000 298085.093750 361696.187500 276700.531250
892 46.911785 276700.500000 298614.531250 361696.187500 276700.531250
893 46.964725 276700.500000 299146.437500 361696.187500 276700.531250
894 47.012848 276700.500000 299146.437500 361696.187500 276700.531250
895 47.061897 276700.500000 299146.406250 361696.187500 276700.531250
896 47.117111 276700.500000 299146.406250 361696.187500 276700.531250
897 47.162270 276700.500000 299146.406250 361696.187500 276700.531250
898 47.208302 276700.500000 299146.406250 361696.187500 276700.531250
899 47.258888 276700.500000 299146.406250 361696.187500 276700.531250
900 47.314411 276700.500000 298807.625000 361696.187500 276700.531250
901 47.366142 276700.500000 298807.625000 361696.187500 276700.531250
902 47.418953 276700.500000 298807.625000 361696.187500 276700.531250
903 47.474243 276700.500000 298807.625000 361696.187500 276700.531250
904 47.526703 276700.500000 298807.593750 361696.187500 276700.531250
905 47.572712 276700.500000 298807.593750 361696.187500 276700.531250
906 47.625786 276700.500000 298807.593750 361696.187500 276700.531250
907 47.674892 276700.500000 298807.593750 361696.187500 276700.531250
908 47.729404 276700.500000 298275.687500 361696.187500 276700.531250
909 47.781384 276700.500000 297683.406250 361696.187500 276700.531250
910 47.830769 276700.500000 297683.406250 361696.187500 276700.531250
911 47.887730 276700.500000 296329.406250 361696.187500 276700.531250
912 47.948128 276700.500000 296329.406250 361696.187500 276700.531250
913 47.994991 276700.500000 296329.406250 361696.187500 276700.531250
914 48.048096 276700.500000 296329.406250 361696.187500 276700.531250
915 48.106659 276700.500000 296329.406250 361696.187500 276700.531250
916 48.164963 276700.500000 296329.406250 361696.187500 276700.531250
917 48.217968 276700.500000 300127.687500 406446.937500 276700.531250
918 48.269756 276700.500000 299395.218750 361696.187500 276700.531250
919 48.330612 276700.500000 299299.750000 361696.156250 276700.531250
920 48.394405 276700.500000 299299.750000 361696.156250 276700.531250
921 48.441128 276700.500000 299299.750000 361696.156250 276700.531250
922 48.501976 276700.500000 299299.750000 361696.156250 276700.531250
923 48.549732 276700.500000 299299.750000 361696.156250 276700.531250
924 48.599804 276700.500000 299299.750000 361696.156250 276700.531250
925 48.651531 276700.500000 299299.750000 361696.156250 276700.531250
926 48.697914 276700.500000 299299.750000 361696.156250 276700.531250
927 48.758549 276700.500000 299299.750000 361696.156250 276700.531250
928 48.808559 276700.500000 299299.750000 361696.156250 276700.531250
929 48.864746 276700.500000 299299.750000 361696.156250 276700.531250
930 48.911911 276700.500000 299299.750000 361696.156250 276700.531250
931 48.956703 276700.500000 299299.750000 361696.156250 276700.531250
932 49.005840 276700.500000 299299.750000 361696.156250 276700.531250
933 49.063385 276700.500000 299299.750000 361696.156250 276700.531250
934 49.120472 276700.500000 298184.250000 361696.156250 276700.531250
935 49.164810 276700.500000 298184.250000 361696.156250 276700.531250
936 49.217255 276700.500000 299476.531250 361696.156250 276700.531250
937 49.272137 276700.500000 299476.531250 361696.156250 276700.531250
938 49.325512 276700.500000 299476.531250 361696.156250 276700.531250
939 49.378464 276700.500000 299476.531250 361696.156250 276700.531250
940 49.427856 276700.500000 299476.531250 361696.156250 276700.531250
941 49.478111 276700.500000 298184.281250 361696.156250 276700.531250
942 49.522125 276700.500000 296814.187500 361696.156250 276700.531250
943 49.572632 276700.500000 296814.187500 361696.156250 276700.531250
944 49.623508 276700.500000 296814.187500 361696.156250 276700.531250
945 49.673344 276700.500000 296814.187500 361696.156250 276700.531250
946 49.729111 276700.500000 296814.187500 361696.156250 276700.531250
947 49.775177 276700.500000 296814.187500 361696.156250 276700.531250
948 49.824211 276700.500000 296814.187500 361696.156250 276700.531250
949 49.876289 276700.500000 296814.187500 361696.156250 276700.531250
950 49.931980 276700.500000 297983.468750 361696.156250 276700.531250
951 49.975899 276700.500000 298055.000000 361696.156250 276700.531250
952 50.025635 276700.500000 298350.406250 361696.156250 276700.531250
953 50.084179 276700.500000 298350.406250 361696.156250 276700.531250
954 50.138306 276700.500000 298350.406250 361696.156250 276700.531250
955 50.187935 276700.500000 301974.406250 457901.000000 276700.531250
956 50.243378 276700.500000 300432.375000 361696.156250 276700.531250
957 50.307640 276700.500000 301481.812500 361696.156250 276700.531250
958 50.378139 276700.500000 301481.812500 361696.156250 276700.531250
959 50.421478 276700.500000 301481.812500 361696.156250 276700.531250
960 50.467201 276700.500000 301481.812500 361696.156250 276700.531250
961 50.518448 276700.500000 301410.281250 361696.156250 276700.531250
962 50.565281 276700.500000 301410.281250 361696.156250 276700.531250
963 50.624187 276700.500000 301410.281250 361696.156250 276700.531250
964 50.668198 276700.500000 301410.281250 361696.156250 276700.531250
965 50.715462 276700.500000 301410.250000 361696.156250 276700.531250
966 50.775246 276700.500000 301114.843750 361696.156250 276700.531250
967 50.825817 276700.500000 301114.843750 361696.156250 276700.531250
968 50.872070 276700.500000 301114.843750 361696.156250 276700.531250
969 50.926762 276700.500000 301114.843750 361696.156250 276700.531250
970 50.978691 276700.500000 301114.843750 361696.156250 276700.531250
971 51.036144 276700.500000 301114.843750 361696.156250 276700.531250
972 51.089272 276700.500000 301114.843750 361696.156250 276700.531250
973 51.141476 276700.500000 301114.843750 361696.156250 276700.531250
974 51.201351 276700.500000 301114.843750 361696.156250 276700.531250
975 51.252872 276700.500000 301114.843750 361696.156250 276700.531250
976 51.306625 276700.500000 301114.843750 361696.156250 276700.531250
977 51.350433 276700.500000 301114.843750 361696.156250 276700.531250
978 51.402714 276700.500000 301114.843750 361696.156250 276700.531250
979 51.449402 276700.500000 301114.843750 361696.156250 276700.531250
980 51.500462 276700.500000 301114.843750 361696.156250 276700.531250
981 51.558521 276700.500000 301114.843750 361696.156250 276700.531250
982 51.607075 276700.500000 300637.343750 361696.156250 276700.531250
983 51.650928 276700.500000 300637.312500 361696.156250 276700.531250
984 51.699097 276700.500000 300637.312500 361696.156250 276700.531250
985 51.754547 276700.500000 299587.875000 361696.156250 276700.531250
986 51.800327 276700.500000 299587.875000 361696.156250 276700.531250
987 51.855835 276700.500000 299587.875000 361696.156250 276700.531250
988 51.908646 276700.500000 299587.875000 361696.156250 276700.531250
989 51.960304 276700.500000 299587.875000 361696.156250 276700.531250
990 52.022171 276700.500000 298418.625000 361696.156250 276700.531250
991 52.068317 276700.500000 298418.625000 361696.156250 276700.531250
992 52.111801 276700.500000 298418.625000 361696.156250 276700.531250
993 52.169163 276700.500000 298418.625000 361696.156250 276700.531250
994 52.211563 276700.500000 298418.625000 361696.156250 276700.531250
995 52.255833 276700.500000 301880.187500 449778.562500 276700.531250
996 52.310867 276700.500000 298569.875000 361696.156250 276700.531250
997 52.366798 276700.500000 298569.875000 361696.156250 276700.531250
998 52.419170 276700.500000 299512.187500 361696.156250 276700.531250
999 52.473400 276700.500000 299779.375000 361696.156250 276700.531250
1000 52.520576 276700.500000 300048.031250 361696.156250 276700.531250
1001 52.580303 276700.500000 300048.031250 361696.156250 276700.531250
1002 52.627361 276700.500000 300048.031250 361696.156250 276700.531250
1003 52.676411 276700.500000 300048.031250 361696.156250 276700.531250
1004 52.722088 276700.500000 300048.031250 361696.156250 276700.531250
1005 52.772823 276700.500000 300048.031250 361696.156250 276700.531250
1006 52.830189 276700.500000 300048.031250 361696.156250 276700.531250
1007 52.879452 276700.500000 300048.031250 361696.156250 276700.531250
1008 52.931828 276700.500000 300048.031250 361696.156250 276700.531250
1009 52.973358 276700.500000 300048.031250 361696.156250 276700.531250
1010 53.026623 276700.500000 299780.812500 361696.156250 276700.531250
1011 53.072548 276700.500000 299780.812500 361696.156250 276700.531250
1012 53.119488 276700.500000 299780.812500 361696.156250 276700.531250
1013 53.165585 276700.500000 299512.156250 361696.156250 276700.531250
1014 53.221161 276700.500000 298569.875000 361696.156250 276700.531250
1015 53.281048 276700.500000 298569.875000 361696.156250 276700.531250
1016 53.336121 276700.500000 299166.687500 361696.156250 276700.531250
1017 53.387028 276700.500000 298310.312500 361696.156250 276700.531250
1018 53.442310 276700.500000 298310.312500 361696.156250 276700.531250
1019 53.491257 276700.500000 298310.312500 361696.156250 276700.531250
1020 53.541401 276700.500000 298310.312500 361696.156250 276700.531250
1021 53.602844 276700.500000 298310.312500 361696.156250 276700.531250
1022 53.654163 276700.500000 297713.468750 361696.156250 276700.531250
1023 53.709728 276700.500000 297713.468750 361696.156250 276700.531250
1024 53.769459 276700.500000 297116.625000 361696.156250 276700.531250
1025 53.818493 276700.500000 297116.625000 361696.156250 276700.531250
1026 53.867359 276700.500000 297116.625000 361696.156250 276700.531250
1027 53.921612 276700.500000 297116.625000 361696.156250 276700.531250
1028 53.968102 276700.500000 296676.812500 361696.156250 276700.531250
1029 54.007763 276700.500000 296685.562500 361696.156250 276700.531250
1030 54.053204 276700.500000 296685.562500 361696.156250 276700.531250
1031 54.105530 276700.500000 295626.531250 361696.156250 276700.531250
1032 54.151451 276700.500000 295626.531250 361696.156250 276700.531250
1033 54.201637 276700.500000 294136.375000 361696.156250 276700.531250
1034 54.242031 276700.500000 294136.375000 361696.156250 276700.531250
1035 54.294338 276700.500000 294136.375000 361696.156250 276700.531250
1036 54.339893 276700.500000 294136.375000 361696.156250 276700.531250
1037 54.390633 276700.500000 294136.375000 361696.156250 276700.531250
1038 54.444901 276700.500000 292583.375000 361696.156250 276700.531250
1039 54.502460 276700.500000 292583.375000 361696.156250 276700.531250
1040 54.557201 276700.500000 292583.375000 361696.156250 276700.531250
1041 54.603580 276700.500000 292583.375000 361696.156250 276700.531250
1042 54.653965 276700.500000 292583.375000 361696.156250 276700.531250
1043 54.705917 276700.500000 292583.375000 361696.156250 276700.531250
1044 54.764851 276700.500000 292583.375000 361696.156250 276700.531250
1045 54.816662 276700.500000 292583.375000 361696.156250 276700.531250
1046 54.859901 276700.500000 291030.375000 361696.156250 276700.531250
1047 54.912212 276700.500000 291030.375000 361696.156250 276700.531250
1048 54.974297 276700.500000 291030.375000 361696.156250 276700.531250
1049 55.030064 276700.500000 291030.375000 361696.156250 276700.531250
1050 55.089554 276700.500000 291030.375000 361696.156250 276700.531250
1051 55.141479 276700.500000 291030.375000 361696.156250 276700.531250
1052 55.205944 276700.500000 291030.375000 361696.156250 276700.531250
