0 0.000000 3133.838379 3317.416016
1 0.043000 2988.867676 3317.416016
2 0.089000 2988.867676 3245.314453
3 0.147000 2935.204834 3203.349365
4 0.195000 2924.708496 3168.707764
5 0.241000 2913.823486 3153.088135
6 0.291000 2885.157227 3127.871826
7 0.342000 2869.333496 3110.146240
8 0.389000 2861.785156 3099.062500
9 0.433000 2861.785156 3073.790039
10 0.480000 2839.379639 3072.042725
11 0.527000 2839.379639 3053.182861
12 0.575000 2838.899902 3035.813232
13 0.617000 2823.086182 3024.806641
14 0.664000 2820.011475 3010.809082
15 0.710000 2807.870850 2998.505615
16 0.757000 2807.870850 2987.433350
17 0.803000 2797.338135 2977.818115
18 0.850000 2797.338135 2965.881348
19 0.888000 2797.338135 2955.170410
20 0.936000 2785.781982 2945.723145
21 0.979000 2785.781982 2946.893066
22 1.023000 2773.826904 2935.854492
23 1.069000 2773.826904 2930.948486
24 1.111000 2773.826904 2922.753662
25 1.155000 2765.965820 2924.527832
26 1.198000 2763.159668 2913.658447
27 1.243000 2763.159668 2908.423340
28 1.292000 2763.159668 2900.994629
29 1.339000 2761.171143 2898.221191
30 1.382000 2741.896240 2889.387207
31 1.428000 2741.896240 2884.354980
32 1.474000 2737.621338 2878.478027
33 1.525000 2737.621338 2874.445313
34 1.571000 2737.621338 2872.850098
35 1.616000 2737.621338 2867.895020
36 1.654000 2737.621338 2864.508789
37 1.699000 2737.621338 2865.784424
38 1.741000 2737.621338 2864.601318
39 1.787000 2737.621338 2869.156250
40 1.830000 2733.008789 2860.019775
41 1.877000 2733.008789 2856.174316
42 1.922000 2723.120361 2861.360352
43 1.969000 2721.223389 2850.078125
44 2.015000 2721.223389 2848.757080
45 2.055000 2721.223389 2843.287109
46 2.094000 2721.223389 2840.455566
47 2.140000 2721.223389 2842.124268
48 2.181000 2721.223389 2843.320557
49 2.221000 2721.223389 2846.329346
50 2.268000 2721.223389 2842.280518
51 2.311000 2721.223389 2837.937744
52 2.359000 2721.223389 2835.911621
53 2.405000 2718.809570 2836.466797
54 2.446000 2718.809570 2830.575928
55 2.496000 2718.809570 2830.897217
56 2.537000 2718.809570 2827.510986
57 2.583000 2718.809570 2828.905029
58 2.624000 2710.252197 2828.073242
59 2.667000 2710.252197 2824.549072
60 2.715000 2710.252197 2841.788086
61 2.757000 2710.252197 2838.310547
62 2.803000 2710.252197 2834.215088
63 2.848000 2710.252197 2827.988037
64 2.895000 2710.252197 2825.742432
65 2.941000 2710.252197 2823.528076
66 2.992000 2710.252197 2824.785889
67 3.036000 2710.252197 2827.583740
68 3.083000 2710.252197 2825.930664
69 3.128000 2710.252197 2823.890381
70 3.176000 2710.252197 2829.151855
71 3.222000 2710.252197 2828.059082
72 3.269000 2710.252197 2826.181885
73 3.316000 2710.252197 2824.656006
74 3.359000 2710.252197 2823.894287
75 3.405000 2710.252197 2822.992432
76 3.453000 2710.252197 2821.010986
77 3.499000 2710.252197 2819.292725
78 3.547000 2710.252197 2819.569336
79 3.592000 2710.252197 2829.744141
80 3.636000 2710.252197 2823.351807
81 3.681000 2710.252197 2816.727295
82 3.723000 2710.252197 2825.382080
83 3.769000 2710.252197 2822.300537
84 3.814000 2710.252197 2817.059326
85 3.858000 2710.252197 2815.457520
86 3.899000 2710.252197 2813.614990
87 3.947000 2710.252197 2812.327393
88 3.989000 2710.252197 2811.664795
89 4.033000 2710.252197 2810.408447
90 4.079000 2710.252197 2815.956055
91 4.124000 2710.252197 2813.675049
92 4.170000 2710.252197 2811.697510
93 4.218000 2710.252197 2809.185303
94 4.262000 2710.252197 2809.857178
95 4.304000 2710.252197 2820.260742
96 4.349000 2710.252197 2821.301025
97 4.391000 2710.252197 2817.975098
98 4.440000 2710.252197 2811.436279
99 4.479000 2710.252197 2811.653320
100 4.525000 2710.252197 2811.805664
101 4.569000 2710.252197 2811.570557
102 4.611000 2710.252197 2809.303467
103 4.660000 2710.252197 2813.760010
104 4.706000 2710.252197 2819.830566
105 4.753000 2710.252197 2819.503662
106 4.797000 2710.252197 2822.249268
107 4.839000 2710.252197 2821.614990
108 4.884000 2710.252197 2825.415527
109 4.932000 2710.252197 2817.501953
110 4.977000 2710.252197 2815.522705
111 5.019000 2710.252197 2813.967773
112 5.062000 2710.252197 2819.065674
113 5.105000 2710.252197 2818.271240
114 5.152000 2710.252197 2816.170898
115 5.194000 2710.252197 2816.527832
116 5.238000 2710.252197 2818.141602
117 5.283000 2710.252197 2818.075928
118 5.322000 2710.252197 2821.318848
119 5.369000 2710.252197 2828.670654
120 5.415000 2710.252197 2822.333984
121 5.458000 2710.252197 2819.831543
122 5.498000 2710.252197 2819.540283
123 5.545000 2710.252197 2830.355713
124 5.587000 2710.252197 2824.019775
125 5.632000 2710.252197 2819.977295
126 5.676000 2710.252197 2828.781494
127 5.723000 2710.252197 2821.860107
128 5.770000 2710.252197 2820.245117
129 5.814000 2710.252197 2824.814453
130 5.856000 2710.252197 2818.759766
131 5.903000 2710.252197 2821.878174
132 5.947000 2710.252197 2818.258545
133 5.992000 2710.252197 2819.936035
134 6.038000 2710.252197 2814.495850
135 6.083000 2710.252197 2814.214600
136 6.126000 2710.252197 2815.192139
137 6.171000 2710.252197 2815.217773
138 6.220000 2710.252197 2812.923340
139 6.267000 2710.252197 2812.407471
140 6.313000 2710.252197 2818.000732
141 6.351000 2710.252197 2822.318115
142 6.395000 2710.252197 2817.864258
143 6.439000 2710.252197 2818.959717
144 6.481000 2710.252197 2816.669678
145 6.525000 2710.252197 2819.343994
146 6.570000 2710.252197 2819.058350
147 6.614000 2710.252197 2816.581543
148 6.656000 2710.252197 2814.385010
149 6.701000 2710.252197 2812.223145
150 6.751000 2710.252197 2810.781982
151 6.797000 2710.252197 2810.381592
152 6.842000 2710.252197 2809.512207
153 6.883000 2710.252197 2805.720215
154 6.929000 2710.252197 2805.297852
155 6.973000 2710.252197 2804.703857
156 7.015000 2710.252197 2811.888428
157 7.061000 2705.842285 2814.481201
158 7.105000 2705.842285 2810.512451
159 7.150000 2705.842285 2816.001953
160 7.191000 2705.842285 2818.736816
161 7.242000 2705.842285 2817.004639
162 7.290000 2705.842285 2810.737305
163 7.336000 2705.842285 2814.778320
164 7.385000 2705.842285 2812.834717
165 7.431000 2705.842285 2815.557129
166 7.478000 2705.842285 2812.006348
167 7.526000 2705.842285 2806.728516
168 7.566000 2705.842285 2804.859375
169 7.611000 2705.842285 2804.683838
170 7.656000 2705.842285 2809.423340
171 7.698000 2705.842285 2806.897461
172 7.747000 2705.842285 2806.816895
173 7.788000 2705.842285 2810.644287
174 7.832000 2705.842285 2810.148193
175 7.877000 2705.842285 2807.435059
176 7.924000 2705.842285 2811.301025
177 7.969000 2705.842285 2816.679932
178 8.015000 2705.842285 2813.379639
179 8.059000 2705.842285 2808.560059
180 8.106000 2705.842285 2813.114258
181 8.152000 2705.842285 2816.488770
182 8.202000 2705.842285 2814.614990
183 8.242000 2705.842285 2808.247803
184 8.291000 2705.842285 2808.267090
185 8.339000 2705.842285 2812.612549
186 8.384000 2705.842285 2819.149902
187 8.429000 2705.842285 2811.361328
188 8.473000 2705.842285 2810.765625
189 8.520000 2705.842285 2809.414795
190 8.563000 2705.842285 2807.054688
191 8.607000 2705.842285 2805.938232
192 8.649000 2705.842285 2802.425049
193 8.692000 2705.842285 2808.467773
194 8.738000 2705.842285 2808.004639
195 8.784000 2705.842285 2814.696533
196 8.826000 2705.842285 2810.656494
197 8.874000 2705.842285 2818.117188
198 8.925000 2705.842285 2810.729736
199 8.971000 2705.842285 2812.350098
200 9.016000 2705.842285 2807.077393
201 9.060000 2705.842285 2803.485596
202 9.100000 2705.842285 2802.233643
203 9.142000 2705.842285 2800.532715
204 9.186000 2705.842285 2798.118164
205 9.226000 2705.842285 2798.956299
206 9.273000 2705.842285 2798.304443
207 9.318000 2705.842285 2797.411621
208 9.366000 2705.842285 2796.503418
209 9.410000 2705.842285 2795.596924
210 9.458000 2705.842285 2799.056152
211 9.503000 2705.842285 2808.840088
212 9.549000 2705.842285 2809.602783
213 9.591000 2705.842285 2804.367920
214 9.639000 2705.842285 2803.618408
215 9.687000 2705.842285 2806.693848
216 9.739000 2705.842285 2809.711182
217 9.785000 2705.842285 2819.163330
218 9.826000 2705.842285 2811.094727
219 9.873000 2705.842285 2814.356445
220 9.923000 2705.842285 2816.207275
221 9.969000 2705.842285 2813.857910
222 10.016000 2705.842285 2818.948242
223 10.062000 2705.842285 2822.323730
224 10.104000 2705.842285 2823.072510
225 10.153000 2705.842285 2815.916992
226 10.197000 2705.842285 2823.150391
227 10.242000 2705.842285 2812.760742
228 10.286000 2705.842285 2809.034668
229 10.332000 2705.842285 2817.010742
230 10.380000 2705.842285 2824.555420
231 10.425000 2705.842285 2815.881592
232 10.468000 2705.842285 2812.236328
233 10.515000 2705.842285 2809.744141
234 10.561000 2705.842285 2807.718506
235 10.601000 2705.842285 2803.593506
236 10.647000 2705.842285 2805.811523
237 10.696000 2705.842285 2810.132568
238 10.743000 2705.842285 2810.314697
239 10.790000 2705.842285 2815.763184
240 10.831000 2705.842285 2811.885986
241 10.874000 2705.842285 2810.551758
242 10.925000 2705.842285 2812.551270
243 10.970000 2705.842285 2809.844482
244 11.015000 2705.842285 2809.135010
245 11.062000 2705.842285 2817.294434
246 11.106000 2705.842285 2812.433350
247 11.156000 2705.842285 2808.263428
248 11.202000 2705.842285 2812.968994
249 11.249000 2705.842285 2811.467529
250 11.306000 2705.842285 2811.616943
251 11.355000 2704.577393 2807.669434
252 11.403000 2704.577393 2806.044678
253 11.449000 2704.577393 2803.739990
254 11.498000 2691.281006 2800.095947
255 11.546000 2691.281006 2800.558838
256 11.594000 2691.281006 2798.371582
257 11.642000 2691.281006 2800.057617
258 11.691000 2691.281006 2807.043457
259 11.740000 2691.281006 2798.966797
260 11.805000 2689.982666 2796.687256
261 11.854000 2689.982666 2798.329590
262 11.897000 2689.982666 2800.223145
263 11.943000 2689.982666 2799.999023
264 11.993000 2689.982666 2795.898193
265 12.040000 2689.982666 2795.767578
266 12.090000 2689.982666 2799.308350
267 12.140000 2689.982666 2798.706543
268 12.189000 2689.982666 2797.847168
269 12.231000 2689.982666 2799.879395
270 12.273000 2689.982666 2798.234131
271 12.316000 2689.982666 2796.229004
272 12.361000 2689.982666 2795.562500
273 12.405000 2689.982666 2795.106934
274 12.450000 2689.982666 2794.183350
275 12.492000 2689.982666 2794.522217
276 12.540000 2689.982666 2791.173096
277 12.583000 2689.982666 2800.950195
278 12.629000 2689.982666 2798.852783
279 12.678000 2689.982666 2800.247559
280 12.722000 2689.982666 2798.049316
281 12.765000 2689.982666 2799.382813
282 12.817000 2689.982666 2802.975586
283 12.860000 2689.982666 2804.561768
284 12.901000 2689.982666 2808.031250
285 12.944000 2689.982666 2806.252930
286 12.990000 2689.982666 2803.433105
287 13.036000 2689.982666 2800.499023
288 13.082000 2689.982666 2796.932617
289 13.122000 2689.982666 2796.321289
290 13.168000 2689.982666 2795.099121
291 13.214000 2689.982666 2791.053467
292 13.260000 2689.982666 2790.362549
293 13.302000 2689.982666 2790.746582
294 13.339000 2689.982666 2791.524902
295 13.383000 2689.982666 2794.602539
296 13.431000 2689.982666 2793.854980
297 13.477000 2689.982666 2791.572510
298 13.516000 2689.982666 2790.535645
299 13.560000 2689.982666 2788.605957
300 13.606000 2689.982666 2788.236572
301 13.660000 2689.982666 2790.148438
302 13.709000 2689.982666 2789.889404
303 13.763000 2689.982666 2789.289063
304 13.819000 2689.982666 2785.812256
305 13.870000 2689.982666 2786.959717
306 13.915000 2689.982666 2793.630859
307 13.963000 2689.982666 2795.801270
308 14.008000 2689.982666 2789.482910
309 14.051000 2689.982666 2792.165039
310 14.094000 2689.982666 2790.896973
