0 0.000002 314547.656250 326548.218750 342371.125000 314547.656250
1 0.049463 311020.437500 326548.218750 342371.125000 314547.656250
2 0.095011 308571.000000 321638.906250 338974.593750 311020.437500
3 0.149228 305307.968750 317919.156250 335533.906250 308571.000000
4 0.197438 303710.500000 317060.562500 441721.343750 305307.968750
5 0.246208 300621.093750 314273.312500 417037.312500 303710.500000
6 0.294916 299423.500000 311811.031250 417037.312500 300621.093750
7 0.341884 297748.968750 309579.062500 417037.312500 299423.500000
8 0.391932 295967.562500 309274.031250 417037.312500 297748.968750
9 0.441651 294772.625000 307452.718750 417037.312500 295967.562500
10 0.491849 292781.031250 305489.593750 417037.312500 294772.625000
11 0.538157 292239.843750 303388.468750 417037.312500 292781.031250
12 0.581142 291449.093750 301838.968750 417037.312500 292239.843750
13 0.628219 288814.531250 306421.843750 466177.468750 291449.093750
14 0.676101 287668.843750 305052.906250 463523.875000 288814.531250
15 0.720708 284937.843750 303206.375000 463523.875000 287668.843750
16 0.763604 284937.843750 301028.187500 463523.875000 284937.843750
17 0.812394 283244.125000 299708.593750 463523.875000 284937.843750
18 0.862619 281443.937500 298493.125000 463523.875000 283244.125000
19 0.910475 279924.812500 298870.000000 463523.875000 281443.937500
20 0.962225 279130.625000 297495.875000 463523.875000 279924.812500
21 1.011716 279130.625000 296309.812500 463523.875000 279130.625000
22 1.058614 277796.125000 295154.437500 463523.875000 279130.625000
23 1.097515 277743.656250 295495.562500 463523.875000 277796.125000
24 1.152515 277384.937500 294546.343750 463523.875000 277743.656250
25 1.188283 277076.687500 293584.656250 463523.875000 277384.937500
26 1.237626 277076.687500 292984.312500 463523.875000 277076.687500
27 1.283721 276552.812500 292337.812500 463523.875000 277076.687500
28 1.331153 276107.468750 294167.250000 616080.250000 276552.812500
29 1.380271 276107.468750 295910.343750 616080.250000 276107.468750
30 1.425505 276107.468750 294475.531250 616080.250000 276107.468750
31 1.467722 275632.031250 293937.125000 616080.250000 276107.468750
32 1.514463 275632.031250 294619.156250 616080.250000 275632.031250
33 1.564381 275465.625000 290215.218750 393477.812500 275632.031250
34 1.613424 275465.625000 289546.687500 389799.781250 275465.625000
35 1.657205 275227.687500 288778.906250 389799.781250 275465.625000
36 1.711365 275227.687500 288385.093750 389799.781250 275227.687500
37 1.758051 275039.437500 287489.406250 389799.781250 275227.687500
38 1.808234 274908.375000 287238.250000 389799.781250 275039.437500
39 1.858406 274908.375000 286758.968750 389799.781250 274908.375000
40 1.904904 274738.250000 286516.125000 389799.781250 274908.375000
41 1.959821 274737.843750 286085.906250 389799.781250 274738.250000
42 2.005995 274737.843750 289428.781250 576636.750000 274737.843750
43 2.050010 274720.125000 289126.968750 576636.750000 274737.843750
44 2.104404 274558.562500 288968.500000 576636.750000 274720.125000
45 2.144925 274558.562500 290055.750000 576636.750000 274558.562500
46 2.185944 274558.562500 293269.843750 576636.750000 274584.343750
47 2.237275 274558.562500 289158.093750 414045.375000 274584.343750
48 2.289339 274558.562500 288625.781250 414045.375000 274584.343750
49 2.336808 274399.437500 288109.000000 414045.375000 274584.343750
50 2.382578 274220.562500 289841.375000 446207.843750 274399.437500
51 2.428472 274220.562500 288883.812500 435071.687500 274220.562500
52 2.481390 274076.750000 288346.093750 435071.687500 274220.562500
53 2.531807 274076.750000 288186.468750 435071.687500 274076.750000
54 2.577263 274076.750000 287929.093750 435071.687500 274076.750000
55 2.628432 274076.750000 287575.468750 435071.687500 274076.750000
56 2.676844 274076.750000 287308.375000 435071.687500 274076.750000
57 2.721846 274076.750000 286958.062500 435071.687500 274076.750000
58 2.766776 274076.750000 286534.968750 435071.687500 274076.750000
59 2.810261 274076.750000 285943.406250 435071.687500 274076.750000
60 2.857470 274076.750000 285337.156250 435071.687500 274076.750000
61 2.901188 274076.750000 284604.500000 435071.687500 274076.750000
62 2.953072 274076.750000 283747.031250 435071.687500 274076.750000
63 3.004122 274076.750000 282248.593750 435071.687500 274076.750000
64 3.051908 274076.750000 281098.500000 435071.687500 274076.750000
65 3.108778 274076.750000 275448.312500 342646.468750 274076.750000
66 3.159511 274076.750000 276231.406250 381802.093750 274076.750000
67 3.214953 274076.750000 274076.906250 274076.750000 274076.750000
68 3.263212 274076.750000 274741.281250 307295.375000 274076.750000
69 3.309352 274076.750000 276013.906250 362672.312500 274076.750000
70 3.358866 274076.750000 275449.375000 342698.562500 274076.750000
71 3.407618 274076.750000 277169.187500 382490.687500 274076.750000
72 3.455366 274076.750000 274442.125000 292337.218750 274076.750000
73 3.500749 274076.656250 274076.906250 274076.750000 274076.750000
74 3.554962 274076.656250 274076.906250 274076.750000 274076.656250
75 3.602936 274076.656250 274076.906250 274076.750000 274076.656250
76 3.650995 274076.656250 274076.906250 274076.750000 274076.656250
77 3.706682 273775.218750 275162.781250 328370.375000 274076.656250
78 3.759065 273775.218750 277410.500000 387066.562500 273775.218750
79 3.810554 273775.218750 277395.343750 387066.562500 273775.218750
80 3.862862 273775.218750 277768.625000 387066.562500 273775.218750
81 3.910819 273775.218750 278103.531250 387066.562500 273775.218750
82 3.955279 273775.218750 279833.750000 387066.562500 273775.218750
83 3.996832 273775.218750 279587.468750 387066.562500 273775.218750
84 4.048921 273775.218750 279444.218750 387066.562500 273775.218750
85 4.095474 273775.218750 278775.937500 387066.562500 273775.218750
86 4.146704 273775.218750 278424.375000 387066.562500 273775.218750
87 4.193706 273775.218750 279150.750000 387066.562500 273775.218750
88 4.235451 273775.218750 279108.562500 387066.562500 273775.218750
89 4.278727 273775.218750 279329.593750 387066.562500 273775.218750
90 4.331797 273775.218750 278050.156250 387066.562500 273775.218750
91 4.372371 273775.218750 274198.875000 294965.062500 273775.218750
92 4.420053 273775.218750 273775.093750 273775.218750 273775.218750
93 4.470552 273775.218750 273775.093750 273775.218750 273775.218750
94 4.513966 273775.218750 275566.687500 345527.718750 273775.218750
95 4.563316 273775.218750 275210.125000 345527.718750 273775.218750
96 4.610384 273775.218750 273775.093750 273775.218750 273775.218750
97 4.655284 273775.218750 274339.468750 301995.343750 273775.218750
98 4.700929 273775.218750 274413.312500 296363.468750 273775.218750
99 4.745643 273775.218750 276239.093750 345303.218750 273775.218750
100 4.795013 273775.218750 274389.187500 304479.937500 273775.218750
101 4.844895 273775.218750 273775.093750 273775.218750 273775.218750
102 4.901995 273775.218750 273775.093750 273775.218750 273775.218750
103 4.949657 273775.218750 275883.656250 379203.562500 273775.218750
104 4.999743 273775.218750 273775.093750 273775.218750 273775.218750
105 5.046205 273775.218750 273775.093750 273775.218750 273775.218750
106 5.095439 273775.218750 277365.468750 381746.968750 273775.218750
107 5.140566 273775.218750 275934.531250 381746.968750 273775.218750
108 5.188314 273775.218750 273775.093750 273775.218750 273775.218750
109 5.240354 273775.218750 273775.093750 273775.218750 273775.218750
110 5.292471 273775.218750 276910.125000 430528.750000 273775.218750
111 5.345102 273775.218750 273775.093750 273775.218750 273775.218750
112 5.399887 273775.218750 273775.093750 273775.218750 273775.218750
113 5.442877 273775.218750 273775.093750 273775.218750 273775.218750
114 5.485524 273775.218750 273775.093750 273775.218750 273775.218750
115 5.534111 273775.218750 273775.093750 273775.218750 273775.218750
116 5.587518 273775.218750 273775.093750 273775.218750 273775.218750
117 5.637553 273775.218750 273775.093750 273775.218750 273775.218750
118 5.682683 273775.218750 277160.812500 397279.375000 273775.218750
119 5.730902 273775.218750 276934.000000 365344.781250 273775.218750
120 5.775835 273775.218750 274605.031250 315271.968750 273775.218750
121 5.823628 273775.218750 273775.093750 273775.218750 273775.218750
122 5.873890 273775.218750 273775.093750 273775.218750 273775.218750
123 5.927904 273775.218750 273775.093750 273775.218750 273775.218750
124 5.974326 273775.218750 273775.093750 273775.218750 273775.218750
125 6.021236 273775.218750 273775.093750 273775.218750 273775.218750
126 6.064042 273775.218750 273775.093750 273775.218750 273775.218750
127 6.110744 273775.218750 273775.093750 273775.218750 273775.218750
128 6.154891 273775.218750 274751.125000 322576.968750 273775.218750
129 6.203566 273775.218750 277372.718750 418667.687500 273775.218750
130 6.249631 273775.218750 275721.187500 371080.812500 273775.218750
131 6.300513 273775.218750 273775.093750 273775.218750 273775.218750
132 6.338707 273775.218750 273775.093750 273775.218750 273775.218750
133 6.384407 273775.218750 273775.093750 273775.218750 273775.218750
134 6.431279 273775.218750 276895.562500 429799.437500 273775.218750
135 6.475744 273775.218750 273775.093750 273775.218750 273775.218750
136 6.525196 273775.218750 273775.093750 273775.218750 273775.218750
137 6.575353 273775.218750 273775.093750 273775.218750 273775.218750
138 6.619825 273775.218750 273775.093750 273775.218750 273775.218750
139 6.665817 273775.218750 273775.093750 273775.218750 273775.218750
140 6.712351 273775.218750 275301.968750 335812.468750 273775.218750
141 6.764529 273775.218750 274659.531250 317996.656250 273775.218750
142 6.809267 273775.218750 273775.093750 273775.218750 273775.218750
143 6.858114 273775.218750 276812.625000 425652.750000 273775.218750
144 6.904321 273775.218750 273775.093750 273775.218750 273775.218750
145 6.956130 273775.218750 273775.093750 273775.218750 273775.218750
146 6.998721 273775.218750 273775.093750 273775.218750 273775.218750
147 7.041888 273775.218750 273775.093750 273775.218750 273775.218750
148 7.091128 273775.218750 273775.093750 273775.218750 273775.218750
149 7.132807 273775.218750 273775.093750 273775.218750 273775.218750
150 7.177092 273775.218750 273775.093750 273775.218750 273775.218750
151 7.227963 273775.218750 273775.093750 273775.218750 273775.218750
152 7.272606 273775.218750 276074.218750 388732.968750 273775.218750
153 7.323313 273775.218750 273775.093750 273775.218750 273775.218750
154 7.370859 273775.218750 273775.093750 273775.218750 273775.218750
155 7.421275 273775.218750 273775.093750 273775.218750 273775.218750
156 7.467118 273775.218750 273775.093750 273775.218750 273775.218750
157 7.514974 273775.218750 273775.093750 273775.218750 273775.218750
158 7.562435 273775.218750 273775.093750 273775.218750 273775.218750
159 7.608613 273775.218750 273775.093750 273775.218750 273775.218750
160 7.653051 273775.218750 273775.093750 273775.218750 273775.218750
161 7.697096 273775.218750 274628.312500 316437.312500 273775.218750
162 7.752263 273775.218750 277610.031250 438380.437500 273775.218750
163 7.795336 273775.218750 277067.187500 438380.437500 273775.218750
164 7.844323 273775.218750 273775.093750 273775.218750 273775.218750
165 7.897283 273775.218750 276185.406250 394291.875000 273775.218750
166 7.951812 273775.218750 277989.531250 430608.406250 273775.218750
167 7.994735 273775.218750 278572.968750 389137.718750 273775.218750
168 8.042687 273775.218750 275061.093750 338075.156250 273775.218750
169 8.084563 273775.218750 275367.250000 353382.843750 273775.218750
170 8.130135 273775.218750 273775.093750 273775.218750 273775.218750
171 8.177458 273775.218750 273775.093750 273775.218750 273775.218750
172 8.223832 273775.218750 273775.093750 273775.218750 273775.218750
173 8.262762 273775.218750 274193.187500 294681.375000 273775.218750
174 8.309372 273775.218750 276802.187500 417735.437500 273775.218750
175 8.354856 273775.218750 279930.812500 399393.718750 273775.218750
176 8.394881 273775.218750 276167.187500 393380.843750 273775.218750
177 8.443314 273775.218750 273775.093750 273775.218750 273775.218750
178 8.495034 273775.218750 276437.000000 385012.187500 273775.218750
179 8.543290 273775.218750 275999.812500 385012.187500 273775.218750
180 8.592480 273775.218750 278607.156250 450317.593750 273775.218750
181 8.634607 273775.218750 277272.750000 448657.781250 273775.218750
182 8.681551 273775.218750 273775.093750 273775.218750 273775.218750
183 8.726618 273775.218750 273775.093750 273775.218750 273775.218750
184 8.771316 273775.218750 276506.187500 410330.468750 273775.218750
185 8.816947 273775.218750 274062.625000 288152.031250 273775.218750
186 8.866954 273775.218750 273775.093750 273775.218750 273775.218750
187 8.911536 273775.218750 274348.468750 302445.562500 273775.218750
188 8.956947 273775.218750 273775.093750 273775.218750 273775.218750
189 9.000148 273775.218750 273775.093750 273775.218750 273775.218750
190 9.042774 273775.218750 273775.093750 273775.218750 273775.218750
191 9.089948 273775.218750 273775.093750 273775.218750 273775.218750
192 9.137732 273775.218750 273775.093750 273775.218750 273775.218750
193 9.183802 273775.218750 275483.906250 359216.562500 273775.218750
194 9.236498 273775.218750 273775.093750 273775.218750 273775.218750
195 9.278120 273775.218750 273775.093750 273775.218750 273775.218750
196 9.326449 273775.218750 276530.812500 411561.812500 273775.218750
197 9.366248 273775.218750 276160.625000 393051.781250 273775.218750
198 9.409579 273775.218750 274588.406250 314440.906250 273775.218750
199 9.451174 273775.218750 275709.500000 370496.531250 273775.218750
200 9.491561 273775.218750 273775.093750 273775.218750 273775.218750
201 9.537753 273775.218750 273775.093750 273775.218750 273775.218750
202 9.589935 273775.218750 277790.187500 474531.375000 273775.218750
203 9.645280 273775.218750 273775.093750 273775.218750 273775.218750
204 9.691620 273775.218750 273775.093750 273775.218750 273775.218750
205 9.737738 273775.218750 273775.093750 273775.218750 273775.218750
206 9.777415 273775.218750 273775.093750 273775.218750 273775.218750
207 9.829438 273775.218750 277194.875000 408751.187500 273775.218750
208 9.876207 273775.218750 275190.656250 344553.593750 273775.218750
209 9.920491 273775.218750 273775.093750 273775.218750 273775.218750
210 9.972272 273775.218750 274390.000000 304521.375000 273775.218750
211 10.018420 273775.218750 273775.093750 273775.218750 273775.218750
212 10.067499 273775.218750 275577.937500 328453.875000 273775.218750
213 10.108796 273775.218750 277281.781250 407734.156250 273775.218750
214 10.158430 273775.218750 276451.843750 407613.250000 273775.218750
215 10.209731 273775.218750 276212.312500 395636.281250 273775.218750
216 10.255155 273775.218750 273775.093750 273775.218750 273775.218750
217 10.307471 273775.218750 273775.093750 273775.218750 273775.218750
218 10.361409 273775.218750 273775.093750 273775.218750 273775.218750
219 10.411335 273775.218750 276656.781250 417860.593750 273775.218750
220 10.459794 273775.218750 275723.281250 337126.875000 273775.218750
221 10.499262 273775.218750 274616.625000 315853.000000 273775.218750
222 10.541296 273775.218750 276474.468750 408744.468750 273775.218750
223 10.588601 273775.218750 276606.718750 415357.750000 273775.218750
224 10.631468 273775.218750 273775.093750 273775.218750 273775.218750
225 10.682546 273775.218750 273775.093750 273775.218750 273775.218750
226 10.733049 273775.218750 275937.281250 381884.687500 273775.218750
227 10.780180 273775.218750 273775.093750 273775.218750 273775.218750
228 10.826019 273775.218750 273775.093750 273775.218750 273775.218750
229 10.881847 273775.218750 273775.093750 273775.218750 273775.218750
230 10.930793 273775.218750 273775.093750 273775.218750 273775.218750
231 10.978029 273775.218750 273775.093750 273775.218750 273775.218750
232 11.018763 273775.218750 273775.093750 273775.218750 273775.218750
233 11.067468 273775.218750 273775.093750 273775.218750 273775.218750
234 11.117255 273775.218750 274846.250000 327333.125000 273775.218750
235 11.160542 273775.218750 273775.093750 273775.218750 273775.218750
236 11.204821 273775.218750 273831.250000 276583.937500 273775.218750
237 11.261643 273775.218750 273775.093750 273775.218750 273775.218750
238 11.308477 273775.218750 274813.500000 325696.687500 273775.218750
239 11.357284 273775.218750 276935.906250 395774.531250 273775.218750
240 11.410421 273775.218750 276083.625000 374694.500000 273775.218750
241 11.452453 273775.218750 275793.468750 374694.500000 273775.218750
242 11.494785 273775.218750 273775.093750 273775.218750 273775.218750
243 11.542989 273775.218750 275711.750000 370609.843750 273775.218750
244 11.584458 273775.218750 273775.093750 273775.218750 273775.218750
245 11.634798 273775.218750 274865.375000 328290.468750 273775.218750
246 11.679844 273775.218750 273775.093750 273775.218750 273775.218750
247 11.721706 273775.218750 273775.093750 273775.218750 273775.218750
248 11.769116 273775.218750 273775.093750 273775.218750 273775.218750
249 11.813702 273775.218750 275410.968750 355570.250000 273775.218750
250 11.867030 273775.218750 273775.093750 273775.218750 273775.218750
251 11.915730 273775.218750 274211.406250 295591.718750 273775.218750
252 11.962488 273775.218750 274577.906250 295591.718750 273775.218750
253 12.002195 273775.218750 274211.406250 295591.718750 273775.218750
254 12.048796 273775.218750 277178.687500 417255.656250 273775.218750
255 12.099777 273775.218750 275754.687500 372754.875000 273775.218750
256 12.141243 273775.218750 273775.093750 273775.218750 273775.218750
257 12.186496 273775.218750 273775.093750 273775.218750 273775.218750
258 12.235594 273775.218750 273775.093750 273775.218750 273775.218750
259 12.287068 273775.218750 273775.093750 273775.218750 273775.218750
260 12.338580 273775.218750 276198.625000 394951.937500 273775.218750
261 12.389222 273775.218750 273775.093750 273775.218750 273775.218750
262 12.439174 273775.218750 273775.093750 273775.218750 273775.218750
263 12.484327 273775.218750 273775.093750 273775.218750 273775.218750
264 12.528964 273775.218750 273775.093750 273775.218750 273775.218750
265 12.574988 273775.218750 276995.343750 434788.468750 273775.218750
266 12.626850 273775.218750 274220.125000 296027.906250 273775.218750
267 12.677200 273775.218750 273775.093750 273775.218750 273775.218750
268 12.724335 273775.218750 274219.093750 295976.406250 273775.218750
269 12.774754 273775.218750 273775.093750 273775.218750 273775.218750
270 12.821780 273775.218750 274140.468750 292044.156250 273775.218750
271 12.866326 273775.218750 273879.312500 278987.687500 273775.218750
272 12.908604 273775.218750 273775.093750 273775.218750 273775.218750
273 12.961708 273775.218750 273775.093750 273775.218750 273775.218750
274 13.005402 273775.218750 273775.093750 273775.218750 273775.218750
275 13.051012 273775.218750 273775.093750 273775.218750 273775.218750
276 13.095281 273775.218750 275273.062500 348673.937500 273775.218750
277 13.141302 273775.218750 273775.093750 273775.218750 273775.218750
278 13.189859 273775.218750 276574.218750 413732.718750 273775.218750
279 13.237580 273775.218750 276920.937500 366217.906250 273775.218750
280 13.286931 273775.218750 274707.187500 320381.062500 273775.218750
281 13.332237 273775.218750 274338.531250 301947.062500 273775.218750
282 13.378598 273775.218750 273775.093750 273775.218750 273775.218750
283 13.426607 273775.218750 279032.093750 432428.156250 273775.218750
284 13.475902 273775.218750 276610.531250 415547.625000 273775.218750
285 13.524071 273775.218750 277299.250000 449984.250000 273775.218750
286 13.574652 273775.218750 277769.187500 473481.218750 273775.218750
287 13.619893 273775.218750 273775.093750 273775.218750 273775.218750
288 13.664859 273775.218750 273775.093750 273775.218750 273775.218750
289 13.708079 273775.218750 275223.531250 346197.875000 273775.218750
290 13.751767 273775.218750 273775.093750 273775.218750 273775.218750
291 13.798732 273775.218750 273775.093750 273775.218750 273775.218750
292 13.846889 273775.218750 273775.093750 273775.218750 273775.218750
293 13.890426 273775.218750 274386.875000 304363.562500 273775.218750
294 13.932858 273775.218750 275702.406250 370140.875000 273775.218750
295 13.984880 273775.218750 273775.093750 273775.218750 273775.218750
296 14.030886 273775.218750 273775.093750 273775.218750 273775.218750
297 14.082424 273775.218750 273775.093750 273775.218750 273775.218750
298 14.130239 273775.218750 273775.093750 273775.218750 273775.218750
299 14.173780 273775.218750 274150.718750 292557.406250 273775.218750
300 14.220177 273775.218750 273775.093750 273775.218750 273775.218750
301 14.267254 273775.218750 273775.093750 273775.218750 273775.218750
302 14.315480 273775.218750 273775.093750 273775.218750 273775.218750
303 14.360552 273775.218750 276100.375000 390039.781250 273775.218750
304 14.412354 273775.218750 273775.093750 273775.218750 273775.218750
305 14.458554 273775.218750 274719.812500 321012.312500 273775.218750
306 14.502438 273775.218750 273775.093750 273775.218750 273775.218750
307 14.542482 273775.218750 275026.812500 336362.281250 273775.218750
308 14.592916 273775.218750 273775.093750 273775.218750 273775.218750
309 14.642348 273775.218750 276267.531250 398397.531250 273775.218750
310 14.689879 273775.218750 273775.093750 273775.218750 273775.218750
311 14.740201 273775.218750 273775.093750 273775.218750 273775.218750
312 14.781544 273775.218750 274223.968750 296219.937500 273775.218750
313 14.826963 273775.218750 275998.437500 384943.562500 273775.218750
314 14.876964 273775.218750 274388.531250 304448.375000 273775.218750
315 14.922885 273775.218750 280047.718750 530918.000000 273775.218750
316 14.972124 273775.218750 275007.687500 318995.718750 273775.218750
317 15.026227 273775.218750 274650.812500 317561.562500 273775.218750
318 15.068454 273775.218750 273775.093750 273775.218750 273775.218750
319 15.112616 273775.218750 273775.093750 273775.218750 273775.218750
320 15.159576 273775.218750 273775.093750 273775.218750 273775.218750
321 15.201849 273775.218750 273775.093750 273775.218750 273775.218750
322 15.250657 273775.218750 274204.593750 295251.062500 273775.218750
323 15.306685 273775.218750 273775.093750 273775.218750 273775.218750
324 15.357764 273775.218750 276545.687500 412305.687500 273775.218750
325 15.404598 273775.218750 273775.093750 273775.218750 273775.218750
326 15.455580 273775.218750 273775.093750 273775.218750 273775.218750
327 15.497820 273775.218750 280037.156250 452894.468750 273775.218750
328 15.542371 273775.218750 276164.937500 358633.406250 273775.218750
329 15.584808 273775.218750 275467.968750 358419.906250 273775.218750
330 15.630102 273775.218750 276937.250000 431884.062500 273775.218750
331 15.679480 273775.218750 273775.093750 273775.218750 273775.218750
332 15.722811 273775.218750 273775.093750 273775.218750 273775.218750
333 15.774722 273775.218750 273775.093750 273775.218750 273775.218750
334 15.821907 273775.218750 273775.093750 273775.218750 273775.218750
335 15.872177 273775.218750 273775.093750 273775.218750 273775.218750
336 15.919448 273775.218750 273775.093750 273775.218750 273775.218750
337 15.967745 273775.218750 273775.093750 273775.218750 273775.218750
338 16.012735 273775.218750 274512.375000 310639.718750 273775.218750
339 16.059095 273775.218750 274036.562500 286848.875000 273775.218750
340 16.111008 273775.218750 273775.093750 273775.218750 273775.218750
341 16.157663 273775.218750 276318.187500 400930.656250 273775.218750
342 16.207775 273775.218750 273775.093750 273775.218750 273775.218750
343 16.255758 273775.218750 273775.093750 273775.218750 273775.218750
344 16.300301 273775.218750 275391.718750 354606.968750 273775.218750
345 16.343130 273775.218750 273775.093750 273775.218750 273775.218750
346 16.386158 273775.218750 273775.093750 273775.218750 273775.218750
347 16.441742 273775.218750 273775.093750 273775.218750 273775.218750
348 16.490320 273775.218750 273775.093750 273775.218750 273775.218750
349 16.534426 273775.218750 273775.093750 273775.218750 273775.218750
350 16.581991 273775.218750 275158.250000 342934.468750 273775.218750
351 16.627018 273775.218750 273775.093750 273775.218750 273775.218750
352 16.671705 273775.218750 273775.093750 273775.218750 273775.218750
353 16.713612 273775.218750 273775.093750 273775.218750 273775.218750
354 16.760212 273775.218750 273775.093750 273775.218750 273775.218750
355 16.802176 273775.218750 273775.093750 273775.218750 273775.218750
356 16.851192 273775.218750 273775.093750 273775.218750 273775.218750
357 16.904608 273775.218750 273775.093750 273775.218750 273775.218750
358 16.953035 273775.218750 274073.312500 288687.531250 273775.218750
359 16.997419 273775.218750 279940.656250 451315.906250 273775.218750
360 17.040119 273775.218750 275427.906250 356415.906250 273775.218750
361 17.081486 273775.218750 274315.312500 300786.750000 273775.218750
362 17.131104 273775.218750 273775.093750 273775.218750 273775.218750
363 17.173464 273775.218750 275097.593750 339900.906250 273775.218750
364 17.223328 273775.218750 273775.093750 273775.218750 273775.218750
365 17.271160 273775.218750 276478.750000 408957.937500 273775.218750
366 17.321301 273775.218750 273775.093750 273775.218750 273775.218750
367 17.369375 273775.218750 276875.718750 378101.437500 273775.218750
368 17.410727 273775.218750 278389.312500 390814.562500 273775.218750
369 17.463360 273775.218750 275720.156250 371028.875000 273775.218750
370 17.511560 273775.218750 275941.843750 382113.375000 273775.218750
371 17.560713 273775.218750 273775.093750 273775.218750 273775.218750
372 17.611563 273775.218750 273775.093750 273775.218750 273775.218750
373 17.661043 273775.218750 273775.093750 273775.218750 273775.218750
374 17.712955 273775.218750 274093.718750 289707.093750 273775.218750
375 17.753744 273775.218750 275759.375000 323767.156250 273775.218750
376 17.804766 273775.218750 274774.906250 323767.156250 273775.218750
377 17.842968 273775.218750 273775.093750 273775.218750 273775.218750
378 17.889853 273775.218750 276554.531250 400557.093750 273775.218750
379 17.931984 273775.218750 276310.718750 400557.093750 273775.218750
380 17.977495 273775.218750 274451.406250 307591.593750 273775.218750
381 18.027920 273775.218750 273775.093750 273775.218750 273775.218750
382 18.071392 273775.218750 273775.093750 273775.218750 273775.218750
383 18.115591 273775.218750 273775.093750 273775.218750 273775.218750
384 18.157827 273775.218750 274711.125000 320578.625000 273775.218750
385 18.209433 273775.218750 273775.093750 273775.218750 273775.218750
386 18.252153 273775.218750 273775.093750 273775.218750 273775.218750
387 18.300280 273775.218750 277515.250000 398711.250000 273775.218750
388 18.344013 273775.218750 278217.156250 434806.250000 273775.218750
389 18.388309 273775.218750 276734.406250 421741.750000 273775.218750
390 18.434105 273775.218750 276706.156250 383204.000000 273775.218750
391 18.473688 273775.218750 275531.562500 361599.218750 273775.218750
392 18.522970 273775.218750 273775.093750 273775.218750 273775.218750
393 18.566952 273775.218750 273775.093750 273775.218750 273775.218750
394 18.617317 273775.218750 275295.906250 349816.875000 273775.218750
395 18.663242 273775.218750 273775.093750 273775.218750 273775.218750
396 18.710991 273775.218750 273775.093750 273775.218750 273775.218750
397 18.759687 273775.218750 273775.093750 273775.218750 273775.218750
398 18.806463 273775.218750 277824.656250 402608.656250 273775.218750
399 18.861828 273775.218750 279064.812500 434746.437500 273775.218750
400 18.903440 273775.218750 276997.406250 365259.843750 273775.218750
401 18.948448 273775.218750 277298.093750 365259.843750 273775.218750
402 19.002184 273775.218750 276372.562500 365259.843750 273775.218750
403 19.048147 273775.218750 277692.187500 378145.687500 273775.218750
404 19.092239 273775.218750 275862.500000 378145.687500 273775.218750
405 19.135736 273775.218750 273775.093750 273775.218750 273775.218750
406 19.187000 273775.218750 275528.968750 358458.750000 273775.218750
407 19.237906 273775.218750 275487.406250 356381.062500 273775.218750
408 19.285612 273775.218750 278932.593750 374135.062500 273775.218750
409 19.330805 273775.218750 277167.875000 360808.093750 273775.218750
410 19.380054 273775.218750 275515.750000 360808.093750 273775.218750
411 19.432524 273775.218750 273775.093750 273775.218750 273775.218750
412 19.482489 273775.218750 273775.093750 273775.218750 273775.218750
413 19.535084 273775.218750 273775.093750 273775.218750 273775.218750
414 19.583843 273775.218750 275780.687500 354725.875000 273775.218750
415 19.634190 273775.218750 275173.437500 343692.687500 273775.218750
416 19.682749 273775.218750 273775.093750 273775.218750 273775.218750
417 19.735870 273775.218750 276704.468750 420245.250000 273775.218750
418 19.784338 273775.218750 273775.093750 273775.218750 273775.218750
419 19.828323 273775.218750 275953.093750 382675.906250 273775.218750
420 19.875000 273775.218750 273775.093750 273775.218750 273775.218750
421 19.918793 273775.218750 274956.375000 332839.375000 273775.218750
422 19.960272 273775.218750 273775.093750 273775.218750 273775.218750
423 20.002174 273775.218750 273775.093750 273775.218750 273775.218750
424 20.047636 273775.218750 274561.156250 313079.093750 273775.218750
425 20.098276 273775.218750 273775.093750 273775.218750 273775.218750
426 20.149446 273775.218750 273775.093750 273775.218750 273775.218750
427 20.191286 273775.218750 273775.093750 273775.218750 273775.218750
428 20.237156 273775.218750 274493.750000 309708.250000 273775.218750
429 20.287436 273775.218750 273775.093750 273775.218750 273775.218750
430 20.334373 273775.218750 275904.625000 380252.750000 273775.218750
431 20.384764 273775.218750 274366.281250 303334.781250 273775.218750
432 20.429993 273775.218750 273775.093750 273775.218750 273775.218750
433 20.471628 273775.218750 275802.250000 375134.406250 273775.218750
434 20.514889 273775.218750 278041.437500 487093.375000 273775.218750
435 20.563559 273775.218750 273775.093750 273775.218750 273775.218750
436 20.612576 273775.218750 273775.093750 273775.218750 273775.218750
437 20.654005 273775.218750 273775.093750 273775.218750 273775.218750
438 20.696447 273775.218750 273775.093750 273775.218750 273775.218750
439 20.742924 273775.218750 273775.093750 273775.218750 273775.218750
440 20.794161 273775.218750 273775.093750 273775.218750 273775.218750
441 20.845469 273775.218750 277693.750000 456787.562500 273775.218750
442 20.890316 273775.218750 277217.781250 445910.312500 273775.218750
443 20.939892 273775.218750 278405.875000 411068.968750 273775.218750
444 20.984276 273775.218750 276392.406250 404641.375000 273775.218750
445 21.028343 273775.218750 273775.093750 273775.218750 273775.218750
446 21.078621 273775.218750 273775.093750 273775.218750 273775.218750
447 21.123659 273775.218750 273775.093750 273775.218750 273775.218750
448 21.172840 273775.218750 274880.843750 329063.500000 273775.218750
449 21.211712 273775.218750 273775.093750 273775.218750 273775.218750
450 21.258364 273775.218750 273775.093750 273775.218750 273775.218750
451 21.303459 273775.218750 273775.093750 273775.218750 273775.218750
452 21.344732 273775.218750 277481.468750 459094.718750 273775.218750
453 21.390728 273775.218750 273775.093750 273775.218750 273775.218750
454 21.435448 273775.218750 274514.531250 310747.187500 273775.218750
455 21.482187 273775.218750 274353.031250 302671.843750 273775.218750
456 21.534544 273775.218750 273775.093750 273775.218750 273775.218750
457 21.581127 273775.218750 273775.093750 273775.218750 273775.218750
458 21.628895 273775.218750 273775.093750 273775.218750 273775.218750
459 21.672956 273775.218750 273775.093750 273775.218750 273775.218750
460 21.721313 273775.218750 277923.406250 400805.218750 273775.218750
461 21.766134 273775.218750 276945.531250 354162.750000 273775.218750
462 21.810564 273775.218750 275382.843750 354162.750000 273775.218750
463 21.858101 273775.218750 273775.093750 273775.218750 273775.218750
464 21.901863 273775.218750 274631.437500 316593.000000 273775.218750
465 21.943209 273775.218750 273775.093750 273775.218750 273775.218750
466 21.990028 273775.218750 279864.125000 429239.000000 273775.218750
467 22.035467 273775.218750 277064.906250 387749.375000 273775.218750
468 22.079014 273775.218750 278009.093750 387749.375000 273775.218750
469 22.133226 273775.218750 276054.562500 387749.375000 273775.218750
470 22.179052 273775.218750 273775.093750 273775.218750 273775.218750
471 22.229601 273775.218750 273775.093750 273775.218750 273775.218750
472 22.270529 273775.218750 273775.093750 273775.218750 273775.218750
473 22.322968 273775.218750 275095.656250 339803.968750 273775.218750
474 22.365944 273775.218750 277129.250000 390741.062500 273775.218750
475 22.416515 273775.218750 275484.125000 359227.468750 273775.218750
476 22.460440 273775.218750 273775.093750 273775.218750 273775.218750
477 22.503799 273775.218750 273775.093750 273775.218750 273775.218750
478 22.545332 273775.218750 273775.093750 273775.218750 273775.218750
479 22.592567 273775.218750 274169.843750 293513.281250 273775.218750
480 22.638395 273775.218750 273775.093750 273775.218750 273775.218750
481 22.686592 273775.218750 273775.093750 273775.218750 273775.218750
482 22.736977 273775.218750 279537.312500 424983.062500 273775.218750
483 22.783533 273775.218750 275695.156250 369778.531250 273775.218750
484 22.829430 273775.218750 274250.593750 297550.062500 273775.218750
485 22.875685 273775.218750 275136.000000 341821.656250 273775.218750
486 22.921101 273775.218750 274528.125000 311427.343750 273775.218750
487 22.976692 273775.218750 276487.531250 409398.718750 273775.218750
488 23.023018 273775.218750 273775.093750 273775.218750 273775.218750
489 23.074371 273775.218750 273775.093750 273775.218750 273775.218750
490 23.127771 273775.218750 273775.093750 273775.218750 273775.218750
491 23.177517 273775.218750 273775.093750 273775.218750 273775.218750
492 23.219381 273775.218750 275251.250000 347583.031250 273775.218750
493 23.269300 273775.218750 273775.093750 273775.218750 273775.218750
494 23.320841 273775.218750 275264.625000 348252.812500 273775.218750
495 23.369797 273775.218750 278411.062500 428773.468750 273775.218750
496 23.418444 273775.218750 276866.812500 428360.500000 273775.218750
497 23.463593 273775.218750 273775.093750 273775.218750 273775.218750
498 23.510759 273775.218750 273775.093750 273775.218750 273775.218750
499 23.555901 273775.218750 273775.093750 273775.218750 273775.218750
500 23.599180 273775.218750 275327.187500 351380.593750 273775.218750
501 23.649450 273775.218750 273775.093750 273775.218750 273775.218750
502 23.699518 273775.218750 273775.093750 273775.218750 273775.218750
503 23.740751 273775.218750 273775.093750 273775.218750 273775.218750
504 23.790779 273775.218750 273775.093750 273775.218750 273775.218750
505 23.836945 273775.218750 276603.468750 415193.687500 273775.218750
506 23.889626 273775.218750 273898.781250 279960.281250 273775.218750
507 23.934940 273775.218750 273775.093750 273775.218750 273775.218750
508 23.981573 273775.218750 273775.093750 273775.218750 273775.218750
509 24.029022 273775.218750 273775.093750 273775.218750 273775.218750
510 24.075020 273775.218750 273775.093750 273775.218750 273775.218750
511 24.124107 273775.218750 276254.250000 351006.281250 273775.218750
512 24.167805 273775.218750 275200.218750 345032.312500 273775.218750
513 24.214760 273775.218750 274702.812500 320161.125000 273775.218750
514 24.254612 273775.218750 273775.093750 273775.218750 273775.218750
515 24.295759 273775.218750 273775.093750 273775.218750 273775.218750
516 24.347097 273775.218750 273775.093750 273775.218750 273775.218750
517 24.396196 273775.218750 273775.093750 273775.218750 273775.218750
518 24.440672 273775.218750 275984.875000 384263.812500 273775.218750
519 24.491096 273775.218750 277217.875000 386507.781250 273775.218750
520 24.533457 273775.218750 276685.000000 379894.281250 273775.218750
521 24.581121 273775.218750 276601.031250 379894.281250 273775.218750
522 24.624170 273775.218750 275897.468750 379894.281250 273775.218750
523 24.671688 273775.218750 273775.093750 273775.218750 273775.218750
524 24.719513 273775.218750 273775.093750 273775.218750 273775.218750
525 24.763988 273775.218750 275270.218750 348532.156250 273775.218750
526 24.811649 273775.218750 274985.406250 334292.062500 273775.218750
527 24.861414 273775.218750 273775.093750 273775.218750 273775.218750
528 24.905460 273775.218750 276696.906250 384532.718750 273775.218750
529 24.947796 273775.218750 275990.250000 384532.718750 273775.218750
530 24.989639 273775.218750 273775.093750 273775.218750 273775.218750
531 25.039164 273775.218750 273775.093750 273775.218750 273775.218750
532 25.086336 273775.218750 273775.093750 273775.218750 273775.218750
533 25.141785 273775.218750 273775.093750 273775.218750 273775.218750
534 25.191088 273775.218750 273775.093750 273775.218750 273775.218750
535 25.242323 273775.218750 273775.093750 273775.218750 273775.218750
536 25.288816 273775.218750 273775.093750 273775.218750 273775.218750
537 25.338387 273775.218750 277332.562500 451649.718750 273775.218750
538 25.384844 273775.218750 274881.718750 329107.250000 273775.218750
539 25.438148 273775.218750 273775.093750 273775.218750 273775.218750
540 25.484415 273775.218750 273775.093750 273775.218750 273775.218750
541 25.534428 273775.218750 273775.093750 273775.218750 273775.218750
542 25.584229 273775.218750 275404.281250 339632.562500 273775.218750
543 25.636164 273775.218750 274707.875000 320415.250000 273775.218750
544 25.680355 273775.218750 273775.093750 273775.218750 273775.218750
545 25.732813 273775.218750 273775.093750 273775.218750 273775.218750
546 25.783556 273775.218750 275885.125000 379277.843750 273775.218750
547 25.833267 273775.218750 273775.093750 273775.218750 273775.218750
548 25.877151 273775.218750 276065.562500 388298.843750 273775.218750
549 25.920841 273775.218750 273775.093750 273775.218750 273775.218750
550 25.963963 273775.218750 274237.843750 296913.312500 273775.218750
551 26.009501 273775.218750 279077.437500 427627.781250 273775.218750
552 26.052105 273775.218750 277447.062500 417361.031250 273775.218750
553 26.102322 273775.218750 278101.906250 417361.031250 273775.218750
554 26.146156 273775.218750 277855.062500 417361.031250 273775.218750
555 26.191044 273775.218750 277962.875000 417361.031250 273775.218750
556 26.238417 273775.218750 280072.593750 417361.031250 273775.218750
557 26.291616 273775.218750 275121.375000 341089.156250 273775.218750
558 26.342173 273775.218750 273775.093750 273775.218750 273775.218750
559 26.392670 273775.218750 273775.093750 273775.218750 273775.218750
560 26.442301 273775.218750 273775.093750 273775.218750 273775.218750
561 26.487438 273775.218750 273775.093750 273775.218750 273775.218750
562 26.529564 273775.218750 273775.093750 273775.218750 273775.218750
563 26.579294 273775.218750 274515.187500 310780.812500 273775.218750
564 26.626604 273775.218750 273775.093750 273775.218750 273775.218750
565 26.675755 273775.218750 273775.093750 273775.218750 273775.218750
566 26.728952 273775.218750 273775.093750 273775.218750 273775.218750
567 26.773348 273775.218750 273775.093750 273775.218750 273775.218750
568 26.821732 273775.218750 276931.750000 366421.187500 273775.218750
569 26.860329 273775.218750 275323.375000 351189.531250 273775.218750
570 26.909670 273775.218750 273775.093750 273775.218750 273775.218750
571 26.955647 273775.218750 273775.093750 273775.218750 273775.218750
572 27.001842 273775.218750 273775.093750 273775.218750 273775.218750
573 27.048183 273775.218750 276117.375000 390890.343750 273775.218750
574 27.094208 273775.218750 275399.812500 336046.406250 273775.218750
575 27.141516 273775.218750 275020.500000 336046.406250 273775.218750
576 27.186243 273775.218750 273775.093750 273775.218750 273775.218750
577 27.233828 273775.218750 273775.093750 273775.218750 273775.218750
