0 0.000001 315596.781250 328577.312500 344536.312500 315596.781250
1 0.053373 312511.687500 328577.312500 344536.312500 315596.781250
2 0.096523 309390.343750 329210.968750 360751.687500 312511.687500
3 0.146351 305793.312500 330832.687500 434397.437500 309390.343750
4 0.201052 304284.656250 329659.875000 434397.437500 305793.312500
5 0.249287 301709.093750 328566.031250 434397.437500 304284.656250
6 0.293451 299432.437500 327433.875000 434397.437500 301709.093750
7 0.346157 297847.562500 326808.250000 434397.437500 299432.437500
8 0.398321 296543.062500 325208.187500 434397.437500 297847.562500
9 0.449154 295474.687500 323836.812500 434397.437500 296543.062500
10 0.496134 294061.656250 322443.468750 434397.437500 295474.687500
11 0.538651 291866.406250 320691.750000 434397.437500 294061.656250
12 0.589790 291097.312500 318400.187500 330544.812500 291866.406250
13 0.636586 289778.000000 318127.593750 330544.812500 291097.312500
14 0.687158 288779.781250 317909.156250 330544.812500 289778.000000
15 0.737660 288779.781250 317507.687500 330544.812500 288779.781250
16 0.783370 288779.781250 317325.750000 330544.812500 288779.781250
17 0.830969 287545.781250 318049.750000 337587.156250 288779.781250
18 0.874627 286145.187500 317225.500000 330544.812500 287545.781250
19 0.926527 284372.875000 317126.156250 330544.812500 286145.187500
20 0.974219 284019.968750 316851.750000 330544.812500 284372.875000
21 1.026365 283817.656250 316704.687500 330544.812500 284019.968750
22 1.071304 283696.343750 316480.968750 330544.812500 283817.656250
23 1.117004 282716.718750 316339.843750 330544.812500 283696.343750
24 1.169107 282111.093750 316088.343750 330544.812500 282716.718750
25 1.224513 281476.781250 315897.125000 330544.812500 282111.093750
26 1.274991 281359.281250 315721.406250 330544.812500 281476.781250
27 1.324558 281316.218750 315559.875000 330544.812500 281359.281250
28 1.369538 281257.156250 315462.187500 330544.812500 281316.218750
29 1.417687 281257.156250 315410.468750 330544.812500 281257.156250
30 1.477570 279868.531250 315355.406250 330544.812500 281257.156250
31 1.526361 279320.281250 315173.750000 330544.812500 279868.531250
32 1.578297 279320.281250 315045.562500 330544.812500 279320.281250
33 1.629481 279118.437500 314995.875000 330544.812500 279320.281250
34 1.677598 279118.437500 314888.593750 330544.812500 279118.437500
35 1.727649 278524.406250 317655.156250 365574.312500 279118.437500
36 1.780187 278308.468750 315296.812500 330544.812500 278524.406250
37 1.829289 278308.468750 315119.812500 330544.812500 278308.468750
38 1.885388 277869.062500 315034.312500 330544.812500 278308.468750
39 1.938169 277786.750000 320317.343750 469912.625000 277869.062500
40 1.996734 276969.531250 314684.093750 330544.812500 277786.750000
41 2.046238 276969.531250 314623.250000 330544.812500 276969.531250
42 2.092565 276745.187500 315134.125000 330544.812500 276969.531250
43 2.146497 276565.875000 315094.031250 330544.812500 276745.187500
44 2.197382 276565.875000 314973.593750 330544.812500 276565.875000
45 2.254116 276565.875000 314915.187500 330544.812500 276565.875000
46 2.303755 275774.968750 314834.000000 330544.812500 276565.875000
47 2.358503 275753.843750 314726.625000 330544.812500 275774.968750
48 2.411044 275753.843750 314673.562500 330544.812500 275753.843750
49 2.454509 275753.843750 315073.875000 330544.812500 275753.843750
50 2.501494 275753.843750 314999.468750 330544.812500 275753.843750
51 2.547065 275753.843750 314713.968750 330544.812500 275753.843750
52 2.599092 275753.843750 314654.812500 330544.812500 275753.843750
53 2.649979 275753.843750 314555.781250 330544.812500 275753.843750
54 2.697417 275753.843750 314413.843750 330544.812500 275753.843750
55 2.745139 275525.875000 314259.656250 330544.812500 275753.843750
56 2.796515 275525.875000 313922.375000 330544.812500 275525.875000
57 2.852421 275525.875000 313657.531250 330544.812500 275525.875000
58 2.905595 275525.875000 313647.406250 330544.812500 275525.875000
59 2.954719 275281.000000 313808.375000 330544.812500 275525.875000
60 3.010281 275281.000000 313746.781250 330544.812500 275281.000000
61 3.062320 275176.875000 313614.968750 330544.812500 275281.000000
62 3.114325 275176.875000 313564.875000 330544.812500 275176.875000
63 3.161245 275176.875000 313460.656250 330544.812500 275176.875000
64 3.210089 275176.875000 313445.187500 330544.812500 275176.875000
65 3.258214 275176.875000 313434.156250 330544.812500 275176.875000
66 3.308441 275176.875000 313427.187500 330544.812500 275176.875000
67 3.353144 275176.875000 316022.031250 416657.093750 275176.875000
68 3.414527 275176.875000 313305.375000 330544.812500 275176.875000
69 3.468192 275176.875000 312887.781250 330544.812500 275176.875000
70 3.512907 275176.875000 312877.968750 330544.812500 275176.875000
71 3.564985 275176.875000 314340.406250 368419.093750 275176.875000
72 3.615377 275176.875000 312268.593750 330544.812500 275176.875000
73 3.657877 275176.875000 312215.375000 330544.812500 275176.875000
74 3.710829 275176.875000 311869.125000 330544.812500 275176.875000
75 3.764867 275176.875000 311217.281250 330544.812500 275176.875000
76 3.813793 275176.875000 310219.187500 330544.812500 275176.875000
77 3.864642 275176.875000 309221.093750 330544.812500 275176.875000
78 3.918220 275176.875000 308223.031250 330544.812500 275176.875000
79 3.968387 275176.875000 307224.906250 330544.812500 275176.875000
80 4.020195 275176.875000 306226.843750 330544.812500 275176.875000
81 4.069919 275176.875000 305228.750000 330544.812500 275176.875000
82 4.114376 274583.812500 305181.250000 330544.812500 275176.875000
83 4.162729 274583.812500 304218.812500 330544.812500 274583.812500
84 4.216722 274583.812500 303220.718750 330544.812500 274583.812500
85 4.257327 274583.812500 303208.875000 330544.812500 274583.812500
86 4.309000 274583.812500 303196.968750 330544.812500 274583.812500
87 4.358711 274583.812500 303185.125000 330544.812500 274583.812500
88 4.406972 274583.812500 303173.250000 330544.812500 274583.812500
89 4.454575 274583.812500 303161.406250 330544.812500 274583.812500
90 4.507233 274583.812500 303149.531250 330544.812500 274583.812500
91 4.559572 274583.812500 303125.812500 330544.812500 274583.812500
92 4.613813 274583.812500 303113.937500 330544.812500 274583.812500
93 4.669217 274465.375000 303102.093750 330544.812500 274583.812500
94 4.727128 274465.375000 303087.843750 330544.812500 274465.375000
95 4.775861 274465.375000 303075.968750 330544.812500 274465.375000
96 4.831699 274465.375000 303073.625000 330544.812500 274465.375000
97 4.877091 274465.375000 303071.250000 330544.812500 274465.375000
98 4.926292 274465.375000 303068.875000 330544.812500 274465.375000
99 4.976487 274465.375000 303066.531250 330544.812500 274465.375000
100 5.026927 274465.375000 303064.125000 330544.812500 274465.375000
101 5.074214 274465.375000 303061.781250 330544.812500 274465.375000
102 5.125387 274465.375000 303059.406250 330544.812500 274465.375000
103 5.174208 274465.375000 303057.031250 330544.812500 274465.375000
104 5.220523 274465.375000 303054.687500 330544.812500 274465.375000
105 5.263613 274465.375000 303052.312500 330544.812500 274465.375000
106 5.314343 274465.375000 303049.937500 330544.812500 274465.375000
107 5.353018 274465.375000 303047.593750 330544.812500 274465.375000
108 5.393146 274465.375000 303033.375000 330544.812500 274465.375000
109 5.438751 274465.375000 303019.125000 330544.812500 274465.375000
110 5.488186 274465.375000 303004.906250 330544.812500 274465.375000
111 5.534259 274465.375000 302990.656250 330544.812500 274465.375000
112 5.580001 274465.375000 302976.437500 330544.812500 274465.375000
113 5.629789 274465.375000 302962.187500 330544.812500 274465.375000
114 5.674524 274465.375000 302947.968750 330544.812500 274465.375000
115 5.723867 274465.375000 302933.750000 330544.812500 274465.375000
116 5.773091 274465.375000 302919.531250 330544.812500 274465.375000
117 5.826586 274465.375000 301907.187500 330544.812500 274465.375000
118 5.875380 274465.375000 300894.875000 330544.812500 274465.375000
119 5.931590 274465.375000 299882.562500 330544.812500 274465.375000
120 5.977522 274465.375000 298870.250000 330544.812500 274465.375000
121 6.023979 274465.375000 297857.906250 330544.812500 274465.375000
122 6.072550 274465.375000 296845.593750 330544.812500 274465.375000
123 6.124786 274465.375000 295833.281250 330544.812500 274465.375000
124 6.187105 274465.375000 294820.968750 330544.812500 274465.375000
125 6.234032 274465.375000 293808.625000 330544.812500 274465.375000
126 6.281017 274465.375000 292796.312500 330544.812500 274465.375000
127 6.330778 274465.375000 291784.000000 330544.812500 274465.375000
128 6.379220 274465.375000 290771.687500 330544.812500 274465.375000
129 6.424099 274465.375000 289759.375000 330544.812500 274465.375000
130 6.467603 274465.375000 288747.031250 330544.812500 274465.375000
131 6.515628 274465.375000 287734.718750 330544.812500 274465.375000
132 6.563493 274465.375000 286722.406250 330544.812500 274465.375000
133 6.608906 274465.375000 287477.187500 362820.156250 274465.375000
134 6.664097 274465.375000 285710.093750 330544.812500 274465.375000
135 6.714447 274465.375000 284697.750000 330544.812500 274465.375000
136 6.764116 274465.375000 283685.437500 330544.812500 274465.375000
137 6.811648 274465.375000 282673.125000 330544.812500 274465.375000
138 6.866564 274465.375000 281660.812500 330544.812500 274465.375000
139 6.916771 274465.375000 280648.468750 330544.812500 274465.375000
140 6.960941 274465.375000 279636.156250 330544.812500 274465.375000
141 7.004025 274465.375000 279545.156250 330544.812500 274465.375000
142 7.059884 274465.375000 278623.843750 330544.812500 274465.375000
143 7.099735 274465.375000 277611.531250 330544.812500 274465.375000
144 7.146398 274465.375000 276599.187500 330544.812500 274465.375000
145 7.201153 274465.375000 275586.875000 330544.812500 274465.375000
146 7.245834 274465.375000 274465.281250 274465.375000 274465.375000
147 7.293112 274465.375000 274465.281250 274465.375000 274465.375000
148 7.339757 274465.375000 274465.281250 274465.375000 274465.375000
149 7.383777 274465.375000 274465.281250 274465.375000 274465.375000
150 7.429847 274465.375000 275025.000000 302451.093750 274465.375000
151 7.482088 274465.375000 274465.281250 274465.375000 274465.375000
152 7.531143 274465.375000 274465.281250 274465.375000 274465.375000
153 7.580521 274465.375000 274465.281250 274465.375000 274465.375000
154 7.626715 274465.375000 274465.281250 274465.375000 274465.375000
155 7.672961 274465.375000 274465.281250 274465.375000 274465.375000
156 7.706625 274465.375000 274465.281250 274465.375000 274465.375000
157 7.763473 274465.375000 274465.281250 274465.375000 274465.375000
158 7.809647 274465.375000 276633.375000 382869.218750 274465.375000
159 7.860388 274244.031250 274583.593750 280381.343750 274465.375000
160 7.908230 274130.468750 274460.875000 274465.375000 274244.031250
161 7.959745 274130.468750 274454.156250 274465.375000 274130.468750
162 8.009319 274130.468750 274449.750000 274465.375000 274130.468750
163 8.056090 274130.468750 274440.750000 274465.375000 274130.468750
164 8.108455 274130.468750 274438.500000 274465.375000 274130.468750
165 8.156489 274130.468750 274431.812500 274465.375000 274130.468750
166 8.207909 274130.468750 274425.093750 274465.375000 274130.468750
167 8.255754 274130.468750 274418.406250 274465.375000 274130.468750
168 8.311712 274053.375000 274411.687500 274465.375000 274130.468750
169 8.360258 274053.375000 274403.468750 274465.375000 274053.375000
170 8.410561 274053.375000 274396.750000 274465.375000 274053.375000
171 8.450800 274053.375000 274395.218750 274465.375000 274053.375000
172 8.495674 274053.375000 274393.687500 274465.375000 274053.375000
173 8.538524 274053.375000 274392.125000 274465.375000 274053.375000
174 8.583703 274053.375000 274390.593750 274465.375000 274053.375000
175 8.630337 274053.375000 274389.031250 274465.375000 274053.375000
176 8.674283 274053.375000 274387.500000 274465.375000 274053.375000
177 8.721830 274053.375000 274385.968750 274465.375000 274053.375000
178 8.766168 274053.375000 277612.875000 435888.718750 274053.375000
179 8.811189 274053.375000 281469.906250 467805.187500 274053.375000
180 8.867660 274053.375000 278607.187500 435888.718750 274053.375000
181 8.912008 274053.375000 278598.968750 435888.718750 274053.375000
182 8.961051 274053.375000 278590.718750 435888.718750 274053.375000
183 9.011570 274053.375000 278582.468750 435888.718750 274053.375000
184 9.057124 274053.375000 280428.437500 435888.718750 274053.375000
185 9.109447 274053.375000 278204.031250 366763.062500 274053.375000
186 9.159034 274053.375000 278195.812500 366763.062500 274053.375000
187 9.210793 274053.375000 278187.562500 366763.062500 274053.375000
188 9.262139 274053.375000 278179.312500 366763.062500 274053.375000
189 9.309630 274053.375000 278171.093750 366763.062500 274053.375000
190 9.359464 274053.375000 278162.843750 366763.062500 274053.375000
191 9.406368 274053.375000 280312.031250 381923.875000 274053.375000
192 9.460137 274053.375000 279166.906250 366763.062500 274053.375000
193 9.508991 274053.375000 279158.687500 366763.062500 274053.375000
194 9.557414 274053.375000 282083.375000 420698.937500 274053.375000
195 9.608932 274053.375000 281249.718750 420698.937500 274053.375000
196 9.663274 274053.375000 281241.468750 420698.937500 274053.375000
197 9.708281 274053.375000 281233.250000 420698.937500 274053.375000
198 9.764330 274053.375000 281225.000000 420698.937500 274053.375000
199 9.811336 274053.375000 281216.750000 420698.937500 274053.375000
200 9.858691 274053.375000 283185.625000 420698.937500 274053.375000
201 9.905597 274053.375000 281265.031250 372908.562500 274053.375000
202 9.950617 274053.375000 281256.812500 372908.562500 274053.375000
203 9.999154 274053.375000 281248.562500 372908.562500 274053.375000
204 10.045757 274053.375000 281240.312500 372908.562500 274053.375000
205 10.089356 274053.375000 281232.093750 372908.562500 274053.375000
206 10.134201 274053.375000 281223.843750 372908.562500 274053.375000
207 10.182516 274053.375000 281215.593750 372908.562500 274053.375000
208 10.235190 274053.375000 281207.375000 372908.562500 274053.375000
209 10.286738 274053.375000 281199.125000 372908.562500 274053.375000
210 10.332259 274053.375000 281190.875000 372908.562500 274053.375000
211 10.383987 274053.375000 281182.625000 372908.562500 274053.375000
212 10.430992 274053.375000 281174.406250 372908.562500 274053.375000
213 10.482160 274053.375000 281166.156250 372908.562500 274053.375000
214 10.527077 274053.375000 281157.906250 372908.562500 274053.375000
215 10.570456 274053.375000 281149.687500 372908.562500 274053.375000
216 10.619926 274053.375000 281141.437500 372908.562500 274053.375000
217 10.669191 274053.375000 281133.187500 372908.562500 274053.375000
218 10.714455 274053.375000 280112.625000 372908.562500 274053.375000
219 10.760797 274053.375000 279092.093750 372908.562500 274053.375000
220 10.803172 274053.375000 278071.531250 372908.562500 274053.375000
221 10.855794 274053.375000 277050.968750 372908.562500 274053.375000
222 10.900414 274053.375000 278014.500000 373257.750000 274053.375000
223 10.956555 274053.375000 276353.625000 373257.750000 274053.375000
224 11.005149 274053.375000 276037.375000 373257.750000 274053.375000
225 11.054714 274053.375000 274053.281250 274053.375000 274053.375000
226 11.101555 274053.375000 274053.281250 274053.375000 274053.375000
227 11.156172 274053.375000 274053.281250 274053.375000 274053.375000
228 11.206198 274053.375000 274053.281250 274053.375000 274053.375000
229 11.253928 274053.375000 274053.281250 274053.375000 274053.375000
230 11.296584 274053.375000 274053.281250 274053.375000 274053.375000
231 11.342879 274053.375000 274053.281250 274053.375000 274053.375000
232 11.392352 274053.375000 274053.281250 274053.375000 274053.375000
233 11.439850 274053.375000 274053.281250 274053.375000 274053.375000
234 11.493003 274053.375000 274053.281250 274053.375000 274053.375000
235 11.543481 274053.375000 274053.281250 274053.375000 274053.375000
236 11.592459 274053.375000 274053.281250 274053.375000 274053.375000
237 11.645118 274053.375000 274053.281250 274053.375000 274053.375000
238 11.695922 274053.375000 274053.281250 274053.375000 274053.375000
239 11.745983 274053.375000 274195.312500 281154.750000 274053.375000
240 11.792073 274053.375000 274053.281250 274053.375000 274053.375000
241 11.845270 274053.375000 274053.281250 274053.375000 274053.375000
242 11.894529 274053.375000 274053.281250 274053.375000 274053.375000
243 11.949728 274053.375000 274053.281250 274053.375000 274053.375000
244 11.991142 274053.375000 277027.781250 422778.531250 274053.375000
245 12.041428 274053.375000 274053.281250 274053.375000 274053.375000
246 12.085155 274053.375000 274053.281250 274053.375000 274053.375000
247 12.130959 274053.375000 276966.375000 419706.937500 274053.375000
248 12.183307 274053.375000 274053.281250 274053.375000 274053.375000
249 12.230558 274053.375000 274809.281250 311853.218750 274053.375000
250 12.274485 274053.375000 274340.312500 288405.406250 274053.375000
251 12.326474 274053.375000 274053.281250 274053.375000 274053.375000
252 12.381644 274053.375000 276938.093750 418293.843750 274053.375000
253 12.437935 274053.375000 274072.687500 275023.437500 274053.375000
254 12.487130 274053.375000 276567.250000 399751.812500 274053.375000
255 12.535494 274053.375000 274053.281250 274053.375000 274053.375000
256 12.588728 274053.375000 274423.750000 292576.562500 274053.375000
257 12.637631 274053.375000 275233.843750 333081.781250 274053.375000
258 12.685346 274053.375000 274053.281250 274053.375000 274053.375000
259 12.733776 274053.375000 274053.281250 274053.375000 274053.375000
260 12.782734 274053.375000 274053.281250 274053.375000 274053.375000
261 12.826509 274053.375000 274053.281250 274053.375000 274053.375000
262 12.875264 274053.375000 274053.281250 274053.375000 274053.375000
263 12.927482 274053.375000 274053.281250 274053.375000 274053.375000
264 12.979118 274053.375000 274053.281250 274053.375000 274053.375000
265 13.033212 274053.375000 274053.281250 274053.375000 274053.375000
266 13.082035 274053.375000 274053.281250 274053.375000 274053.375000
267 13.129926 274053.375000 274053.281250 274053.375000 274053.375000
268 13.178336 274053.375000 274053.281250 274053.375000 274053.375000
269 13.228196 274053.375000 274053.281250 274053.375000 274053.375000
270 13.276714 274053.375000 274053.281250 274053.375000 274053.375000
271 13.329183 274053.375000 274053.281250 274053.375000 274053.375000
272 13.378032 274053.375000 274053.281250 274053.375000 274053.375000
273 13.423699 274053.375000 274053.281250 274053.375000 274053.375000
274 13.472133 274053.375000 274053.281250 274053.375000 274053.375000
275 13.522493 274053.375000 274053.281250 274053.375000 274053.375000
276 13.571774 274053.375000 277405.781250 441678.625000 274053.375000
277 13.620735 274053.375000 274053.281250 274053.375000 274053.375000
278 13.659809 274053.375000 274053.281250 274053.375000 274053.375000
279 13.711496 274053.375000 274053.281250 274053.375000 274053.375000
280 13.756682 274053.375000 274053.281250 274053.375000 274053.375000
281 13.809797 274053.375000 274053.281250 274053.375000 274053.375000
282 13.862593 274053.375000 274053.281250 274053.375000 274053.375000
283 13.909911 274053.375000 274053.281250 274053.375000 274053.375000
284 13.957380 274053.375000 274053.281250 274053.375000 274053.375000
285 14.006894 274053.375000 274053.281250 274053.375000 274053.375000
286 14.049853 274053.375000 274053.281250 274053.375000 274053.375000
287 14.091738 274053.375000 274053.281250 274053.375000 274053.375000
288 14.135866 274053.375000 276686.687500 405724.843750 274053.375000
289 14.188778 274053.375000 275952.562500 361115.593750 274053.375000
290 14.235944 274053.375000 276458.687500 361115.593750 274053.375000
291 14.287036 274053.375000 276658.687500 361115.593750 274053.375000
292 14.334231 274053.375000 277113.750000 361115.593750 274053.375000
293 14.385692 274053.375000 276532.218750 361115.593750 274053.375000
294 14.428172 274053.375000 275794.531250 361115.593750 274053.375000
295 14.474197 274053.375000 274053.281250 274053.375000 274053.375000
296 14.523968 274053.375000 274053.281250 274053.375000 274053.375000
297 14.567720 274053.375000 274053.281250 274053.375000 274053.375000
298 14.618189 274053.375000 274053.281250 274053.375000 274053.375000
299 14.658977 274053.375000 274053.281250 274053.375000 274053.375000
300 14.707145 274053.375000 274053.281250 274053.375000 274053.375000
301 14.755110 274053.375000 274053.281250 274053.375000 274053.375000
302 14.801577 274053.375000 275219.531250 332365.093750 274053.375000
303 14.847534 274053.375000 274570.718750 299925.656250 274053.375000
304 14.898183 274053.375000 274577.125000 300246.187500 274053.375000
305 14.944725 274053.375000 274962.375000 297026.250000 274053.375000
306 14.989409 274053.375000 275888.593750 342846.250000 274053.375000
307 15.035307 274053.375000 275985.625000 342846.250000 274053.375000
308 15.089136 274053.375000 275429.125000 342846.250000 274053.375000
309 15.140558 274053.375000 274053.281250 274053.375000 274053.375000
310 15.187473 274053.375000 274053.281250 274053.375000 274053.375000
311 15.236284 274053.375000 274532.031250 297990.750000 274053.375000
312 15.283274 274053.375000 274053.281250 274053.375000 274053.375000
313 15.333700 274053.375000 274053.281250 274053.375000 274053.375000
314 15.383218 274053.375000 274053.281250 274053.375000 274053.375000
315 15.429979 274053.375000 274053.281250 274053.375000 274053.375000
316 15.468321 274053.375000 274053.281250 274053.375000 274053.375000
317 15.513813 274053.375000 274053.281250 274053.375000 274053.375000
318 15.557579 274053.375000 274053.281250 274053.375000 274053.375000
319 15.605751 274053.375000 274053.281250 274053.375000 274053.375000
320 15.645836 274053.375000 274053.281250 274053.375000 274053.375000
321 15.686589 274053.375000 274053.281250 274053.375000 274053.375000
322 15.738866 274053.375000 274053.281250 274053.375000 274053.375000
323 15.791210 274053.375000 274053.281250 274053.375000 274053.375000
324 15.835729 274053.375000 274876.968750 315237.406250 274053.375000
325 15.884367 274053.375000 274053.281250 274053.375000 274053.375000
326 15.928997 274053.375000 274053.281250 274053.375000 274053.375000
327 15.974797 274053.375000 274053.281250 274053.375000 274053.375000
328 16.017040 274053.375000 274053.281250 274053.375000 274053.375000
329 16.066420 274053.375000 274053.281250 274053.375000 274053.375000
330 16.108776 274053.375000 274053.281250 274053.375000 274053.375000
331 16.152969 274053.375000 274053.281250 274053.375000 274053.375000
332 16.195345 274053.375000 274053.281250 274053.375000 274053.375000
333 16.238501 274053.375000 274053.281250 274053.375000 274053.375000
334 16.283878 274053.375000 274053.281250 274053.375000 274053.375000
335 16.333885 274053.375000 274053.281250 274053.375000 274053.375000
336 16.392559 274053.375000 274053.281250 274053.375000 274053.375000
337 16.440441 274053.375000 274053.281250 274053.375000 274053.375000
338 16.495245 274053.375000 274053.281250 274053.375000 274053.375000
339 16.547087 274053.375000 274053.281250 274053.375000 274053.375000
340 16.595121 274053.375000 274053.281250 274053.375000 274053.375000
341 16.638767 274053.375000 274053.281250 274053.375000 274053.375000
342 16.685101 274053.375000 274053.281250 274053.375000 274053.375000
343 16.726852 274053.375000 274053.281250 274053.375000 274053.375000
344 16.775593 274053.375000 274053.281250 274053.375000 274053.375000
345 16.823952 274053.375000 274053.281250 274053.375000 274053.375000
346 16.876720 274053.375000 274053.281250 274053.375000 274053.375000
347 16.918360 274053.375000 274053.281250 274053.375000 274053.375000
348 16.969219 274053.375000 274053.281250 274053.375000 274053.375000
349 17.014277 274053.375000 274053.281250 274053.375000 274053.375000
350 17.074535 274053.375000 274053.281250 274053.375000 274053.375000
351 17.122999 274053.375000 274053.281250 274053.375000 274053.375000
352 17.168024 274053.375000 274053.281250 274053.375000 274053.375000
353 17.209904 274053.375000 274053.281250 274053.375000 274053.375000
354 17.254944 274053.375000 274053.281250 274053.375000 274053.375000
355 17.301081 274053.375000 274053.281250 274053.375000 274053.375000
356 17.351215 274053.375000 274053.281250 274053.375000 274053.375000
357 17.402546 274053.375000 274053.281250 274053.375000 274053.375000
358 17.451944 274053.375000 274053.281250 274053.375000 274053.375000
359 17.496351 274053.375000 274053.281250 274053.375000 274053.375000
360 17.543997 274053.375000 274053.281250 274053.375000 274053.375000
361 17.587393 274053.375000 274053.281250 274053.375000 274053.375000
362 17.640585 274053.375000 274053.281250 274053.375000 274053.375000
363 17.686153 274053.375000 274053.281250 274053.375000 274053.375000
364 17.730648 274053.375000 274053.281250 274053.375000 274053.375000
365 17.770866 274053.375000 274053.281250 274053.375000 274053.375000
366 17.822220 274053.375000 277177.093750 430244.468750 274053.375000
367 17.870510 274053.375000 274053.281250 274053.375000 274053.375000
368 17.916056 274053.375000 274053.281250 274053.375000 274053.375000
369 17.961998 274053.375000 274053.281250 274053.375000 274053.375000
370 18.009188 274053.375000 274053.281250 274053.375000 274053.375000
371 18.057789 274053.375000 274053.281250 274053.375000 274053.375000
372 18.112436 274053.375000 274053.281250 274053.375000 274053.375000
373 18.161049 274053.375000 274053.281250 274053.375000 274053.375000
374 18.203089 274053.375000 274053.281250 274053.375000 274053.375000
375 18.251984 274053.375000 274053.281250 274053.375000 274053.375000
376 18.304783 274053.375000 274053.281250 274053.375000 274053.375000
377 18.355354 274053.375000 274053.281250 274053.375000 274053.375000
378 18.400925 274053.375000 274053.281250 274053.375000 274053.375000
379 18.439196 274053.375000 274053.281250 274053.375000 274053.375000
380 18.485289 274053.375000 274053.281250 274053.375000 274053.375000
381 18.530708 274053.375000 274053.281250 274053.375000 274053.375000
382 18.571093 274053.375000 274053.281250 274053.375000 274053.375000
383 18.617191 274053.375000 274053.281250 274053.375000 274053.375000
384 18.664003 274053.375000 274053.281250 274053.375000 274053.375000
385 18.708208 274053.375000 274053.281250 274053.375000 274053.375000
386 18.747583 274053.375000 274053.281250 274053.375000 274053.375000
387 18.799128 274053.375000 276474.437500 395111.843750 274053.375000
388 18.850056 274053.375000 274053.281250 274053.375000 274053.375000
389 18.895725 274053.375000 274053.281250 274053.375000 274053.375000
390 18.944572 274053.375000 274053.281250 274053.375000 274053.375000
391 18.997805 274053.375000 274053.281250 274053.375000 274053.375000
392 19.047421 274053.375000 274053.281250 274053.375000 274053.375000
393 19.094044 274053.375000 274227.593750 282768.531250 274053.375000
394 19.142454 274053.375000 274332.187500 287998.218750 274053.375000
395 19.188702 274053.375000 274053.281250 274053.375000 274053.375000
396 19.240564 274053.375000 274053.281250 274053.375000 274053.375000
397 19.294924 274053.375000 274053.281250 274053.375000 274053.375000
398 19.344030 274053.375000 274053.281250 274053.375000 274053.375000
399 19.395575 274053.375000 274053.281250 274053.375000 274053.375000
400 19.445078 274053.375000 274053.281250 274053.375000 274053.375000
401 19.495428 274053.375000 274053.281250 274053.375000 274053.375000
402 19.546398 274053.375000 274053.281250 274053.375000 274053.375000
403 19.595566 274053.375000 274053.281250 274053.375000 274053.375000
404 19.641386 274053.375000 274053.281250 274053.375000 274053.375000
405 19.685263 274053.375000 274053.281250 274053.375000 274053.375000
406 19.732172 274053.375000 274053.281250 274053.375000 274053.375000
407 19.773745 274053.375000 274053.281250 274053.375000 274053.375000
408 19.822544 274053.375000 274053.281250 274053.375000 274053.375000
409 19.870823 274053.375000 274053.281250 274053.375000 274053.375000
410 19.911999 274053.375000 274053.281250 274053.375000 274053.375000
411 19.961391 274053.375000 274053.281250 274053.375000 274053.375000
412 20.009899 274053.375000 274053.281250 274053.375000 274053.375000
413 20.061283 274053.375000 274053.281250 274053.375000 274053.375000
414 20.111526 274053.375000 274053.281250 274053.375000 274053.375000
415 20.162436 274053.375000 274053.281250 274053.375000 274053.375000
416 20.217169 274053.375000 274053.281250 274053.375000 274053.375000
417 20.267101 274053.375000 275032.031250 322990.906250 274053.375000
418 20.317144 274053.375000 275046.062500 322990.906250 274053.375000
419 20.364229 274053.375000 275032.031250 322990.906250 274053.375000
420 20.411795 274053.375000 274053.281250 274053.375000 274053.375000
421 20.453754 274053.375000 274053.281250 274053.375000 274053.375000
422 20.498892 274053.375000 274053.281250 274053.375000 274053.375000
423 20.552074 274053.375000 274053.281250 274053.375000 274053.375000
424 20.601280 274053.375000 274053.281250 274053.375000 274053.375000
425 20.649845 274053.375000 274053.281250 274053.375000 274053.375000
426 20.686632 274053.375000 274053.281250 274053.375000 274053.375000
427 20.731983 274053.375000 274053.281250 274053.375000 274053.375000
428 20.780563 274053.375000 274053.281250 274053.375000 274053.375000
429 20.839340 274053.375000 274053.281250 274053.375000 274053.375000
430 20.889259 274053.375000 274053.281250 274053.375000 274053.375000
431 20.935686 274053.375000 275988.375000 370807.281250 274053.375000
432 20.990726 274053.375000 274172.875000 280032.062500 274053.375000
433 21.034800 274053.375000 274164.750000 279627.812500 274053.375000
434 21.085257 274053.375000 274840.906250 313435.406250 274053.375000
435 21.130640 274053.375000 275805.750000 331254.343750 274053.375000
436 21.186253 274053.375000 275401.875000 331254.343750 274053.375000
437 21.229996 274053.375000 277594.312500 381588.937500 274053.375000
438 21.275261 274053.375000 277028.218750 331254.343750 274053.375000
439 21.321377 274053.375000 277708.250000 331254.343750 274053.375000
440 21.370264 274053.375000 277311.875000 331254.343750 274053.375000
441 21.419573 274053.375000 277529.812500 331254.343750 274053.375000
442 21.464264 274053.375000 277250.125000 331254.343750 274053.375000
443 21.514189 274053.375000 277300.968750 331254.343750 274053.375000
444 21.564560 274053.375000 277407.312500 331254.343750 274053.375000
445 21.614017 274053.375000 277079.750000 331254.343750 274053.375000
446 21.662443 274053.375000 276217.875000 331254.343750 274053.375000
447 21.708220 274053.375000 275197.312500 331254.343750 274053.375000
448 21.750175 274053.375000 274053.281250 274053.375000 274053.375000
449 21.798567 274053.375000 274053.281250 274053.375000 274053.375000
450 21.844748 274053.375000 274053.281250 274053.375000 274053.375000
451 21.895079 274053.375000 274053.281250 274053.375000 274053.375000
452 21.936831 274053.375000 274053.281250 274053.375000 274053.375000
453 21.992477 274053.375000 274053.281250 274053.375000 274053.375000
454 22.042320 274053.375000 274053.281250 274053.375000 274053.375000
455 22.090784 274053.375000 274053.281250 274053.375000 274053.375000
456 22.149040 274053.375000 274053.281250 274053.375000 274053.375000
457 22.193424 274053.375000 274053.281250 274053.375000 274053.375000
458 22.242882 274053.375000 274053.281250 274053.375000 274053.375000
459 22.293371 274053.375000 274053.281250 274053.375000 274053.375000
460 22.345604 274053.375000 274053.281250 274053.375000 274053.375000
461 22.390963 274053.375000 274053.281250 274053.375000 274053.375000
462 22.444660 274053.375000 274053.281250 274053.375000 274053.375000
463 22.488815 274053.375000 274053.281250 274053.375000 274053.375000
464 22.535725 274053.375000 274053.281250 274053.375000 274053.375000
465 22.579191 274053.375000 274053.281250 274053.375000 274053.375000
466 22.621668 274053.375000 274053.281250 274053.375000 274053.375000
467 22.672991 274053.375000 274053.281250 274053.375000 274053.375000
468 22.723455 274053.375000 274053.281250 274053.375000 274053.375000
469 22.774456 274053.375000 274053.281250 274053.375000 274053.375000
470 22.816521 274053.375000 274053.281250 274053.375000 274053.375000
471 22.864355 274053.375000 274053.281250 274053.375000 274053.375000
472 22.912352 274053.375000 274053.281250 274053.375000 274053.375000
473 22.959644 274053.375000 274053.281250 274053.375000 274053.375000
474 23.011229 274053.375000 274053.281250 274053.375000 274053.375000
475 23.055473 274053.375000 274053.281250 274053.375000 274053.375000
476 23.113283 274053.375000 274053.281250 274053.375000 274053.375000
477 23.164036 274053.375000 274053.281250 274053.375000 274053.375000
478 23.209749 274053.375000 274053.281250 274053.375000 274053.375000
479 23.254309 274053.375000 274053.281250 274053.375000 274053.375000
480 23.302504 274053.375000 274053.281250 274053.375000 274053.375000
481 23.351879 274053.375000 274053.281250 274053.375000 274053.375000
482 23.403755 274053.375000 274053.281250 274053.375000 274053.375000
483 23.449583 274053.375000 274053.281250 274053.375000 274053.375000
484 23.503639 274053.375000 274053.281250 274053.375000 274053.375000
485 23.546753 274053.375000 274053.281250 274053.375000 274053.375000
486 23.594721 274053.375000 274053.281250 274053.375000 274053.375000
487 23.643818 274053.375000 274053.281250 274053.375000 274053.375000
488 23.696451 274053.375000 274053.281250 274053.375000 274053.375000
489 23.747299 274053.375000 274053.281250 274053.375000 274053.375000
490 23.796844 274053.375000 275483.250000 345551.062500 274053.375000
491 23.842611 274053.375000 274094.281250 276103.531250 274053.375000
492 23.895905 274053.375000 275432.812500 343029.093750 274053.375000
493 23.944759 274053.375000 274330.125000 287896.437500 274053.375000
494 23.992865 274053.375000 274828.468750 312813.500000 274053.375000
495 24.043312 274053.375000 274264.281250 284603.750000 274053.375000
496 24.091574 274053.375000 276206.250000 381701.750000 274053.375000
497 24.141987 274053.375000 274053.281250 274053.375000 274053.375000
498 24.191776 274053.375000 274053.281250 274053.375000 274053.375000
499 24.236153 274053.375000 274053.281250 274053.375000 274053.375000
500 24.281467 274053.375000 274053.281250 274053.375000 274053.375000
501 24.328609 274053.375000 274053.281250 274053.375000 274053.375000
502 24.377029 274053.375000 274053.281250 274053.375000 274053.375000
503 24.423492 274053.375000 274053.281250 274053.375000 274053.375000
504 24.469110 274053.375000 274053.281250 274053.375000 274053.375000
505 24.515718 274053.375000 275687.375000 355758.593750 274053.375000
506 24.570293 274053.375000 274068.031250 274790.937500 274053.375000
507 24.615992 274053.375000 277739.031250 416721.250000 274053.375000
508 24.663668 274053.375000 277448.937500 416721.250000 274053.375000
509 24.705648 274053.375000 278800.281250 416721.250000 274053.375000
510 24.747904 274053.375000 280048.625000 416721.250000 274053.375000
511 24.799795 274053.375000 278359.468750 347372.656250 274053.375000
512 24.846395 274053.375000 278741.968750 347372.656250 274053.375000
513 24.895876 274053.375000 278665.968750 347372.656250 274053.375000
514 24.940582 274053.375000 278431.906250 347372.656250 274053.375000
515 24.990969 274053.375000 278111.250000 347372.656250 274053.375000
516 25.044621 274053.375000 277664.187500 347372.656250 274053.375000
517 25.091200 274053.375000 277179.875000 347372.656250 274053.375000
518 25.141649 274053.375000 276540.250000 347372.656250 274053.375000
519 25.196545 274053.375000 275519.687500 347372.656250 274053.375000
520 25.245264 274053.375000 274053.281250 274053.375000 274053.375000
521 25.294949 274053.375000 274053.281250 274053.375000 274053.375000
522 25.338181 274053.375000 274053.281250 274053.375000 274053.375000
523 25.388844 274053.375000 274053.281250 274053.375000 274053.375000
524 25.439816 274053.375000 275449.093750 343843.562500 274053.375000
525 25.486029 274053.375000 275171.593750 329967.781250 274053.375000
526 25.526133 274053.375000 275183.312500 330554.312500 274053.375000
527 25.574301 274053.375000 274174.906250 280135.312500 274053.375000
528 25.620371 274053.375000 274053.281250 274053.375000 274053.375000
529 25.667906 274053.375000 274053.281250 274053.375000 274053.375000
530 25.709732 274053.375000 275617.531250 352266.125000 274053.375000
531 25.756557 274053.375000 274053.281250 274053.375000 274053.375000
532 25.799780 274053.375000 274053.281250 274053.375000 274053.375000
533 25.852154 274053.375000 274053.281250 274053.375000 274053.375000
534 25.906221 274053.375000 274053.281250 274053.375000 274053.375000
535 25.951321 274053.375000 274053.281250 274053.375000 274053.375000
536 26.002138 274053.375000 274053.281250 274053.375000 274053.375000
537 26.050896 274053.375000 274053.281250 274053.375000 274053.375000
538 26.102648 274053.375000 274053.281250 274053.375000 274053.375000
539 26.150248 274053.375000 274053.281250 274053.375000 274053.375000
540 26.192837 274053.375000 274053.281250 274053.375000 274053.375000
541 26.241720 274053.375000 274053.281250 274053.375000 274053.375000
542 26.291059 274053.375000 274053.281250 274053.375000 274053.375000
543 26.339205 274053.375000 274053.281250 274053.375000 274053.375000
544 26.385164 274053.375000 274053.281250 274053.375000 274053.375000
545 26.433376 274053.375000 274053.281250 274053.375000 274053.375000
546 26.484173 274053.375000 275799.312500 361354.625000 274053.375000
547 26.538479 274053.375000 276699.437500 406360.812500 274053.375000
548 26.584955 274053.375000 274053.281250 274053.375000 274053.375000
549 26.629173 274053.375000 274053.281250 274053.375000 274053.375000
550 26.679144 274053.375000 274053.281250 274053.375000 274053.375000
551 26.726521 274053.375000 274053.281250 274053.375000 274053.375000
552 26.770000 274053.375000 275090.187500 325899.343750 274053.375000
553 26.809555 274053.375000 274102.187500 276497.937500 274053.375000
554 26.858276 274053.375000 274188.093750 280794.531250 274053.375000
555 26.904819 274053.375000 274053.281250 274053.375000 274053.375000
556 26.951612 274053.375000 274053.281250 274053.375000 274053.375000
557 26.999023 274053.375000 274053.281250 274053.375000 274053.375000
558 27.049177 274053.375000 274053.281250 274053.375000 274053.375000
559 27.099939 274053.375000 274773.312500 310054.750000 274053.375000
560 27.149820 274053.375000 275582.250000 350501.656250 274053.375000
561 27.199089 274053.375000 274138.500000 278314.750000 274053.375000
562 27.244801 274053.375000 275287.687500 335774.718750 274053.375000
563 27.290432 274053.375000 274657.593750 304268.625000 274053.375000
564 27.337353 274053.375000 274885.093750 315643.218750 274053.375000
565 27.386791 274053.375000 275885.718750 365675.750000 274053.375000
566 27.439211 274053.375000 274053.281250 274053.375000 274053.375000
567 27.485815 274053.375000 274053.281250 274053.375000 274053.375000
568 27.532619 274053.375000 274053.281250 274053.375000 274053.375000
569 27.577595 274053.375000 274053.281250 274053.375000 274053.375000
570 27.630388 274053.375000 274053.281250 274053.375000 274053.375000
571 27.686071 274053.375000 274053.281250 274053.375000 274053.375000
572 27.741354 274053.375000 274053.281250 274053.375000 274053.375000
573 27.791691 274053.375000 274053.281250 274053.375000 274053.375000
574 27.837879 274053.375000 274053.281250 274053.375000 274053.375000
575 27.888060 274053.375000 274053.281250 274053.375000 274053.375000
576 27.938021 274053.375000 274053.281250 274053.375000 274053.375000
577 27.992523 274053.375000 274053.281250 274053.375000 274053.375000
578 28.035103 274053.375000 274053.281250 274053.375000 274053.375000
579 28.087040 274053.375000 274053.281250 274053.375000 274053.375000
580 28.134357 274053.375000 274822.625000 312520.968750 274053.375000
581 28.184263 274053.375000 274169.531250 279865.468750 274053.375000
582 28.234079 274053.375000 274053.281250 274053.375000 274053.375000
583 28.283072 274053.375000 274053.281250 274053.375000 274053.375000
584 28.329811 274053.375000 274476.750000 295226.468750 274053.375000
585 28.381311 274053.375000 274053.281250 274053.375000 274053.375000
586 28.429235 274053.375000 276168.875000 365438.625000 274053.375000
587 28.480288 274053.375000 276768.375000 365438.625000 274053.375000
588 28.526939 274053.375000 276601.843750 365438.625000 274053.375000
589 28.573805 274053.375000 275881.000000 365438.625000 274053.375000
590 28.623602 274053.375000 274053.281250 274053.375000 274053.375000
591 28.673700 274053.375000 276245.250000 383651.187500 274053.375000
592 28.723801 274053.375000 275073.843750 325081.468750 274053.375000
593 28.774803 274053.375000 274053.281250 274053.375000 274053.375000
594 28.820202 274053.375000 274053.281250 274053.375000 274053.375000
595 28.872631 274053.375000 274053.281250 274053.375000 274053.375000
596 28.923803 274053.375000 274053.281250 274053.375000 274053.375000
597 28.971355 274053.375000 274053.281250 274053.375000 274053.375000
598 29.020807 274053.375000 274053.281250 274053.375000 274053.375000
599 29.069948 274053.375000 274053.281250 274053.375000 274053.375000
600 29.120075 274053.375000 274053.281250 274053.375000 274053.375000
601 29.179562 274053.375000 274053.281250 274053.375000 274053.375000
602 29.231894 274053.375000 274053.281250 274053.375000 274053.375000
603 29.285637 274053.375000 274053.281250 274053.375000 274053.375000
604 29.329536 274053.375000 274053.281250 274053.375000 274053.375000
605 29.376179 274053.375000 274053.281250 274053.375000 274053.375000
606 29.427134 274053.375000 274053.281250 274053.375000 274053.375000
607 29.472704 274053.375000 274053.281250 274053.375000 274053.375000
608 29.521503 274053.375000 274053.281250 274053.375000 274053.375000
609 29.571735 274053.375000 276657.531250 404264.937500 274053.375000
610 29.630816 274053.375000 274053.281250 274053.375000 274053.375000
611 29.680759 274053.375000 274053.281250 274053.375000 274053.375000
612 29.726831 274053.375000 274053.281250 274053.375000 274053.375000
613 29.771387 274053.375000 274053.281250 274053.375000 274053.375000
614 29.817698 274053.375000 274053.281250 274053.375000 274053.375000
615 29.857420 274053.375000 274053.281250 274053.375000 274053.375000
616 29.903437 274053.375000 274053.281250 274053.375000 274053.375000
617 29.951033 274053.375000 274053.281250 274053.375000 274053.375000
618 29.997856 274053.375000 274053.281250 274053.375000 274053.375000
619 30.044777 274053.375000 274053.281250 274053.375000 274053.375000
620 30.091728 274053.375000 274053.281250 274053.375000 274053.375000
621 30.142227 274053.375000 274053.281250 274053.375000 274053.375000
622 30.195599 274053.375000 275602.281250 351503.750000 274053.375000
623 30.245089 274053.375000 274053.281250 274053.375000 274053.375000
624 30.294449 274053.375000 274053.281250 274053.375000 274053.375000
625 30.345585 274053.375000 274053.281250 274053.375000 274053.375000
626 30.395790 274053.375000 274053.281250 274053.375000 274053.375000
627 30.445473 274053.375000 274053.281250 274053.375000 274053.375000
628 30.488239 274053.375000 274053.281250 274053.375000 274053.375000
629 30.533909 274053.375000 274682.312500 305505.250000 274053.375000
630 30.582926 274053.375000 274606.687500 301723.437500 274053.375000
631 30.627289 274053.375000 274285.875000 285682.625000 274053.375000
632 30.675652 274053.375000 275093.968750 326088.250000 274053.375000
633 30.728716 274053.375000 274053.281250 274053.375000 274053.375000
634 30.781307 274053.375000 274053.281250 274053.375000 274053.375000
635 30.827566 274053.375000 274053.281250 274053.375000 274053.375000
636 30.881414 274053.375000 274053.281250 274053.375000 274053.375000
637 30.926624 274053.375000 274053.281250 274053.375000 274053.375000
638 30.972982 274053.375000 274053.281250 274053.375000 274053.375000
639 31.020603 274053.375000 274053.281250 274053.375000 274053.375000
640 31.082304 274053.375000 274053.281250 274053.375000 274053.375000
641 31.139488 274053.375000 274053.281250 274053.375000 274053.375000
642 31.190744 274053.375000 275725.156250 357647.437500 274053.375000
643 31.240492 274053.375000 274155.406250 279159.843750 274053.375000
644 31.289865 274053.375000 274430.000000 283769.437500 274053.375000
645 31.337000 274053.375000 274346.687500 283769.437500 274053.375000
646 31.380756 274053.375000 274248.625000 283769.437500 274053.375000
647 31.431335 274053.375000 274322.687500 283769.437500 274053.375000
648 31.486540 274053.375000 274397.156250 283769.437500 274053.375000
649 31.538883 274053.375000 274619.031250 292623.937500 274053.375000
650 31.587179 274053.375000 274953.375000 300487.000000 274053.375000
651 31.644932 274053.375000 274746.687500 300487.000000 274053.375000
652 31.700584 274053.375000 274612.000000 300487.000000 274053.375000
653 31.752544 274053.375000 274581.968750 300487.000000 274053.375000
654 31.802130 274053.375000 274712.437500 307011.812500 274053.375000
655 31.851398 274053.375000 274489.187500 295849.156250 274053.375000
656 31.903397 274053.375000 274133.812500 278079.937500 274053.375000
657 31.954588 274053.375000 274053.281250 274053.375000 274053.375000
658 32.006344 274053.375000 274053.281250 274053.375000 274053.375000
659 32.054214 274053.375000 274053.281250 274053.375000 274053.375000
660 32.103512 274053.375000 274053.281250 274053.375000 274053.375000
661 32.150135 274053.375000 277305.718750 436675.562500 274053.375000
662 32.196720 274053.375000 274219.625000 282371.312500 274053.375000
663 32.247791 274053.375000 274341.250000 288452.562500 274053.375000
664 32.295425 274053.375000 274101.593750 276467.937500 274053.375000
665 32.350651 274053.375000 274053.281250 274053.375000 274053.375000
666 32.394291 274053.375000 276227.062500 382741.750000 274053.375000
667 32.446545 274053.375000 274053.281250 274053.375000 274053.375000
668 32.493061 274053.375000 274053.281250 274053.375000 274053.375000
