0 0.000001 315111.937500 328661.625000 343600.187500 315111.937500
1 0.050378 312121.718750 328661.625000 343600.187500 315111.937500
2 0.101443 307574.468750 329504.812500 424576.093750 312121.718750
3 0.148587 302592.343750 327309.843750 424576.093750 307574.468750
4 0.192237 301875.437500 325630.156250 424576.093750 302592.343750
5 0.235712 299412.281250 325267.000000 424576.093750 301875.437500
6 0.285535 298490.656250 323942.125000 424576.093750 299412.281250
7 0.337355 293416.625000 322392.125000 424576.093750 298490.656250
8 0.385163 292720.468750 323091.812500 424576.093750 293416.625000
9 0.434649 289455.468750 321302.531250 424576.093750 292720.468750
10 0.483037 288693.375000 319818.593750 424576.093750 289455.468750
11 0.535553 287837.937500 318312.375000 424576.093750 288693.375000
12 0.585759 287837.937500 316823.218750 424576.093750 287837.937500
13 0.636146 285655.468750 317408.156250 424576.093750 287837.937500
14 0.676974 285594.000000 312745.656250 424576.093750 285655.468750
15 0.723822 285594.000000 310120.468750 332266.375000 285594.000000
16 0.771824 285179.218750 309631.906250 332266.375000 285594.000000
17 0.822660 284230.000000 309164.468750 332266.375000 285179.218750
18 0.871908 283988.250000 308839.375000 332266.375000 284230.000000
19 0.919172 283523.906250 310010.281250 367218.750000 283988.250000
20 0.964022 281311.125000 308030.406250 332266.375000 283523.906250
21 1.015733 281311.125000 307637.312500 332266.375000 281311.125000
22 1.068084 280773.187500 307250.218750 332266.375000 281311.125000
23 1.114391 280614.750000 308307.125000 357909.093750 280773.187500
24 1.167045 280609.125000 306850.593750 332266.375000 280614.750000
25 1.215630 280556.656250 310992.593750 443027.937500 280609.125000
26 1.259827 277794.156250 306515.906250 332266.375000 280556.656250
27 1.311159 277794.156250 306152.125000 332266.375000 277794.156250
28 1.359836 276434.562500 305882.750000 332266.375000 277794.156250
29 1.406035 276434.562500 305444.156250 332266.375000 276434.562500
30 1.458729 276434.562500 305182.593750 332266.375000 276434.562500
31 1.506713 276289.250000 305018.531250 332266.375000 276434.562500
32 1.560827 276277.906250 306244.406250 356851.375000 276289.250000
33 1.617299 276081.656250 304208.968750 332266.375000 276277.906250
34 1.663447 276081.656250 304097.625000 332266.375000 276081.656250
35 1.714169 275856.187500 303980.437500 332266.375000 276081.656250
36 1.757549 275856.187500 306379.312500 400856.593750 275856.187500
37 1.804544 275688.687500 303925.375000 332266.375000 275856.187500
38 1.848726 275688.687500 304938.093750 332266.375000 275688.687500
39 1.893605 275688.687500 303817.312500 331076.375000 275688.687500
40 1.941171 275688.687500 303595.562500 331076.375000 275688.687500
41 1.987136 275543.375000 303482.468750 331076.375000 275688.687500
42 2.039055 275543.375000 303272.375000 331076.375000 275543.375000
43 2.078902 275362.375000 305860.468750 422626.031250 275543.375000
44 2.125390 274052.875000 302973.437500 331076.375000 275362.375000
45 2.180601 274052.875000 303019.062500 331076.375000 274052.875000
46 2.224271 274052.875000 302935.468750 331076.375000 274052.875000
47 2.269011 274052.875000 305971.687500 447987.156250 274052.875000
48 2.312664 273680.593750 302428.437500 331076.375000 274052.875000
49 2.362606 273680.593750 302201.281250 331076.375000 273680.593750
50 2.415590 273367.406250 302093.093750 331076.375000 273680.593750
51 2.463267 273367.406250 302016.718750 331076.375000 273367.406250
52 2.510105 273367.406250 301942.187500 331076.375000 273367.406250
53 2.560769 273290.218750 301882.250000 331076.375000 273367.406250
54 2.611793 273179.156250 301854.343750 331076.375000 273290.218750
55 2.657725 273179.156250 301819.875000 331076.375000 273179.156250
56 2.715245 273179.156250 301814.875000 331076.375000 273179.156250
57 2.764632 273101.968750 301781.156250 331076.375000 273179.156250
58 2.814023 273101.968750 301768.093750 331076.375000 273101.968750
59 2.860884 273101.968750 302764.375000 333436.343750 273101.968750
60 2.909223 273101.968750 301580.531250 331076.375000 273101.968750
61 2.955230 273101.968750 303179.875000 356001.000000 273101.968750
62 3.000019 273101.968750 303689.937500 383599.531250 273101.968750
63 3.041841 273101.968750 301861.875000 331076.375000 273101.968750
64 3.091281 273101.968750 301766.406250 331076.375000 273101.968750
65 3.139529 273101.968750 301691.750000 331076.375000 273101.968750
66 3.185486 273101.968750 301163.906250 331076.375000 273101.968750
67 3.233728 273101.968750 300923.562500 331076.375000 273101.968750
68 3.283850 273101.968750 300596.718750 331076.375000 273101.968750
69 3.334464 273101.968750 301161.750000 331076.375000 273101.968750
70 3.385287 273101.968750 300333.500000 331076.375000 273101.968750
71 3.430232 273101.968750 303205.187500 481907.562500 273101.968750
72 3.480836 273101.968750 298048.718750 331076.375000 273101.968750
73 3.534918 273101.968750 295990.906250 331076.375000 273101.968750
74 3.583971 273101.968750 293933.093750 331076.375000 273101.968750
75 3.635209 273101.968750 291875.281250 331076.375000 273101.968750
76 3.686017 273101.968750 289817.468750 331076.375000 273101.968750
77 3.724786 273101.968750 287759.687500 331076.375000 273101.968750
78 3.776674 273101.968750 285701.875000 331076.375000 273101.968750
79 3.818132 273101.968750 283644.093750 331076.375000 273101.968750
80 3.868357 273101.968750 281586.281250 331076.375000 273101.968750
81 3.914750 273101.968750 279528.468750 331076.375000 273101.968750
82 3.959581 273101.968750 277470.687500 331076.375000 273101.968750
83 4.007358 273101.968750 275290.375000 331076.375000 273101.968750
84 4.055301 273101.968750 274261.468750 331076.375000 273101.968750
85 4.099751 273101.968750 273101.968750 273101.968750 273101.968750
86 4.152548 273101.968750 273101.968750 273101.968750 273101.968750
87 4.194598 273101.968750 273101.968750 273101.968750 273101.968750
88 4.244525 273101.968750 273101.968750 273101.968750 273101.968750
89 4.294785 273101.968750 273101.968750 273101.968750 273101.968750
90 4.337830 273101.968750 273101.968750 273101.968750 273101.968750
91 4.381220 273101.968750 273513.531250 293678.218750 273101.968750
92 4.427809 273101.968750 273101.968750 273101.968750 273101.968750
93 4.472947 273101.968750 273101.968750 273101.968750 273101.968750
94 4.521949 273101.968750 273101.968750 273101.968750 273101.968750
95 4.574290 273101.968750 273101.968750 273101.968750 273101.968750
96 4.618253 273101.968750 274773.406250 356672.375000 273101.968750
97 4.662357 273101.968750 277153.906250 430567.968750 273101.968750
98 4.703319 273101.968750 276431.312500 430567.968750 273101.968750
99 4.753008 273101.968750 276251.312500 430567.968750 273101.968750
100 4.800947 273101.968750 273101.968750 273101.968750 273101.968750
101 4.845282 273101.968750 273101.968750 273101.968750 273101.968750
102 4.897924 273101.968750 273101.968750 273101.968750 273101.968750
103 4.943221 273101.968750 273101.968750 273101.968750 273101.968750
104 4.988844 273101.968750 273101.968750 273101.968750 273101.968750
105 5.031997 272942.875000 274550.875000 322034.375000 273101.968750
106 5.086838 272942.875000 274077.437500 322034.375000 272942.875000
107 5.136683 272942.875000 273095.625000 273101.968750 272942.875000
108 5.183852 272942.875000 273089.250000 273101.968750 272942.875000
109 5.230236 272942.875000 273588.093750 298362.093750 272942.875000
110 5.282501 272942.875000 273581.750000 298362.093750 272942.875000
111 5.332757 272942.875000 273575.375000 298362.093750 272942.875000
112 5.380604 272942.875000 273569.031250 298362.093750 272942.875000
113 5.424004 272942.875000 276811.875000 435562.531250 272942.875000
114 5.478243 272942.875000 276805.531250 435562.531250 272942.875000
115 5.535849 272942.875000 276799.156250 435562.531250 272942.875000
116 5.579270 272942.875000 276792.812500 435562.531250 272942.875000
117 5.627090 272942.875000 276786.437500 435562.531250 272942.875000
118 5.671231 272942.875000 276780.093750 435562.531250 272942.875000
119 5.716266 272942.875000 276773.718750 435562.531250 272942.875000
120 5.767467 272942.875000 276767.375000 435562.531250 272942.875000
121 5.816069 272942.875000 278360.375000 435562.531250 272942.875000
122 5.862370 272942.875000 278354.031250 435562.531250 272942.875000
123 5.909158 272942.875000 279485.593750 435562.531250 272942.875000
124 5.958676 272942.875000 277258.906250 352911.968750 272942.875000
125 6.009762 272942.875000 277252.531250 352911.968750 272942.875000
126 6.063232 272942.875000 277246.187500 352911.968750 272942.875000
127 6.113118 272942.875000 277239.812500 352911.968750 272942.875000
128 6.158131 272942.875000 277233.468750 352911.968750 272942.875000
129 6.210800 272942.875000 277227.093750 352911.968750 272942.875000
130 6.254755 272942.875000 276715.531250 352911.968750 272942.875000
131 6.303675 272942.875000 277555.312500 371986.000000 272942.875000
132 6.350515 272942.875000 274542.375000 352911.968750 272942.875000
133 6.394910 272942.875000 275652.781250 408433.531250 272942.875000
134 6.446716 272942.875000 273881.531250 319870.093750 272942.875000
135 6.498634 272942.875000 276954.125000 426771.000000 272942.875000
136 6.546525 272942.875000 276019.531250 426771.000000 272942.875000
137 6.592926 272942.875000 274874.718750 369530.656250 272942.875000
138 6.637230 272942.875000 273558.312500 303710.437500 272942.875000
139 6.685938 272942.875000 274925.031250 372045.593750 272942.875000
140 6.740946 272942.875000 272942.968750 272942.875000 272942.875000
141 6.788872 272942.875000 272942.968750 272942.875000 272942.875000
142 6.836638 272942.875000 272942.968750 272942.875000 272942.875000
143 6.879768 272942.875000 272942.968750 272942.875000 272942.875000
144 6.921293 272942.875000 272942.968750 272942.875000 272942.875000
145 6.967723 272942.875000 272942.968750 272942.875000 272942.875000
146 7.015735 272942.875000 273178.812500 284734.406250 272942.875000
147 7.067378 272942.875000 272942.968750 272942.875000 272942.875000
148 7.118667 272942.875000 272942.968750 272942.875000 272942.875000
149 7.167691 272942.875000 272942.968750 272942.875000 272942.875000
150 7.215694 272942.875000 272942.968750 272942.875000 272942.875000
151 7.259290 272942.875000 272942.968750 272942.875000 272942.875000
152 7.304040 272942.875000 273271.125000 289351.562500 272942.875000
153 7.351486 272942.875000 272942.968750 272942.875000 272942.875000
154 7.400678 272942.875000 272942.968750 272942.875000 272942.875000
155 7.449008 272942.875000 272942.968750 272942.875000 272942.875000
156 7.505339 272942.875000 273342.250000 292907.562500 272942.875000
157 7.565697 272942.875000 273138.812500 282734.187500 272942.875000
158 7.615772 272942.875000 272942.968750 272942.875000 272942.875000
159 7.666507 272942.875000 275584.031250 404995.093750 272942.875000
160 7.713343 272942.875000 274186.281250 335108.312500 272942.875000
161 7.765871 272942.875000 272942.968750 272942.875000 272942.875000
162 7.816982 272942.875000 272942.968750 272942.875000 272942.875000
163 7.860983 272942.875000 272942.968750 272942.875000 272942.875000
164 7.905054 272942.875000 272942.968750 272942.875000 272942.875000
165 7.957652 272942.875000 272942.968750 272942.875000 272942.875000
166 8.008238 272942.875000 272942.968750 272942.875000 272942.875000
167 8.058329 272942.875000 272942.968750 272942.875000 272942.875000
168 8.107781 272942.875000 272942.968750 272942.875000 272942.875000
169 8.161482 272942.875000 272942.968750 272942.875000 272942.875000
170 8.210031 272942.875000 272942.968750 272942.875000 272942.875000
171 8.257912 272942.875000 272942.968750 272942.875000 272942.875000
172 8.313896 272942.875000 273299.125000 290751.156250 272942.875000
173 8.364241 272942.875000 273054.031250 278495.625000 272942.875000
174 8.410475 272942.875000 277429.343750 390075.687500 272942.875000
175 8.452308 272942.875000 278434.250000 390075.687500 272942.875000
176 8.492904 272942.875000 277542.312500 390075.687500 272942.875000
177 8.538347 272942.875000 275953.875000 390075.687500 272942.875000
178 8.588490 272942.875000 275786.437500 390075.687500 272942.875000
179 8.642788 272942.875000 275285.625000 390075.687500 272942.875000
180 8.687875 272942.875000 272942.968750 272942.875000 272942.875000
181 8.739252 272942.875000 272942.968750 272942.875000 272942.875000
182 8.785989 272942.875000 272942.968750 272942.875000 272942.875000
183 8.835902 272942.875000 277759.437500 415402.781250 272942.875000
184 8.881480 272942.875000 277233.156250 415402.781250 272942.875000
185 8.932092 272942.875000 275792.187500 415402.781250 272942.875000
186 8.983768 272942.875000 275381.687500 394879.187500 272942.875000
187 9.041267 272942.875000 273624.218750 307005.312500 272942.875000
188 9.087496 272942.875000 272942.968750 272942.875000 272942.875000
189 9.136802 272942.875000 276899.218750 470755.250000 272942.875000
190 9.185686 272942.875000 272942.968750 272942.875000 272942.875000
191 9.237219 272942.875000 272942.968750 272942.875000 272942.875000
192 9.286380 272942.875000 272942.968750 272942.875000 272942.875000
193 9.328541 272942.875000 272942.968750 272942.875000 272942.875000
194 9.374333 272942.875000 272942.968750 272942.875000 272942.875000
195 9.422730 272942.875000 272942.968750 272942.875000 272942.875000
196 9.467496 272942.875000 272942.968750 272942.875000 272942.875000
197 9.510821 272942.875000 272942.968750 272942.875000 272942.875000
198 9.558316 272942.875000 272942.968750 272942.875000 272942.875000
199 9.600301 272942.875000 272942.968750 272942.875000 272942.875000
200 9.646709 272942.875000 273173.156250 284451.812500 272942.875000
201 9.702154 272942.875000 274154.875000 333536.968750 272942.875000
202 9.752962 272942.875000 272942.968750 272942.875000 272942.875000
203 9.799294 272942.875000 272942.968750 272942.875000 272942.875000
204 9.845012 272942.875000 272942.968750 272942.875000 272942.875000
205 9.895852 272942.875000 272942.968750 272942.875000 272942.875000
206 9.944834 272942.875000 272942.968750 272942.875000 272942.875000
207 9.991699 272942.875000 272942.968750 272942.875000 272942.875000
208 10.044125 272942.875000 273523.187500 301953.500000 272942.875000
209 10.091555 272942.875000 272942.968750 272942.875000 272942.875000
210 10.132416 272942.875000 272942.968750 272942.875000 272942.875000
211 10.177785 272942.875000 272942.968750 272942.875000 272942.875000
212 10.235750 272942.875000 272942.968750 272942.875000 272942.875000
213 10.283112 272942.875000 272942.968750 272942.875000 272942.875000
214 10.325130 272942.875000 272942.968750 272942.875000 272942.875000
215 10.379466 272942.875000 273047.093750 278148.031250 272942.875000
216 10.429656 272942.875000 275936.187500 353884.062500 272942.875000
217 10.485045 272942.875000 275158.343750 353884.062500 272942.875000
218 10.534074 272942.875000 274561.812500 353884.062500 272942.875000
219 10.581394 272942.875000 272942.968750 272942.875000 272942.875000
220 10.635964 272942.875000 274625.093750 357049.218750 272942.875000
221 10.688215 272942.875000 273120.531250 281820.750000 272942.875000
222 10.733636 272942.875000 272942.968750 272942.875000 272942.875000
223 10.790129 272942.875000 272942.968750 272942.875000 272942.875000
224 10.830204 272942.875000 272942.968750 272942.875000 272942.875000
225 10.873909 272942.875000 274550.781250 353333.343750 272942.875000
226 10.916595 272942.875000 273592.593750 305423.656250 272942.875000
227 10.962806 272942.875000 272942.968750 272942.875000 272942.875000
228 11.006146 272942.875000 272942.968750 272942.875000 272942.875000
229 11.053435 272942.875000 274773.281250 354051.000000 272942.875000
230 11.103381 272942.875000 274565.125000 354051.000000 272942.875000
231 11.153811 272942.875000 272942.968750 272942.875000 272942.875000
232 11.204023 272942.875000 272942.968750 272942.875000 272942.875000
233 11.257580 272942.875000 272942.968750 272942.875000 272942.875000
234 11.306385 272942.875000 272942.968750 272942.875000 272942.875000
235 11.355109 272942.875000 273774.593750 314524.375000 272942.875000
236 11.403106 272942.875000 275705.406250 367229.562500 272942.875000
237 11.450813 272942.875000 274828.718750 367229.562500 272942.875000
238 11.499084 272942.875000 272942.968750 272942.875000 272942.875000
239 11.548531 272942.875000 272942.968750 272942.875000 272942.875000
240 11.597377 272942.875000 272942.968750 272942.875000 272942.875000
241 11.645713 272942.875000 272942.968750 272942.875000 272942.875000
242 11.698967 272942.875000 274528.375000 352213.531250 272942.875000
243 11.749836 272942.875000 272942.968750 272942.875000 272942.875000
244 11.798044 272942.875000 272942.968750 272942.875000 272942.875000
245 11.851057 272942.875000 272942.968750 272942.875000 272942.875000
246 11.897842 272942.875000 273829.937500 317290.906250 272942.875000
247 11.952197 272456.906250 273136.718750 282630.000000 272942.875000
248 11.999441 272456.906250 272933.250000 272942.875000 272456.906250
249 12.046358 272214.468750 272933.250000 272942.875000 272456.906250
250 12.096781 272214.468750 272908.968750 272942.875000 272214.468750
251 12.147989 272214.468750 272884.687500 272942.875000 272214.468750
252 12.191853 272214.468750 272855.562500 272942.875000 272214.468750
253 12.237567 272214.468750 272826.406250 272942.875000 272214.468750
254 12.281370 272214.468750 272797.281250 272942.875000 272214.468750
255 12.332292 272214.468750 272768.125000 272942.875000 272214.468750
256 12.383950 272214.468750 272739.000000 272942.875000 272214.468750
257 12.428646 272214.468750 272709.875000 272942.875000 272214.468750
258 12.477861 272214.468750 272680.718750 272942.875000 272214.468750
259 12.531524 272214.468750 272651.593750 272942.875000 272214.468750
260 12.579138 272214.468750 272622.437500 272942.875000 272214.468750
261 12.628276 272214.468750 272593.312500 272942.875000 272214.468750
262 12.672986 272214.468750 272564.156250 272942.875000 272214.468750
263 12.721469 272214.468750 272535.031250 272942.875000 272214.468750
264 12.769478 272214.468750 272505.875000 272942.875000 272214.468750
265 12.812838 272214.468750 272476.750000 272942.875000 272214.468750
266 12.860189 272214.468750 272447.593750 272942.875000 272214.468750
267 12.904599 272214.468750 272418.406250 272942.875000 272214.468750
268 12.959722 272214.468750 272389.250000 272942.875000 272214.468750
269 13.012737 272214.468750 272360.093750 272942.875000 272214.468750
270 13.063120 272214.468750 272330.937500 272942.875000 272214.468750
271 13.104548 272214.468750 274178.468750 366049.218750 272214.468750
272 13.156802 272214.468750 274149.312500 366049.218750 272214.468750
273 13.204980 272214.468750 274120.156250 366049.218750 272214.468750
274 13.246463 272214.468750 272228.875000 272942.875000 272214.468750
275 13.296742 272214.468750 272214.312500 272214.468750 272214.468750
276 13.343042 272214.468750 272578.593750 290428.218750 272214.468750
277 13.393232 272214.468750 272214.312500 272214.468750 272214.468750
278 13.437468 272214.468750 272214.312500 272214.468750 272214.468750
279 13.490668 272214.468750 272214.312500 272214.468750 272214.468750
280 13.540445 272214.468750 275169.000000 419949.281250 272214.468750
281 13.596875 272214.468750 272214.312500 272214.468750 272214.468750
282 13.648354 272214.468750 272802.218750 301610.468750 272214.468750
283 13.690665 272214.468750 272214.312500 272214.468750 272214.468750
284 13.739545 272214.468750 272214.312500 272214.468750 272214.468750
285 13.786586 272214.468750 273076.125000 315305.000000 272214.468750
286 13.834753 272214.468750 272214.312500 272214.468750 272214.468750
287 13.886274 272214.468750 272214.312500 272214.468750 272214.468750
288 13.927602 272214.468750 272214.312500 272214.468750 272214.468750
289 13.983000 272214.468750 272214.312500 272214.468750 272214.468750
290 14.037779 272214.468750 275809.687500 451984.656250 272214.468750
291 14.097031 272214.468750 272214.312500 272214.468750 272214.468750
292 14.140384 272214.468750 272214.312500 272214.468750 272214.468750
293 14.195211 272214.468750 275802.156250 451607.625000 272214.468750
294 14.245417 272214.468750 272214.312500 272214.468750 272214.468750
295 14.289536 272214.468750 273690.093750 346004.500000 272214.468750
296 14.337345 272214.468750 272214.312500 272214.468750 272214.468750
297 14.387240 272214.468750 274519.718750 387485.812500 272214.468750
298 14.433888 272214.468750 276749.687500 444268.000000 272214.468750
299 14.479339 272214.468750 274315.406250 324547.437500 272214.468750
300 14.527029 272214.468750 273420.687500 305155.500000 272214.468750
301 14.576010 272214.468750 272873.125000 305155.500000 272214.468750
302 14.623294 272214.468750 272214.312500 272214.468750 272214.468750
303 14.671592 272214.468750 272214.312500 272214.468750 272214.468750
304 14.718745 272214.468750 272214.312500 272214.468750 272214.468750
305 14.767553 272214.468750 274767.875000 399892.687500 272214.468750
306 14.818844 272214.468750 273124.968750 317748.093750 272214.468750
307 14.872597 272214.468750 272214.312500 272214.468750 272214.468750
308 14.928865 272214.468750 272214.312500 272214.468750 272214.468750
309 14.977052 272214.468750 272214.312500 272214.468750 272214.468750
310 15.021493 272214.468750 272214.312500 272214.468750 272214.468750
311 15.077154 272214.468750 272953.593750 309179.187500 272214.468750
312 15.117885 272214.468750 272214.312500 272214.468750 272214.468750
313 15.165462 272214.468750 274660.062500 394502.312500 272214.468750
314 15.215386 272214.468750 272214.312500 272214.468750 272214.468750
315 15.259321 272214.468750 272214.312500 272214.468750 272214.468750
316 15.308527 272214.468750 273992.375000 361117.343750 272214.468750
317 15.359901 272214.468750 273072.812500 315141.125000 272214.468750
318 15.410472 272214.468750 272214.312500 272214.468750 272214.468750
319 15.454365 272214.468750 272214.312500 272214.468750 272214.468750
320 15.503147 272214.468750 272214.312500 272214.468750 272214.468750
321 15.553295 272214.468750 273802.593750 351628.625000 272214.468750
322 15.593611 272214.468750 272214.312500 272214.468750 272214.468750
323 15.647178 272214.468750 272214.312500 272214.468750 272214.468750
324 15.702392 272214.468750 272214.312500 272214.468750 272214.468750
325 15.747938 272214.468750 272214.312500 272214.468750 272214.468750
326 15.798031 272214.468750 272214.312500 272214.468750 272214.468750
327 15.850327 272214.468750 274158.187500 369409.031250 272214.468750
328 15.898188 272214.468750 272614.843750 292241.843750 272214.468750
329 15.946219 272214.468750 272214.312500 272214.468750 272214.468750
330 15.993680 272214.468750 272214.312500 272214.468750 272214.468750
331 16.038145 272214.468750 272214.312500 272214.468750 272214.468750
332 16.083820 272214.468750 272837.812500 303389.312500 272214.468750
333 16.133495 272214.468750 273210.312500 298000.906250 272214.468750
334 16.185196 272214.468750 272814.343750 298000.906250 272214.468750
335 16.233833 272214.468750 273746.375000 323031.625000 272214.468750
336 16.275572 272214.468750 273230.656250 323031.625000 272214.468750
337 16.321136 272214.468750 272214.312500 272214.468750 272214.468750
338 16.375132 272214.468750 272214.312500 272214.468750 272214.468750
339 16.423065 272214.468750 272214.312500 272214.468750 272214.468750
340 16.471935 272214.468750 272214.312500 272214.468750 272214.468750
341 16.517879 272214.468750 272214.312500 272214.468750 272214.468750
342 16.568068 272214.468750 272214.312500 272214.468750 272214.468750
343 16.615282 272214.468750 273505.593750 336779.531250 272214.468750
344 16.673214 272214.468750 272214.312500 272214.468750 272214.468750
345 16.721386 272214.468750 272214.312500 272214.468750 272214.468750
346 16.768848 272214.468750 272214.312500 272214.468750 272214.468750
347 16.821228 272214.468750 272214.312500 272214.468750 272214.468750
348 16.871679 272214.468750 274583.531250 390675.250000 272214.468750
349 16.915768 272214.468750 272729.375000 297967.843750 272214.468750
350 16.964312 272214.468750 272214.312500 272214.468750 272214.468750
351 17.009151 272214.468750 272214.312500 272214.468750 272214.468750
352 17.058661 272214.468750 272214.312500 272214.468750 272214.468750
353 17.107401 272214.468750 272214.312500 272214.468750 272214.468750
354 17.159044 272214.468750 272214.312500 272214.468750 272214.468750
355 17.212061 272214.468750 272214.312500 272214.468750 272214.468750
356 17.263052 272214.468750 274348.812500 378940.125000 272214.468750
357 17.312817 272214.468750 272559.593750 289478.687500 272214.468750
358 17.368521 272214.468750 272214.312500 272214.468750 272214.468750
359 17.409479 272214.468750 272214.312500 272214.468750 272214.468750
360 17.462368 272214.468750 272214.312500 272214.468750 272214.468750
361 17.505096 272214.468750 272214.312500 272214.468750 272214.468750
362 17.546480 272214.468750 272214.312500 272214.468750 272214.468750
363 17.598091 272214.468750 272214.312500 272214.468750 272214.468750
364 17.654305 272214.468750 272214.312500 272214.468750 272214.468750
365 17.699659 272214.468750 272214.312500 272214.468750 272214.468750
366 17.748131 272214.468750 272214.312500 272214.468750 272214.468750
367 17.800385 272214.468750 272214.312500 272214.468750 272214.468750
368 17.849672 272214.468750 272383.656250 280682.906250 272214.468750
369 17.896536 272214.468750 273818.312500 352414.812500 272214.468750
370 17.944988 272214.468750 272214.312500 272214.468750 272214.468750
371 17.995607 272214.468750 272214.312500 272214.468750 272214.468750
372 18.040339 272214.468750 272214.312500 272214.468750 272214.468750
373 18.088156 272214.468750 272214.312500 272214.468750 272214.468750
374 18.140491 272214.468750 272214.312500 272214.468750 272214.468750
375 18.189640 272214.468750 272214.312500 272214.468750 272214.468750
376 18.239967 272214.468750 272214.312500 272214.468750 272214.468750
377 18.285095 272214.468750 275722.593750 447629.906250 272214.468750
378 18.336344 272214.468750 272299.656250 276483.000000 272214.468750
379 18.389906 272214.468750 272518.375000 287419.000000 272214.468750
380 18.440315 272214.468750 272214.312500 272214.468750 272214.468750
381 18.492748 272214.468750 272214.312500 272214.468750 272214.468750
382 18.543203 272214.468750 273339.906250 328495.062500 272214.468750
383 18.595228 272214.468750 273348.562500 328927.906250 272214.468750
384 18.640093 272214.468750 272310.031250 277001.250000 272214.468750
385 18.692339 272214.468750 272214.312500 272214.468750 272214.468750
386 18.748880 272214.468750 272570.437500 290021.125000 272214.468750
387 18.793072 272214.468750 275061.812500 414589.562500 272214.468750
388 18.839106 272214.468750 274677.468750 387485.812500 272214.468750
389 18.892660 272214.468750 275331.187500 387485.812500 272214.468750
390 18.940653 272214.468750 275105.437500 387485.812500 272214.468750
391 18.985044 272214.468750 276266.875000 387485.812500 272214.468750
392 19.036280 272214.468750 275168.031250 353360.593750 272214.468750
393 19.080412 272214.468750 274051.531250 353360.593750 272214.468750
394 19.130911 272214.468750 273837.250000 353360.593750 272214.468750
395 19.183643 272214.468750 272575.031250 290250.375000 272214.468750
396 19.229671 272214.468750 272214.312500 272214.468750 272214.468750
397 19.282604 272214.468750 272214.312500 272214.468750 272214.468750
398 19.331907 272214.468750 272214.312500 272214.468750 272214.468750
399 19.380308 272214.468750 272214.312500 272214.468750 272214.468750
400 19.422447 272214.468750 272214.312500 272214.468750 272214.468750
401 19.477083 272214.468750 273732.500000 348124.437500 272214.468750
402 19.520061 272214.468750 272783.812500 300689.968750 272214.468750
403 19.562138 272214.468750 272214.312500 272214.468750 272214.468750
404 19.606647 272214.468750 272214.312500 272214.468750 272214.468750
405 19.657583 272214.468750 272214.312500 272214.468750 272214.468750
406 19.710085 272214.468750 272214.312500 272214.468750 272214.468750
407 19.752356 272214.468750 273850.781250 354038.968750 272214.468750
408 19.800371 272214.468750 272588.156250 290907.593750 272214.468750
409 19.848320 272214.468750 272941.812500 308589.437500 272214.468750
410 19.896013 272214.468750 272318.250000 277412.625000 272214.468750
411 19.946093 272214.468750 272214.312500 272214.468750 272214.468750
412 19.994335 272214.468750 273295.312500 326264.375000 272214.468750
413 20.041565 272214.468750 272214.312500 272214.468750 272214.468750
414 20.081936 272214.468750 272520.406250 287519.406250 272214.468750
415 20.130234 272214.468750 273548.843750 317736.656250 272214.468750
416 20.174444 272214.468750 273124.750000 317736.656250 272214.468750
417 20.222317 272214.468750 272214.312500 272214.468750 272214.468750
418 20.267897 272214.468750 272214.312500 272214.468750 272214.468750
419 20.318214 272214.468750 272214.312500 272214.468750 272214.468750
420 20.369108 272214.468750 272214.312500 272214.468750 272214.468750
421 20.413511 272214.468750 274323.062500 377652.343750 272214.468750
422 20.465492 272214.468750 273171.031250 320050.656250 272214.468750
423 20.512089 272214.468750 272214.312500 272214.468750 272214.468750
424 20.559664 272214.468750 272214.312500 272214.468750 272214.468750
425 20.607227 272214.468750 272214.312500 272214.468750 272214.468750
426 20.653706 272214.468750 272214.312500 272214.468750 272214.468750
427 20.698605 272214.468750 272214.312500 272214.468750 272214.468750
428 20.737837 272214.468750 272214.312500 272214.468750 272214.468750
429 20.786247 272214.468750 272214.312500 272214.468750 272214.468750
430 20.826818 272214.468750 272214.312500 272214.468750 272214.468750
431 20.873699 272214.468750 272214.312500 272214.468750 272214.468750
432 20.923708 272214.468750 272214.312500 272214.468750 272214.468750
433 20.974627 272214.468750 273639.968750 343498.406250 272214.468750
434 21.023300 272214.468750 274005.093750 361753.312500 272214.468750
435 21.077553 272214.468750 272214.312500 272214.468750 272214.468750
436 21.131325 272214.468750 275578.625000 440432.000000 272214.468750
437 21.180088 272214.468750 273601.906250 307368.875000 272214.468750
438 21.222244 272214.468750 272917.406250 307368.875000 272214.468750
439 21.270624 272214.468750 272214.312500 272214.468750 272214.468750
440 21.311804 272214.468750 272214.312500 272214.468750 272214.468750
441 21.358654 272214.468750 273218.687500 322433.437500 272214.468750
442 21.407122 272214.468750 272523.937500 287696.312500 272214.468750
443 21.453844 272214.468750 272214.312500 272214.468750 272214.468750
444 21.505646 272214.468750 272214.312500 272214.468750 272214.468750
445 21.555824 272214.468750 272214.312500 272214.468750 272214.468750
446 21.609734 272214.468750 272214.312500 272214.468750 272214.468750
447 21.653187 272214.468750 272214.312500 272214.468750 272214.468750
448 21.698135 272214.468750 272214.312500 272214.468750 272214.468750
449 21.743940 272214.468750 272214.312500 272214.468750 272214.468750
450 21.790363 272214.468750 272214.312500 272214.468750 272214.468750
451 21.842978 272214.468750 272214.312500 272214.468750 272214.468750
452 21.888674 272214.468750 272214.312500 272214.468750 272214.468750
453 21.938065 272214.468750 272214.312500 272214.468750 272214.468750
454 21.985289 272214.468750 274518.500000 387424.718750 272214.468750
455 22.040482 272214.468750 272214.312500 272214.468750 272214.468750
456 22.091003 272214.468750 275319.875000 427492.531250 272214.468750
457 22.149576 272214.468750 272347.937500 278896.593750 272214.468750
458 22.192858 272214.468750 272214.312500 272214.468750 272214.468750
459 22.244648 272214.468750 272214.312500 272214.468750 272214.468750
460 22.294012 272214.468750 272214.312500 272214.468750 272214.468750
461 22.343792 272214.468750 273600.375000 341517.906250 272214.468750
462 22.398966 272214.468750 272287.843750 275891.437500 272214.468750
463 22.449772 272214.468750 272365.343750 279766.343750 272214.468750
464 22.499289 272214.468750 272565.750000 289787.312500 272214.468750
465 22.544334 272214.468750 274837.843750 375889.500000 272214.468750
466 22.592161 272214.468750 274287.812500 375889.500000 272214.468750
467 22.641676 272214.468750 272214.312500 272214.468750 272214.468750
468 22.681932 272214.468750 272214.312500 272214.468750 272214.468750
469 22.732969 272214.468750 272700.875000 296542.718750 272214.468750
470 22.776325 272214.468750 272214.312500 272214.468750 272214.468750
471 22.821087 272214.468750 272814.906250 302246.125000 272214.468750
472 22.869400 272214.468750 272542.968750 288648.468750 272214.468750
473 22.914204 272214.468750 272214.312500 272214.468750 272214.468750
474 22.963648 272214.468750 272214.312500 272214.468750 272214.468750
475 23.013412 272214.468750 274939.906250 408495.281250 272214.468750
476 23.062088 272214.468750 272214.312500 272214.468750 272214.468750
477 23.108885 272214.468750 272214.312500 272214.468750 272214.468750
478 23.164080 272214.468750 272214.312500 272214.468750 272214.468750
479 23.217007 272214.468750 272214.312500 272214.468750 272214.468750
480 23.264912 272214.468750 274309.468750 376973.062500 272214.468750
481 23.310108 272214.468750 274862.937500 404646.468750 272214.468750
482 23.354343 272214.468750 276767.625000 401753.406250 272214.468750
483 23.403015 272214.468750 276473.718750 362495.562500 272214.468750
484 23.449028 272214.468750 274739.625000 362495.562500 272214.468750
485 23.491800 272214.468750 274019.937500 362495.562500 272214.468750
486 23.542543 272214.468750 274010.562500 362027.218750 272214.468750
487 23.591681 272214.468750 273540.406250 338519.500000 272214.468750
488 23.640980 272214.468750 272345.656250 278782.812500 272214.468750
489 23.694885 272214.468750 276077.812500 417129.312500 272214.468750
490 23.737432 272214.468750 278116.531250 417129.312500 272214.468750
491 23.787636 272214.468750 276489.187500 417129.312500 272214.468750
492 23.831522 272214.468750 273047.906250 313894.031250 272214.468750
493 23.887098 272214.468750 272214.312500 272214.468750 272214.468750
494 23.933090 272214.468750 272214.312500 272214.468750 272214.468750
495 23.986116 272214.468750 272214.312500 272214.468750 272214.468750
496 24.031433 272214.468750 272214.312500 272214.468750 272214.468750
497 24.077127 272214.468750 272214.312500 272214.468750 272214.468750
498 24.126032 272214.468750 273420.593750 332528.218750 272214.468750
499 24.179296 272214.468750 272214.312500 272214.468750 272214.468750
500 24.222208 272214.468750 272214.312500 272214.468750 272214.468750
501 24.269037 272214.468750 272214.312500 272214.468750 272214.468750
502 24.311403 272214.468750 274739.281250 398463.906250 272214.468750
503 24.357937 272214.468750 275531.093750 398463.906250 272214.468750
504 24.403282 272214.468750 275919.187500 398463.906250 272214.468750
505 24.453463 272214.468750 274739.312500 398463.906250 272214.468750
506 24.505726 272214.468750 275090.187500 415048.406250 272214.468750
507 24.551380 272214.468750 275070.968750 415048.406250 272214.468750
508 24.595823 272214.468750 272214.312500 272214.468750 272214.468750
509 24.646879 272214.468750 272214.312500 272214.468750 272214.468750
510 24.695932 272214.468750 274992.187500 411108.593750 272214.468750
511 24.746584 272214.468750 276443.375000 456321.468750 272214.468750
512 24.801134 272214.468750 280066.281250 456321.468750 272214.468750
513 24.850187 272214.468750 274468.250000 384911.718750 272214.468750
514 24.901556 272214.468750 272214.312500 272214.468750 272214.468750
515 24.946884 272214.468750 273922.375000 357618.906250 272214.468750
516 24.996178 272214.468750 273889.500000 355974.312500 272214.468750
517 25.044039 272214.468750 272214.312500 272214.468750 272214.468750
518 25.098455 272214.468750 272214.312500 272214.468750 272214.468750
519 25.144140 272214.468750 272214.312500 272214.468750 272214.468750
520 25.191891 272214.468750 272214.312500 272214.468750 272214.468750
521 25.241453 272214.468750 272214.312500 272214.468750 272214.468750
522 25.284712 272214.468750 272796.062500 301302.281250 272214.468750
523 25.332052 272214.468750 274590.343750 391016.906250 272214.468750
524 25.377657 272214.468750 272214.312500 272214.468750 272214.468750
525 25.421633 272214.468750 272620.468750 292524.031250 272214.468750
526 25.469662 272214.468750 272214.312500 272214.468750 272214.468750
527 25.518740 272214.468750 272214.312500 272214.468750 272214.468750
528 25.565319 272214.468750 272214.312500 272214.468750 272214.468750
529 25.615677 272214.468750 272214.312500 272214.468750 272214.468750
530 25.666508 272214.468750 272214.312500 272214.468750 272214.468750
531 25.714972 272214.468750 272214.312500 272214.468750 272214.468750
532 25.763700 272214.468750 272214.312500 272214.468750 272214.468750
533 25.814880 272214.468750 275254.625000 424231.750000 272214.468750
534 25.869747 272214.468750 272386.593750 280829.250000 272214.468750
535 25.912792 272214.468750 273009.625000 311981.625000 272214.468750
536 25.964285 272214.468750 272214.312500 272214.468750 272214.468750
537 26.009256 272214.468750 272214.312500 272214.468750 272214.468750
538 26.054096 272214.468750 272214.312500 272214.468750 272214.468750
539 26.106293 272214.468750 272214.312500 272214.468750 272214.468750
540 26.156446 272214.468750 273405.218750 331760.750000 272214.468750
541 26.206017 272214.468750 272214.312500 272214.468750 272214.468750
542 26.253647 272214.468750 272214.312500 272214.468750 272214.468750
543 26.302687 272214.468750 272214.312500 272214.468750 272214.468750
544 26.354273 272214.468750 272214.312500 272214.468750 272214.468750
545 26.397758 272214.468750 272214.312500 272214.468750 272214.468750
546 26.443579 272214.468750 273922.406250 357620.062500 272214.468750
547 26.499056 272214.468750 272214.312500 272214.468750 272214.468750
548 26.556906 272214.468750 272214.312500 272214.468750 272214.468750
549 26.599955 272214.468750 272214.312500 272214.468750 272214.468750
550 26.647243 272214.468750 272214.312500 272214.468750 272214.468750
551 26.695450 272214.468750 272214.312500 272214.468750 272214.468750
552 26.738483 272214.468750 272214.312500 272214.468750 272214.468750
553 26.789398 272214.468750 272214.312500 272214.468750 272214.468750
554 26.837645 272214.468750 272214.312500 272214.468750 272214.468750
555 26.887049 272214.468750 272214.312500 272214.468750 272214.468750
556 26.942352 272214.468750 272214.312500 272214.468750 272214.468750
557 26.993328 272214.468750 272214.312500 272214.468750 272214.468750
558 27.046072 272214.468750 272214.312500 272214.468750 272214.468750
559 27.096048 272214.468750 272214.312500 272214.468750 272214.468750
560 27.140656 272214.468750 272214.312500 272214.468750 272214.468750
561 27.186968 272214.468750 275063.843750 414691.937500 272214.468750
562 27.240828 272214.468750 273684.406250 314200.656250 272214.468750
563 27.280472 272214.468750 273054.031250 314200.656250 272214.468750
564 27.325020 272214.468750 272214.312500 272214.468750 272214.468750
565 27.378096 272214.468750 274211.312500 372065.000000 272214.468750
566 27.426945 272214.468750 272298.750000 276437.031250 272214.468750
567 27.479015 272214.468750 272214.312500 272214.468750 272214.468750
568 27.526047 272214.468750 272214.312500 272214.468750 272214.468750
569 27.567963 272214.468750 272214.312500 272214.468750 272214.468750
570 27.617895 272214.468750 275275.343750 425266.500000 272214.468750
571 27.662186 272214.468750 272224.562500 272727.750000 272214.468750
572 27.711922 272214.468750 272214.312500 272214.468750 272214.468750
573 27.758936 272214.468750 272214.312500 272214.468750 272214.468750
574 27.803848 272214.468750 272214.312500 272214.468750 272214.468750
575 27.853603 272214.468750 272214.312500 272214.468750 272214.468750
576 27.904776 272214.468750 272214.312500 272214.468750 272214.468750
577 27.953159 272214.468750 272214.312500 272214.468750 272214.468750
578 27.997526 272214.468750 272214.312500 272214.468750 272214.468750
579 28.047007 272214.468750 272214.312500 272214.468750 272214.468750
580 28.098507 272214.468750 272214.312500 272214.468750 272214.468750
581 28.143162 272214.468750 272992.468750 311123.156250 272214.468750
582 28.193975 272214.468750 272214.312500 272214.468750 272214.468750
583 28.246675 272214.468750 272214.312500 272214.468750 272214.468750
584 28.296194 272214.468750 272214.312500 272214.468750 272214.468750
585 28.342731 272214.468750 272214.312500 272214.468750 272214.468750
586 28.392756 272214.468750 272214.312500 272214.468750 272214.468750
587 28.435591 272214.468750 272214.312500 272214.468750 272214.468750
588 28.480196 272214.468750 272214.312500 272214.468750 272214.468750
589 28.532459 272214.468750 272214.312500 272214.468750 272214.468750
590 28.584248 272214.468750 272214.312500 272214.468750 272214.468750
591 28.630516 272214.468750 272214.312500 272214.468750 272214.468750
592 28.679403 272214.468750 272214.312500 272214.468750 272214.468750
593 28.730965 272214.468750 272214.312500 272214.468750 272214.468750
594 28.783417 272214.468750 272214.312500 272214.468750 272214.468750
595 28.824604 272214.468750 272214.312500 272214.468750 272214.468750
596 28.872269 272214.468750 272214.312500 272214.468750 272214.468750
597 28.916294 272214.468750 272214.312500 272214.468750 272214.468750
598 28.959024 272214.468750 272214.312500 272214.468750 272214.468750
599 28.999744 272214.468750 272214.312500 272214.468750 272214.468750
600 29.048306 272214.468750 272214.312500 272214.468750 272214.468750
601 29.096783 272214.468750 272214.312500 272214.468750 272214.468750
602 29.143700 272214.468750 276352.500000 479124.562500 272214.468750
603 29.190317 272214.468750 272214.312500 272214.468750 272214.468750
604 29.235012 272214.468750 272214.312500 272214.468750 272214.468750
605 29.285168 272214.468750 272214.312500 272214.468750 272214.468750
606 29.325888 272214.468750 272214.312500 272214.468750 272214.468750
607 29.372040 272214.468750 272214.312500 272214.468750 272214.468750
608 29.420015 272214.468750 272214.312500 272214.468750 272214.468750
609 29.473087 272214.468750 272214.312500 272214.468750 272214.468750
610 29.519032 272214.468750 272214.312500 272214.468750 272214.468750
611 29.568676 272214.468750 272214.312500 272214.468750 272214.468750
612 29.620388 272214.468750 272214.312500 272214.468750 272214.468750
613 29.668371 272214.468750 272214.312500 272214.468750 272214.468750
614 29.715960 272214.468750 272214.312500 272214.468750 272214.468750
615 29.756077 272214.468750 272214.312500 272214.468750 272214.468750
616 29.803192 272214.468750 272214.312500 272214.468750 272214.468750
617 29.845600 272214.468750 272214.312500 272214.468750 272214.468750
618 29.893961 272214.468750 272214.312500 272214.468750 272214.468750
619 29.943880 272214.468750 272214.312500 272214.468750 272214.468750
620 29.991993 272214.468750 272214.312500 272214.468750 272214.468750
621 30.040628 272214.468750 273290.218750 326010.500000 272214.468750
622 30.090343 272214.468750 274969.250000 409962.437500 272214.468750
623 30.130268 272214.468750 272624.375000 292718.937500 272214.468750
624 30.181160 272214.468750 274762.625000 399631.875000 272214.468750
625 30.229313 272214.468750 272440.593750 283528.312500 272214.468750
626 30.278862 272214.468750 276037.312500 463366.125000 272214.468750
627 30.334848 272214.468750 273803.312500 351664.718750 272214.468750
628 30.390451 272214.468750 273370.531250 323507.687500 272214.468750
629 30.440588 272214.468750 273962.750000 323507.687500 272214.468750
630 30.492004 272214.468750 272721.906250 297595.156250 272214.468750
631 30.539877 272214.468750 272214.312500 272214.468750 272214.468750
632 30.582064 272214.468750 272214.312500 272214.468750 272214.468750
633 30.625330 272214.468750 273871.968750 355099.062500 272214.468750
634 30.677746 272214.468750 272427.125000 282856.968750 272214.468750
635 30.724615 272214.468750 272214.312500 272214.468750 272214.468750
636 30.770699 272214.468750 272214.312500 272214.468750 272214.468750
637 30.821445 272214.468750 272214.312500 272214.468750 272214.468750
638 30.866907 272214.468750 272214.312500 272214.468750 272214.468750
639 30.908909 272214.468750 272214.312500 272214.468750 272214.468750
640 30.958429 272214.468750 274551.468750 389073.125000 272214.468750
641 31.006615 272214.468750 272906.218750 306810.531250 272214.468750
642 31.055330 272214.468750 272214.312500 272214.468750 272214.468750
643 31.096514 272214.468750 273786.093750 350804.062500 272214.468750
644 31.146936 272214.468750 272214.312500 272214.468750 272214.468750
645 31.195717 272214.468750 272214.312500 272214.468750 272214.468750
646 31.244156 272214.468750 272214.312500 272214.468750 272214.468750
647 31.293871 272214.468750 272214.312500 272214.468750 272214.468750
648 31.345264 272214.468750 272214.312500 272214.468750 272214.468750
649 31.388727 272214.468750 272214.312500 272214.468750 272214.468750
650 31.432428 272214.468750 274972.687500 410133.750000 272214.468750
651 31.479816 272214.468750 272394.312500 281214.250000 272214.468750
652 31.527971 272214.468750 272214.312500 272214.468750 272214.468750
653 31.580492 272214.468750 272214.312500 272214.468750 272214.468750
654 31.628153 272214.468750 272214.312500 272214.468750 272214.468750
655 31.677031 272214.468750 272214.312500 272214.468750 272214.468750
656 31.728771 272214.468750 272214.312500 272214.468750 272214.468750
657 31.774490 272214.468750 272214.312500 272214.468750 272214.468750
658 31.823940 272214.468750 272214.312500 272214.468750 272214.468750
659 31.871815 272214.468750 272214.312500 272214.468750 272214.468750
660 31.916405 272214.468750 272214.312500 272214.468750 272214.468750
661 31.963411 272214.468750 272214.312500 272214.468750 272214.468750
662 32.008709 272214.468750 273862.031250 354600.593750 272214.468750
663 32.057480 272214.468750 272214.312500 272214.468750 272214.468750
664 32.108524 272214.468750 272214.312500 272214.468750 272214.468750
665 32.158379 272214.468750 272214.312500 272214.468750 272214.468750
666 32.210934 272214.468750 272214.312500 272214.468750 272214.468750
667 32.265877 272214.468750 272437.156250 283358.031250 272214.468750
668 32.304562 272214.468750 272214.312500 272214.468750 272214.468750
669 32.358147 272214.468750 272214.312500 272214.468750 272214.468750
670 32.403866 272214.468750 272214.312500 272214.468750 272214.468750
671 32.450748 272214.468750 272798.875000 301442.312500 272214.468750
672 32.495865 272214.468750 272214.312500 272214.468750 272214.468750
673 32.541710 272214.468750 272214.312500 272214.468750 272214.468750
674 32.581318 272214.468750 272593.031250 291152.156250 272214.468750
675 32.626934 272214.468750 272214.312500 272214.468750 272214.468750
676 32.671947 272214.468750 272214.312500 272214.468750 272214.468750
677 32.720390 272214.468750 274363.375000 334139.625000 272214.468750
678 32.767776 272214.468750 273682.406250 334139.625000 272214.468750
679 32.815887 272214.468750 273452.812500 334139.625000 272214.468750
680 32.861233 272214.468750 273021.406250 312570.718750 272214.468750
681 32.904911 272214.468750 272842.406250 303620.187500 272214.468750
682 32.961918 272214.468750 272214.312500 272214.468750 272214.468750
683 33.008636 272214.468750 272214.312500 272214.468750 272214.468750
684 33.058632 272214.468750 272214.312500 272214.468750 272214.468750
685 33.100819 272214.468750 272214.312500 272214.468750 272214.468750
686 33.149952 272214.468750 272214.312500 272214.468750 272214.468750
687 33.198051 272214.468750 272214.312500 272214.468750 272214.468750
688 33.252651 272214.468750 272996.125000 311305.687500 272214.468750
689 33.296593 272214.468750 272771.968750 300098.125000 272214.468750
690 33.342907 272214.468750 272408.625000 281930.406250 272214.468750
691 33.390324 272214.468750 272214.312500 272214.468750 272214.468750
692 33.435429 272214.468750 274056.343750 364317.062500 272214.468750
693 33.484985 272214.468750 272214.312500 272214.468750 272214.468750
694 33.530716 272214.468750 272214.312500 272214.468750 272214.468750
695 33.579884 272214.468750 272214.312500 272214.468750 272214.468750
696 33.631615 272214.468750 272214.312500 272214.468750 272214.468750
697 33.679020 272214.468750 272214.312500 272214.468750 272214.468750
698 33.723618 272214.468750 272214.312500 272214.468750 272214.468750
699 33.774902 272214.468750 272214.312500 272214.468750 272214.468750
700 33.823181 272214.468750 272214.312500 272214.468750 272214.468750
701 33.871372 272214.468750 275908.437500 456921.468750 272214.468750
702 33.920101 272214.468750 273760.187500 349509.531250 272214.468750
703 33.970409 272214.468750 273310.375000 327017.843750 272214.468750
704 34.021076 272214.468750 272473.437500 285171.625000 272214.468750
705 34.070271 272214.468750 275672.968750 440642.625000 272214.468750
706 34.123161 272214.468750 275830.875000 440642.625000 272214.468750
707 34.168953 272214.468750 275582.875000 440642.625000 272214.468750
708 34.215031 272214.468750 272214.312500 272214.468750 272214.468750
709 34.260143 272214.468750 272214.312500 272214.468750 272214.468750
710 34.307102 272214.468750 272214.312500 272214.468750 272214.468750
711 34.356728 272214.468750 272214.312500 272214.468750 272214.468750
712 34.402855 272214.468750 272214.312500 272214.468750 272214.468750
713 34.454838 272214.468750 272214.312500 272214.468750 272214.468750
714 34.503700 272214.468750 272214.312500 272214.468750 272214.468750
715 34.550236 272214.468750 272214.312500 272214.468750 272214.468750
716 34.598099 272214.468750 272214.312500 272214.468750 272214.468750
717 34.646255 272214.468750 272214.312500 272214.468750 272214.468750
718 34.693481 272214.468750 272214.312500 272214.468750 272214.468750
719 34.743729 272214.468750 272214.312500 272214.468750 272214.468750
720 34.791965 272214.468750 272214.312500 272214.468750 272214.468750
721 34.840134 272214.468750 273574.843750 340241.937500 272214.468750
722 34.889473 272214.468750 272214.312500 272214.468750 272214.468750
723 34.935490 272214.468750 272214.312500 272214.468750 272214.468750
724 34.988705 272214.468750 273550.968750 339048.718750 272214.468750
725 35.048100 272214.468750 273557.531250 339048.718750 272214.468750
726 35.100574 272214.468750 273551.000000 339048.718750 272214.468750
727 35.149967 272214.468750 272214.312500 272214.468750 272214.468750
728 35.198223 272214.468750 272214.312500 272214.468750 272214.468750
729 35.250153 272214.468750 276789.187500 500959.125000 272214.468750
730 35.301502 272214.468750 272214.312500 272214.468750 272214.468750
731 35.348557 272214.468750 272214.312500 272214.468750 272214.468750
732 35.400856 272214.468750 272214.312500 272214.468750 272214.468750
733 35.454006 272214.468750 272214.312500 272214.468750 272214.468750
734 35.508224 272214.468750 272818.812500 302439.812500 272214.468750
735 35.559982 272214.468750 273629.250000 342961.812500 272214.468750
736 35.603657 272214.468750 273700.406250 346519.468750 272214.468750
737 35.651958 272214.468750 272553.750000 289187.500000 272214.468750
738 35.699444 272214.468750 272977.875000 310393.468750 272214.468750
739 35.748295 272214.468750 273291.093750 326053.843750 272214.468750
740 35.795948 272214.468750 277171.843750 443367.843750 272214.468750
741 35.843815 272214.468750 276511.343750 443367.843750 272214.468750
742 35.898735 272214.468750 275637.375000 443367.843750 272214.468750
743 35.945541 272214.468750 272214.312500 272214.468750 272214.468750
744 35.992775 272214.468750 272214.312500 272214.468750 272214.468750
745 36.037521 272214.468750 272214.312500 272214.468750 272214.468750
746 36.084202 272214.468750 272214.312500 272214.468750 272214.468750
747 36.135059 272214.468750 275190.875000 421042.687500 272214.468750
748 36.193054 272214.468750 275061.812500 414589.562500 272214.468750
749 36.244427 272214.468750 274395.281250 381263.406250 272214.468750
