0 0.000001 315561.437500 328155.312500 345691.562500 315561.437500
1 0.061772 310666.250000 328155.312500 345691.562500 315561.437500
2 0.129558 308852.281250 327735.250000 345691.562500 310666.250000
3 0.186900 308852.281250 327598.843750 345691.562500 308852.281250
4 0.250555 307573.156250 327253.187500 345691.562500 310161.812500
5 0.313196 306605.718750 326564.156250 345691.562500 307573.156250
6 0.371634 303452.062500 325941.031250 345691.562500 306605.718750
7 0.430825 301236.906250 325146.875000 345691.562500 303452.062500
8 0.489493 300123.812500 324189.468750 345691.562500 301236.906250
9 0.547682 298022.156250 323205.250000 345691.562500 300123.812500
10 0.613920 296259.312500 322109.687500 345691.562500 298022.156250
11 0.688228 295105.468750 320869.093750 345691.562500 296259.312500
12 0.748084 294549.000000 319590.718750 345691.562500 295105.468750
13 0.803533 292918.500000 318192.406250 345691.562500 294549.000000
14 0.854984 291990.875000 316682.375000 345691.562500 292918.500000
15 0.916188 291068.593750 314925.156250 345691.562500 291990.875000
16 0.985550 290995.031250 313651.562500 322848.531250 291068.593750
17 1.052149 289443.531250 313527.187500 322848.531250 290995.031250
18 1.100882 287554.968750 313438.968750 322848.531250 289443.531250
19 1.153662 287093.375000 313352.625000 322848.531250 287554.968750
20 1.212476 287036.375000 313193.750000 322848.531250 287093.375000
21 1.266464 286477.406250 312997.187500 322848.531250 287036.375000
22 1.339939 286367.281250 312942.875000 322848.531250 286477.406250
23 1.403373 286300.531250 312823.843750 322848.531250 286367.281250
24 1.455046 286073.843750 312689.625000 322848.531250 286300.531250
25 1.511916 285432.031250 312676.937500 322848.531250 286073.843750
26 1.576485 285432.031250 312635.031250 322848.531250 285432.031250
27 1.639223 285233.687500 312582.593750 322848.531250 285432.031250
28 1.696742 283835.437500 312527.562500 322848.531250 285233.687500
29 1.759126 283622.031250 312462.531250 322848.531250 283835.437500
30 1.820111 282923.937500 312384.968750 322848.531250 283622.031250
31 1.875853 282120.250000 312348.593750 322848.531250 282923.937500
32 1.937672 282120.250000 312295.406250 322848.531250 282120.250000
33 1.997442 281914.187500 312240.375000 322848.531250 282120.250000
34 2.051625 281914.187500 312171.812500 322848.531250 281914.187500
35 2.110404 281914.187500 312483.531250 322848.531250 281914.187500
36 2.169326 281914.187500 312480.031250 322848.531250 281914.187500
37 2.229875 281642.375000 312172.906250 322848.531250 281914.187500
38 2.294578 281577.031250 312122.062500 322848.531250 281642.375000
39 2.358899 281577.031250 312058.968750 322848.531250 281577.031250
40 2.417255 281577.031250 312027.093750 322848.531250 281577.031250
41 2.484506 280745.406250 311982.468750 322848.531250 281577.031250
42 2.544982 280745.406250 311959.187500 322848.531250 280745.406250
43 2.608166 280745.406250 311952.468750 322848.531250 280745.406250
44 2.667167 280745.406250 311934.156250 322848.531250 280745.406250
45 2.735471 280630.843750 311917.531250 322848.531250 280745.406250
46 2.794540 280630.843750 311886.781250 322848.531250 280630.843750
47 2.853898 280630.843750 311885.562500 322848.531250 280630.843750
48 2.916281 280630.843750 311879.593750 322848.531250 280630.843750
49 2.969266 280630.843750 311877.312500 322848.531250 280630.843750
50 3.029356 280276.125000 311867.375000 322848.531250 280630.843750
51 3.084084 280276.125000 311839.156250 322848.531250 280276.125000
52 3.140816 280276.125000 311174.093750 322848.531250 280276.125000
53 3.192000 280276.125000 311172.968750 322848.531250 280276.125000
54 3.242519 280276.125000 311167.000000 322848.531250 280276.125000
55 3.305940 280276.125000 311159.906250 322848.531250 280276.125000
56 3.362166 280276.125000 311152.812500 322848.531250 280276.125000
57 3.424924 280276.125000 311145.687500 322848.531250 280276.125000
58 3.487910 280276.125000 310431.000000 322848.531250 280276.125000
59 3.546774 280276.125000 309716.281250 322848.531250 280276.125000
60 3.612317 280276.125000 309001.562500 322848.531250 280276.125000
61 3.674998 280166.031250 308286.843750 322848.531250 280276.125000
62 3.730876 280166.031250 307569.906250 322848.531250 280166.031250
63 3.785933 279560.000000 306855.187500 322848.531250 280166.031250
64 3.840296 279560.000000 306840.875000 322848.531250 279560.000000
65 3.905416 279560.000000 306828.750000 322848.531250 279560.000000
66 3.968633 279560.000000 306814.406250 322848.531250 279560.000000
67 4.025289 279105.156250 306785.781250 322848.531250 279560.000000
68 4.094050 279105.156250 309401.593750 412876.218750 279105.156250
69 4.153504 278846.906250 307430.625000 322848.531250 279105.156250
70 4.222614 278846.906250 307417.531250 322848.531250 278846.906250
71 4.285382 278846.906250 307412.375000 322848.531250 278846.906250
72 4.337902 278846.906250 307407.187500 322848.531250 278846.906250
73 4.392770 278846.906250 307402.031250 322848.531250 278846.906250
74 4.448181 278846.906250 307396.875000 322848.531250 278846.906250
75 4.495801 278846.906250 307386.281250 322848.531250 278846.906250
76 4.561737 278846.906250 307372.031250 322848.531250 278846.906250
77 4.628020 278846.906250 307343.437500 322848.531250 278846.906250
78 4.683091 278846.906250 307314.875000 322848.531250 278846.906250
79 4.742588 278150.625000 307286.281250 322848.531250 278846.906250
80 4.796094 278150.625000 307243.781250 322848.531250 278150.625000
81 4.856739 278150.625000 307215.187500 322848.531250 278150.625000
82 4.908034 278150.625000 307201.250000 322848.531250 278150.625000
83 4.961555 278150.625000 307187.343750 322848.531250 278150.625000
84 5.015757 278150.625000 307173.406250 322848.531250 278150.625000
85 5.075373 278150.625000 307159.468750 322848.531250 278150.625000
86 5.128995 278150.625000 307145.562500 322848.531250 278150.625000
87 5.183162 278150.625000 307131.625000 322848.531250 278150.625000
88 5.233303 278150.625000 307117.718750 322848.531250 278150.625000
89 5.295593 278150.625000 307103.781250 322848.531250 278150.625000
90 5.357965 278150.625000 307089.875000 322848.531250 278150.625000
91 5.418323 278150.625000 307075.906250 322848.531250 278150.625000
92 5.478387 278150.625000 307062.000000 322848.531250 278150.625000
93 5.524761 278150.625000 306304.750000 322848.531250 278150.625000
94 5.590011 278106.812500 305547.531250 322848.531250 278150.625000
95 5.648049 278106.812500 304789.437500 322848.531250 278106.812500
96 5.713282 278106.812500 304032.187500 322848.531250 278106.812500
97 5.773615 278106.812500 304030.437500 322848.531250 278106.812500
98 5.833695 278106.812500 304029.593750 322848.531250 278106.812500
99 5.889195 278106.812500 304028.687500 322848.531250 278106.812500
100 5.955898 278106.812500 304027.812500 322848.531250 278106.812500
101 6.015111 278106.812500 306402.531250 396885.593750 278106.812500
102 6.074227 278106.812500 304784.156250 322848.531250 278106.812500
103 6.128904 278106.812500 304783.312500 322848.531250 278106.812500
104 6.190822 278106.812500 305685.000000 323236.031250 278106.812500
105 6.249029 278106.812500 307253.937500 363821.312500 278106.812500
106 6.305199 278106.812500 306296.875000 322848.531250 278106.812500
107 6.363875 278106.812500 306296.000000 322848.531250 278106.812500
108 6.424476 278106.812500 306295.125000 322848.531250 278106.812500
109 6.482992 278106.812500 306294.250000 322848.531250 278106.812500
110 6.543840 278106.812500 306293.375000 322848.531250 278106.812500
111 6.609859 278106.812500 305535.250000 322848.531250 278106.812500
112 6.671359 278106.812500 304777.156250 322848.531250 278106.812500
113 6.725099 278106.812500 305572.125000 355759.187500 278106.812500
114 6.782468 278106.812500 306458.125000 400060.718750 278106.812500
115 6.837518 278106.812500 304019.062500 322848.531250 278106.812500
116 6.893620 278106.812500 303260.968750 322848.531250 278106.812500
117 6.951366 278106.812500 302502.875000 322848.531250 278106.812500
118 7.007270 278106.812500 301744.750000 322848.531250 278106.812500
119 7.067141 278106.812500 300986.656250 322848.531250 278106.812500
120 7.131007 278106.812500 300228.562500 322848.531250 278106.812500
121 7.183440 278106.812500 299470.468750 322848.531250 278106.812500
122 7.248905 278106.812500 298712.375000 322848.531250 278106.812500
123 7.307997 278106.812500 297954.250000 322848.531250 278106.812500
124 7.372123 278106.812500 297196.156250 322848.531250 278106.812500
125 7.431654 278106.812500 296438.062500 322848.531250 278106.812500
126 7.496335 278106.812500 295679.968750 322848.531250 278106.812500
127 7.552784 278106.812500 294921.875000 322848.531250 278106.812500
128 7.617855 278106.812500 295962.531250 368045.156250 278106.812500
129 7.681373 278106.812500 294163.750000 322848.531250 278106.812500
130 7.742237 278106.812500 293405.656250 322848.531250 278106.812500
131 7.806059 278106.812500 292647.562500 322848.531250 278106.812500
132 7.867808 278106.812500 291889.468750 322848.531250 278106.812500
133 7.933651 278106.812500 291131.375000 322848.531250 278106.812500
134 7.995257 278106.812500 290373.250000 322848.531250 278106.812500
135 8.064375 278106.812500 289615.156250 322848.531250 278106.812500
136 8.124906 278106.812500 288857.062500 322848.531250 278106.812500
137 8.182416 278106.812500 288098.968750 322848.531250 278106.812500
138 8.243992 278106.812500 287340.875000 322848.531250 278106.812500
139 8.297280 278106.812500 286582.750000 322848.531250 278106.812500
140 8.356150 278106.812500 285824.656250 322848.531250 278106.812500
141 8.412242 278106.812500 285066.562500 322848.531250 278106.812500
142 8.471988 278106.812500 284308.468750 322848.531250 278106.812500
143 8.530811 278106.812500 283550.375000 322848.531250 278106.812500
144 8.601935 278106.812500 282792.250000 322848.531250 278106.812500
145 8.666024 278106.812500 282034.156250 322848.531250 278106.812500
146 8.723365 278106.812500 281276.062500 322848.531250 278106.812500
147 8.779457 278106.812500 280517.968750 322848.531250 278106.812500
148 8.844470 278106.812500 279759.875000 322848.531250 278106.812500
149 8.904067 278106.812500 280645.718750 360304.625000 278106.812500
150 8.964280 278106.812500 280508.968750 360304.625000 278106.812500
151 9.019874 278106.812500 279750.875000 360304.625000 278106.812500
152 9.078682 278106.812500 278106.906250 278106.812500 278106.812500
153 9.126103 278106.812500 278106.906250 278106.812500 278106.812500
154 9.180696 278106.812500 278106.906250 278106.812500 278106.812500
155 9.239956 278106.812500 278106.906250 278106.812500 278106.812500
156 9.296448 278106.812500 278607.125000 303116.125000 278106.812500
157 9.352704 278106.812500 278106.906250 278106.812500 278106.812500
158 9.413003 278106.812500 278106.906250 278106.812500 278106.812500
159 9.473125 278106.812500 278659.625000 305742.656250 278106.812500
160 9.528210 278106.812500 278106.906250 278106.812500 278106.812500
161 9.591774 278106.812500 278106.906250 278106.812500 278106.812500
162 9.649848 278106.812500 278106.906250 278106.812500 278106.812500
163 9.707230 278106.812500 278106.906250 278106.812500 278106.812500
164 9.759520 278106.812500 278106.906250 278106.812500 278106.812500
165 9.826273 278106.812500 278106.906250 278106.812500 278106.812500
166 9.881001 278106.812500 278106.906250 278106.812500 278106.812500
167 9.941634 278106.812500 278106.906250 278106.812500 278106.812500
168 10.008160 278106.812500 278106.906250 278106.812500 278106.812500
169 10.066172 278106.812500 278106.906250 278106.812500 278106.812500
170 10.124199 278106.812500 278106.906250 278106.812500 278106.812500
171 10.177660 278106.812500 278106.906250 278106.812500 278106.812500
172 10.238113 278106.812500 278106.906250 278106.812500 278106.812500
173 10.285748 278106.812500 278106.906250 278106.812500 278106.812500
174 10.351861 278106.812500 278106.906250 278106.812500 278106.812500
175 10.415252 278106.812500 278106.906250 278106.812500 278106.812500
176 10.475518 278106.812500 278106.906250 278106.812500 278106.812500
177 10.534844 278106.812500 278106.906250 278106.812500 278106.812500
178 10.602581 278106.812500 278106.906250 278106.812500 278106.812500
179 10.658638 278106.812500 278106.906250 278106.812500 278106.812500
180 10.709540 278106.812500 278106.906250 278106.812500 278106.812500
181 10.760449 278106.812500 278106.906250 278106.812500 278106.812500
182 10.811069 278106.812500 278106.906250 278106.812500 278106.812500
183 10.867359 278106.812500 278106.906250 278106.812500 278106.812500
184 10.923000 278106.812500 278106.906250 278106.812500 278106.812500
185 10.990202 278106.812500 278106.906250 278106.812500 278106.812500
186 11.047427 278106.812500 278106.906250 278106.812500 278106.812500
187 11.102681 278106.812500 278106.906250 278106.812500 278106.812500
188 11.161941 278106.812500 278106.906250 278106.812500 278106.812500
189 11.218671 278106.812500 278106.906250 278106.812500 278106.812500
190 11.275828 278106.812500 278106.906250 278106.812500 278106.812500
191 11.334042 278106.812500 278106.906250 278106.812500 278106.812500
192 11.385334 278106.812500 278106.906250 278106.812500 278106.812500
193 11.441854 278106.812500 278106.906250 278106.812500 278106.812500
194 11.502792 278106.812500 278106.906250 278106.812500 278106.812500
195 11.554273 278106.812500 278106.906250 278106.812500 278106.812500
196 11.616481 278106.812500 278106.906250 278106.812500 278106.812500
197 11.674376 278106.812500 278106.906250 278106.812500 278106.812500
198 11.733350 278106.812500 278106.906250 278106.812500 278106.812500
199 11.786283 278106.812500 278106.906250 278106.812500 278106.812500
200 11.843327 278106.812500 278106.906250 278106.812500 278106.812500
201 11.911672 278106.812500 278106.906250 278106.812500 278106.812500
202 11.961814 278106.812500 278106.906250 278106.812500 278106.812500
203 12.023343 278106.812500 278106.906250 278106.812500 278106.812500
204 12.079479 278106.812500 278106.906250 278106.812500 278106.812500
205 12.139399 278106.812500 278106.906250 278106.812500 278106.812500
206 12.204870 278106.812500 278106.906250 278106.812500 278106.812500
207 12.265934 278106.812500 278106.906250 278106.812500 278106.812500
208 12.325747 278106.812500 278106.906250 278106.812500 278106.812500
209 12.381998 278106.812500 278106.906250 278106.812500 278106.812500
210 12.439408 278106.812500 278106.906250 278106.812500 278106.812500
211 12.492097 278106.812500 278106.906250 278106.812500 278106.812500
212 12.549899 278106.812500 278106.906250 278106.812500 278106.812500
213 12.601309 278106.812500 281332.375000 439379.375000 278106.812500
214 12.664549 278106.812500 278106.906250 278106.812500 278106.812500
215 12.719111 278106.812500 278106.906250 278106.812500 278106.812500
216 12.776033 278106.812500 278106.906250 278106.812500 278106.812500
217 12.826894 278106.812500 278106.906250 278106.812500 278106.812500
218 12.881760 278106.812500 278106.906250 278106.812500 278106.812500
219 12.943537 278106.812500 278106.906250 278106.812500 278106.812500
220 13.003650 278106.812500 278106.906250 278106.812500 278106.812500
221 13.050701 278106.812500 278106.906250 278106.812500 278106.812500
222 13.108466 278106.812500 278106.906250 278106.812500 278106.812500
223 13.169154 278106.812500 278106.906250 278106.812500 278106.812500
224 13.221749 278106.812500 278106.906250 278106.812500 278106.812500
225 13.281395 278106.812500 278106.906250 278106.812500 278106.812500
226 13.342697 278106.812500 278106.906250 278106.812500 278106.812500
227 13.400266 278106.812500 278106.906250 278106.812500 278106.812500
228 13.454929 278106.812500 278106.906250 278106.812500 278106.812500
229 13.519350 278106.812500 278106.906250 278106.812500 278106.812500
230 13.583307 278106.812500 278106.906250 278106.812500 278106.812500
231 13.634850 278106.812500 278106.906250 278106.812500 278106.812500
232 13.698612 278106.812500 278106.906250 278106.812500 278106.812500
233 13.766922 278106.812500 278106.906250 278106.812500 278106.812500
234 13.823610 278106.812500 278106.906250 278106.812500 278106.812500
235 13.885505 278106.812500 278106.906250 278106.812500 278106.812500
236 13.943290 278106.812500 278106.906250 278106.812500 278106.812500
237 14.013422 278106.812500 278106.906250 278106.812500 278106.812500
238 14.074377 278106.812500 278106.906250 278106.812500 278106.812500
239 14.132531 278106.812500 278106.906250 278106.812500 278106.812500
240 14.191693 278106.812500 278106.906250 278106.812500 278106.812500
241 14.250165 278106.812500 278106.906250 278106.812500 278106.812500
242 14.307542 278106.812500 278106.906250 278106.812500 278106.812500
243 14.371598 278106.812500 278106.906250 278106.812500 278106.812500
244 14.428919 278106.812500 278106.906250 278106.812500 278106.812500
245 14.492509 278106.812500 278106.906250 278106.812500 278106.812500
246 14.556490 278106.812500 278106.906250 278106.812500 278106.812500
247 14.614154 278106.812500 278106.906250 278106.812500 278106.812500
248 14.668059 278106.812500 278106.906250 278106.812500 278106.812500
249 14.723182 278106.812500 278106.906250 278106.812500 278106.812500
250 14.783358 278106.812500 278106.906250 278106.812500 278106.812500
251 14.845722 278106.812500 278106.906250 278106.812500 278106.812500
252 14.912142 278106.812500 278106.906250 278106.812500 278106.812500
253 14.979426 278106.812500 278793.312500 312425.031250 278106.812500
254 15.038684 278106.812500 278106.906250 278106.812500 278106.812500
255 15.105760 278106.812500 278106.906250 278106.812500 278106.812500
256 15.163841 278106.812500 278106.906250 278106.812500 278106.812500
257 15.216228 278106.812500 278106.906250 278106.812500 278106.812500
258 15.274953 278106.812500 278106.906250 278106.812500 278106.812500
259 15.330287 278106.812500 278106.906250 278106.812500 278106.812500
260 15.390660 278106.812500 278106.906250 278106.812500 278106.812500
261 15.456199 278106.812500 278106.906250 278106.812500 278106.812500
262 15.515345 278106.812500 278106.906250 278106.812500 278106.812500
263 15.574092 278106.812500 278106.906250 278106.812500 278106.812500
264 15.632679 278106.812500 278106.906250 278106.812500 278106.812500
265 15.688288 278106.812500 278106.906250 278106.812500 278106.812500
266 15.748992 278106.812500 278106.906250 278106.812500 278106.812500
267 15.802061 278106.812500 278106.906250 278106.812500 278106.812500
268 15.866557 278106.812500 278106.906250 278106.812500 278106.812500
269 15.928905 278106.812500 278106.906250 278106.812500 278106.812500
270 15.986693 278106.812500 278106.906250 278106.812500 278106.812500
271 16.040340 278106.812500 278106.906250 278106.812500 278106.812500
272 16.108496 278106.812500 279734.750000 359497.906250 278106.812500
273 16.157232 278106.812500 278525.656250 299043.906250 278106.812500
274 16.220432 278106.812500 278106.906250 278106.812500 278106.812500
275 16.277487 278106.812500 278106.906250 278106.812500 278106.812500
276 16.333273 278106.812500 278106.906250 278106.812500 278106.812500
277 16.386290 278106.812500 278106.906250 278106.812500 278106.812500
278 16.448050 278106.812500 278106.906250 278106.812500 278106.812500
279 16.505135 278106.812500 278106.906250 278106.812500 278106.812500
280 16.562872 278106.812500 278106.906250 278106.812500 278106.812500
281 16.612852 278106.812500 278106.906250 278106.812500 278106.812500
282 16.667656 278106.812500 278106.906250 278106.812500 278106.812500
283 16.728924 278106.812500 278106.906250 278106.812500 278106.812500
284 16.782804 278106.812500 278106.906250 278106.812500 278106.812500
285 16.843872 278106.812500 278106.906250 278106.812500 278106.812500
286 16.908249 278106.812500 278106.906250 278106.812500 278106.812500
287 16.971315 278106.812500 278106.906250 278106.812500 278106.812500
288 17.030985 278106.812500 278106.906250 278106.812500 278106.812500
289 17.088030 278106.812500 278106.906250 278106.812500 278106.812500
290 17.141453 278106.812500 278106.906250 278106.812500 278106.812500
291 17.199697 278106.812500 278106.906250 278106.812500 278106.812500
292 17.256723 278106.812500 278106.906250 278106.812500 278106.812500
293 17.315256 278106.812500 278106.906250 278106.812500 278106.812500
294 17.367861 278106.812500 278106.906250 278106.812500 278106.812500
295 17.426365 278106.812500 278106.906250 278106.812500 278106.812500
296 17.482063 278106.812500 278106.906250 278106.812500 278106.812500
297 17.543680 278106.812500 278106.906250 278106.812500 278106.812500
298 17.593048 278106.812500 278106.906250 278106.812500 278106.812500
299 17.652992 278106.812500 278106.906250 278106.812500 278106.812500
300 17.719376 278106.812500 278106.906250 278106.812500 278106.812500
301 17.787624 278106.812500 278106.906250 278106.812500 278106.812500
302 17.841185 278106.812500 278106.906250 278106.812500 278106.812500
303 17.899990 278106.812500 278106.906250 278106.812500 278106.812500
304 17.960625 278106.812500 281013.437500 423432.218750 278106.812500
305 18.029980 278106.812500 278348.562500 290188.125000 278106.812500
306 18.075045 278106.812500 278183.156250 281918.750000 278106.812500
307 18.133080 278106.812500 279637.312500 354625.562500 278106.812500
308 18.189253 278106.812500 280122.562500 378888.500000 278106.812500
309 18.249149 278106.812500 278148.656250 280193.375000 278106.812500
310 18.305351 276938.531250 278252.312500 285376.093750 278106.812500
311 18.361040 276938.531250 278083.562500 278106.812500 276938.531250
312 18.413267 276938.531250 278083.562500 278106.812500 276938.531250
313 18.479853 276938.531250 278060.187500 278106.812500 276938.531250
314 18.535389 276938.531250 278036.812500 278106.812500 276938.531250
315 18.597809 276938.531250 278013.468750 278106.812500 276938.531250
316 18.661663 276938.531250 277990.093750 278106.812500 276938.531250
317 18.721989 276938.531250 277966.750000 278106.812500 276938.531250
318 18.780272 276938.531250 277943.375000 278106.812500 276938.531250
319 18.832438 276938.531250 277920.000000 278106.812500 276938.531250
320 18.886417 276938.531250 277896.625000 278106.812500 276938.531250
321 18.940020 276938.531250 277873.281250 278106.812500 276938.531250
322 18.997969 276938.531250 277849.906250 278106.812500 276938.531250
323 19.058704 276938.531250 280969.625000 434092.406250 276938.531250
324 19.118671 276938.531250 280946.250000 434092.406250 276938.531250
325 19.175976 276938.531250 281085.812500 434092.406250 276938.531250
326 19.231588 276938.531250 278105.656250 285084.593750 276938.531250
327 19.296852 276938.531250 278082.312500 285084.593750 276938.531250
328 19.360882 276938.531250 278058.937500 285084.593750 276938.531250
329 19.421604 276938.531250 278035.562500 285084.593750 276938.531250
330 19.471928 276938.531250 278012.187500 285084.593750 276938.531250
331 19.530165 276938.531250 277988.843750 285084.593750 276938.531250
332 19.588451 276938.531250 277965.468750 285084.593750 276938.531250
333 19.641829 276938.531250 277942.093750 285084.593750 276938.531250
334 19.701113 276938.531250 277918.718750 285084.593750 276938.531250
335 19.750101 276938.531250 277895.375000 285084.593750 276938.531250
336 19.805714 276938.531250 277871.968750 285084.593750 276938.531250
337 19.861439 276938.531250 277848.625000 285084.593750 276938.531250
338 19.918606 276938.531250 277825.250000 285084.593750 276938.531250
339 19.982462 276938.531250 278278.468750 300768.312500 276938.531250
340 20.040640 276938.531250 278255.093750 300768.312500 276938.531250
341 20.103855 276938.531250 278231.718750 300768.312500 276938.531250
342 20.162395 276938.531250 278208.375000 300768.312500 276938.531250
343 20.229635 276938.531250 278184.968750 300768.312500 276938.531250
344 20.287821 276938.531250 278161.625000 300768.312500 276938.531250
345 20.340624 276938.531250 278138.250000 300768.312500 276938.531250
346 20.400204 276938.531250 278114.875000 300768.312500 276938.531250
347 20.464697 276938.531250 278091.531250 300768.312500 276938.531250
348 20.522484 276938.531250 278068.156250 300768.312500 276938.531250
349 20.575024 276938.531250 278044.812500 300768.312500 276938.531250
350 20.635204 276938.531250 278021.437500 300768.312500 276938.531250
351 20.698103 276938.531250 277998.093750 300768.312500 276938.531250
352 20.759253 276938.531250 277974.718750 300768.312500 276938.531250
353 20.814398 276938.531250 277951.375000 300768.312500 276938.531250
354 20.870075 276938.531250 277928.000000 300768.312500 276938.531250
355 20.931078 276938.531250 277904.625000 300768.312500 276938.531250
356 20.992540 276938.531250 277881.281250 300768.312500 276938.531250
357 21.052692 276938.531250 277857.906250 300768.312500 276938.531250
358 21.108889 276938.531250 277834.562500 300768.312500 276938.531250
359 21.173479 276938.531250 277811.187500 300768.312500 276938.531250
360 21.234070 276938.531250 277787.843750 300768.312500 276938.531250
361 21.288239 276938.531250 277764.468750 300768.312500 276938.531250
362 21.355288 276938.531250 277741.125000 300768.312500 276938.531250
363 21.411476 276938.531250 277578.187500 300768.312500 276938.531250
364 21.472488 276938.531250 277415.281250 300768.312500 276938.531250
365 21.537792 276938.531250 276938.687500 276938.531250 276938.531250
366 21.594221 276938.531250 276938.687500 276938.531250 276938.531250
367 21.640240 276938.531250 276938.687500 276938.531250 276938.531250
368 21.694168 276938.531250 276938.687500 276938.531250 276938.531250
369 21.762465 276938.531250 276938.687500 276938.531250 276938.531250
370 21.820854 276938.531250 276938.687500 276938.531250 276938.531250
371 21.882099 276938.531250 276938.687500 276938.531250 276938.531250
372 21.946802 276938.531250 276938.687500 276938.531250 276938.531250
373 22.009312 276938.531250 276938.687500 276938.531250 276938.531250
374 22.080252 276938.531250 276938.687500 276938.531250 276938.531250
375 22.141373 276938.531250 277427.093750 301358.875000 276938.531250
376 22.201317 276938.531250 277098.531250 284489.656250 276938.531250
377 22.262829 276938.531250 277098.500000 284489.656250 276938.531250
378 22.325716 276938.531250 277098.500000 284489.656250 276938.531250
379 22.383629 276938.531250 277089.718750 284489.656250 276938.531250
380 22.434475 276938.531250 276938.687500 276938.531250 276938.531250
381 22.485640 276938.531250 276938.687500 276938.531250 276938.531250
382 22.539452 276938.531250 276938.687500 276938.531250 276938.531250
383 22.595053 276938.531250 276938.687500 276938.531250 276938.531250
384 22.655630 276938.531250 276938.687500 276938.531250 276938.531250
385 22.718807 276938.531250 276938.687500 276938.531250 276938.531250
386 22.776411 276938.531250 276938.687500 276938.531250 276938.531250
387 22.842352 276938.531250 276938.687500 276938.531250 276938.531250
388 22.901987 276938.531250 276938.687500 276938.531250 276938.531250
389 22.959446 276938.531250 276938.687500 276938.531250 276938.531250
390 23.018951 276938.531250 276938.687500 276938.531250 276938.531250
391 23.082359 276938.531250 276938.687500 276938.531250 276938.531250
392 23.138273 276938.531250 276938.687500 276938.531250 276938.531250
393 23.193731 276938.531250 276938.687500 276938.531250 276938.531250
394 23.245771 276938.531250 276938.687500 276938.531250 276938.531250
395 23.298208 276938.531250 276938.687500 276938.531250 276938.531250
396 23.358444 276938.531250 276938.687500 276938.531250 276938.531250
397 23.424080 276938.531250 276938.687500 276938.531250 276938.531250
398 23.472744 276938.531250 276938.687500 276938.531250 276938.531250
399 23.530876 276938.531250 276938.687500 276938.531250 276938.531250
400 23.576950 276938.531250 276938.687500 276938.531250 276938.531250
401 23.644400 276938.531250 276938.687500 276938.531250 276938.531250
402 23.704012 276938.531250 276938.687500 276938.531250 276938.531250
403 23.764244 276938.531250 276938.687500 276938.531250 276938.531250
404 23.824944 276938.531250 276938.687500 276938.531250 276938.531250
405 23.890032 276938.531250 276938.687500 276938.531250 276938.531250
406 23.943792 276938.531250 276938.687500 276938.531250 276938.531250
407 23.999210 276938.531250 276938.687500 276938.531250 276938.531250
408 24.060408 276938.531250 276938.687500 276938.531250 276938.531250
409 24.118872 276938.531250 276938.687500 276938.531250 276938.531250
410 24.164824 276938.531250 276938.687500 276938.531250 276938.531250
411 24.219805 276938.531250 276938.687500 276938.531250 276938.531250
412 24.281652 276938.531250 276938.687500 276938.531250 276938.531250
413 24.348911 276938.531250 276938.687500 276938.531250 276938.531250
414 24.403645 276938.531250 276938.687500 276938.531250 276938.531250
415 24.470148 276938.531250 276938.687500 276938.531250 276938.531250
416 24.528193 276938.531250 276938.687500 276938.531250 276938.531250
417 24.592892 276938.531250 276938.687500 276938.531250 276938.531250
418 24.654078 276938.531250 276938.687500 276938.531250 276938.531250
419 24.713436 276938.531250 276938.687500 276938.531250 276938.531250
420 24.762838 276938.531250 276938.687500 276938.531250 276938.531250
421 24.815025 276938.531250 276938.687500 276938.531250 276938.531250
422 24.873432 276938.531250 276938.687500 276938.531250 276938.531250
423 24.935587 276938.531250 276938.687500 276938.531250 276938.531250
424 24.983023 276938.531250 276938.687500 276938.531250 276938.531250
425 25.031603 276938.531250 276938.687500 276938.531250 276938.531250
426 25.091410 276938.531250 276938.687500 276938.531250 276938.531250
427 25.158720 276938.531250 278067.593750 333382.687500 276938.531250
428 25.216928 276938.531250 277986.375000 329322.218750 276938.531250
429 25.276512 276938.531250 276938.687500 276938.531250 276938.531250
430 25.334700 276938.531250 280702.500000 430953.125000 276938.531250
431 25.399498 276938.531250 278903.750000 311113.562500 276938.531250
432 25.458176 276938.531250 279581.437500 311113.562500 276938.531250
433 25.521868 276938.531250 280139.687500 316684.875000 276938.531250
434 25.574812 276938.531250 279699.093750 316684.875000 276938.531250
435 25.642046 276938.531250 279100.625000 316684.875000 276938.531250
436 25.703279 276938.531250 278417.125000 316684.875000 276938.531250
437 25.760975 276938.531250 277733.625000 316684.875000 276938.531250
438 25.817863 276938.531250 276938.687500 276938.531250 276938.531250
439 25.876375 276938.531250 276938.687500 276938.531250 276938.531250
440 25.938736 276938.531250 276938.687500 276938.531250 276938.531250
441 25.997141 276938.531250 276938.687500 276938.531250 276938.531250
442 26.054228 276938.531250 276938.687500 276938.531250 276938.531250
443 26.120848 276938.531250 276938.687500 276938.531250 276938.531250
444 26.183075 276938.531250 276938.687500 276938.531250 276938.531250
445 26.247856 276938.531250 276938.687500 276938.531250 276938.531250
446 26.315075 276938.531250 276938.687500 276938.531250 276938.531250
447 26.373016 276938.531250 279542.281250 407117.437500 276938.531250
448 26.437952 276938.531250 277590.843750 309545.562500 276938.531250
449 26.497211 276938.531250 276938.687500 276938.531250 276938.531250
450 26.558308 276938.531250 276938.687500 276938.531250 276938.531250
451 26.619524 276938.531250 276938.687500 276938.531250 276938.531250
452 26.679823 276938.531250 276938.687500 276938.531250 276938.531250
453 26.743004 276938.531250 276938.687500 276938.531250 276938.531250
454 26.804159 276938.531250 276938.687500 276938.531250 276938.531250
455 26.862543 276938.531250 276938.687500 276938.531250 276938.531250
456 26.922316 276938.531250 276938.687500 276938.531250 276938.531250
457 26.983902 276938.531250 276938.687500 276938.531250 276938.531250
458 27.041809 276938.531250 276938.687500 276938.531250 276938.531250
459 27.094852 276938.531250 276938.687500 276938.531250 276938.531250
460 27.149508 276938.531250 276938.687500 276938.531250 276938.531250
461 27.213461 276938.531250 276938.687500 276938.531250 276938.531250
462 27.280909 276938.531250 276938.687500 276938.531250 276938.531250
463 27.339472 276938.531250 276938.687500 276938.531250 276938.531250
464 27.397112 276938.531250 276938.687500 276938.531250 276938.531250
465 27.453625 276938.531250 276938.687500 276938.531250 276938.531250
466 27.513651 276938.531250 276938.687500 276938.531250 276938.531250
467 27.559624 276938.531250 276938.687500 276938.531250 276938.531250
468 27.620483 276938.531250 276938.687500 276938.531250 276938.531250
469 27.687117 276938.531250 276938.687500 276938.531250 276938.531250
470 27.747984 276938.531250 276938.687500 276938.531250 276938.531250
471 27.806557 276938.531250 276938.687500 276938.531250 276938.531250
472 27.855185 276938.531250 276938.687500 276938.531250 276938.531250
473 27.920084 276938.531250 276938.687500 276938.531250 276938.531250
474 27.979164 276938.531250 276938.687500 276938.531250 276938.531250
475 28.033175 276938.531250 276938.687500 276938.531250 276938.531250
476 28.092619 276938.531250 276938.687500 276938.531250 276938.531250
477 28.136908 276938.531250 276938.687500 276938.531250 276938.531250
478 28.186308 276938.531250 276938.687500 276938.531250 276938.531250
479 28.238253 276938.531250 276938.687500 276938.531250 276938.531250
480 28.296986 276938.531250 276938.687500 276938.531250 276938.531250
481 28.347233 276938.531250 276938.687500 276938.531250 276938.531250
482 28.407942 276938.531250 276938.687500 276938.531250 276938.531250
483 28.466246 276938.531250 276938.687500 276938.531250 276938.531250
484 28.525639 276938.531250 276938.687500 276938.531250 276938.531250
485 28.586336 276938.531250 276938.687500 276938.531250 276938.531250
486 28.645058 276938.531250 276938.687500 276938.531250 276938.531250
487 28.703688 276938.531250 276938.687500 276938.531250 276938.531250
488 28.760525 276938.531250 276938.687500 276938.531250 276938.531250
489 28.821274 276938.531250 276938.687500 276938.531250 276938.531250
490 28.875237 276938.531250 276938.687500 276938.531250 276938.531250
491 28.933548 276938.531250 278374.500000 348728.843750 276938.531250
492 28.982756 276938.531250 277124.875000 286247.187500 276938.531250
493 29.038109 276938.531250 277203.062500 290156.843750 276938.531250
494 29.102976 276938.531250 276938.687500 276938.531250 276938.531250
495 29.164656 276938.531250 276938.687500 276938.531250 276938.531250
496 29.221727 276938.531250 276938.687500 276938.531250 276938.531250
497 29.275724 276938.531250 276938.687500 276938.531250 276938.531250
498 29.334255 276938.531250 276938.687500 276938.531250 276938.531250
499 29.394316 276938.531250 276938.687500 276938.531250 276938.531250
500 29.458080 276938.531250 276938.687500 276938.531250 276938.531250
501 29.521688 276938.531250 276938.687500 276938.531250 276938.531250
502 29.575403 276938.531250 276938.687500 276938.531250 276938.531250
503 29.630985 276938.531250 277775.531250 298955.812500 276938.531250
504 29.696440 276938.531250 277801.125000 298955.812500 276938.531250
505 29.744795 276938.531250 278846.031250 330465.312500 276938.531250
506 29.793037 276938.531250 278598.125000 330465.312500 276938.531250
507 29.850996 276938.531250 278506.437500 330465.312500 276938.531250
508 29.903517 276938.531250 278449.562500 330465.312500 276938.531250
509 29.955715 276938.531250 278009.218750 330465.312500 276938.531250
510 30.007988 276938.531250 276938.687500 276938.531250 276938.531250
511 30.072479 276938.531250 276938.687500 276938.531250 276938.531250
512 30.129784 276938.531250 276938.687500 276938.531250 276938.531250
513 30.189997 276938.531250 276938.687500 276938.531250 276938.531250
514 30.254412 276938.531250 276938.687500 276938.531250 276938.531250
515 30.298077 276938.531250 276938.687500 276938.531250 276938.531250
516 30.357960 276938.531250 276938.687500 276938.531250 276938.531250
517 30.420347 276938.531250 276938.687500 276938.531250 276938.531250
518 30.486195 276938.531250 276938.687500 276938.531250 276938.531250
519 30.539976 276938.531250 276938.687500 276938.531250 276938.531250
520 30.591116 276938.531250 276938.687500 276938.531250 276938.531250
521 30.642857 276938.531250 276938.687500 276938.531250 276938.531250
522 30.698702 276938.531250 276938.687500 276938.531250 276938.531250
523 30.749872 276938.531250 276938.687500 276938.531250 276938.531250
524 30.809299 276938.531250 280838.875000 471945.750000 276938.531250
525 30.874577 276938.531250 278519.281250 346715.000000 276938.531250
526 30.931740 276938.531250 278756.718750 346715.000000 276938.531250
527 30.991158 276938.531250 278813.375000 346715.000000 276938.531250
528 31.049589 276938.531250 278937.250000 346715.000000 276938.531250
529 31.107483 276938.531250 278891.937500 346715.000000 276938.531250
530 31.165607 276938.531250 278756.718750 346715.000000 276938.531250
531 31.234732 276938.531250 278334.218750 346715.000000 276938.531250
532 31.287422 276938.531250 276938.687500 276938.531250 276938.531250
533 31.338852 276938.531250 276938.687500 276938.531250 276938.531250
534 31.391451 276938.531250 276938.687500 276938.531250 276938.531250
535 31.444757 276938.531250 276938.687500 276938.531250 276938.531250
536 31.506672 276938.531250 276938.687500 276938.531250 276938.531250
537 31.562275 276938.531250 276938.687500 276938.531250 276938.531250
538 31.620750 276938.531250 276938.687500 276938.531250 276938.531250
539 31.677547 276938.531250 276938.687500 276938.531250 276938.531250
540 31.730822 276938.531250 276938.687500 276938.531250 276938.531250
541 31.785992 276938.531250 276938.687500 276938.531250 276938.531250
542 31.845869 276938.531250 276938.687500 276938.531250 276938.531250
543 31.907417 276938.531250 276938.687500 276938.531250 276938.531250
544 31.963825 276938.531250 276938.687500 276938.531250 276938.531250
545 32.020378 276938.531250 276938.687500 276938.531250 276938.531250
546 32.079929 276938.531250 276938.687500 276938.531250 276938.531250
547 32.135815 276938.531250 276938.687500 276938.531250 276938.531250
548 32.188290 276938.531250 276938.687500 276938.531250 276938.531250
549 32.237129 276938.531250 276938.687500 276938.531250 276938.531250
550 32.294777 276938.531250 276938.687500 276938.531250 276938.531250
551 32.354210 276938.531250 276938.687500 276938.531250 276938.531250
552 32.411125 276938.531250 276938.687500 276938.531250 276938.531250
553 32.469048 276938.531250 276938.687500 276938.531250 276938.531250
554 32.529549 276938.531250 276938.687500 276938.531250 276938.531250
555 32.593361 276938.531250 276938.687500 276938.531250 276938.531250
556 32.644119 276938.531250 276938.687500 276938.531250 276938.531250
557 32.712673 276938.531250 276938.687500 276938.531250 276938.531250
558 32.766918 276938.531250 276938.687500 276938.531250 276938.531250
559 32.821827 276938.531250 276938.687500 276938.531250 276938.531250
560 32.870148 276938.531250 276938.687500 276938.531250 276938.531250
561 32.930035 276938.531250 276938.687500 276938.531250 276938.531250
562 32.990665 276938.531250 276938.687500 276938.531250 276938.531250
563 33.039997 276938.531250 276938.687500 276938.531250 276938.531250
564 33.101547 276938.531250 276938.687500 276938.531250 276938.531250
565 33.159847 276938.531250 276938.687500 276938.531250 276938.531250
566 33.218979 276938.531250 276938.687500 276938.531250 276938.531250
567 33.279049 276938.531250 276938.687500 276938.531250 276938.531250
568 33.347904 276938.531250 276938.687500 276938.531250 276938.531250
569 33.410835 276938.531250 278978.468750 378926.250000 276938.531250
570 33.474022 276938.531250 276938.687500 276938.531250 276938.531250
571 33.535599 276938.531250 276938.687500 276938.531250 276938.531250
572 33.586025 276938.531250 276938.687500 276938.531250 276938.531250
573 33.641705 276938.531250 278759.125000 367959.875000 276938.531250
574 33.703392 276938.531250 277104.125000 285210.187500 276938.531250
575 33.757793 276938.531250 276938.687500 276938.531250 276938.531250
576 33.814342 276938.531250 276938.687500 276938.531250 276938.531250
577 33.878246 276938.531250 276938.687500 276938.531250 276938.531250
578 33.931240 276938.531250 276938.687500 276938.531250 276938.531250
579 33.987244 276938.531250 278514.625000 355735.093750 276938.531250
580 34.051914 276938.531250 277115.250000 285765.156250 276938.531250
581 34.114079 276938.531250 277169.562500 288481.531250 276938.531250
582 34.169922 276938.531250 277979.750000 328989.968750 276938.531250
583 34.229847 276938.531250 276951.312500 277568.750000 276938.531250
584 34.288776 276938.531250 277061.468750 283077.687500 276938.531250
585 34.337097 276938.531250 277013.875000 280697.906250 276938.531250
586 34.396866 276938.531250 277060.906250 283048.031250 276938.531250
587 34.452866 276938.531250 277300.468750 295027.625000 276938.531250
588 34.509781 276938.531250 277276.343750 293820.625000 276938.531250
589 34.573975 276938.531250 277289.937500 294500.250000 276938.531250
590 34.635464 276938.531250 276938.687500 276938.531250 276938.531250
591 34.694576 276938.531250 276938.687500 276938.531250 276938.531250
592 34.755711 276938.531250 276938.687500 276938.531250 276938.531250
593 34.822006 276938.531250 276938.687500 276938.531250 276938.531250
594 34.869720 276938.531250 276938.687500 276938.531250 276938.531250
595 34.926998 276938.531250 276938.687500 276938.531250 276938.531250
596 34.973305 276938.531250 276938.687500 276938.531250 276938.531250
597 35.028847 276938.531250 276938.687500 276938.531250 276938.531250
598 35.088680 276938.531250 276938.687500 276938.531250 276938.531250
599 35.138683 276938.531250 276938.687500 276938.531250 276938.531250
600 35.192738 276938.531250 276938.687500 276938.531250 276938.531250
601 35.245598 276938.531250 276938.687500 276938.531250 276938.531250
602 35.303444 276938.531250 276938.687500 276938.531250 276938.531250
603 35.357525 276938.531250 276938.687500 276938.531250 276938.531250
604 35.405361 276938.531250 276938.687500 276938.531250 276938.531250
605 35.461136 276938.531250 276938.687500 276938.531250 276938.531250
606 35.517689 276938.531250 276938.687500 276938.531250 276938.531250
607 35.580296 276938.531250 276938.687500 276938.531250 276938.531250
608 35.641590 276938.531250 276938.687500 276938.531250 276938.531250
609 35.704082 276938.531250 276938.687500 276938.531250 276938.531250
610 35.764828 276938.531250 276938.687500 276938.531250 276938.531250
611 35.824432 276938.531250 276938.687500 276938.531250 276938.531250
612 35.884388 276938.531250 276938.687500 276938.531250 276938.531250
613 35.946442 276938.531250 276938.687500 276938.531250 276938.531250
614 36.015038 276938.531250 277818.406250 320924.156250 276938.531250
615 36.074074 276938.531250 279912.468750 367238.218750 276938.531250
616 36.123611 276938.531250 281219.843750 367238.218750 276938.531250
617 36.175297 276938.531250 279413.843750 361622.781250 276938.531250
618 36.224518 276938.531250 278632.375000 361622.781250 276938.531250
619 36.280487 276938.531250 276938.687500 276938.531250 276938.531250
620 36.338078 276938.531250 280313.312500 445667.781250 276938.531250
621 36.406048 276938.531250 277252.468750 292626.406250 276938.531250
622 36.466213 276938.531250 276985.156250 279260.968750 276938.531250
623 36.519230 276938.531250 276938.687500 276938.531250 276938.531250
624 36.575615 276938.531250 276938.687500 276938.531250 276938.531250
625 36.628925 276938.531250 276938.687500 276938.531250 276938.531250
626 36.684902 276938.531250 276938.687500 276938.531250 276938.531250
627 36.740971 276938.531250 276938.687500 276938.531250 276938.531250
628 36.789082 276938.531250 276938.687500 276938.531250 276938.531250
629 36.843212 276938.531250 276938.687500 276938.531250 276938.531250
630 36.902615 276938.531250 280099.750000 434989.875000 276938.531250
631 36.957664 276938.531250 276997.906250 279899.593750 276938.531250
632 37.018799 276938.531250 276950.750000 277540.125000 276938.531250
633 37.074497 276938.531250 277601.156250 310061.031250 276938.531250
634 37.127327 276938.531250 277253.687500 292687.062500 276938.531250
635 37.183990 276938.531250 276954.187500 277713.125000 276938.531250
636 37.246708 276938.531250 276938.687500 276938.531250 276938.531250
637 37.308464 276938.531250 276938.687500 276938.531250 276938.531250
638 37.368649 276938.531250 276938.687500 276938.531250 276938.531250
639 37.426430 276938.531250 276938.687500 276938.531250 276938.531250
640 37.485607 276938.531250 280561.125000 434765.500000 276938.531250
641 37.554897 276938.531250 279825.125000 349063.406250 276938.531250
642 37.609837 276938.531250 280061.656250 349063.406250 276938.531250
643 37.673286 276938.531250 279989.187500 349063.406250 276938.531250
644 37.743271 276938.531250 280472.218750 349063.406250 276938.531250
645 37.801048 276938.531250 280082.343750 349063.406250 276938.531250
646 37.862820 276938.531250 280515.062500 349063.406250 276938.531250
647 37.926849 276938.531250 280073.406250 349063.406250 276938.531250
648 37.989491 276938.531250 280383.156250 349063.406250 276938.531250
649 38.051537 276938.531250 280251.593750 349063.406250 276938.531250
650 38.104111 276938.531250 280117.906250 349063.406250 276938.531250
651 38.156628 276938.531250 280129.718750 349063.406250 276938.531250
652 38.212616 276938.531250 280671.937500 349063.406250 276938.531250
653 38.271568 276938.531250 280080.062500 349063.406250 276938.531250
654 38.322521 276938.531250 280159.031250 349063.406250 276938.531250
655 38.377373 276938.531250 280999.375000 349063.406250 276938.531250
656 38.437286 276938.531250 280217.906250 349063.406250 276938.531250
657 38.497292 276938.531250 280217.906250 349063.406250 276938.531250
658 38.562408 276938.531250 279374.187500 349063.406250 276938.531250
659 38.620281 276938.531250 278605.718750 349063.406250 276938.531250
660 38.680115 276938.531250 279677.093750 349063.406250 276938.531250
661 38.734730 276938.531250 278381.187500 349063.406250 276938.531250
662 38.796448 276938.531250 276938.687500 276938.531250 276938.531250
663 38.848125 276938.531250 276938.687500 276938.531250 276938.531250
664 38.900536 276938.531250 276938.687500 276938.531250 276938.531250
665 38.961456 276938.531250 276938.687500 276938.531250 276938.531250
666 39.028393 276938.531250 279347.968750 397402.125000 276938.531250
667 39.082142 276938.531250 276938.687500 276938.531250 276938.531250
668 39.134727 276938.531250 276938.687500 276938.531250 276938.531250
669 39.197098 276938.531250 276938.687500 276938.531250 276938.531250
670 39.253769 276938.531250 276938.687500 276938.531250 276938.531250
671 39.306152 276938.531250 276938.687500 276938.531250 276938.531250
672 39.361046 276938.531250 276938.687500 276938.531250 276938.531250
673 39.424496 276938.531250 276938.687500 276938.531250 276938.531250
674 39.493141 276938.531250 276938.687500 276938.531250 276938.531250
675 39.552483 276938.531250 276938.687500 276938.531250 276938.531250
676 39.608383 276938.531250 276938.687500 276938.531250 276938.531250
677 39.669605 276938.531250 276938.687500 276938.531250 276938.531250
678 39.736130 276938.531250 276938.687500 276938.531250 276938.531250
679 39.793453 276938.531250 276938.687500 276938.531250 276938.531250
680 39.852287 276938.531250 276938.687500 276938.531250 276938.531250
681 39.907688 276938.531250 276938.687500 276938.531250 276938.531250
682 39.957439 276938.531250 276938.687500 276938.531250 276938.531250
683 40.015217 276938.531250 276938.687500 276938.531250 276938.531250
684 40.075867 276938.531250 276938.687500 276938.531250 276938.531250
685 40.130749 276938.531250 276938.687500 276938.531250 276938.531250
686 40.180641 276938.531250 276938.687500 276938.531250 276938.531250
687 40.235760 276938.531250 276938.687500 276938.531250 276938.531250
688 40.295605 276938.531250 276938.687500 276938.531250 276938.531250
689 40.362732 276938.531250 276938.687500 276938.531250 276938.531250
690 40.426666 276938.531250 276938.687500 276938.531250 276938.531250
691 40.490082 276938.531250 276938.687500 276938.531250 276938.531250
692 40.553455 276938.531250 276938.687500 276938.531250 276938.531250
693 40.609276 276938.531250 276938.687500 276938.531250 276938.531250
694 40.670776 276938.531250 276938.687500 276938.531250 276938.531250
695 40.732990 276938.531250 276938.687500 276938.531250 276938.531250
696 40.790352 276938.531250 276938.687500 276938.531250 276938.531250
697 40.851166 276938.531250 276938.687500 276938.531250 276938.531250
698 40.903984 276938.531250 276938.687500 276938.531250 276938.531250
699 40.971848 276938.531250 276938.687500 276938.531250 276938.531250
700 41.031837 276938.531250 276938.687500 276938.531250 276938.531250
701 41.099010 276938.531250 276938.687500 276938.531250 276938.531250
702 41.159126 276938.531250 276938.687500 276938.531250 276938.531250
703 41.224026 276938.531250 276938.687500 276938.531250 276938.531250
704 41.277100 276938.531250 276938.687500 276938.531250 276938.531250
705 41.340389 276938.531250 276938.687500 276938.531250 276938.531250
706 41.403786 276938.531250 276938.687500 276938.531250 276938.531250
707 41.464046 276938.531250 276938.687500 276938.531250 276938.531250
708 41.517635 276938.531250 276938.687500 276938.531250 276938.531250
709 41.574924 276938.531250 276938.687500 276938.531250 276938.531250
710 41.635113 276938.531250 276938.687500 276938.531250 276938.531250
711 41.693413 276938.531250 276938.687500 276938.531250 276938.531250
712 41.748985 276938.531250 276938.687500 276938.531250 276938.531250
713 41.809963 276938.531250 276938.687500 276938.531250 276938.531250
714 41.869865 276938.531250 276938.687500 276938.531250 276938.531250
715 41.921986 276938.531250 276938.687500 276938.531250 276938.531250
716 41.976700 276938.531250 276938.687500 276938.531250 276938.531250
717 42.035015 276938.531250 276938.687500 276938.531250 276938.531250
718 42.101261 276938.531250 276938.687500 276938.531250 276938.531250
719 42.167744 276938.531250 276938.687500 276938.531250 276938.531250
720 42.228394 276938.531250 276938.687500 276938.531250 276938.531250
721 42.295200 276938.531250 278458.593750 352932.218750 276938.531250
722 42.349289 276938.531250 277281.687500 294087.843750 276938.531250
723 42.407047 276938.531250 277127.437500 286375.312500 276938.531250
724 42.462692 276938.531250 277434.031250 301705.781250 276938.531250
725 42.522373 276938.531250 276938.687500 276938.531250 276938.531250
726 42.582954 276938.531250 277890.687500 324538.687500 276938.531250
727 42.633404 276938.531250 277885.593750 324283.062500 276938.531250
728 42.696041 276938.531250 276985.531250 279279.562500 276938.531250
729 42.766670 276938.531250 277009.031250 280455.062500 276938.531250
730 42.828705 276938.531250 277733.375000 316672.625000 276938.531250
731 42.887741 276938.531250 277026.031250 281304.906250 276938.531250
732 42.939953 276938.531250 276938.687500 276938.531250 276938.531250
733 43.002880 276938.531250 276938.687500 276938.531250 276938.531250
734 43.062634 276938.531250 276938.687500 276938.531250 276938.531250
735 43.122204 276938.531250 276938.687500 276938.531250 276938.531250
736 43.180271 276938.531250 276938.687500 276938.531250 276938.531250
737 43.229397 276938.531250 276938.687500 276938.531250 276938.531250
738 43.289726 276938.531250 276938.687500 276938.531250 276938.531250
739 43.344692 276938.531250 276938.687500 276938.531250 276938.531250
740 43.402145 276938.531250 276938.687500 276938.531250 276938.531250
741 43.452099 276938.531250 276938.687500 276938.531250 276938.531250
742 43.508991 276938.531250 276938.687500 276938.531250 276938.531250
743 43.563671 276938.531250 276938.687500 276938.531250 276938.531250
744 43.614769 276938.531250 278479.531250 353980.343750 276938.531250
745 43.679325 276938.531250 277258.375000 292921.281250 276938.531250
746 43.738003 276938.531250 277464.406250 303224.375000 276938.531250
747 43.795544 276938.531250 278570.593750 358533.000000 276938.531250
748 43.855305 276938.531250 276938.687500 276938.593750 276938.531250
749 43.917713 276938.531250 276976.906250 278849.718750 276938.531250
750 43.970100 276938.531250 276938.687500 276938.531250 276938.531250
751 44.030579 276938.531250 276938.687500 276938.531250 276938.531250
752 44.090401 276938.531250 276938.687500 276938.531250 276938.531250
753 44.156223 276938.531250 276938.687500 276938.531250 276938.531250
754 44.214111 276938.531250 276938.687500 276938.531250 276938.531250
755 44.261288 276938.531250 276938.687500 276938.531250 276938.531250
756 44.318172 276938.531250 276938.687500 276938.531250 276938.531250
757 44.371521 276938.531250 276938.687500 276938.531250 276938.531250
758 44.420288 276938.531250 276938.687500 276938.531250 276938.531250
759 44.482761 276938.531250 276938.687500 276938.531250 276938.531250
760 44.539951 276938.531250 276938.687500 276938.531250 276938.531250
761 44.596622 276938.531250 276938.687500 276938.531250 276938.531250
762 44.662762 276938.531250 277607.687500 310387.781250 276938.531250
763 44.718590 276938.531250 276983.062500 279156.062500 276938.531250
764 44.778900 276938.531250 277595.625000 309784.375000 276938.531250
765 44.832272 276938.531250 277162.750000 288141.718750 276938.531250
766 44.902088 276938.531250 277034.125000 281709.250000 276938.531250
767 44.954556 276938.531250 277062.687500 283137.031250 276938.531250
768 45.005520 276938.531250 277036.312500 281819.125000 276938.531250
769 45.074051 276938.531250 278034.031250 331704.906250 276938.531250
770 45.140301 276938.531250 277139.687500 286987.875000 276938.531250
771 45.192055 276938.531250 276947.218750 277364.562500 276938.531250
772 45.241810 276938.531250 276938.687500 276938.531250 276938.531250
773 45.293125 276938.531250 276938.687500 276938.531250 276938.531250
774 45.361660 276938.531250 276938.687500 276938.531250 276938.531250
775 45.407230 276938.531250 276938.687500 276938.531250 276938.531250
776 45.468510 276938.531250 276938.687500 276938.531250 276938.531250
777 45.526360 276938.531250 276938.687500 276938.531250 276938.531250
778 45.587414 276938.531250 277926.468750 326327.843750 276938.531250
779 45.658291 276938.531250 277032.312500 281618.875000 276938.531250
780 45.714100 276938.531250 276954.968750 277752.812500 276938.531250
781 45.777588 276938.531250 277745.375000 317272.000000 276938.531250
782 45.840038 276938.531250 277762.875000 318147.156250 276938.531250
783 45.893162 276938.531250 277046.625000 282335.250000 276938.531250
784 45.949211 276938.531250 277062.968750 283151.843750 276938.531250
785 46.007935 276938.531250 278005.625000 330285.625000 276938.531250
786 46.057835 276938.531250 278902.875000 352590.281250 276938.531250
787 46.115448 276938.531250 278569.562500 352590.281250 276938.531250
788 46.175953 276938.531250 278451.718750 352590.281250 276938.531250
789 46.230556 276938.531250 276938.687500 276938.531250 276938.531250
790 46.287491 276938.531250 280015.312500 430768.968750 276938.531250
791 46.349056 276938.531250 276938.687500 276938.531250 276938.531250
792 46.406506 276938.531250 276938.687500 276938.531250 276938.531250
793 46.465805 276938.531250 276938.687500 276938.531250 276938.531250
794 46.531097 276938.531250 276938.687500 276938.531250 276938.531250
795 46.586105 276938.531250 276938.687500 276938.531250 276938.531250
796 46.655396 276938.531250 276938.687500 276938.531250 276938.531250
797 46.709270 276938.531250 276938.687500 276938.531250 276938.531250
798 46.777252 276938.531250 280557.750000 457889.781250 276938.531250
799 46.836033 276938.531250 277627.093750 311358.625000 276938.531250
800 46.893105 276938.531250 277747.875000 317397.500000 276938.531250
801 46.955513 276938.531250 276939.687500 276987.468750 276938.531250
802 47.012100 276938.531250 276938.687500 276938.531250 276938.531250
803 47.074112 276938.531250 276938.687500 276938.531250 276938.531250
804 47.138538 276938.531250 276938.687500 276938.531250 276938.531250
805 47.199566 276938.531250 276938.687500 276938.531250 276938.531250
806 47.258007 276938.531250 276938.687500 276938.531250 276938.531250
807 47.314980 276938.531250 276938.687500 276938.531250 276938.531250
808 47.376335 276938.531250 276938.687500 276938.531250 276938.531250
809 47.426331 276938.531250 276938.687500 276938.531250 276938.531250
810 47.476761 276938.531250 276938.687500 276938.531250 276938.531250
